time index;acc_x;acc_y;acc_z;gyr_x;gyr_y;gyr_z;mag_x;mag_y;mag_z
1;-2.316567;9.554747;0.18917;-0.007061;0.021275;-0.004347;-0.130495;-0.824906;0.040472
2;-2.286654;9.539953;0.167274;-0.012216;-0.013071;-0.01518;-0.129868;-0.825362;0.038338
3;-2.339945;9.569116;0.173977;-0.017782;-0.006972;-0.007084;-0.129046;-0.824779;0.038506
4;-2.287452;9.539249;0.190073;-0.00517;-0.001737;-0.014112;-0.130166;-0.824777;0.038858
5;-2.317495;9.56914;0.189437;-0.024881;0.002709;-0.007017;-0.129147;-0.824814;0.039449
6;-2.339719;9.538984;0.204032;0.001581;0.002692;0.002687;-0.129055;-0.825294;0.038101
7;-2.302473;9.554195;0.189755;-0.001016;-0.001727;-0.000873;-0.131012;-0.824509;0.039087
8;-2.331702;9.584757;0.173825;-0.017506;0.019529;-0.014943;-0.130142;-0.824583;0.038864
9;-2.316567;9.554747;0.18917;0.000983;0.002777;-0.008005;-0.129541;-0.824099;0.039839
10;-2.331437;9.547125;0.203889;-0.010736;-0.001597;-0.000977;-0.130137;-0.825241;0.038731
11;-2.346454;9.55463;0.18857;-0.013813;0.019528;-0.021124;-0.130428;-0.824839;0.038716
12;-2.361554;9.584579;0.188234;-0.010761;0.020426;0.001831;-0.130684;-0.8263;0.038842
13;-2.309021;9.547212;0.204339;-0.007198;-0.000732;-8.9e-05;-0.130365;-0.825944;0.039804
14;-2.301641;9.554835;0.181966;-0.01059;0.002785;-0.007124;-0.128789;-0.825979;0.040151
15;-2.32423;9.584786;0.173975;-0.000109;0.019513;0.002706;-0.129947;-0.826465;0.039419
16;-2.346571;9.577135;0.188543;-0.014058;0.014253;-0.010568;-0.129657;-0.825036;0.040107
17;-2.316585;9.554777;0.181666;-0.006814;0.03007;-0.014874;-0.130888;-0.824147;0.03815
18;-2.316528;9.547245;0.189179;-0.015241;0.005445;0.0026;-0.130226;-0.824635;0.040213
19;-2.324117;9.56972;0.189002;-0.007175;0.023923;0.000969;-0.129523;-0.8249;0.039977
20;-2.30155;9.54724;0.204489;-0.011305;0.006302;-0.015042;-0.129573;-0.824592;0.038892
21;-2.331433;9.539685;0.188888;0.007241;0.020381;-0.007884;-0.130431;-0.824313;0.03885
22;-2.331355;9.524682;0.188906;-0.010568;0.012482;-0.007061;-0.129787;-0.825438;0.040237
23;-2.316528;9.547245;0.189179;-0.01066;0.017759;-0.002608;-0.130596;-0.825335;0.04128
24;-2.331606;9.569723;0.181348;0.000167;0.012467;-0.010581;-0.129808;-0.824503;0.040098
25;-2.301811;9.577434;0.159425;-0.007096;0.000141;-0.004492;-0.130686;-0.825774;0.038976
26;-2.332473;9.569144;0.174127;0.001844;-0.000841;-0.009687;-0.131361;-0.825098;0.040695
27;-2.332473;9.569144;0.174127;0.014423;0.009703;-0.014907;-0.131161;-0.824761;0.042193
28;-2.377295;9.554091;0.143224;0.015094;-0.012277;-0.006239;-0.130158;-0.825961;0.041974
29;-2.377348;9.554186;0.12071;0.005228;6.1e-05;-0.00086;-0.129986;-0.825337;0.042928
30;-2.317582;9.569296;0.151912;-0.005736;0.012378;0.013345;-0.130292;-0.825051;0.042507
31;-2.288103;9.64446;0.144919;-0.010696;0.016761;-0.004259;-0.129983;-0.824817;0.043198
32;-2.28715;9.58543;0.054648;-0.038045;0.056503;-0.005868;-0.130956;-0.824474;0.043154
33;-2.330693;9.464046;0.339074;-0.107844;-0.050735;0.044546;-0.13149;-0.82633;0.039886
34;-2.347358;9.645429;0.000842;-0.148512;-0.015479;0.039517;-0.133566;-0.824519;0.038427
35;-2.316145;9.546559;0.354286;-0.06967;-0.180164;0.075427;-0.136329;-0.823898;0.033692
36;-2.512388;9.779726;0.019893;-0.209542;-0.217739;0.087548;-0.138799;-0.823813;0.028971
37;-3.316049;11.796645;-0.493745;-0.307086;-0.153756;0.18809;-0.143593;-0.822078;0.023593
38;-2.863702;13.001064;0.744763;0.149006;-0.048558;0.699133;-0.160098;-0.816582;0.021156
39;-2.443694;11.321735;0.890111;0.025965;0.061007;1.521945;-0.199945;-0.806386;0.025425
40;-2.795377;12.724421;0.588844;0.047906;0.048821;1.480657;-0.249078;-0.790254;0.023682
41;-2.805093;13.092563;0.445664;0.026952;0.151127;1.756739;-0.30758;-0.766668;0.021195
42;-1.667527;12.454515;-0.176163;0.142942;0.20695;2.168144;-0.386305;-0.728616;0.022294
43;-2.186217;12.961365;-0.029245;0.027922;0.221581;2.543478;-0.461362;-0.679597;0.019204
44;-0.770904;10.837196;-0.201112;-0.285969;0.140402;2.813321;-0.529369;-0.621624;0.009676
45;0.62804;8.923608;-0.516122;-0.613275;0.023864;2.796175;-0.599754;-0.546126;-0.002581
46;1.813972;8.071322;-0.086122;-0.852332;-0.029294;2.710889;-0.660153;-0.461918;-0.017083
47;3.037217;6.031651;0.88624;-0.734474;-0.015102;2.700011;-0.716699;-0.370326;-0.031687
48;4.848386;5.223238;0.383196;-0.35886;0.031807;2.576593;-0.754173;-0.282963;-0.036424
49;5.341259;5.814845;1.247662;-0.296727;0.207652;2.540785;-0.774254;-0.20343;-0.039328
50;6.39488;4.30414;1.135399;-0.691046;0.161619;2.210093;-0.788204;-0.122649;-0.04399
51;7.121726;2.796044;1.887082;-0.869882;0.067936;1.806772;-0.794472;-0.054021;-0.045951
52;7.981733;1.053032;1.531038;-0.617411;0.198943;1.433198;-0.793793;0.008241;-0.0504
53;8.552268;0.931533;2.42816;-0.283884;0.205122;1.129712;-0.79096;0.053059;-0.050643
54;9.230185;-0.101204;2.472924;0.001186;0.146143;0.862622;-0.78857;0.081292;-0.054115
55;9.60358;-0.11638;2.720891;-0.090674;0.004917;0.489359;-0.786808;0.101618;-0.054647
56;9.52317;1.023142;2.823097;0.166755;-0.027207;0.2026;-0.782928;0.110546;-0.053534
57;9.533763;1.699844;2.46236;0.181534;-0.016811;-0.030162;-0.78294;0.109511;-0.054209
58;9.350978;2.344475;2.412959;0.193576;0.000789;-0.180799;-0.783767;0.104267;-0.055589
59;9.026255;3.003372;2.405717;0.149429;-0.058851;-0.207554;-0.785147;0.101241;-0.055784
60;8.444722;4.097281;2.175211;0.066895;-0.062022;-0.306189;-0.786947;0.093508;-0.054228
61;8.44489;4.128809;1.957248;0.072582;-0.083044;-0.278206;-0.788881;0.083675;-0.053865
62;8.56305;4.429027;2.03434;-0.05169;-0.130479;-0.295256;-0.789118;0.069252;-0.051406
63;8.37805;5.41948;1.804412;0.133979;-0.123499;-0.17412;-0.790728;0.061735;-0.048624
64;8.46851;5.269764;1.813897;0.017329;-0.128649;-0.123018;-0.791927;0.059588;-0.044211
65;8.606004;4.670375;1.764781;0.03016;-0.139292;-0.09321;-0.791858;0.055994;-0.040546
66;8.287321;5.584542;1.712356;0.039998;-0.132926;-0.023273;-0.793245;0.052062;-0.037897
67;8.367038;4.65435;1.78251;-0.02557;-0.136393;0.017111;-0.79332;0.053572;-0.032357
68;8.300086;4.534655;1.63871;0.043431;-0.145222;0.076149;-0.792718;0.055495;-0.027461
69;8.861874;4.266773;1.650291;0.110362;-0.093615;0.154093;-0.792475;0.058146;-0.024073
70;8.874154;4.665477;1.394953;-0.091352;-0.084617;0.067733;-0.7936;0.063121;-0.021975
71;8.908034;3.945;1.50148;0.007472;-0.059216;0.11102;-0.792962;0.065925;-0.019245
72;8.772814;4.064691;1.453606;-0.007453;-0.056518;0.060768;-0.792619;0.068744;-0.0168
73;8.601314;3.937057;1.315218;-0.003999;-0.038858;0.029103;-0.791693;0.070232;-0.014458
74;8.909539;3.622742;1.426817;-0.032387;-0.046021;0.028101;-0.791817;0.071657;-0.013521
75;8.899578;4.14739;1.531108;0.031263;-0.049648;-0.045054;-0.792559;0.070389;-0.011388
76;8.922114;4.087808;1.449077;0.045824;-0.053212;-0.059211;-0.792358;0.069548;-0.010294
77;8.741706;4.252552;1.347714;0.05598;-0.068991;-0.078699;-0.793474;0.065754;-0.007903
78;8.920306;4.299131;1.141128;-0.014876;-0.056681;-0.087447;-0.79426;0.064397;-0.006856
79;8.802746;3.953249;1.221691;0.004124;-0.039026;-0.05738;-0.794676;0.062695;-0.003895
80;8.782461;4.995761;1.257671;0.03098;-0.012609;-0.034934;-0.794769;0.061343;-0.00322
81;8.9189;4.56919;1.140806;-0.010897;0.038426;-0.019671;-0.793509;0.060819;-0.003834
82;8.648528;4.808446;1.075077;-0.042576;-0.017719;-0.000599;-0.794105;0.060329;-0.004673
83;8.740547;4.455283;1.302444;-0.012529;0.035046;0.054417;-0.794697;0.062584;-0.004437
84;8.723958;4.71828;1.181753;-0.079362;0.028101;0.059704;-0.793872;0.064296;-0.004401
85;8.703918;4.305199;1.279358;-0.081726;0.048351;0.050947;-0.793565;0.06754;-0.006018
86;8.832488;4.087397;1.462285;-0.108808;0.072103;0.072249;-0.793928;0.069971;-0.006989
87;8.699189;3.854355;1.452355;-0.063737;0.043924;0.04378;-0.793262;0.070263;-0.007904
88;8.817094;4.207053;1.53689;-0.017098;0.057884;0.021004;-0.791818;0.071397;-0.010273
89;8.895465;3.502222;1.531727;-0.002887;0.035812;0.027773;-0.791965;0.073496;-0.009608
90;8.779263;4.304367;1.551032;0.008493;0.026163;-0.015373;-0.790891;0.073538;-0.011045
91;8.786183;4.446584;1.633566;-0.068439;0.047402;0.005976;-0.790943;0.074632;-0.011862
92;8.684079;4.025526;1.767052;-0.049265;0.052721;0.027121;-0.792722;0.075248;-0.013438
93;8.802212;4.251475;1.664118;-0.009579;0.043791;-0.00114;-0.794756;0.076235;-0.014215
94;8.440275;4.902536;1.701163;-0.038825;0.00707;0.024329;-0.791632;0.076452;-0.014065
95;8.862638;4.146497;1.710473;-0.096104;-0.038842;0.046788;-0.791872;0.077985;-0.012456
96;8.787898;4.123952;1.64896;0.045174;-0.030157;0.092739;-0.790432;0.081869;-0.010502
97;8.658694;4.476658;1.495891;0.186187;0.019057;0.151396;-0.791167;0.085171;-0.013252
98;8.906101;4.223433;1.291014;0.075742;-0.019663;0.163407;-0.789587;0.090232;-0.01427
99;8.937187;4.043043;1.404402;-0.135508;-0.032646;0.106797;-0.790814;0.094126;-0.011633
100;9.163301;3.624228;1.311844;-0.005243;0.047183;0.139039;-0.788759;0.099397;-0.011411
101;9.177854;3.729028;1.379562;-0.103187;0.015569;0.059418;-0.788091;0.102826;-0.011116
102;9.103354;3.683759;1.37061;-0.0013;0.034827;0.036611;-0.788125;0.10495;-0.011123
103;9.232742;3.219245;1.351202;-0.11189;0.033096;-0.023504;-0.787967;0.107155;-0.013286
104;9.029762;3.413909;1.249353;-0.030939;0.03835;-0.067541;-0.78826;0.104813;-0.014377
105;8.7914;3.471123;1.694767;-0.096629;0.064095;-0.076154;-0.787559;0.102589;-0.01542
106;8.805328;3.666224;1.694835;-0.072394;0.038475;-0.173357;-0.788858;0.099487;-0.017099
107;8.790072;3.726179;1.694463;0.014901;0.054237;-0.139698;-0.788763;0.094167;-0.01681
108;9.00028;3.591432;1.826409;-0.137433;0.019052;-0.251164;-0.791411;0.087228;-0.018275
109;8.941568;3.344051;1.727941;0.069868;-0.00056;-0.256628;-0.791719;0.080455;-0.018003
110;9.513715;2.587969;1.89035;-0.07157;-0.031578;-0.412314;-0.791526;0.069029;-0.017695
111;8.897814;3.104137;1.652278;0.073183;0.036209;-0.607608;-0.793959;0.049205;-0.018846
112;9.004003;2.826734;1.71475;0.236706;0.140651;-0.675748;-0.794777;0.027215;-0.022891
113;9.171637;1.853315;1.291726;0.218693;0.027544;-1.071067;-0.795691;-0.003336;-0.025046
114;7.515832;4.164844;1.27845;0.300825;0.007847;-1.443949;-0.795104;-0.043647;-0.026137
115;7.444865;3.71937;1.900378;0.047089;-0.16083;-1.526384;-0.791075;-0.091493;-0.025824
116;7.334854;4.323178;0.914427;0.246735;-0.107496;-1.744747;-0.784059;-0.148018;-0.021827
117;6.328833;5.613582;1.733305;0.404862;-0.013004;-1.839062;-0.771558;-0.216473;-0.016722
118;6.042365;5.795387;1.036941;0.292578;-0.099096;-1.991422;-0.749615;-0.280679;-0.01496
119;4.206964;8.287182;0.944513;0.463264;-0.038448;-2.093794;-0.72639;-0.341026;-0.01191
120;3.919986;6.094674;1.151256;0.279297;0.03769;-1.94455;-0.696465;-0.401046;-0.007607
121;3.586331;6.473746;-0.124112;0.354934;-0.039865;-2.147997;-0.657935;-0.463361;-0.001934
122;1.736653;9.207434;0.983923;0.337363;-0.112742;-2.128468;-0.606887;-0.533195;0.008423
123;1.426019;8.353306;0.430785;0.446405;-0.075673;-1.930717;-0.559473;-0.589431;0.018435
124;0.566009;9.791618;0.096752;0.603566;-0.165217;-1.942509;-0.509733;-0.634764;0.03381
125;-0.941721;10.628712;-0.594849;0.433629;-0.098301;-2.054811;-0.449312;-0.683155;0.049034
126;-1.175413;11.300371;0.022593;0.143337;-0.094958;-1.760816;-0.389501;-0.721038;0.060413
127;-1.055435;10.631207;-1.302554;0.15463;-0.026316;-1.554036;-0.330464;-0.752445;0.069304
128;-2.936979;13.754768;-0.173071;0.197136;0.075157;-1.342615;-0.280799;-0.775611;0.077721
129;-1.263643;11.015055;-0.001383;-0.388426;-0.150301;-1.304215;-0.236004;-0.794096;0.073306
130;-1.738374;10.033446;-0.722777;-0.08513;-0.175061;-1.170437;-0.195701;-0.807857;0.068392
131;-5.582091;17.10092;0.820754;-0.034717;-0.007184;-0.631234;-0.162037;-0.819331;0.068427
132;-4.093362;11.251557;-1.844562;0.817136;0.093326;0.125357;-0.158594;-0.813915;0.084818
133;-0.318251;7.462197;0.186578;-0.088351;-0.248836;0.302128;-0.170733;-0.811453;0.093966
134;-0.555087;6.974162;0.062279;-0.190127;-0.087008;-0.312745;-0.168665;-0.814564;0.091367
135;-1.888532;8.839112;-0.491858;-0.122502;-0.037223;-0.490252;-0.152483;-0.818452;0.090131
136;-3.185754;12.570147;-0.567012;-0.35349;0.013255;-0.206801;-0.141123;-0.822669;0.082032
137;-3.344254;11.377342;-0.711484;-0.201199;0.084541;0.00702;-0.138728;-0.822561;0.064828
138;-2.075017;8.971608;-0.060492;-0.036503;-0.086166;0.083012;-0.141892;-0.822087;0.063997
139;-1.726165;8.235415;0.517657;-0.094478;-0.038816;-0.066799;-0.142259;-0.821874;0.065467
140;-2.276421;9.118862;0.415585;-0.034494;0.05469;-0.087136;-0.139071;-0.822503;0.063459
141;-2.423396;9.85559;-0.098472;0.038595;0.043287;0.024097;-0.139333;-0.823173;0.063718
142;-2.138444;9.706223;0.012479;0.094718;0.033412;0.059293;-0.141095;-0.821393;0.066335
143;-2.168606;9.728892;-0.055692;0.175541;0.064989;0.025109;-0.1426;-0.821815;0.070863
144;-2.168326;9.572325;-0.288154;0.206305;0.072848;0.005715;-0.143155;-0.821556;0.078007
145;-2.18393;9.632903;-0.438622;0.062309;0.014056;0.000889;-0.14326;-0.820279;0.082735
146;-2.094078;9.603183;-0.421775;-0.040619;-0.019314;-0.01083;-0.143462;-0.822574;0.083813
147;-2.183833;9.67732;-0.296084;-0.076109;-0.003375;-0.015112;-0.14274;-0.822204;0.08087
148;-2.24319;9.646615;-0.184677;-0.067015;-0.004239;-0.025705;-0.141672;-0.821111;0.079701
149;-2.182886;9.571581;-0.123348;-0.047695;-0.021012;-0.016129;-0.141331;-0.821823;0.077419
150;-2.197447;9.511385;-0.093557;-0.025486;-0.000786;-0.013349;-0.140028;-0.821864;0.078024
151;-2.190332;9.556643;-0.145995;-0.003129;0.0071;-0.01858;-0.139852;-0.821506;0.078979
152;-2.227977;9.601601;-0.169313;0.019758;0.012377;-0.007944;-0.141448;-0.821975;0.077955
153;-2.153255;9.594451;-0.182813;0.005544;0.014117;-0.007937;-0.140461;-0.82146;0.078002
154;-2.168156;9.579453;-0.198105;0.011042;0.026437;-0.014031;-0.140223;-0.822073;0.080045
155;-2.205588;9.586871;-0.213874;0.002075;0.014145;-0.011468;-0.141673;-0.821764;0.079432
156;-2.190736;9.594524;-0.236097;0.007614;0.019406;-0.020254;-0.139363;-0.821832;0.080356
157;-2.198395;9.617126;-0.266293;-0.003417;0.007109;-0.004454;-0.140591;-0.821468;0.081649
158;-2.289198;9.760025;-0.440876;-0.015516;0.045889;-0.016514;-0.141822;-0.821623;0.082672
159;-2.740213;10.17931;-0.675529;-0.337742;-0.092474;0.111413;-0.142946;-0.82149;0.076258
160;-3.005644;11.077118;-0.351644;0.029315;-0.147313;0.17831;-0.14742;-0.819792;0.071707
161;-2.37196;11.736112;0.530888;0.202102;0.127068;0.57921;-0.162425;-0.815959;0.073948
162;-1.612476;9.115875;-0.036345;0.178555;0.148859;0.925593;-0.193044;-0.807854;0.077586
163;-3.02278;12.900295;-0.429016;0.217889;0.12771;1.161801;-0.228969;-0.796487;0.084477
164;-3.204164;13.468102;-0.043048;-0.140409;0.054434;1.309633;-0.270746;-0.781218;0.085257
165;-1.34262;11.46829;-0.828952;-0.261456;0.088157;1.72234;-0.323662;-0.760374;0.0729
166;-1.569184;13.461977;-0.618045;0.029946;0.207899;2.125959;-0.38954;-0.725315;0.067999
167;-2.035868;12.724616;-0.536568;0.005449;0.152939;2.519882;-0.467298;-0.673786;0.060046
168;-0.189357;11.037042;-0.655218;-0.032757;0.222577;2.752041;-0.543103;-0.608651;0.056349
169;0.368309;10.138869;-0.613016;-0.440871;0.0503;2.79121;-0.608309;-0.538129;0.050311
170;1.832965;7.263625;-0.520419;-0.618685;-0.04091;2.816437;-0.668217;-0.45674;0.039362
171;3.481164;6.637846;0.001172;-0.404608;0.16303;2.720652;-0.717019;-0.367821;0.032179
172;4.836808;4.691617;0.278179;-0.367778;0.204454;2.603178;-0.754031;-0.274761;0.020145
173;5.833542;5.446697;0.049741;-0.139691;0.303899;2.419567;-0.779357;-0.189881;0.013027
174;5.988553;4.545493;0.436563;-0.474761;0.194971;2.206847;-0.793696;-0.117237;0.0062
175;6.798358;4.05302;0.573443;-0.583719;0.143411;1.819876;-0.799888;-0.049465;0.002352
176;7.932734;1.71431;1.214148;-0.477747;0.140809;1.625278;-0.798915;0.010824;0.000763
177;9.22713;0.067759;1.52712;-0.290155;0.115111;1.391814;-0.79163;0.063508;-0.00199
178;10.005251;-0.139207;1.527973;0.03491;0.192432;1.046413;-0.787864;0.104315;-0.005155
179;10.014393;1.008288;1.601953;-0.028856;0.119207;0.604924;-0.784318;0.130289;-0.008971
180;10.345247;0.441;1.233997;0.018819;0.145131;0.223784;-0.783343;0.142323;-0.011659
181;9.840043;0.218363;1.97453;-0.121025;0.016901;-0.069188;-0.781222;0.145177;-0.010752
182;9.132383;1.0575;1.554157;0.199153;0.134651;-0.316124;-0.781582;0.132698;-0.017234
183;8.667591;2.840618;1.662947;0.141965;-0.030552;-0.421044;-0.783783;0.120109;-0.020286
184;8.614283;2.86451;1.279124;0.089013;-0.129121;-0.524982;-0.788396;0.108732;-0.016152
185;8.384122;4.100628;1.460765;0.107325;-0.120171;-0.483197;-0.789823;0.091892;-0.012526
186;8.865727;4.629997;0.89953;0.152242;-0.143335;-0.423291;-0.793686;0.078374;-0.011598
187;9.0646;5.32706;1.232963;0.047999;-0.055274;-0.457843;-0.793793;0.058599;-0.008037
188;8.853318;5.604929;0.958255;0.024197;-0.045392;-0.343015;-0.795229;0.044773;-0.006855
189;7.928496;5.286201;0.955026;-0.120054;-0.091368;-0.292194;-0.796689;0.036463;-0.004199
190;7.960114;4.904202;0.84351;0.18882;0.020978;-0.130871;-0.798039;0.031186;-0.004522
191;8.180408;5.603128;0.749619;0.059171;0.070353;-0.098649;-0.797403;0.028369;-0.003943
192;8.658543;5.768588;1.104252;-0.164526;0.047514;-0.12174;-0.794505;0.023175;-0.004466
193;8.871072;5.191214;1.244231;-0.088042;0.064986;0.006221;-0.795638;0.021096;-0.005193
194;8.85805;4.808698;1.214367;-0.108099;0.015731;0.029628;-0.797002;0.022109;-0.006885
195;8.836138;4.659077;1.094019;-0.091346;0.011293;-0.0022;-0.795295;0.022735;-0.006533
196;8.137605;5.465556;1.319246;-0.068162;0.033638;-0.015974;-0.795066;0.024091;-0.007337
197;8.561246;4.387664;1.15633;0.039255;0.043862;0.047412;-0.797383;0.024556;-0.008262
198;8.421835;3.966367;1.31158;-0.11124;-0.01228;-0.066006;-0.795925;0.025155;-0.007111
199;8.426825;4.416743;1.251155;0.072976;0.050885;-0.03282;-0.796707;0.022093;-0.009983
200;8.505834;5.054451;1.312084;-0.046299;-0.033497;-0.041239;-0.79559;0.021964;-0.010469
201;8.633683;4.941984;1.419838;-0.024029;-0.024811;-0.083554;-0.796631;0.018361;-0.009564
202;8.27707;4.580232;1.480605;0.000722;-0.017593;-0.032376;-0.796581;0.017007;-0.008882
203;8.235393;5.323558;1.283843;0.034344;-0.028197;-0.072902;-0.796936;0.015377;-0.007812
204;8.168584;5.196175;1.185081;0.02078;-0.022838;-0.018183;-0.795842;0.013832;-0.005997
205;8.241817;5.481527;1.186243;-0.041044;-0.023635;0.041861;-0.7967;0.015942;-0.005367
206;8.559111;4.807662;1.178343;-0.050973;-0.045793;0.054801;-0.796105;0.016825;-0.004393
207;8.529705;4.695208;1.132848;0.041953;-0.033564;0.076931;-0.797103;0.018804;-0.00377
208;8.482892;5.12219;1.236505;0.083207;-0.038852;0.094632;-0.797268;0.022751;-0.00284
209;8.903739;4.584384;1.08045;-0.016613;-0.044247;0.073286;-0.795753;0.02552;0.000474
210;8.649525;4.553983;0.93279;-0.034947;-0.037093;0.019507;-0.795855;0.027316;0.002088
211;8.664707;4.531318;0.985651;-0.016538;-0.033619;-0.009589;-0.797368;0.028077;0.003501
212;8.808191;4.120402;0.718821;0.049709;-0.035562;-0.022926;-0.796655;0.027541;0.003402
213;8.558618;4.786248;0.915701;-0.026454;-0.031837;-0.087177;-0.796675;0.025599;0.005571
214;8.536963;4.643599;0.922926;0.07115;0.003289;-0.033126;-0.795797;0.024778;0.005886
215;8.63168;5.034746;0.759306;-0.020874;0.026233;-0.053202;-0.798088;0.023651;0.004966
216;8.513627;4.823519;0.929766;0.019742;0.029773;-0.039968;-0.797651;0.021542;0.004451
217;8.435802;5.423328;0.935053;0.018116;-0.014148;0.024256;-0.7976;0.020448;0.005268
218;8.655135;4.921498;0.955016;0.006875;0.025379;0.059724;-0.797107;0.022341;0.004205
219;8.586557;5.213458;1.035869;-0.005996;0.034251;0.075729;-0.797121;0.024316;0.004605
220;8.656068;4.748899;0.970231;-0.03967;0.061537;0.079353;-0.796386;0.029644;0.003816
221;8.527543;5.070663;1.042343;-0.06798;0.045795;0.066956;-0.795887;0.031138;0.002754
222;8.719869;3.969024;0.957353;-0.045469;0.042101;0.026123;-0.796303;0.032965;0.000294
223;8.33415;4.942008;1.12865;-0.045191;0.031741;-0.001098;-0.797054;0.035105;0.000117
224;8.650595;4.477751;1.225567;0.039602;0.046451;0.029798;-0.797223;0.035394;-0.000433
225;8.704024;4.208395;1.106863;-0.094059;-0.00539;-0.037692;-0.795509;0.035622;-8e-05
226;8.456529;4.432049;1.206708;0.097368;0.012119;-0.012794;-0.796431;0.034914;-0.002018
227;8.522127;4.821709;1.3727;-0.087789;-0.005267;-0.009322;-0.796676;0.032397;-0.002023
228;8.710404;4.507647;1.309286;0.007531;0.034973;-0.051457;-0.795789;0.031699;-0.001437
229;8.334324;4.882244;1.068683;0.001236;-0.008845;-0.053452;-0.796028;0.031007;-0.000635
230;8.499366;4.755354;1.072137;-0.055018;0.015797;-0.038314;-0.796528;0.031344;-0.002284
231;8.424662;4.732747;1.025634;-0.005158;0.038655;-0.039036;-0.796635;0.029089;-0.002284
232;8.767708;4.906182;1.137401;-0.102658;0.035082;-0.055809;-0.7966;0.02618;-0.002546
233;8.725144;4.560092;1.339542;-0.144482;-0.016775;-0.057113;-0.798247;0.026806;-0.001003
234;8.66618;4.328026;1.166008;0.035398;-0.016087;-0.025378;-0.797387;0.027047;-0.000691
235;8.665923;4.35078;1.105942;0.0222;-0.04867;-0.075017;-0.797608;0.024508;-0.000155
236;8.516379;4.357826;1.072912;-0.016326;-0.021274;-0.09953;-0.797216;0.021657;0.00136
237;9.180283;3.219322;1.282608;-0.06896;-0.005772;-0.202015;-0.796282;0.016207;0.001283
238;9.059873;3.235264;0.942471;0.129506;0.037053;-0.368478;-0.796759;0.00606;-0.000339
239;8.654619;3.608467;1.008965;0.289167;0.042253;-0.520995;-0.798718;-0.010284;-0.002423
240;8.987637;2.725175;0.86653;0.107482;-0.013369;-0.867477;-0.796933;-0.032484;-0.002012
241;8.076673;3.871034;0.456746;0.051524;-0.160948;-1.260055;-0.795416;-0.069339;4.6e-05
242;7.293107;4.096641;1.378809;-0.142897;-0.158642;-1.492016;-0.790836;-0.118997;0.00269
243;7.082096;4.17337;0.766625;-0.045625;-0.151746;-1.665791;-0.782431;-0.173539;0.006749
244;6.178041;5.669558;0.904423;0.291664;-0.039082;-1.774075;-0.7688;-0.226692;0.010787
245;5.634395;6.599166;0.532273;0.39701;0.01034;-1.796482;-0.749527;-0.285252;0.012
246;5.056735;8.427856;0.398604;-0.009912;-0.061023;-1.832824;-0.725589;-0.343205;0.016413
247;4.517622;8.791975;0.71757;-0.104936;0.04152;-1.795837;-0.695301;-0.406836;0.014519
248;4.179766;7.687715;0.757008;-0.126048;0.142101;-1.703564;-0.664161;-0.457928;0.007222
249;3.160377;8.165182;0.420817;-0.065955;0.026248;-1.863082;-0.629608;-0.506849;0.00428
250;1.870563;9.342767;1.038998;-0.067699;-0.015369;-1.972495;-0.586902;-0.559601;0.001472
251;1.143071;8.469361;1.115381;0.137096;0.041183;-1.769272;-0.539631;-0.607599;0.004421
252;0.682419;9.085716;0.385028;0.404511;0.079769;-1.797113;-0.488353;-0.651104;0.009854
253;-0.024759;11.512921;0.518264;0.315155;0.055662;-1.766795;-0.438679;-0.690231;0.019257
254;-0.88673;10.861922;1.102006;-0.284372;-0.038038;-1.513435;-0.391678;-0.720847;0.018903
255;0.360284;9.108283;0.063343;-0.294222;-0.06338;-1.519323;-0.344388;-0.748204;0.013143
256;-1.942958;12.644836;0.696114;0.077803;0.132878;-1.407733;-0.295193;-0.77224;0.01342
257;-1.632613;10.544576;0.937273;-0.288485;-0.014614;-1.234476;-0.247198;-0.788094;0.008477
258;-1.385757;10.158566;0.19221;-0.022399;0.106339;-1.263724;-0.205676;-0.803126;0.005114
259;-3.945487;11.880666;2.150086;-0.682165;-0.167698;-1.081655;-0.163102;-0.817049;0.000174
260;-5.056621;14.359189;2.185096;0.396085;0.083723;-0.346929;-0.136804;-0.823209;-0.01775
261;-3.763077;11.012283;-1.717594;1.23546;0.418366;0.214076;-0.138335;-0.825557;0.022503
262;-1.985439;9.180194;0.376339;0.631736;-0.092099;0.456321;-0.150045;-0.820222;0.046278
263;-1.291818;8.094131;0.631601;0.127419;0.030285;0.037782;-0.158724;-0.817856;0.056677
264;-1.21163;6.947576;0.416831;0.261373;-0.004467;-0.264455;-0.156491;-0.819417;0.068696
265;-1.566517;9.121463;0.46737;-0.185163;-0.135702;-0.248211;-0.145854;-0.822173;0.067594
266;-3.36665;12.706038;-0.946017;-0.019593;0.091289;-0.139153;-0.139132;-0.82506;0.064409
267;-3.342034;10.897737;-0.830989;0.414913;0.052958;0.049986;-0.133167;-0.826453;0.067408
268;-1.849154;8.716738;0.109422;0.26634;-0.028557;0.102798;-0.137085;-0.823439;0.079929
269;-1.624331;8.701545;0.369107;0.065862;-0.018785;-0.001272;-0.143616;-0.82282;0.090165
270;-2.245476;9.903384;-0.597746;0.12919;0.086152;-0.044439;-0.141823;-0.822535;0.092417
271;-2.455503;9.963489;-0.819661;0.007039;0.030079;-0.03071;-0.141859;-0.822762;0.094851
272;-2.213243;9.572307;-0.326579;-0.039099;-0.03509;-0.001232;-0.13887;-0.822682;0.091748
273;-2.303607;9.706987;-0.328541;-0.045777;0.014249;-0.018507;-0.138077;-0.823947;0.089895
274;-2.250073;9.46717;-0.334709;-0.028189;0.000117;-0.008064;-0.138824;-0.82377;0.09243
275;-2.107983;9.48979;-0.226816;-0.10013;-0.008664;-0.013421;-0.139242;-0.823642;0.089297
276;-2.228047;9.601726;-0.199333;-0.058271;-0.008656;-0.018686;-0.139147;-0.8253;0.087547
277;-2.273346;9.661844;-0.267848;-0.021242;0.009812;-0.002661;-0.137684;-0.823662;0.085854
278;-2.197787;9.526856;-0.206147;-0.026263;0.00361;-0.016849;-0.138841;-0.823495;0.085392
279;-2.242756;9.556658;-0.199579;0.004217;0.001827;-0.029205;-0.137239;-0.823032;0.086551
280;-2.250432;9.579289;-0.23728;0.003637;-0.004315;-0.002773;-0.138053;-0.823316;0.087324
281;-2.228252;9.59466;-0.304391;-0.005186;0.003603;-0.004484;-0.137153;-0.823765;0.088316
282;-2.213304;9.587278;-0.319092;-0.029938;0.014186;-0.009708;-0.138371;-0.824065;0.086228
283;-2.243073;9.594384;-0.252158;-0.013062;-0.004303;-0.011596;-0.137801;-0.82486;0.085987
284;-2.257925;9.586731;-0.229934;-0.01571;0.008912;-0.011504;-0.137047;-0.824388;0.08724
285;-2.235276;9.541808;-0.22943;-0.025484;0.005391;-0.011539;-0.137632;-0.823317;0.087209
286;-2.22796;9.571843;-0.229316;0.001985;0.013278;-0.007064;-0.136893;-0.824401;0.087518
287;-2.227999;9.579345;-0.229325;-0.003419;0.007125;-0.004459;-0.136166;-0.824296;0.087959
288;-2.235597;9.586973;-0.267008;0.005376;0.002717;-7.7e-05;-0.136464;-0.824933;0.087405
289;-2.228243;9.609508;-0.266885;-0.010423;0.022975;-0.007874;-0.137772;-0.823841;0.087068
290;-2.228108;9.586971;-0.259353;-0.012157;0.013293;-0.010593;-0.13687;-0.824423;0.088061
291;-2.257956;9.579353;-0.259945;-0.007369;0.022975;-0.025526;-0.13833;-0.823057;0.087581
292;-2.242817;9.541903;-0.2596;-0.003294;0.002726;-0.009792;-0.136945;-0.824353;0.086298
293;-2.250593;9.587008;-0.289823;0.017807;0.001829;0.0008;-0.136648;-0.823715;0.086852
294;-2.250519;9.579445;-0.274804;0.014516;0.022952;-0.009642;-0.136901;-0.824263;0.087382
295;-2.242922;9.54209;-0.304629;0.002692;0.013287;0.002634;-0.136541;-0.823944;0.089293
296;-2.228134;9.572155;-0.304364;0.023184;0.010611;-2.5e-05;-0.136971;-0.823019;0.089541
297;-2.258217;9.609547;-0.30501;-0.028291;0.021254;-0.003476;-0.137479;-0.823983;0.090601
298;-2.243008;9.571972;-0.274645;-0.022482;0.030029;-0.024598;-0.137344;-0.82424;0.090338
299;-2.243121;9.587038;-0.289673;-0.022952;0.012436;-0.004424;-0.135953;-0.824495;0.089594
300;-2.272626;9.526784;-0.260182;-0.024453;0.014206;-0.016774;-0.135249;-0.824761;0.089358
301;-2.228178;9.587096;-0.289373;0.007022;7.4e-05;0.00608;-0.13815;-0.822571;0.088671
302;-2.243178;9.594571;-0.297187;0.004081;0.012392;-0.021186;-0.136874;-0.823764;0.088194
303;-2.250402;9.55694;-0.274777;0.002201;0.007119;-0.016817;-0.135925;-0.824782;0.090137
304;-2.303565;9.662321;-0.41104;-0.03208;0.010721;0.007047;-0.135909;-0.825058;0.090409
305;-2.528444;9.714772;-0.610732;-0.297162;-0.203567;0.079664;-0.137219;-0.823573;0.086824
306;-3.102597;10.756851;-0.998626;-0.180646;-0.279157;0.021995;-0.13778;-0.824097;0.080033
307;-4.198526;13.450485;-0.363189;-0.139893;-0.133988;0.411834;-0.146755;-0.822243;0.076481
308;-1.537995;9.688835;1.157734;0.032875;0.294419;1.116461;-0.176642;-0.813385;0.077582
309;-2.715297;11.644944;0.479061;0.426191;0.197868;1.403863;-0.216656;-0.800548;0.082242
310;-2.866179;14.527539;-0.127462;0.036596;0.08422;1.707113;-0.272725;-0.780152;0.085835
311;-1.828021;13.010272;-0.480171;0.174899;0.109252;2.118151;-0.338583;-0.749164;0.083245
312;-2.515445;13.171142;-0.133947;0.062527;0.180311;2.339304;-0.422722;-0.705002;0.086097
313;-1.535946;11.406401;-0.56261;-0.199069;0.004265;2.688861;-0.498635;-0.649966;0.079443
314;-0.327147;10.181804;-0.777128;-0.21648;-0.074625;2.805383;-0.565404;-0.586352;0.074158
315;0.703215;8.746839;-1.085056;-0.400877;-0.159383;2.918285;-0.630394;-0.508577;0.072577
316;2.130969;6.048995;-0.393038;-0.448128;-0.066837;2.791325;-0.686815;-0.420378;0.069492
317;4.040634;5.164199;-0.47377;-0.299822;-0.013595;2.528514;-0.735515;-0.326715;0.066497
318;4.955344;4.634438;-0.289714;-0.07283;0.004962;2.438529;-0.764332;-0.246806;0.065582
319;6.177025;3.978401;-0.114361;-0.132445;0.021953;2.325535;-0.781841;-0.174987;0.067399
320;8.069821;3.728692;0.404232;-0.127694;0.054324;2.106831;-0.792843;-0.099708;0.070064
321;8.641099;2.907277;0.041384;-0.044117;0.053709;1.792513;-0.798107;-0.034109;0.070596
322;9.289253;2.022835;0.47562;-0.098575;0.084905;1.400771;-0.795731;0.022643;0.067324
323;9.052629;1.467535;0.291362;-0.15431;0.145544;0.951069;-0.793054;0.060415;0.064114
324;9.517981;1.198028;0.601185;-0.162231;0.107274;0.615437;-0.791757;0.087316;0.064517
325;9.688486;0.028351;0.620893;-0.038312;0.046046;0.238013;-0.789255;0.100929;0.061628
326;9.833341;0.988391;0.802866;0.229197;0.127344;-0.051523;-0.790541;0.102392;0.058585
327;9.601398;2.391197;0.586554;0.081693;0.074715;-0.277526;-0.786832;0.092907;0.055541
328;9.717199;3.0152;0.370573;0.0755;0.122149;-0.360916;-0.790589;0.083081;0.050241
329;8.82669;3.311469;0.434904;0.157223;0.124213;-0.444631;-0.793199;0.074013;0.045537
330;8.318394;4.809632;0.475591;0.030557;0.059521;-0.448317;-0.796351;0.057214;0.041907
331;8.073247;5.874838;0.251877;0.056062;-0.049506;-0.413578;-0.796126;0.044843;0.042625
332;8.527561;4.884837;0.629801;-0.173763;-0.008935;-0.381736;-0.797274;0.025386;0.041805
333;8.730252;6.130981;0.61751;-0.131313;0.006823;-0.30198;-0.797624;0.014468;0.042897
334;8.095094;6.202939;0.747252;0.035655;0.067754;-0.169143;-0.796673;0.009002;0.043227
335;8.55271;5.785242;0.606814;-0.183566;0.038808;-0.058281;-0.797909;0.006234;0.039792
336;8.527864;4.809977;0.592367;-0.329199;0.015149;-0.179528;-0.797385;0.002605;0.040773
337;7.761009;5.796484;0.755989;-0.079823;0.104228;-0.04278;-0.79843;-0.002172;0.037757
338;8.333132;4.958694;0.723371;-0.128562;-0.001597;0.033065;-0.798507;-0.001316;0.036263
339;8.409873;4.64323;0.890354;-0.160488;0.06088;-0.004501;-0.79852;-0.001566;0.035857
340;8.549647;5.00442;0.75769;-0.019163;0.082661;0.037192;-0.79835;0.000629;0.033966
341;8.137731;5.242378;0.869225;-0.026437;0.067924;0.038918;-0.797741;0.000582;0.03156
342;8.877383;3.879364;1.020652;0.105023;0.09645;0.101496;-0.796568;0.004061;0.03039
343;8.241407;5.467396;0.976126;-0.108379;0.037128;-0.04244;-0.797807;0.005742;0.028567
344;8.296254;5.061732;1.16528;-0.054934;0.081094;0.040743;-0.797343;0.005177;0.025885
345;8.453554;4.890708;0.950998;-0.087653;0.005314;-0.01013;-0.796561;0.006799;0.024836
346;8.247509;4.341716;1.082535;-0.055473;0.017694;-0.01278;-0.798891;0.006363;0.026619
347;8.649655;4.538887;0.955322;0.079353;0.036691;0.002381;-0.796747;0.005926;0.023476
348;8.632562;5.048035;1.172053;-0.068027;0.001684;-0.018064;-0.79836;0.006126;0.022315
349;8.752577;4.928754;1.107055;0.049504;-0.035531;-0.068641;-0.797451;0.005147;0.026691
350;8.543224;4.93563;1.057814;0.019991;0.000707;-0.056912;-0.797753;0.004122;0.025867
351;8.512464;5.003963;0.831988;0.064809;0.016518;-0.029438;-0.797707;0.00264;0.026415
352;8.347777;5.115351;0.948628;-0.004956;-0.02117;-0.057029;-0.798748;-0.000178;0.027589
353;8.085177;5.316941;0.928123;0.046453;-0.002561;0.031391;-0.796973;-0.000922;0.02903
354;8.558567;4.659998;0.608156;0.015211;0.015711;0.050775;-0.798221;0.002075;0.027474
355;8.392889;5.018409;0.852083;-0.029096;0.035225;0.038637;-0.796906;0.002023;0.028349
356;8.901628;4.870568;0.809936;0.034542;0.048954;0.018394;-0.798676;0.004593;0.027716
357;8.556382;5.139541;0.74267;-0.041542;0.038653;-0.001917;-0.797918;0.005584;0.025856
358;8.545666;4.403607;0.915857;-0.064357;0.000824;-0.012904;-0.798508;0.004043;0.024749
359;8.445243;4.959067;0.740633;-0.0119;0.007826;-0.05775;-0.797883;0.002282;0.02546
360;8.124228;4.972199;0.884256;-0.02624;0.001853;-0.055126;-0.798239;0.001045;0.023281
361;8.580944;4.883108;1.096151;0.034886;0.043834;-0.001912;-0.798093;0.000777;0.023288
362;8.556288;5.243753;0.93767;0.015001;0.025394;0.009493;-0.798105;0.001573;0.023286
363;8.33113;5.482498;1.037948;-0.037288;0.044086;0.04056;-0.797585;0.002133;0.022362
364;8.737852;4.727648;0.746765;-0.004708;0.019157;0.024337;-0.798421;0.003176;0.019749
365;8.191701;5.031507;1.118185;-0.091631;0.042442;0.008701;-0.79787;0.003576;0.019504
366;8.737684;4.839424;0.926746;0.007406;0.071095;0.040611;-0.797703;0.004857;0.017208
367;8.27312;5.070363;0.872133;-0.110527;0.036237;-0.019584;-0.799738;0.005844;0.016431
368;8.425625;4.567523;1.07086;-0.041457;0.03696;-0.003785;-0.797435;0.005522;0.017084
369;8.508796;4.402589;1.125242;-0.008784;0.054463;-0.031929;-0.797921;0.005322;0.015573
370;8.422475;5.182563;1.092641;-0.035564;0.032545;-0.037229;-0.798292;0.003576;0.012853
371;8.739036;4.666077;1.122078;-0.047277;0.040297;-0.064638;-0.79747;0.003329;0.012082
372;8.93715;3.953927;1.186869;-0.045377;0.059502;-0.143176;-0.798633;0.000624;0.010408
373;8.930998;3.713722;1.217025;0.014266;0.069915;-0.266677;-0.798816;-0.009012;0.009205
374;9.511624;2.651161;1.124787;-0.016486;0.021977;-0.479013;-0.797924;-0.019;0.006431
375;7.922804;3.515697;0.971846;0.167304;-0.004074;-0.848685;-0.797395;-0.04238;0.00692
376;7.373722;4.263274;1.072565;0.035856;-0.027537;-1.112527;-0.794998;-0.07522;0.007793
377;7.832215;3.739961;1.074844;-0.107788;-0.032077;-1.246807;-0.790902;-0.118411;0.008098
378;7.455409;4.413127;1.194115;0.205614;0.080264;-1.473511;-0.783794;-0.164027;0.004901
379;6.828312;4.335424;1.241633;0.290399;0.024933;-1.616827;-0.77371;-0.21151;0.004288
380;6.148536;5.609304;0.933913;0.31803;-0.009212;-1.83917;-0.754077;-0.270537;0.007143
381;4.659948;7.433332;1.052103;0.464916;-0.075554;-1.918633;-0.731204;-0.330894;0.012323
382;4.175932;8.497205;0.921148;0.167895;-0.118984;-2.01051;-0.700741;-0.397956;0.016669
383;3.597442;7.587993;0.730406;0.014696;-0.086839;-2.022809;-0.665361;-0.459548;0.018534
384;2.609497;7.743224;0.342666;0.184044;-0.023175;-1.994064;-0.627211;-0.513661;0.021597
385;2.418487;7.156969;0.429518;0.180305;0.011209;-2.059222;-0.579574;-0.568931;0.02377
386;1.361485;9.045311;-0.074062;0.557873;0.094875;-2.097057;-0.5253;-0.623869;0.032082
387;-0.631017;10.027558;-0.055136;0.342427;0.089183;-2.013908;-0.462496;-0.675536;0.042017
388;0.703078;8.865992;-0.875064;0.066389;0.187376;-2.041778;-0.398801;-0.717446;0.046423
389;-1.573303;12.920865;-0.384902;0.274567;0.302729;-2.133622;-0.337183;-0.755321;0.05356
390;-3.217442;11.682908;-0.108913;-0.573331;-0.015667;-1.956061;-0.268917;-0.785425;0.046252
391;-2.240642;12.299692;0.427852;-0.461015;0.117712;-1.643539;-0.207197;-0.807317;0.031435
392;-4.902883;13.489985;2.091573;-2.247368;-0.64924;-0.950667;-0.15574;-0.819882;-0.007986
393;-7.530488;20.861181;0.312233;0.850843;0.482522;0.024214;-0.144419;-0.821845;-0.029624
394;-1.198638;8.837324;0.595143;0.54291;-0.157374;0.6949;-0.157433;-0.819999;-0.007798
395;-0.864643;8.071191;1.143008;-0.474289;-0.172273;0.376925;-0.178275;-0.81424;-0.012069
396;-1.452222;6.073843;1.035816;-0.033397;0.020728;-0.195608;-0.181189;-0.812693;-0.016679
397;0.81384;2.499668;0.394834;-0.282112;-0.211021;-0.543923;-0.183529;-0.810633;-0.007461
398;-0.55813;5.845483;2.682495;0.066893;-0.142162;-0.876192;-0.154745;-0.818719;-0.004153
399;-6.043224;19.931332;1.641401;-0.965103;0.218097;-0.302664;-0.120971;-0.825991;-0.037002
400;-5.104095;11.133861;0.236497;0.960545;0.093837;0.291351;-0.11859;-0.827953;-0.028357
401;-1.007801;8.429502;1.432414;0.811762;-0.152618;0.507833;-0.139049;-0.825156;0.005689
402;-0.431688;6.752216;1.235693;0.350706;0.11664;-0.076574;-0.147673;-0.822576;0.027591
403;-2.104679;9.127156;0.389009;0.258548;0.160702;-0.144618;-0.143877;-0.82377;0.036438
404;-2.848232;10.861302;-0.618406;0.017287;0.225665;-0.089155;-0.138353;-0.826058;0.038741
405;-2.58704;9.786751;0.063412;0.020906;-0.040232;0.011159;-0.1363;-0.826802;0.036677
406;-2.348936;10.064429;0.26301;0.100004;-0.021052;0.049292;-0.137957;-0.825905;0.041466
407;-2.22688;9.569911;0.235983;0.133087;0.038666;0.010787;-0.14009;-0.826524;0.044476
408;-1.948672;9.211124;0.189433;0.101603;0.022701;-0.009702;-0.139337;-0.824873;0.049515
409;-2.107007;9.488045;0.193454;0.014857;0.015842;-0.030875;-0.139716;-0.825303;0.050445
410;-2.287783;9.720335;0.084507;0.022395;0.014151;-0.052017;-0.139059;-0.826571;0.052103
411;-2.347948;9.795118;0.083216;0.052934;0.002715;-0.027371;-0.139156;-0.825826;0.05345
412;-2.271946;9.555295;0.100013;0.067677;2.5e-05;-0.008024;-0.13899;-0.826242;0.053865
413;-2.226951;9.510584;0.070948;0.059308;-0.003499;0.009587;-0.139177;-0.825544;0.056425
414;-2.212011;9.518081;0.086249;0.044543;0.001785;-0.006258;-0.137477;-0.826217;0.059486
415;-2.242207;9.570539;0.070577;0.063284;0.026422;-0.007839;-0.138681;-0.825221;0.06159
416;-2.212572;9.58597;-0.003889;0.076352;0.017593;0.004453;-0.140508;-0.826127;0.065021
417;-2.182338;9.526011;0.011793;0.072987;0.010534;-0.004433;-0.139784;-0.825888;0.065462
418;-2.205205;9.586185;-0.048768;0.095941;0.028125;0.004526;-0.14021;-0.824443;0.069362
419;-2.21289;9.59397;-0.123975;0.13067;0.050968;0.004686;-0.139785;-0.825361;0.075744
420;-2.198577;9.662042;-0.243833;0.121705;0.020161;0.006244;-0.139987;-0.825172;0.077763
421;-2.213582;9.647229;-0.304154;0.08546;0.015806;-0.002618;-0.141223;-0.824669;0.082303
422;-2.183621;9.610056;-0.356042;0.02937;0.019383;0.002688;-0.140509;-0.824419;0.085855
423;-2.168508;9.587515;-0.333201;-0.01566;0.020305;-0.011431;-0.140704;-0.823976;0.084762
424;-2.183499;9.609838;-0.303508;-0.038714;-0.013989;-0.017843;-0.140401;-0.823344;0.085451
425;-2.183077;9.571924;-0.205901;-0.037065;-0.000781;-0.011578;-0.140727;-0.824347;0.084085
426;-2.168017;9.549478;-0.205574;-0.020916;0.003588;-0.017728;-0.140463;-0.824856;0.083423
427;-2.168056;9.556979;-0.205583;0.003851;0.009722;-0.011505;-0.141053;-0.824565;0.082987
428;-2.190584;9.571958;-0.221061;0.023409;0.031715;-0.009582;-0.140321;-0.823027;0.084101
429;-2.183425;9.602273;-0.28849;0.009201;0.012361;-0.01148;-0.140531;-0.823745;0.085581
430;-2.190827;9.602119;-0.258621;0.002148;0.007092;-0.015046;-0.140507;-0.823506;0.086259
431;-2.190971;9.609808;-0.303658;-0.006132;-0.005215;-0.002779;-0.141211;-0.825332;0.085688
432;-2.168369;9.587266;-0.273162;-0.02192;0.008873;-0.01151;-0.14013;-0.82399;0.084925
433;-2.18326;9.587114;-0.250948;-0.017548;0.003596;-0.008898;-0.13986;-0.824504;0.084398
434;-2.21303;9.564493;-0.251521;-0.019542;0.019464;0.002681;-0.140239;-0.823887;0.085731
435;-2.213321;9.617036;-0.259089;-0.021306;0.011544;0.00087;-0.139811;-0.824027;0.085752
436;-2.205693;9.587058;-0.258903;-0.005117;0.005352;-0.008002;-0.141781;-0.824538;0.085929
437;-2.18339;9.602211;-0.27348;-0.010392;-0.005218;-0.011604;-0.140252;-0.824137;0.085325
438;-2.198447;9.617219;-0.288808;-0.01736;7.6e-05;-0.017741;-0.140938;-0.824673;0.085699
439;-2.228568;9.662112;-0.289462;-0.031691;0.000113;-0.01332;-0.140268;-0.823861;0.085053
440;-2.228208;9.609445;-0.251875;-0.063848;-0.001602;-0.006284;-0.140454;-0.823295;0.084231
441;-2.182817;9.512005;-0.228344;-0.053793;0.014199;-0.016781;-0.139007;-0.823079;0.081594
442;-2.227977;9.601601;-0.169313;-0.060201;-0.003367;-0.011589;-0.140168;-0.824479;0.080459
443;-2.257499;9.541378;-0.147328;-0.008763;0.00891;-0.00445;-0.141538;-0.826336;0.080939
444;-2.13799;9.549344;-0.144935;0.001789;0.008839;0.000842;-0.139894;-0.823819;0.080471
445;-2.213303;9.64673;-0.184076;0.017081;0.021176;-0.006993;-0.139805;-0.825864;0.081833
446;-2.190593;9.55711;-0.258567;0.008946;0.007091;-5.3e-05;-0.140087;-0.824554;0.082358
447;-2.160949;9.617114;-0.228019;-0.041402;0.019457;-0.01496;-0.140411;-0.823466;0.081798
448;-2.167917;9.527003;-0.213052;-0.03847;-0.003438;-0.028371;-0.139425;-0.823996;0.081441
449;-2.228086;9.609227;-0.199342;-0.037013;0.002762;-0.014191;-0.139353;-0.824587;0.079552
450;-2.250279;9.586448;-0.154736;-0.015753;-0.003412;-0.011588;-0.139613;-0.825782;0.079677
451;-2.2277;9.54165;-0.184251;0.007313;0.001829;-0.00803;-0.138153;-0.825317;0.080829
452;-2.22799;9.594193;-0.191819;-0.003396;0.006245;-0.006226;-0.139025;-0.825547;0.080246
453;-2.198268;9.609468;-0.22876;-0.023343;-0.001657;0.011366;-0.139926;-0.824313;0.079523
454;-2.378865;9.707664;-0.562692;-0.192839;0.006579;0.042308;-0.14026;-0.824785;0.078155
455;-2.862769;10.756471;-0.678619;-0.187622;-0.119883;0.107817;-0.142557;-0.824209;0.071006
456;-3.661645;12.192585;-0.426076;0.02755;-0.024537;0.299404;-0.148951;-0.822284;0.068121
457;-2.113262;10.978156;0.844594;0.045127;0.058591;0.765645;-0.169372;-0.817178;0.070231
458;-2.331958;9.607512;0.113759;0.057476;0.058016;1.204793;-0.208284;-0.805506;0.066964
459;-2.786092;13.589253;0.085292;-0.00481;0.091039;1.329323;-0.24966;-0.791788;0.069933
460;-2.038347;13.323592;-0.259605;-0.141676;-0.038383;1.652155;-0.301304;-0.770432;0.064401
461;-2.003919;12.587272;0.04957;0.118973;0.179845;2.118586;-0.365165;-0.737389;0.06285
462;-1.886537;12.755109;-0.511087;-0.084226;0.108937;2.469273;-0.447551;-0.68833;0.058603
463;-1.083669;11.964382;-0.816783;-0.222115;0.055998;2.687535;-0.523204;-0.628176;0.053302
464;-0.183429;9.911673;-0.623857;-0.457083;-0.021531;2.878923;-0.59042;-0.560351;0.045685
465;1.47247;7.518222;-0.753074;-0.510602;0.034012;2.922024;-0.654312;-0.476283;0.035483
466;2.715718;7.131334;-0.337438;-0.483476;0.139811;2.828245;-0.706514;-0.387715;0.028271
467;3.194799;7.131601;0.054916;-0.345955;0.212502;2.883467;-0.75022;-0.286694;0.0186
468;4.655308;5.155586;0.379089;-0.418584;0.262845;2.812805;-0.778278;-0.190498;0.011457
469;6.268004;4.110163;0.757839;-0.482346;0.253204;2.644836;-0.793128;-0.105345;0.007281
470;7.619165;1.712655;1.31291;-0.752463;0.180473;2.325283;-0.800497;-0.019603;0.002384
471;8.567521;0.321632;1.183393;-0.324668;0.235514;1.929203;-0.796033;0.05141;-0.003256
472;9.644366;0.249859;1.430244;-0.41595;0.225987;1.421713;-0.783792;0.110705;-0.010521
473;10.250492;-1.278899;1.624195;-0.220049;0.269129;0.933763;-0.777562;0.148554;-0.01356
474;10.675058;-1.867949;2.969158;-0.172279;0.196444;0.476987;-0.774914;0.17053;-0.016597
475;9.8334;-1.193715;2.388677;-0.051299;0.027514;0.170649;-0.771511;0.180031;-0.019838
476;10.20471;-0.950373;1.953112;0.15282;0.127218;-0.129519;-0.772864;0.178942;-0.022066
477;9.763992;0.60691;2.272757;0.160612;0.101764;-0.431149;-0.773547;0.163102;-0.027338
478;9.130634;1.56599;1.943799;0.157364;0.115184;-0.615282;-0.776639;0.145331;-0.033262
479;9.272346;1.641308;2.006601;-0.039117;-0.002763;-0.913472;-0.782539;0.127571;-0.035128
480;8.284626;3.407361;2.112406;0.004837;-0.041065;-0.998071;-0.786977;0.094715;-0.034857
481;9.421019;1.851342;2.151944;0.120979;-0.092925;-1.093175;-0.791142;0.06108;-0.035111
482;7.845725;4.3074;1.734889;0.129443;-0.11696;-1.427258;-0.794589;0.01056;-0.031366
483;7.973471;2.82914;1.956693;0.007118;-0.118673;-1.470793;-0.795965;-0.038236;-0.031719
484;7.994558;2.868762;1.469285;0.301222;-0.147437;-1.788643;-0.791952;-0.086579;-0.028564
485;5.65608;5.6359;1.284201;0.711175;-0.009607;-2.100295;-0.783035;-0.155854;-0.02458
486;4.846564;6.231898;1.507427;0.548163;-0.140104;-2.065771;-0.76699;-0.225648;-0.019978
487;5.274401;7.016368;0.884798;0.140474;-0.242008;-2.214643;-0.744761;-0.302401;-0.012624
488;3.827806;7.910714;0.91479;0.173065;-0.219317;-2.251318;-0.712196;-0.375089;-0.004238
489;3.54293;8.17142;1.088888;0.164381;-0.088829;-2.172692;-0.677791;-0.436814;0.001368
490;3.468655;6.425342;0.578994;0.142428;-0.175074;-2.166583;-0.635507;-0.500546;0.008038
491;2.019949;9.061028;0.381915;0.50761;-0.012809;-2.171937;-0.584825;-0.562062;0.016192
492;0.261496;9.75743;0.811096;0.615041;0.035676;-1.889015;-0.528689;-0.617431;0.028113
493;0.289735;9.284861;-0.973879;0.770011;0.11975;-2.112699;-0.472862;-0.665188;0.042301
494;-0.774533;13.252234;0.066047;0.503896;0.240457;-2.105753;-0.418031;-0.705604;0.062511
495;-1.27888;10.733114;-0.766835;-0.380109;-0.136602;-1.878634;-0.355527;-0.744832;0.0632
496;-1.482321;11.099536;-0.681269;-0.078614;0.039274;-1.710534;-0.295171;-0.773554;0.057264
497;-2.716412;11.461143;-0.421294;-0.186959;0.047942;-1.764183;-0.23052;-0.799752;0.059919
498;-3.350008;13.490826;1.56745;-0.942369;-0.338574;-1.324378;-0.175445;-0.816344;0.047609
499;-6.748796;20.432304;1.364021;-0.664698;0.1564;-0.389436;-0.142018;-0.826171;0.008931
500;-4.738443;9.145868;-1.209853;1.130766;-0.073825;0.421227;-0.145093;-0.826293;0.040309
501;-0.007966;8.688539;1.429712;-0.026876;-0.394973;0.540506;-0.164488;-0.820834;0.060193
502;-0.762789;6.769995;0.253442;-0.331114;-0.007405;-0.158688;-0.175212;-0.814343;0.037061
503;0.220833;4.239839;-0.114269;-0.550358;-0.205151;-0.649455;-0.157495;-0.819276;0.028054
504;-1.474661;9.704995;2.742426;-1.599125;-0.377103;-0.774828;-0.130362;-0.827919;0.002058
505;-6.947044;16.244133;-0.098771;-0.296837;-0.060608;-0.334407;-0.112061;-0.832754;-0.036824
506;-2.879266;10.389074;1.062479;0.39487;-0.216396;0.276599;-0.115233;-0.832008;-0.027644
507;-1.406006;7.541559;1.710547;-0.138052;-0.030063;-0.031546;-0.112596;-0.83016;-0.035098
508;-2.418325;9.415477;1.110323;-0.096716;0.042518;-0.141847;-0.108772;-0.831123;-0.038969
509;-2.724882;9.57817;1.38165;-0.035007;0.100817;0.045683;-0.112405;-0.830731;-0.03414
510;-2.43311;9.534042;1.447597;-0.00093;0.112968;0.07399;-0.115784;-0.829925;-0.033223
511;-2.386899;9.279068;1.471316;0.107204;0.05469;0.045305;-0.119158;-0.828731;-0.032036
512;-2.370993;9.054451;1.381827;0.10108;0.047615;0.002855;-0.115286;-0.830522;-0.035092
513;-2.508298;9.504868;1.175958;0.112692;0.063536;0.04011;-0.115177;-0.830231;-0.032381
514;-2.509641;9.663337;0.950625;0.092904;0.049478;0.050621;-0.11985;-0.830566;-0.022188
515;-2.494919;9.686087;0.90587;0.144482;-0.031582;0.043002;-0.123126;-0.830509;-0.019099
516;-2.691774;10.046688;0.593839;0.036252;-0.095618;0.026729;-0.123763;-0.830041;-0.013854
517;-3.157499;10.39118;0.291432;-0.281392;-0.041229;0.125984;-0.12418;-0.829261;-0.020101
518;-2.183155;10.047695;0.836697;-0.00106;0.216877;0.378322;-0.132409;-0.826405;-0.022401
519;-3.006842;12.119708;1.485785;1.01543;0.296457;0.86824;-0.156725;-0.821576;-0.008436
520;-3.538588;12.298248;1.339825;1.476097;0.563348;1.703157;-0.202519;-0.80999;0.040464
521;-2.854521;15.105721;-0.247928;0.732791;0.259603;2.080859;-0.267807;-0.785279;0.069308
522;-3.567021;15.538807;-0.442824;0.148864;0.293446;2.361753;-0.349463;-0.749844;0.077308
523;-2.952717;13.681814;-0.68361;-0.3747;0.030793;2.730102;-0.433037;-0.700593;0.065155
524;-1.748568;11.931918;-0.860127;-0.680138;-0.097834;2.970575;-0.51376;-0.638838;0.051215
525;-0.973359;9.377229;-0.939327;-0.628426;-0.152756;3.235279;-0.594561;-0.55609;0.036543
526;0.65637;6.412199;-0.745757;-0.195192;0.07747;3.478958;-0.668438;-0.455097;0.031364
527;2.599029;6.568372;-0.369188;-0.305346;0.282478;3.242107;-0.730265;-0.342362;0.020244
528;3.68627;6.097515;0.246024;-0.410094;0.322467;3.072853;-0.768717;-0.238408;0.008384
529;4.780283;4.053872;0.247719;-0.435761;0.373735;2.89101;-0.791208;-0.144018;0.00138
530;6.106507;2.114126;0.741756;-0.492419;0.480272;2.496041;-0.799104;-0.052425;-0.010457
531;7.779892;0.866641;1.06191;-0.64224;0.305086;2.103623;-0.797955;0.024304;-0.018573
532;9.381018;-0.727394;1.666157;-0.607215;0.383079;1.490572;-0.78744;0.091359;-0.026888
533;9.985932;-1.837807;2.279877;-0.201274;0.406649;1.061715;-0.779642;0.132054;-0.035405
534;10.266734;-1.050779;2.704912;-0.07909;0.156142;0.638349;-0.777872;0.158513;-0.037413
535;10.687083;-1.416765;2.721262;0.19503;0.091891;0.130464;-0.775736;0.169721;-0.043156
536;9.952085;-0.805255;2.893437;0.019125;0.057137;-0.133476;-0.772708;0.170682;-0.041658
537;9.617093;0.245068;2.555367;0.277726;0.085024;-0.339542;-0.772656;0.15834;-0.048391
538;8.724734;2.28221;2.505201;-0.090552;-0.123682;-0.615913;-0.776379;0.140637;-0.049069
539;8.668369;1.517841;2.257253;-0.036136;-0.083326;-0.732254;-0.782088;0.125185;-0.045519
540;8.433758;3.482801;2.152843;-0.004095;-0.14671;-0.924678;-0.786379;0.097422;-0.043223
541;8.917834;2.374231;2.208803;0.208521;-0.143694;-0.8781;-0.792281;0.067243;-0.039647
542;9.191112;4.155712;1.612002;-0.009538;-0.251065;-1.09298;-0.79252;0.027847;-0.033067
543;8.208942;3.423663;1.728141;0.103295;-0.111754;-1.276517;-0.794256;-0.014727;-0.029529
544;7.976485;4.626731;0.836636;0.536456;-0.120208;-1.41311;-0.796112;-0.052612;-0.02709
545;5.680547;6.663863;1.253557;0.23924;-0.197068;-1.600249;-0.791927;-0.103861;-0.020944
546;6.799407;4.19978;1.361271;0.155889;-0.190515;-1.582183;-0.783202;-0.157787;-0.015788
547;6.179598;5.376933;0.919781;0.303236;-0.270589;-1.751037;-0.769767;-0.22004;-0.009708
548;5.324288;6.108254;1.029373;0.302848;-0.216511;-1.861666;-0.751546;-0.283238;-0.001499
549;5.319057;7.04658;0.878158;0.341915;-0.177819;-1.864751;-0.728905;-0.336445;0.007576
550;4.131894;8.265228;0.740409;0.533891;-0.078888;-1.907896;-0.699935;-0.39714;0.015894
551;3.096971;8.8626;0.418784;0.518913;-0.01847;-1.871158;-0.666093;-0.454546;0.026605
552;2.887929;8.750012;0.234599;-0.132012;-0.258782;-1.962023;-0.623377;-0.514367;0.031527
553;2.366225;8.448353;0.119381;0.108784;-0.169946;-1.985253;-0.577256;-0.571227;0.034172
554;0.609224;10.24802;0.427319;0.432979;-0.017828;-1.656385;-0.534641;-0.613822;0.043106
555;0.860405;9.170551;-0.001719;0.477268;0.041702;-1.830908;-0.489903;-0.652256;0.053486
556;-0.368912;11.11108;-0.591367;0.525773;-0.078299;-1.79782;-0.437181;-0.691615;0.071156
557;-1.09;11.947449;-0.359121;-0.145653;-0.212494;-1.606251;-0.380677;-0.727192;0.078987
558;-0.1148;11.045052;-0.70626;-0.439642;-0.16063;-1.475536;-0.33146;-0.754913;0.071697
559;-1.198985;9.951241;-0.284095;-0.25415;-0.042352;-1.444848;-0.284692;-0.778382;0.06509
560;-1.584872;10.790753;-0.487879;-0.305223;-0.060564;-1.435107;-0.236723;-0.799444;0.057588
561;-1.875409;11.11508;0.616587;-0.683373;-0.139917;-1.321748;-0.18563;-0.814928;0.045488
562;-4.972021;15.059744;1.57067;-1.092103;-0.275496;-0.622976;-0.149989;-0.824863;0.005429
563;-5.353344;12.280722;-1.585834;0.532335;0.159446;0.048399;-0.141464;-0.826296;0.011935
564;-1.152408;10.126654;0.872334;-0.1974;-0.612494;0.503975;-0.151334;-0.825696;0.01362
565;-0.822305;7.021981;0.934876;-0.913722;-0.147492;-0.249637;-0.155962;-0.821636;-0.007181
566;-0.527186;4.929601;1.070659;-1.014979;-0.239329;-0.649526;-0.136915;-0.825727;-0.038181
567;-2.587474;11.296178;3.288669;-1.192334;-0.023899;-0.547846;-0.129073;-0.821692;-0.062708
568;-5.703807;12.220106;1.829214;-0.178364;0.092773;-0.146117;-0.116479;-0.822492;-0.087398
569;-2.580092;9.320986;2.030221;0.359541;-0.054567;0.198132;-0.111014;-0.82512;-0.093351
570;-1.434165;7.627535;2.655447;0.216224;-0.028671;0.01619;-0.114764;-0.825532;-0.08149
571;-2.277951;8.647436;1.931963;0.169869;0.131967;-0.048673;-0.113165;-0.825196;-0.077083
572;-2.901532;10.433311;1.227081;0.239174;0.255504;0.075181;-0.124931;-0.824255;-0.056277
573;-2.358366;9.519423;1.426601;0.2389;0.126713;0.084685;-0.127493;-0.82578;-0.046925
574;-2.152839;8.881726;1.634045;0.102871;0.068635;0.00297;-0.11968;-0.827596;-0.05412
575;-2.508764;9.713791;1.445881;0.031322;0.056597;0.014516;-0.120144;-0.828469;-0.051975
576;-2.486559;9.6548;1.221258;0.043855;0.051278;0.013577;-0.120081;-0.828788;-0.050618
577;-2.267087;9.212173;1.436274;0.025729;0.019512;0.029153;-0.127233;-0.828506;-0.041764
578;-2.274337;9.159726;1.413672;-0.082121;-0.017337;-0.001124;-0.129547;-0.828173;-0.042689
579;-2.509312;9.759362;1.31074;-0.049492;-0.004069;-0.034441;-0.122533;-0.829111;-0.048301
580;-2.523362;9.594206;1.325647;-0.00348;0.005567;-0.022047;-0.121902;-0.828001;-0.049761
581;-2.342685;9.354663;1.374565;-0.060386;-0.028784;-0.022341;-0.120153;-0.828591;-0.048863
582;-2.493652;9.661525;1.401215;-0.058753;0.024996;-0.014842;-0.125329;-0.826366;-0.049661
583;-3.699752;11.229116;0.317146;-0.00848;0.008002;0.12035;-0.126887;-0.828178;-0.050273
584;-4.18136;12.437318;1.559394;0.654142;-0.161296;0.511289;-0.13425;-0.824559;-0.041843
585;-1.864999;9.75874;2.074133;1.093467;0.229906;1.137324;-0.164094;-0.817692;-0.006773
586;-1.876855;8.883642;1.436969;0.862808;0.332423;1.388432;-0.211487;-0.80514;0.017962
587;-2.123964;12.572833;-0.200473;0.771356;0.332722;1.485255;-0.26386;-0.787669;0.047585
588;-1.974954;14.073923;-0.236634;-0.004815;0.178899;1.746472;-0.319413;-0.76357;0.051329
589;-2.322233;13.619687;0.424776;0.041714;0.201228;2.058948;-0.379924;-0.732352;0.051163
590;-1.966735;12.558002;-0.092236;-0.299724;-0.006091;2.390786;-0.449102;-0.687539;0.042289
591;-0.933026;10.559668;-0.219377;-0.34601;-0.123558;2.572196;-0.521347;-0.627433;0.037018
592;0.254767;8.998034;-0.584039;-0.553733;-0.210099;2.737995;-0.598038;-0.552056;0.026217
593;1.127056;8.084767;-0.220312;-0.426649;-0.089195;2.797776;-0.659149;-0.47294;0.022927
594;2.762394;7.039026;0.256451;-0.276775;0.04534;2.792308;-0.706061;-0.391932;0.023974
595;4.616037;7.037629;0.556358;-0.065538;0.153259;2.733016;-0.745433;-0.305553;0.024155
596;5.32002;6.821906;0.788369;-0.401695;0.223713;2.662833;-0.773222;-0.215624;0.017717
597;6.3533;3.480657;0.685193;-0.488855;0.221354;2.458304;-0.79042;-0.119384;0.009071
598;7.083438;2.559743;0.948514;-0.610758;0.270216;2.106372;-0.796417;-0.039502;0.004254
599;8.430861;0.585101;0.835156;-0.354328;0.327022;1.70752;-0.797975;0.018967;-0.000835
600;9.155312;-0.443078;1.631294;-0.106012;0.336688;1.327986;-0.794825;0.069894;-0.008114
601;9.162529;0.908519;1.329792;-0.069873;0.153233;0.781638;-0.78997;0.106151;-0.014057
602;9.894382;-1.359142;2.540172;-0.107129;-0.021496;0.568231;-0.77992;0.123557;-0.021596
603;10.36733;-0.485819;2.241044;0.003368;0.060591;0.106578;-0.779009;0.133952;-0.019683
604;9.432952;1.011033;2.19062;0.129024;0.029096;-0.132444;-0.780678;0.135512;-0.021662
605;9.415832;1.289844;1.874786;0.055473;-0.029037;-0.352527;-0.783445;0.127115;-0.023128
606;9.061029;2.105036;2.13693;0.018502;-0.010416;-0.544583;-0.785157;0.112763;-0.021958
607;9.005572;2.51179;1.685106;-0.021937;-0.146852;-0.658421;-0.788848;0.085877;-0.021936
608;8.49155;3.724395;1.838555;-0.002206;-0.148488;-0.887597;-0.790677;0.060651;-0.017498
609;8.777985;3.230515;1.81483;-0.11234;-0.218118;-1.01526;-0.794081;0.034674;-0.013675
610;8.042766;3.708648;1.589411;0.219986;-0.136351;-1.086029;-0.79653;-0.000957;-0.011
611;8.533252;4.086891;1.298679;0.250469;-0.052193;-1.172753;-0.795598;-0.037134;-0.009107
612;7.279593;5.147868;1.129747;0.509385;-0.036119;-1.315328;-0.79216;-0.087947;-0.007057
613;7.76709;4.923521;1.424956;0.436066;-0.06007;-1.380847;-0.787308;-0.134722;-0.006978
614;6.640251;5.598897;0.298424;0.408523;-0.163492;-1.589685;-0.779325;-0.178408;-0.002154
615;5.334087;7.016757;0.848475;0.139001;-0.200376;-1.732572;-0.765855;-0.23494;0.003508
616;6.02515;6.2697;0.758113;-0.050444;-0.288594;-1.848964;-0.744735;-0.293788;0.011441
617;5.182129;7.199052;0.162319;0.017626;-0.128998;-1.943841;-0.716766;-0.362047;0.016752
618;3.939235;7.823125;0.436841;-0.009756;0.001102;-1.910995;-0.686511;-0.421071;0.015791
619;3.682327;6.69911;-0.107419;-0.338549;-0.017848;-2.063145;-0.652787;-0.475886;0.0112
620;2.630118;8.177564;0.545227;-0.440807;-0.010229;-2.292177;-0.604926;-0.537122;0.00298
621;1.523281;8.68045;1.227855;-0.329684;0.060688;-2.219157;-0.549349;-0.596292;-0.009879
622;0.695574;8.391856;1.28658;0.070636;0.138224;-1.936245;-0.48881;-0.651207;-0.014524
623;-0.033356;9.176837;1.241059;0.584155;0.322812;-1.914451;-0.429932;-0.693451;-0.010079
624;-1.585238;10.168609;1.193785;0.81223;0.436857;-1.938985;-0.374796;-0.731277;0.004862
625;-2.231109;10.647651;0.83508;0.431785;0.155116;-1.925876;-0.311434;-0.76568;0.021006
626;-2.525233;12.18087;-0.133066;0.334983;0.239902;-1.887083;-0.24527;-0.792504;0.032396
627;-3.790929;11.848318;1.057579;-0.36314;-0.017204;-1.704481;-0.178021;-0.8125;0.038409
628;-5.105977;15.874289;0.396399;-2.55273;-0.486868;-1.044457;-0.131323;-0.82598;-0.016666
629;-6.790154;17.328341;-0.899773;2.067363;0.924315;0.346951;-0.126662;-0.830334;0.001431
630;-1.814908;7.780086;-0.114004;0.785431;-0.177575;0.844579;-0.153867;-0.822269;0.049075
631;-0.06859;8.496599;0.625727;-0.749344;-0.182914;0.353921;-0.177428;-0.815406;0.044669
632;-1.688497;6.601486;0.205005;-0.294051;0.024635;-0.264348;-0.192331;-0.810234;0.036357
633;0.173599;4.73446;-0.040712;-0.371244;-0.17186;-0.590874;-0.17717;-0.812122;0.028437
634;-0.124981;5.69891;2.263606;-0.509091;-0.283363;-0.843748;-0.139785;-0.823158;0.01255
635;-5.108361;18.716021;2.539529;-1.149921;-0.145656;-0.294859;-0.119889;-0.829223;-0.029364
636;-5.189285;10.960546;-1.46103;0.81009;0.486451;0.072509;-0.113853;-0.831072;-0.018108
637;-1.969457;8.228598;1.92361;0.993228;-0.182282;0.495301;-0.12947;-0.82587;0.024016
638;-0.523739;7.254072;1.330854;0.265979;0.037635;0.004151;-0.136638;-0.825177;0.039363
639;-1.752213;7.663617;0.892977;0.333514;0.059213;-0.115592;-0.136448;-0.825614;0.047086
640;-2.554698;10.531614;-0.432042;0.053018;0.102255;-0.065373;-0.132706;-0.827672;0.054308
641;-3.162757;11.009991;-0.59487;0.179772;0.076027;-0.013379;-0.129211;-0.828979;0.055969
642;-2.528235;9.900193;-0.100628;0.281888;0.077394;0.080838;-0.128151;-0.829446;0.060757
643;-2.075945;9.19622;0.044307;0.173377;0.035024;0.045094;-0.129692;-0.826825;0.06893
644;-2.167066;9.376846;-0.182854;0.055726;0.014047;-0.023858;-0.135585;-0.825628;0.074324
645;-2.266062;9.684504;-0.297744;-0.056155;-0.015694;-0.034604;-0.133856;-0.826329;0.074681
646;-2.377307;9.600833;-0.127287;-0.114664;-0.015563;-0.043437;-0.131938;-0.826816;0.07288
647;-2.452276;9.67531;-0.068839;-0.084274;-0.036668;-0.013562;-0.128484;-0.828479;0.066692
648;-2.376303;9.48756;0.052963;-0.055008;0.001993;-0.006265;-0.128595;-0.827591;0.064384
649;-2.286538;9.487722;0.099794;-0.038836;-0.003358;-0.015127;-0.130505;-0.828289;0.065917
650;-2.331625;9.510302;0.038827;-0.018338;-0.001604;-0.016874;-0.130091;-0.827499;0.065935
651;-2.339339;9.570162;0.068625;0.01434;0.020373;-0.006117;-0.131705;-0.826906;0.064909
652;-2.30205;9.570431;0.039356;0.016912;0.026514;-0.000782;-0.128826;-0.828028;0.065457
653;-2.346951;9.570382;0.008436;0.01983;0.012441;-0.013233;-0.128945;-0.828047;0.065992
654;-2.317086;9.548243;-0.050975;0.010946;0.024759;-0.01139;-0.12954;-0.827098;0.069073
655;-2.361877;9.540566;-0.051867;-0.000992;0.024807;0.006257;-0.128786;-0.828718;0.06952
656;-2.36219;9.600579;-0.051938;-0.007609;0.021281;-0.017581;-0.128964;-0.829337;0.06843
657;-2.347055;9.570569;-0.036593;-0.019413;0.008972;-0.007085;-0.129584;-0.827188;0.067989
658;-2.30947;9.540583;-0.005787;-0.023413;-0.014796;0.011273;-0.129264;-0.828403;0.068413
659;-2.317142;9.585501;0.009019;-0.023093;0.001924;-0.002719;-0.129995;-0.82785;0.068106
660;-2.309583;9.555648;-0.020814;-0.014688;-0.006025;-0.021311;-0.130564;-0.827056;0.068347
661;-2.346825;9.532998;-0.021538;-0.017276;0.003678;-0.023893;-0.12885;-0.827613;0.068431
662;-2.316864;9.525551;-0.005919;-0.004001;0.014211;-0.020291;-0.130598;-0.827809;0.067265
663;-2.346968;9.570413;0.000932;-0.006685;0.01247;-0.020294;-0.128261;-0.828164;0.068732
664;-2.369492;9.577952;-0.029547;-0.010601;0.021298;-0.002584;-0.130057;-0.827138;0.066883
665;-2.331925;9.547997;-0.006246;-0.015098;0.012484;-0.000887;-0.128403;-0.827769;0.068859
666;-2.331847;9.532994;-0.006228;-0.008907;0.014238;0.000888;-0.129325;-0.827431;0.067326
667;-2.332077;9.570564;-0.021283;-0.015784;0.020402;-0.009652;-0.129749;-0.82795;0.067171
668;-2.36212;9.600455;-0.021919;-0.028001;0.013384;-0.021166;-0.129437;-0.828241;0.067728
669;-2.30947;9.540583;-0.005787;-0.017456;-0.008659;-0.01692;-0.130304;-0.827692;0.067549
670;-2.332025;9.570471;0.001232;-0.00866;0.019513;-0.010539;-0.12815;-0.827614;0.068195
671;-2.377064;9.600397;-0.022219;-0.007932;0.005454;-0.004454;-0.128726;-0.828252;0.067762
672;-2.34676;9.540313;0.023482;-0.010431;0.012481;-0.011475;-0.129399;-0.827754;0.065428
673;-2.272094;9.540696;0.002468;-0.001891;0.005399;0.004356;-0.130404;-0.826815;0.065513
674;-2.346907;9.555441;-0.006555;-0.000833;0.026557;-0.001668;-0.129784;-0.82857;0.066088
675;-2.361964;9.570448;-0.021883;-0.012418;0.021298;-0.00082;-0.129512;-0.828171;0.065965
676;-2.317011;9.570404;0.031551;-0.017877;0.012485;0.00353;-0.130361;-0.827378;0.066328
677;-2.346833;9.547876;0.008463;-0.033525;0.000185;-0.013326;-0.130152;-0.828358;0.064176
678;-2.339305;9.540373;0.016127;-0.004951;0.007184;-0.018571;-0.12919;-0.828734;0.066659
679;-2.346986;9.570444;-0.006573;-0.01935;-0.005113;-0.011594;-0.130169;-0.827949;0.067286
680;-2.361929;9.570386;-0.006874;-0.012164;-0.005997;-0.015129;-0.128081;-0.828072;0.066305
681;-2.346829;9.540438;-0.006538;-0.007997;0.005441;-0.000936;-0.127499;-0.828877;0.066335
682;-2.309861;9.615599;-0.005876;-0.01037;0.008939;-0.015018;-0.12978;-0.82779;0.066492
683;-2.361964;9.570448;-0.021883;-0.003451;0.021285;-0.004349;-0.129196;-0.82729;0.067061
684;-2.331704;9.49558;-0.028698;0.002895;0.014214;-0.009708;-0.128479;-0.827306;0.067231
685;-2.339392;9.540529;-0.021397;-0.037771;0.042434;-0.018329;-0.127907;-0.826795;0.067528
686;-2.391898;9.592712;0.007509;-0.033728;0.000214;-0.004492;-0.128795;-0.827142;0.066539
687;-2.346986;9.570444;-0.006573;-0.022143;0.010739;-0.004424;-0.127936;-0.828599;0.066178
688;-2.331816;9.540371;0.023782;-0.017943;0.00193;0.006098;-0.128747;-0.828364;0.06722
689;-2.331964;9.555499;-0.006255;0.003559;0.007179;-0.000921;-0.127619;-0.828503;0.067005
690;-2.332059;9.570533;-0.013778;-0.01398;0.014237;-0.011459;-0.128323;-0.827452;0.067509
691;-2.347012;9.555628;-0.051584;-0.015983;0.00897;-0.000911;-0.128962;-0.828424;0.068834
692;-2.467465;9.616237;-0.309222;-0.196026;0.037435;0.025753;-0.128589;-0.827597;0.06452
693;-2.360372;9.463555;0.428531;-0.078178;-0.092993;0.065435;-0.131916;-0.828671;0.05922
694;-2.228687;9.81096;-0.004458;-0.137574;-0.057812;0.021602;-0.132149;-0.827277;0.057581
695;-2.151476;9.464929;0.297648;-0.071243;-0.005153;-0.03985;-0.131361;-0.827491;0.055996
696;-2.346237;9.539378;0.248626;-0.067347;0.035448;-0.011311;-0.130973;-0.828379;0.051417
697;-2.346754;9.592325;0.143496;0.003232;-0.019207;0.009496;-0.132334;-0.827891;0.052973
698;-2.316567;9.554747;0.18917;0.044232;0.010653;0.007054;-0.132741;-0.82764;0.053494
699;-2.301885;9.555272;0.076898;-0.000427;0.003663;0.017586;-0.13228;-0.827286;0.054463
700;-2.709528;10.244884;-0.17969;0.022176;0.02498;0.038168;-0.135512;-0.826094;0.055657
701;-2.544837;10.185509;-0.176316;0.051416;-0.011156;0.163199;-0.139142;-0.825576;0.057238
702;-2.290707;10.33497;0.20385;0.057526;0.119081;0.296499;-0.148709;-0.823298;0.060017
703;-2.00455;9.90104;0.195064;0.090555;0.051178;0.41241;-0.162321;-0.818675;0.061917
704;-2.262842;10.710291;0.173984;0.046282;0.047896;0.47696;-0.176179;-0.814738;0.064483
705;-2.62123;10.871939;0.64689;0.0584;-0.046883;0.639603;-0.19675;-0.809232;0.063202
706;-2.035486;10.15548;0.314236;-0.007217;-0.055872;0.72584;-0.220556;-0.80083;0.063652
707;-1.545424;10.668254;0.14342;-0.088994;-0.095529;0.882695;-0.251729;-0.791555;0.061307
708;-1.319041;10.234093;0.133433;-0.048177;-0.083325;0.97446;-0.285092;-0.779056;0.058713
709;-0.645649;9.937761;-0.122872;0.040487;-0.022164;0.997745;-0.317229;-0.764957;0.058881
710;-0.153929;10.135435;-0.285808;0.024457;0.003133;1.001463;-0.350996;-0.746978;0.058824
711;0.229203;9.702164;-0.360186;-0.043507;-0.009343;0.943035;-0.381675;-0.727965;0.058374
712;0.746969;9.358343;-0.1693;-0.09425;0.023866;0.869065;-0.414391;-0.709271;0.056608
713;1.121434;9.224453;-0.086585;-0.066288;0.005145;0.849488;-0.440607;-0.690901;0.054075
714;1.938805;8.627797;-0.144555;0.001395;0.047718;0.773759;-0.464414;-0.673869;0.054368
715;2.51576;8.27039;-0.237633;-0.01066;0.066692;0.599085;-0.484295;-0.658416;0.052961
716;2.719107;8.134523;0.156832;-0.066786;0.064792;0.3961;-0.497834;-0.647324;0.052278
717;3.145959;7.911502;0.075599;-0.080995;0.045123;0.233541;-0.506262;-0.639051;0.050632
718;2.424141;8.808631;0.127657;-0.066649;0.103478;0.057671;-0.509376;-0.637447;0.048041
719;1.517915;9.36634;0.446539;-0.083665;0.054608;-0.074879;-0.509702;-0.63662;0.043964
720;1.867461;9.53411;0.123186;-0.011832;0.038466;-0.106745;-0.508093;-0.637734;0.041339
721;2.420195;9.662912;0.344277;-0.148997;0.068307;-0.095946;-0.503586;-0.641557;0.039131
722;2.27182;9.511801;0.461531;0.002087;0.119298;-0.00736;-0.502024;-0.643281;0.035151
723;1.713122;10.664498;0.546607;-0.0655;0.06513;0.015441;-0.501351;-0.64378;0.034103
724;2.031942;9.660905;0.456548;-0.03069;0.066692;0.062899;-0.502794;-0.641385;0.03105
725;1.716392;9.960063;0.374837;0.115181;0.073731;0.098319;-0.505748;-0.639014;0.032525
726;1.806878;9.795438;0.361826;-0.10759;-0.034293;0.115162;-0.510895;-0.637209;0.032271
727;2.27253;9.302442;0.296675;-0.039459;0.008496;0.09947;-0.51072;-0.634627;0.03065
728;2.355917;9.092528;0.343606;-0.037187;-0.027655;0.075352;-0.514546;-0.632879;0.031407
729;2.574264;8.763391;0.325839;-0.003227;0.010865;-0.007392;-0.515326;-0.632151;0.030015
730;2.528035;8.988671;0.227107;-0.001837;0.024051;-0.071674;-0.51516;-0.632174;0.030564
731;2.498509;8.965614;0.331601;0.000115;0.038097;-0.161578;-0.511745;-0.633799;0.030192
732;2.40866;8.928443;0.164738;0.087164;0.07495;-0.234563;-0.504817;-0.641847;0.030006
733;1.754298;9.855186;0.375713;0.097334;0.087597;-0.26515;-0.500089;-0.647313;0.032414
734;1.76084;9.960923;0.210632;0.145314;0.078751;-0.22284;-0.49217;-0.651842;0.033485
735;1.443851;10.61938;0.316112;0.071308;0.061442;-0.182236;-0.487022;-0.655478;0.036449
736;1.619176;9.922676;0.252853;-0.070286;-0.02031;-0.128249;-0.482336;-0.659469;0.035063
737;1.461085;10.169434;0.294434;0.09264;0.014844;-0.016757;-0.479967;-0.663253;0.035998
738;1.414714;10.432128;0.218172;0.158964;0.02279;0.121004;-0.48308;-0.661648;0.040174
739;1.639689;10.208573;0.072848;0.05659;-0.010622;0.170121;-0.486795;-0.656866;0.041335
740;1.820633;9.864507;0.001814;0.002608;-0.024718;0.203475;-0.490717;-0.65189;0.04438
741;1.978941;9.543045;-0.114726;-0.037765;-0.012444;0.185839;-0.497168;-0.647819;0.044328
742;2.22773;9.123849;-0.094261;-0.013564;-0.017917;0.139831;-0.503186;-0.642714;0.044836
743;2.332343;9.109377;-0.122161;-0.019139;-0.010964;0.070163;-0.506696;-0.641131;0.046286
744;2.332657;9.138541;0.080433;-0.088154;0.01372;-0.027602;-0.507595;-0.639376;0.042449
745;2.301849;9.258982;-0.047892;-0.049102;0.04535;-0.062655;-0.504904;-0.642677;0.044482
746;2.13736;9.392312;0.203808;-0.040821;0.047185;-0.080249;-0.503018;-0.642218;0.042272
747;2.308159;9.528632;0.057003;0.044361;0.059315;-0.07132;-0.500947;-0.643371;0.040481
748;1.670519;10.110389;0.261185;0.010643;0.042086;-0.08542;-0.498571;-0.6469;0.041687
749;1.843385;9.886288;0.197363;-0.007512;0.019166;-0.02563;-0.497858;-0.646651;0.041856
750;1.74567;9.990996;0.180276;-0.012614;0.006916;0.002544;-0.497852;-0.647049;0.041858
751;1.956358;9.654734;0.064805;-0.023475;0.013864;0.017516;-0.498968;-0.647313;0.04221
752;1.97151;9.654418;0.155163;-0.021962;-0.024868;0.02519;-0.500594;-0.644093;0.041853
753;2.135441;9.707879;0.083355;-0.022066;0.019945;0.034328;-0.503052;-0.645063;0.040383
754;1.993062;9.82698;0.170418;-0.011324;0.006801;0.027209;-0.502284;-0.644342;0.042042
755;2.226725;9.39319;0.078027;-0.08621;-0.034621;-0.001416;-0.505933;-0.641977;0.040507
756;2.145048;9.287911;0.061492;-0.0919;0.001502;-0.021477;-0.503098;-0.644367;0.039567
757;2.13667;9.505024;0.158645;0.01925;0.026042;0.01669;-0.503441;-0.643523;0.038466
758;2.112996;9.730142;0.120402;0.049604;0.038337;0.009761;-0.504545;-0.642752;0.039493
759;1.977182;10.006961;0.169903;0.001562;0.043754;0.00809;-0.505518;-0.641973;0.040256
760;1.83474;10.051856;0.061929;-0.047522;0.007824;0.055495;-0.50595;-0.640915;0.040503
761;1.978041;9.871652;0.237607;-0.082081;0.001659;0.090712;-0.508489;-0.639719;0.037942
762;2.316195;9.423608;0.064783;-0.067634;-0.019673;0.086048;-0.511644;-0.636506;0.038322
763;2.069056;9.602035;0.217216;-0.011047;-0.023126;0.095783;-0.514835;-0.633261;0.037889
764;2.270281;9.707778;0.236154;0.018703;-0.016209;0.117024;-0.517417;-0.630715;0.038164
765;2.360488;9.543652;0.103065;-0.024263;0.010211;0.136578;-0.52056;-0.628299;0.038547
766;2.412712;9.558858;0.104098;-0.004395;-0.007455;0.120575;-0.525414;-0.625591;0.038846
767;2.421182;9.363876;0.096976;-0.057167;-0.013597;0.055194;-0.526313;-0.622657;0.038795
768;2.633572;8.757026;0.109409;-0.077779;-0.009327;-0.011962;-0.52831;-0.623667;0.03816
769;2.753574;8.630337;0.021905;-0.078421;-0.017395;-0.144408;-0.526128;-0.623223;0.036235
770;2.619743;8.539452;0.101863;-0.156291;-0.030539;-0.326286;-0.519711;-0.628833;0.034936
771;2.559918;8.598765;0.213163;-0.198667;0.004678;-0.461914;-0.507804;-0.638138;0.031206
772;2.39512;8.725218;0.314776;-0.178012;0.017008;-0.555326;-0.493343;-0.650748;0.026254
773;2.08139;8.761009;0.428503;-0.041035;0.073283;-0.637845;-0.476916;-0.664279;0.023836
774;1.788525;9.044908;0.429813;-0.020979;0.083908;-0.745356;-0.458409;-0.679233;0.023145
775;1.317274;9.088619;0.29272;-0.006004;0.063807;-0.862832;-0.435101;-0.695669;0.021338
776;0.691141;8.905146;0.520479;0.119671;0.092079;-0.958809;-0.405948;-0.71417;0.022796
777;0.139531;9.999106;0.305584;0.215653;0.120385;-1.006034;-0.372821;-0.735077;0.030135
778;-0.174833;10.140076;0.381662;0.018054;0.026617;-1.005779;-0.339281;-0.752712;0.031668
779;-0.4899;8.931191;0.346628;-0.159516;-0.009159;-1.087439;-0.306923;-0.76715;0.029888
780;-0.699632;8.931314;0.11728;-0.046295;0.078789;-1.132702;-0.26956;-0.782344;0.028759
781;-1.545019;10.689823;0.368538;-0.132038;0.104892;-1.135683;-0.229419;-0.796346;0.026679
782;-2.032146;9.666441;0.66004;-0.230193;0.063068;-1.032907;-0.19095;-0.810354;0.018564
783;-3.49418;12.276884;1.108103;-0.22468;-0.104879;-0.600262;-0.16015;-0.818759;0.015747
784;-5.744667;16.249834;-0.322261;0.3582;0.262037;-0.049796;-0.149023;-0.822234;0.012506
785;-2.322733;9.522654;0.684374;0.4254;-0.132191;0.366994;-0.157333;-0.819426;0.031851
786;-0.512821;7.692372;0.572649;-0.100403;-0.131715;0.163592;-0.168601;-0.815949;0.035085
787;-0.499414;6.306907;0.019097;0.133919;-0.015239;-0.237348;-0.171715;-0.814345;0.035878
788;-1.290409;7.757181;0.481907;0.159294;0.109118;-0.517639;-0.15662;-0.817997;0.042572
789;-3.059119;11.859348;0.907176;-0.530696;-0.02089;-0.247728;-0.138585;-0.824011;0.037371
790;-3.827842;12.32897;-0.909848;-0.043249;0.12592;-0.06661;-0.134024;-0.825926;0.027043
791;-2.610613;10.048846;0.152706;0.150302;-0.093136;0.102621;-0.136448;-0.824311;0.03071
792;-1.803087;8.684973;0.575657;0.061673;0.012145;0.028073;-0.139921;-0.823678;0.032705
793;-1.960249;8.766569;0.647455;-0.035369;0.063362;-0.044791;-0.139254;-0.822733;0.032059
794;-2.240695;9.359745;0.250943;-0.059508;0.042405;-0.042183;-0.138755;-0.823723;0.033438
795;-2.391943;9.733996;0.307532;-0.043855;0.005505;-0.03442;-0.137406;-0.824853;0.031342
796;-2.633209;10.123402;0.242224;0.065332;0.023125;0.011676;-0.136949;-0.824627;0.032175
797;-2.346575;9.614301;0.271051;0.130888;0.040504;0.029344;-0.137005;-0.824705;0.034202
798;-2.164997;9.165055;0.237667;-0.115464;-0.029675;0.074627;-0.140387;-0.824419;0.034849
799;-1.957271;9.510382;0.376546;-0.079909;-0.012236;0.029812;-0.14055;-0.823482;0.034704
800;-2.302403;9.764289;0.324307;-0.07493;-0.036729;0.000582;-0.140927;-0.823392;0.03252
801;-2.339998;9.749701;0.188487;-0.062259;-0.029695;-0.007316;-0.141537;-0.824391;0.03114
802;-2.302178;9.734158;0.354362;0.007981;-0.070267;0.027703;-0.141102;-0.824929;0.02778
803;-2.152091;9.629528;0.402519;-0.04322;0.006297;0.018504;-0.142793;-0.82374;0.028507
804;-2.219382;9.584756;0.281144;-0.013185;0.003653;0.029066;-0.143321;-0.823376;0.029563
805;-2.423133;9.9443;0.216623;-0.031586;-0.00762;0.094356;-0.146701;-0.823615;0.030076
806;-1.89872;9.765482;0.422471;-0.043056;-0.004322;0.131393;-0.152194;-0.821879;0.028318
807;-1.957957;9.615653;0.316382;-0.087367;0.041505;0.091089;-0.155709;-0.820424;0.026249
808;-2.605779;10.774476;0.647307;-0.002712;-0.010976;0.223343;-0.160626;-0.819488;0.024385
809;-1.897606;9.704035;0.767765;-0.009744;-0.01126;0.353709;-0.1724;-0.816061;0.025701
810;-1.957929;9.689921;0.496408;0.0414;0.016851;0.338016;-0.183221;-0.812872;0.02598
811;-2.198731;9.996747;0.446209;-0.005726;-0.004922;0.415576;-0.197399;-0.810597;0.027047
812;-2.068786;10.897215;0.507876;0.081515;0.049586;0.567901;-0.218103;-0.803136;0.026702
813;-1.873424;10.621033;0.362013;0.185593;0.020419;0.772354;-0.243665;-0.794791;0.032615
814;-1.189468;11.112928;-0.015008;0.134641;0.023734;0.908315;-0.267465;-0.783517;0.037658
815;-1.264926;11.314621;0.118336;0.081239;0.0283;0.989569;-0.301704;-0.770197;0.038132
816;-0.8287;10.776093;0.150202;0.076306;0.029929;1.141233;-0.339618;-0.753963;0.040044
817;-0.303965;10.39604;0.041089;0.054353;0.02706;1.175529;-0.381456;-0.730137;0.042559
818;0.356148;9.836564;-0.087621;-0.044853;0.011893;1.207047;-0.418988;-0.706416;0.039464
819;1.048312;8.864583;-0.207734;-0.184287;0.011653;1.131819;-0.453005;-0.683497;0.038707
820;1.481516;9.022615;0.085968;-0.122477;-0.042368;1.059115;-0.484994;-0.656853;0.033574
821;2.216686;8.507411;0.206365;-0.162649;-0.009309;0.951571;-0.512527;-0.63359;0.031913
822;2.791941;8.509769;0.187905;-0.139227;0.005277;0.857238;-0.540086;-0.60952;0.026595
823;2.963703;8.666662;0.506372;-0.19884;-0.01416;0.729186;-0.56112;-0.588412;0.023494
824;2.683315;9.527278;0.739943;-0.077749;0.004276;0.627149;-0.576539;-0.571378;0.020811
825;3.428412;8.487487;0.741039;-0.058119;0.061153;0.764092;-0.593589;-0.553342;0.020211
826;4.250803;8.162789;0.232608;0.050872;0.085236;0.793277;-0.612852;-0.530229;0.019492
827;3.764339;8.407584;0.43269;0.105568;0.078292;0.642416;-0.626482;-0.511991;0.019328
828;4.279776;8.3652;0.293006;-0.057947;0.06581;0.477278;-0.638418;-0.49586;0.018169
829;4.687147;7.631483;0.332008;-0.090657;0.083166;0.355475;-0.647815;-0.481711;0.01592
830;4.8574;7.932278;0.320093;-0.038579;0.056544;0.244162;-0.654211;-0.474945;0.014782
831;4.565957;8.07243;0.614262;-0.150894;0.028636;0.168122;-0.657248;-0.469229;0.012185
832;4.925573;7.893722;0.636692;0.060471;0.066872;0.101296;-0.658552;-0.465919;0.009408
833;4.646033;8.485276;0.630431;-0.021774;0.031877;0.030577;-0.66083;-0.466403;0.009028
834;4.714523;8.193473;0.512053;-0.055038;0.019465;-0.11252;-0.660977;-0.464304;0.009692
835;4.35343;8.768707;0.744313;0.002154;0.044253;-0.0928;-0.658147;-0.468127;0.011463
836;4.308945;8.649006;0.623478;0.063633;0.005431;-0.140741;-0.656418;-0.472098;0.010609
837;4.292744;8.903878;0.652893;-0.090642;0.017072;-0.161798;-0.651541;-0.47666;0.01018
838;4.062196;8.722691;0.708493;0.003436;0.002108;-0.15486;-0.649247;-0.482205;0.008681
839;4.028125;9.502962;0.654428;0.021583;0.020634;-0.096345;-0.647301;-0.484417;0.010269
840;4.157471;9.053389;0.650012;0.036013;0.012641;-0.060312;-0.645361;-0.485837;0.01199
841;4.058991;9.21892;0.437729;0.02802;-0.018969;-0.021681;-0.64635;-0.486613;0.011809
842;3.947584;9.14297;0.555644;0.006231;-0.017989;-0.001387;-0.645904;-0.488207;0.011699
843;4.233176;8.784369;0.47172;0.036288;-0.033114;0.051372;-0.644782;-0.487948;0.014865
844;4.224102;9.032454;0.336188;0.073618;-0.012032;0.052446;-0.645919;-0.485446;0.015751
845;4.396448;8.957918;0.384759;0.036168;-0.015588;0.057694;-0.648885;-0.482671;0.017089
846;4.262229;8.904884;0.382119;-0.004019;-0.001405;0.026902;-0.649604;-0.482522;0.016918
847;4.23222;8.875261;0.261477;0.000929;-0.004911;0.046281;-0.651511;-0.480608;0.016145
848;4.232702;8.822375;0.351598;-0.04701;-0.025976;0.04083;-0.650723;-0.479383;0.01848
849;4.451123;8.485675;0.348849;-0.04742;-0.016445;-0.017413;-0.652403;-0.477813;0.01623
850;4.413531;8.589992;0.48306;-0.023988;0.005548;-0.033115;-0.652193;-0.479185;0.017326
851;4.315104;8.785155;0.360799;0.014657;0.013457;-0.052434;-0.650492;-0.479599;0.017139
852;4.270161;8.829773;0.412378;-0.007593;-0.007615;-0.054335;-0.649317;-0.481613;0.017336
853;4.338336;8.664873;0.443945;0.011759;0.030182;-0.039984;-0.647845;-0.48299;0.018087
854;4.352437;8.80021;0.384046;0.01087;0.023109;-0.082365;-0.64678;-0.484508;0.019225
855;4.233275;8.732169;0.396734;-0.023436;0.017041;-0.099184;-0.645659;-0.486734;0.018067
856;4.098004;8.941131;0.528868;0.008744;0.023256;-0.06997;-0.644055;-0.490326;0.017747
857;4.006299;9.293734;0.436588;0.103918;0.040811;-0.032713;-0.642684;-0.492523;0.019172
858;3.976611;9.24867;0.421032;0.053769;0.041779;-0.01507;-0.642155;-0.492888;0.018116
859;4.157598;8.889662;0.335006;-0.050476;-0.022465;-0.045605;-0.64095;-0.492837;0.019798
860;4.188792;8.67192;0.410915;-0.079613;-0.04272;-0.096084;-0.640106;-0.494804;0.018897
861;4.165807;8.724874;0.28282;0.012927;-0.017304;-0.096776;-0.638701;-0.497293;0.021001
862;4.007668;8.964285;0.286886;0.026234;0.003009;-0.096582;-0.637509;-0.500762;0.021067
863;4.172217;8.972051;0.380237;-0.043177;-0.006688;-0.136364;-0.634618;-0.503074;0.021483
864;3.962326;9.069072;0.300869;-0.046561;0.0075;-0.143301;-0.631206;-0.505611;0.020708
865;3.902817;9.031206;0.329732;0.022072;-0.014544;-0.11257;-0.629157;-0.510011;0.020547
866;3.984003;9.20425;0.286149;-0.002464;0.014511;-0.086752;-0.627626;-0.512227;0.022386
867;3.707106;9.308012;0.325498;0.005117;0.005852;-0.070015;-0.624298;-0.515209;0.019442
868;3.675987;9.547917;0.332116;0.002488;0.009444;0.007707;-0.625648;-0.515384;0.021001
869;3.812231;9.18858;0.282714;-0.032064;0.016452;0.007678;-0.625448;-0.51544;0.022364
870;3.857882;9.060946;0.35131;0.005063;0.01991;0.018271;-0.627145;-0.513853;0.023089
871;3.843151;9.023348;0.35856;-0.010839;0.018174;0.013839;-0.626082;-0.514194;0.021247
872;3.97769;9.001491;0.331269;0.024398;0.011026;0.028782;-0.627651;-0.513511;0.021305
873;4.000891;8.844106;0.316898;0.002453;0.014554;0.018185;-0.629043;-0.511425;0.022721
874;4.114252;8.604426;0.334446;-0.034635;-0.001335;-0.033156;-0.627903;-0.511968;0.022642
875;4.370861;8.125184;0.370142;-0.05162;-0.061377;-0.151915;-0.625677;-0.514964;0.02384
876;4.869662;6.972473;0.231331;-0.08665;-0.072328;-0.408128;-0.619992;-0.521719;0.024944
877;3.911349;7.239752;-0.013351;0.06324;0.023747;-0.671203;-0.608322;-0.537209;0.023382
878;3.324202;8.159378;0.168964;-0.06496;-0.048884;-0.764167;-0.590544;-0.557104;0.023751
879;3.073995;8.930403;0.328195;-0.088814;-0.008299;-0.901377;-0.570743;-0.578628;0.024357
880;3.204813;8.277537;0.504136;-0.14046;0.039138;-1.05206;-0.547086;-0.601668;0.021636
881;2.388001;8.746852;0.517229;-0.139083;0.027143;-1.204677;-0.516188;-0.62991;0.017113
882;1.754483;8.503742;0.647347;-0.235672;0.004667;-1.261332;-0.478024;-0.662332;0.011735
883;1.53263;8.037989;0.590864;-0.064277;0.041456;-1.367031;-0.439797;-0.691935;0.008924
884;0.059697;9.682441;0.612006;0.164855;0.108785;-1.452652;-0.397949;-0.718123;0.009121
885;-0.940207;9.482981;0.719705;0.020704;0.007366;-1.455132;-0.349336;-0.743838;0.01181
886;-1.047565;9.888816;0.439442;-0.048798;0.093826;-1.359165;-0.303763;-0.767234;0.010557
887;-1.723208;10.471581;0.365195;0.049643;0.053584;-1.316952;-0.254894;-0.787172;0.014732
888;-2.264348;11.218345;0.668694;0.002148;0.089133;-1.350065;-0.207923;-0.803635;0.018943
889;-2.891484;11.333938;1.136249;-0.340413;-0.082425;-1.030918;-0.168478;-0.815678;0.014524
890;-5.296504;16.935553;1.171878;-0.337804;0.02938;-0.263957;-0.143561;-0.822248;-0.006038
891;-4.931943;11.994605;-0.931672;1.367767;0.211207;0.385847;-0.150231;-0.821624;0.024488
892;-0.933668;8.386248;1.081243;0.156101;-0.178152;0.655824;-0.171259;-0.812805;0.047262
893;-0.964639;8.053638;-0.142241;-0.369468;-0.09777;0.07563;-0.183247;-0.811405;0.039371
894;-0.405374;5.303565;-0.345639;-0.030856;-0.009932;-0.41136;-0.180664;-0.811206;0.03679
895;-0.408952;6.491617;0.786167;0.074276;-0.010119;-0.614036;-0.164113;-0.816745;0.040311
896;-2.642161;12.658785;2.085378;-0.907505;-0.03911;-0.360649;-0.141963;-0.822946;0.031657
897;-4.96246;13.331864;-1.429034;0.077988;0.283868;-0.1147;-0.126676;-0.826526;0.009269
898;-2.851616;10.497236;0.334986;0.420247;-0.088863;0.232482;-0.130615;-0.825455;0.017194
899;-1.381472;8.205247;0.88483;0.237209;0.030212;0.053706;-0.1408;-0.822072;0.032659
900;-1.829648;8.128957;0.76334;0.106949;0.068391;-0.04222;-0.142393;-0.821235;0.035556
901;-2.158351;9.270606;0.117615;0.007401;0.044027;-0.050133;-0.140242;-0.822722;0.038911
902;-2.273986;9.900805;-0.005466;-0.066589;-0.001586;-0.050338;-0.139032;-0.822284;0.040863
903;-2.605806;10.514413;0.047234;0.020086;0.034608;0.006524;-0.137865;-0.823114;0.041328
904;-2.482635;9.832105;0.080469;0.111509;0.04587;0.021477;-0.138744;-0.8236;0.040475
905;-2.008464;9.210924;0.180727;0.045034;-0.015913;0.012969;-0.140031;-0.823441;0.043659
906;-1.986118;9.240861;0.218666;-0.077524;-0.018436;-0.034701;-0.140582;-0.823841;0.043904
907;-2.332488;9.712503;0.121139;-0.061124;0.012519;-0.05468;-0.138026;-0.822963;0.044296
908;-2.445202;9.824686;0.096238;-0.026216;0.01431;-0.025522;-0.137992;-0.824041;0.044707
909;-2.331832;9.62958;0.2188;-0.009009;-0.005117;-0.000103;-0.13605;-0.825335;0.039798
910;-2.226224;9.457262;0.266136;-0.010577;-0.001653;-0.008056;-0.136014;-0.824322;0.041015
911;-2.226402;9.494739;0.273596;0.014382;0.021201;-0.009652;-0.136547;-0.824085;0.041935
912;-2.196542;9.480039;0.229186;0.00822;0.024711;-0.011398;-0.138745;-0.823859;0.043723
913;-2.317488;9.705029;0.128953;0.05338;0.049367;-0.002355;-0.138978;-0.82351;0.045064
914;-2.331919;9.60001;0.113768;0.049434;0.028262;0.015125;-0.137212;-0.823331;0.046637
915;-2.227298;9.570659;0.055867;0.032038;0.00357;-0.00359;-0.13674;-0.824033;0.047473
916;-2.286994;9.555424;0.054684;-0.037577;0.019542;0.010634;-0.136876;-0.822991;0.048006
917;-2.302216;9.58559;0.001814;-0.186709;-0.029539;0.037639;-0.1381;-0.823285;0.045782
918;-2.497591;9.824638;0.057664;-0.135118;-0.125428;0.065265;-0.140398;-0.823621;0.041612
919;-2.642054;10.333917;0.121746;-0.102605;-0.011797;0.127048;-0.143323;-0.82285;0.036462
920;-1.913846;9.780614;0.377124;-0.111242;0.044228;0.205849;-0.150894;-0.820216;0.036224
921;-2.501998;10.754061;0.244175;0.020367;0.099064;0.404097;-0.161392;-0.816937;0.034084
922;-2.365316;10.512848;0.652424;0.150391;0.028534;0.589762;-0.180811;-0.814862;0.035303
923;-1.704211;9.736073;0.463934;0.159263;0.003576;0.682061;-0.205322;-0.807499;0.038833
924;-1.832563;11.237711;0.031968;0.073046;0.075911;0.635184;-0.225991;-0.80007;0.042685
925;-2.023241;10.68059;0.32892;-0.055917;-0.019625;0.877959;-0.254631;-0.79094;0.039786
926;-1.050043;10.116202;-0.123688;0.179939;0.087047;1.051509;-0.288541;-0.776882;0.041627
927;-0.781738;10.20764;-0.208449;0.208359;0.068388;1.051385;-0.326014;-0.760798;0.047214
928;-0.213655;10.142549;-0.249493;-0.022087;-0.017894;1.013671;-0.360579;-0.742335;0.048606
929;0.327411;9.648596;-0.01295;-0.007528;0.037265;1.006011;-0.391949;-0.724246;0.04826
930;0.866119;9.508154;-0.001971;-0.030098;-0.036058;0.976333;-0.422904;-0.70432;0.048335
931;1.450781;9.105765;-0.094846;0.01929;-0.001251;0.92177;-0.452067;-0.68411;0.047279
932;1.659774;9.181283;-0.015684;0.040313;-0.038392;0.849166;-0.480305;-0.66228;0.045181
933;2.275591;8.628105;0.102355;-0.070367;0.010645;0.715254;-0.502156;-0.644853;0.044891
934;2.95218;7.850423;0.146816;-0.071904;-0.017977;0.546347;-0.520281;-0.627904;0.045325
935;2.805351;8.728092;0.015335;0.010301;0.041796;0.441933;-0.533735;-0.617153;0.046541
936;2.860002;8.33021;0.136937;0.099758;0.070638;0.339711;-0.54525;-0.608216;0.045961
937;2.99078;9.050826;0.15379;0.175766;0.062524;0.269201;-0.549346;-0.600201;0.046013
938;2.894089;8.915887;0.039427;0.028316;0.001059;0.138142;-0.554096;-0.596803;0.049022
939;2.63084;9.155796;-0.176249;-0.135852;-0.032136;-0.001471;-0.55873;-0.593254;0.051495
940;3.052609;8.586612;-0.002056;-0.076688;-0.043907;-0.061668;-0.557602;-0.593394;0.047897
941;2.930213;9.066875;-0.155127;-0.032634;-0.039538;-0.128606;-0.555536;-0.596372;0.048681
942;2.810098;9.238356;-0.015143;0.055775;0.013247;-0.105247;-0.550545;-0.601694;0.047312
943;2.620704;9.680757;-0.147006;0.082498;0.000103;-0.11231;-0.547543;-0.604501;0.050171
944;2.747046;9.801369;-0.167111;0.004343;-0.009546;-0.11766;-0.544935;-0.604324;0.051514
945;2.568001;9.710997;-0.25316;-0.123856;-0.00929;-0.107093;-0.544316;-0.608957;0.051014
946;2.492912;9.845143;-0.11223;-0.16036;-0.058469;-0.071227;-0.541407;-0.609193;0.049262
947;2.763395;9.501643;-0.233997;-0.148931;-0.038378;-0.05793;-0.539206;-0.612821;0.046265
948;2.569496;9.500234;-0.080298;-0.018606;0.024949;-0.038054;-0.538377;-0.613073;0.045629
949;2.64351;9.635553;-0.078958;0.02122;0.024011;0.009615;-0.538052;-0.613508;0.046458
950;2.35853;9.86672;-0.017397;-0.005752;0.027724;0.020284;-0.538355;-0.613748;0.045903
951;2.561634;9.604947;-0.01303;-0.060792;0.022405;0.019303;-0.541959;-0.612078;0.045183
952;2.630608;9.31971;0.093728;-0.089029;-0.002247;0.00937;-0.540321;-0.611387;0.043907
953;2.457221;9.604198;0.067421;-0.066784;-0.018031;0.004027;-0.540426;-0.610505;0.041735
954;2.706316;9.169594;0.185466;-0.069089;-0.020806;-0.009316;-0.541721;-0.610602;0.041267
955;2.661483;9.305308;0.124082;-0.020227;-0.004041;-0.045453;-0.539775;-0.612437;0.040288
956;2.586931;9.319585;0.22763;0.02241;-0.004053;-0.045441;-0.54014;-0.612749;0.041624
957;2.450973;9.574367;0.164585;0.003986;-0.055023;-0.063394;-0.538368;-0.614013;0.042795
958;2.62487;9.155193;0.108501;-0.096862;-0.0339;-0.119815;-0.536755;-0.615785;0.040037
959;2.496827;9.36462;0.135717;-0.06143;0.004858;-0.11332;-0.532706;-0.619047;0.040647
960;2.64634;9.350197;0.138738;-0.016657;0.001195;-0.128351;-0.529347;-0.621143;0.038786
961;2.330609;9.528657;0.072463;0.034673;0.031121;-0.119167;-0.526694;-0.624132;0.039322
962;2.32939;9.776086;0.102187;0.02553;-0.007588;-0.114095;-0.521845;-0.628666;0.041597
963;2.224044;9.918211;0.099916;-0.00294;0.017176;-0.071539;-0.52177;-0.63122;0.042419
964;2.202418;9.753213;0.069643;-0.020238;0.040105;-0.04847;-0.519094;-0.630715;0.042142
965;2.360166;9.559092;-0.00202;0.016032;0.034722;0.003511;-0.518329;-0.631953;0.042994
966;2.225501;9.783946;0.062269;0.043947;0.034878;0.027284;-0.519805;-0.630588;0.042923
967;2.389696;9.770049;-0.046983;0.028169;0.054171;0.020345;-0.520128;-0.630286;0.042095
968;2.082657;9.955901;0.066716;0.056275;0.059588;0.032789;-0.521973;-0.628299;0.042813
969;2.451567;9.446963;0.134718;-0.009421;0.033951;0.031616;-0.522216;-0.627287;0.044151
970;2.330473;9.687081;0.004448;-0.025399;0.029629;0.028982;-0.524271;-0.626804;0.042698
971;2.31012;9.334013;0.101981;0.017579;0.017251;0.016483;-0.525056;-0.624632;0.041708
972;2.571344;9.350406;0.017159;-0.040377;-0.002195;-0.017197;-0.526237;-0.624704;0.04395
973;2.444741;9.289713;0.059708;-0.025261;0.020737;-0.015277;-0.527606;-0.624078;0.041988
974;2.42085;9.559808;0.028916;0.025881;0.017152;-0.039954;-0.525015;-0.625062;0.042522
975;2.39168;9.461797;0.11849;-0.011754;0.022506;-0.025815;-0.524113;-0.627082;0.042977
976;2.330382;9.694676;-0.018075;0.01696;0.011928;-0.039964;-0.52353;-0.626189;0.043679
977;2.286094;9.596919;-0.00385;-0.035282;0.01025;-0.048819;-0.523399;-0.626573;0.043281
978;2.360505;9.513895;0.043062;-0.027779;-0.003971;-0.029417;-0.523485;-0.627786;0.04341
979;2.345378;9.529027;-0.002285;-0.004732;-0.003112;-0.025878;-0.52133;-0.6281;0.043921
980;2.405648;9.454056;0.044035;-0.003507;0.010051;-0.039919;-0.521637;-0.629906;0.042693
981;2.11999;9.805343;0.082939;-0.004934;-0.009149;-0.021445;-0.520081;-0.630837;0.045612
982;2.382347;9.604188;-0.001624;-0.005205;-0.000475;-0.00467;-0.519428;-0.630402;0.044425
983;2.239845;9.693781;-0.034603;-0.008706;-0.003922;-0.008203;-0.519553;-0.630809;0.04469
984;2.270903;9.634462;-0.026709;-0.019614;-0.009095;0.005762;-0.519282;-0.630161;0.045383
985;2.346028;9.559705;-0.017614;-0.008771;0.004933;-0.000333;-0.520312;-0.630113;0.044521
986;2.436878;9.305248;-0.075547;-0.063414;0.004914;-0.059511;-0.520492;-0.630599;0.043431
987;2.497624;9.125379;-0.059122;-0.063887;-0.016281;-0.119697;-0.516499;-0.632895;0.043089
988;2.664727;8.615783;-0.025191;-0.072305;-0.008524;-0.258279;-0.513341;-0.637025;0.042441
989;2.546077;8.413055;-0.094895;-0.087045;-0.016506;-0.478087;-0.502077;-0.64429;0.04111
990;1.946198;8.778719;-0.204905;-0.237439;-0.061904;-0.683041;-0.487495;-0.658973;0.038335
991;1.641746;8.514038;0.014397;-0.295756;0.008642;-0.857297;-0.46478;-0.674202;0.033115
992;1.822462;8.326446;0.198339;-0.174811;0.087575;-0.934423;-0.435011;-0.695506;0.024734
993;1.43935;8.878589;0.550252;-0.042934;0.122796;-0.997568;-0.406411;-0.713623;0.023458
994;0.298388;9.92403;0.616239;0.093048;0.148717;-1.048313;-0.375807;-0.731521;0.022684
995;-0.480983;10.354064;0.945614;0.122823;0.107648;-1.002486;-0.344122;-0.749756;0.025608
996;-0.491139;9.275269;0.586371;0.087216;0.001162;-0.99286;-0.309415;-0.765996;0.028411
997;-1.811151;10.326956;0.783833;0.066472;-0.035995;-1.03875;-0.273721;-0.782767;0.034241
998;-1.779416;9.766382;0.319806;-0.101985;-0.113319;-1.095016;-0.236143;-0.79607;0.035553
999;-1.416995;9.092161;0.440389;-0.11761;-0.125795;-1.066122;-0.202;-0.806947;0.033716
1000;-2.157965;9.359097;0.485244;-0.236865;-0.116458;-1.063339;-0.163922;-0.818496;0.030718
1001;-5.650764;18.677275;0.517482;-0.311478;0.298067;-0.15411;-0.141052;-0.826418;0.018314
1002;-4.10185;10.177208;-1.468342;1.051963;0.188197;0.298795;-0.14426;-0.82354;0.044266
1003;-0.593125;8.861431;0.787392;0.046994;-0.271579;0.512285;-0.163483;-0.815759;0.059012
1004;-1.066868;7.669964;0.021219;-0.227135;0.036682;-0.078785;-0.171128;-0.814887;0.056339
1005;-0.773837;5.975201;0.149023;-0.023682;-0.059029;-0.43272;-0.160828;-0.819288;0.056714
1006;-1.193083;8.217983;1.609028;-0.438106;-0.162084;-0.47886;-0.142282;-0.821988;0.051395
1007;-3.818973;13.900567;0.004161;-0.366514;0.105165;-0.235866;-0.127258;-0.827678;0.021963
1008;-4.344232;11.185446;-0.618804;0.350432;0.11695;0.070822;-0.124769;-0.82935;0.026552
1009;-2.16357;9.043595;0.583032;0.550259;-0.033958;0.199934;-0.130546;-0.826295;0.045479
1010;-1.343078;7.913701;0.675794;0.305591;0.052079;0.023798;-0.134136;-0.824634;0.058561
1011;-2.106146;9.196666;-0.09138;0.194974;0.09657;-0.041835;-0.134062;-0.825616;0.066686
1012;-2.485198;9.992756;-0.670201;0.110316;0.08102;-0.035629;-0.137948;-0.822895;0.076504
1013;-2.363677;9.917503;-0.35279;0.092279;-0.022746;0.007653;-0.136747;-0.823669;0.080484
1014;-2.363096;9.812418;-0.337655;0.12121;0.054667;-0.006825;-0.13263;-0.82438;0.080279
1015;-2.377129;9.58778;-0.450259;0.114609;-0.003411;0.009488;-0.133864;-0.825055;0.084415
1016;-2.211791;9.430634;-0.38673;0.040983;-0.035095;0.000405;-0.134596;-0.825155;0.08722
1017;-2.166757;9.408148;-0.348279;0.004189;-0.006916;-0.022348;-0.137326;-0.822862;0.0906
1018;-2.310226;9.670403;-0.411482;-0.010229;-0.001537;-0.0152;-0.135302;-0.822532;0.091644
1019;-2.377784;9.730154;-0.412905;0.013443;-0.006805;-0.001103;-0.133344;-0.823709;0.090524
1020;-2.249414;9.497849;-0.350037;0.02318;0.010724;0.004268;-0.134157;-0.823733;0.091432
1021;-2.279414;9.512797;-0.365665;0.032095;0.024811;0.00437;-0.133535;-0.823138;0.092948
1022;-2.339293;9.512753;-0.411895;0.039312;0.012504;-0.001009;-0.135556;-0.82334;0.095421
1023;-2.287329;9.558152;-0.455927;0.058571;0.015982;0.01314;-0.135883;-0.82421;0.097437
1024;-2.272838;9.618473;-0.515737;0.039343;0.028312;-0.000885;-0.134979;-0.823093;0.099101
1025;-2.30256;9.573472;-0.546303;0.026598;0.021308;0.013175;-0.133551;-0.823121;0.099305
1026;-2.265097;9.543704;-0.568031;0.023483;0.024801;-0.006221;-0.135154;-0.824236;0.10126
1027;-2.287591;9.55862;-0.568499;-0.018145;0.005495;-0.015179;-0.135593;-0.823041;0.101371
1028;-2.280145;9.573559;-0.545852;-0.027919;0.024871;-0.014159;-0.135712;-0.82306;0.101906
1029;-2.302447;9.558406;-0.531275;-0.036971;0.009053;-0.008095;-0.134054;-0.823696;0.100635
1030;-2.287286;9.543212;-0.470918;-0.015465;-0.017393;-0.018868;-0.13429;-0.823868;0.101707
1031;-2.302304;9.550717;-0.486237;0.001477;0.01076;-0.018668;-0.134027;-0.823198;0.101447
1032;-2.302334;9.543341;-0.516248;0.003982;0.000197;-0.011685;-0.133833;-0.821158;0.100099
1033;-2.287412;9.550869;-0.508452;0.009744;0.006332;-0.031053;-0.13395;-0.822748;0.100097
