time index;acc_x;acc_y;acc_z;gyr_x;gyr_y;gyr_z;mag_x;mag_y;mag_z
1;2.637068;-3.983327;8.599355;-9.7e-05;0.023602;-0.01361;0.159603;0.388473;-0.663488
2;2.61249;-3.954202;8.594476;0.024796;0.020178;0.003061;0.160381;0.389544;-0.663597
3;2.64887;-3.857119;8.575696;0.012074;-8.3e-05;0.006634;0.160928;0.388879;-0.663421
4;2.656618;-3.949455;8.614213;0.019264;-0.013476;-0.006845;0.159254;0.388646;-0.664973
5;2.680972;-3.896137;8.619468;0.029781;-0.007924;0.022453;0.159003;0.389297;-0.6646
6;2.71992;-3.842701;8.600505;0.013749;-0.014205;0.007448;0.159769;0.386809;-0.665573
7;2.720036;-3.864597;8.61499;0.007478;-0.002627;0.01734;0.157401;0.388632;-0.664944
8;2.71521;-3.900932;8.607502;0.024429;-0.003473;0.024303;0.158062;0.388971;-0.667305
9;2.688337;-3.910663;8.614585;0.025586;0.006937;0.003003;0.159142;0.386723;-0.667334
10;2.71998;-3.871775;8.595511;0.015711;0.007877;0.006656;0.159507;0.385089;-0.665821
11;2.720037;-3.871847;8.610096;0.017395;-3.5e-05;0.011936;0.160191;0.386007;-0.665268
12;2.73473;-3.852523;8.624858;0.026486;0.011382;0.004813;0.161643;0.386945;-0.665204
13;2.700445;-3.862169;8.614881;-0.002222;0.000793;0.003208;0.16064;0.386845;-0.666588
14;2.676018;-3.881563;8.614642;-0.006601;0.018499;0.006889;0.160396;0.385512;-0.666443
15;2.639376;-3.910655;8.614285;0.011388;0.018387;-0.002162;0.162065;0.385483;-0.66502
16;2.607512;-3.888851;8.61905;0.003237;0.014919;0.004999;0.162746;0.386006;-0.664593
17;2.607427;-3.87183;8.609405;-0.003933;0.009598;0.001475;0.162596;0.386279;-0.664872
18;2.636688;-3.857189;8.590205;0.00764;0.004321;0.004914;0.163338;0.386575;-0.665766
19;2.622052;-3.869335;8.594922;-0.000502;-0.000929;0.010285;0.162481;0.387325;-0.664367
20;2.619751;-3.881603;8.62402;0.006842;-0.001131;-0.011119;0.161866;0.388157;-0.665746
21;2.631949;-3.908133;8.594805;0.0051;-0.00472;-0.01824;0.161822;0.38745;-0.664274
22;2.636876;-3.891257;8.614358;0.003322;0.006832;-0.011047;0.161771;0.389457;-0.664846
23;2.690539;-3.862023;8.585652;0.014805;-0.004576;-0.002298;0.16236;0.388902;-0.663872
24;2.695582;-3.867042;8.61969;-0.006551;-0.004692;-0.018128;0.161439;0.387377;-0.66642
25;2.688234;-3.900868;8.595183;-0.011802;0.004107;-0.023379;0.160526;0.387099;-0.6662
26;2.636934;-3.937244;8.597134;-0.004079;-0.010709;0.003141;0.160447;0.388259;-0.665031
27;2.680845;-3.898394;8.585426;-0.003126;-0.024107;-0.01471;0.159111;0.388915;-0.665119
28;2.71521;-3.900932;8.607502;0.021921;-0.008098;0.000291;0.159644;0.388785;-0.665086
29;2.720217;-3.896239;8.639153;0.006848;0.000663;-0.010206;0.158031;0.389049;-0.665448
30;2.719909;-3.874104;8.576055;0.008585;-0.011723;-0.012953;0.15805;0.388643;-0.665173
31;2.710271;-3.881545;8.609991;0.010153;-0.022199;0.002982;0.157616;0.389188;-0.66574
32;2.783803;-3.901003;8.620076;0.006853;-0.002879;-0.012884;0.15712;0.387978;-0.665346
33;2.769156;-3.9373;8.605236;0.001439;0.009638;0.003225;0.15786;0.389861;-0.666004
34;2.710332;-3.925119;8.595208;0.006944;0.013047;-0.009259;0.158179;0.390363;-0.664933
35;2.698156;-3.934865;8.604812;0.015899;0.011247;-0.011124;0.158991;0.389039;-0.664862
36;2.678486;-3.896089;8.60973;0.019205;0.004386;0.013713;0.158975;0.38984;-0.665011
37;2.671095;-3.871863;8.614656;0.022086;0.019313;0.003101;0.159885;0.389064;-0.665476
38;2.63677;-3.891124;8.58762;0.007638;0.009669;0.010273;0.15899;0.388512;-0.664985
39;2.65157;-3.893684;8.614437;0.009433;-0.010817;-0.007632;0.160322;0.387594;-0.665025
40;2.656383;-3.891163;8.595033;0.012028;-0.00449;0.008386;0.159315;0.389873;-0.666055
41;2.67118;-3.896136;8.619408;0.006668;0.0044;0.013815;0.162144;0.388416;-0.66547
42;2.661313;-3.910539;8.590113;0.026489;0.000701;-0.002378;0.159818;0.387048;-0.664645
43;2.590431;-3.944499;8.594384;0.021877;-0.009854;0.004702;0.159794;0.387853;-0.664927
44;2.665923;-3.808685;8.588176;0.020995;-0.016091;-0.004185;0.160277;0.387617;-0.665826
45;2.707739;-3.871773;8.595436;0.008413;-0.028474;-0.007707;0.158924;0.387093;-0.666423
46;2.720021;-3.830745;8.63459;0.010269;-0.011648;-0.003177;0.158572;0.386143;-0.665761
47;2.949936;-3.721785;8.660806;0.001203;0.002751;0.019256;0.158396;0.388145;-0.666207
48;2.857376;-3.872181;8.674135;-0.030345;0.051942;-0.015825;0.159121;0.387986;-0.6651
49;2.581059;-4.085185;8.603407;-0.024895;0.051842;-0.019503;0.159495;0.389585;-0.665243
50;2.509451;-3.939409;8.547728;0.018185;0.03743;-0.044824;0.160208;0.388507;-0.664518
51;2.289637;-4.046342;8.601796;0.00939;-0.047339;-0.132393;0.159964;0.390608;-0.663774
52;2.664719;-3.628348;8.406689;0.035485;-0.108793;-0.199513;0.152462;0.391123;-0.665137
53;2.719571;-3.706936;8.605985;-0.06312;-0.130852;-0.105449;0.148339;0.392026;-0.665253
54;2.564108;-4.375402;8.448842;-0.021455;-0.12505;-0.036528;0.142236;0.393703;-0.665098
55;2.807312;-3.957785;8.333137;0.016385;-0.094116;0.059453;0.14022;0.395023;-0.665369
56;3.000655;-3.914252;8.351537;0.004772;-0.116339;0.139495;0.137669;0.393965;-0.666157
57;3.067806;-4.053329;8.523894;0.033744;-0.027731;0.173514;0.139288;0.39317;-0.665785
58;3.5629;-3.669915;8.944336;0.089493;0.073329;0.211083;0.143794;0.39307;-0.665795
59;2.911773;-4.015445;8.712706;0.020181;0.063087;0.256791;0.149544;0.387872;-0.668163
60;3.02192;-3.690969;8.311365;-0.056098;-0.040616;0.197343;0.149339;0.388367;-0.666988
61;3.198833;-3.696651;8.475283;-0.039242;0.138388;0.153729;0.157916;0.387455;-0.665424
62;3.090168;-3.405452;8.434624;-0.203193;0.026519;0.070034;0.161732;0.390993;-0.662884
63;2.816409;-3.961747;8.153301;-0.224717;-0.113048;-0.022251;0.160761;0.397409;-0.660137
64;1.896731;-5.201176;8.732662;-0.025986;0.023453;-0.106161;0.160544;0.40108;-0.658624
65;1.536392;-4.786632;8.27294;0.072589;-0.099528;-0.009826;0.159208;0.400283;-0.65895
66;2.029458;-4.291927;8.253917;0.107195;-0.165939;0.065264;0.155949;0.399905;-0.660456
67;2.94435;-3.875578;8.378106;0.095779;-0.187378;0.115245;0.152656;0.395054;-0.66334
68;3.276497;-4.158037;8.607341;0.119225;-0.17599;0.105349;0.148488;0.391886;-0.664976
69;3.434651;-3.702534;8.678452;0.091542;-0.060362;0.079609;0.146316;0.385893;-0.66937
70;3.228211;-3.764322;8.42897;0.054726;-0.022766;0.028491;0.146276;0.384197;-0.670404
71;3.145468;-3.832588;8.505934;0.01205;0.0348;0.040689;0.148479;0.383245;-0.669065
72;2.930963;-4.186529;8.493278;-0.00589;-0.028346;-0.000488;0.146679;0.383801;-0.670373
73;2.95988;-3.908052;8.57008;-0.002689;0.028934;-0.019725;0.148694;0.382481;-0.670102
74;2.808307;-4.198273;8.41955;0.009267;0.052692;-0.02688;0.148055;0.386953;-0.668894
75;2.455884;-4.253917;8.40255;0.009035;0.041281;-0.009218;0.149976;0.38482;-0.668081
76;2.580476;-4.176282;8.391515;0.037061;-0.027532;0.004442;0.149565;0.38522;-0.668244
77;2.79804;-4.001934;8.434968;0.025365;-0.038125;-0.001682;0.14788;0.38605;-0.669817
78;2.85241;-4.191078;8.434438;0.033282;-0.069113;-0.007267;0.145778;0.384441;-0.669772
79;3.0038;-3.977958;8.484955;0.044074;-0.03091;0.013355;0.144698;0.382595;-0.670462
80;2.91096;-4.137669;8.420457;0.028056;-0.046986;-0.0062;0.143068;0.381679;-0.671334
81;3.013373;-3.861689;8.509851;0.028136;-0.023077;-0.003348;0.142215;0.3821;-0.67232
82;3.047419;-3.827579;8.476186;0.010252;-0.025727;-0.007651;0.14098;0.381585;-0.673177
83;3.021622;-4.089983;8.581781;0.011237;0.016884;0.019205;0.141364;0.381595;-0.673422
84;3.008692;-3.919956;8.524141;0.012379;0.027319;-0.002069;0.143901;0.381207;-0.673138
85;2.913178;-3.968221;8.479582;0.014068;0.023859;0.008546;0.143536;0.380791;-0.67262
86;2.944992;-3.837718;8.567879;-0.016206;0.046831;0.003609;0.144346;0.381713;-0.672193
87;2.817883;-4.086842;8.441995;-0.011663;0.039686;-0.001861;0.146469;0.381331;-0.672199
88;2.846606;-3.771873;8.494655;-0.003652;0.037894;-0.005442;0.14709;0.381288;-0.670568
89;2.681184;-4.304801;8.389115;-0.009105;-0.00023;-0.014598;0.147531;0.381469;-0.672141
90;2.827287;-3.859199;8.50143;0.032056;0.010361;-0.01479;0.14779;0.382795;-0.672019
91;2.801015;-4.13309;8.478141;0.019338;-0.03124;-0.022065;0.147052;0.3821;-0.671117
92;2.94017;-3.963472;8.499215;0.037405;0.004186;-0.014865;0.144842;0.381602;-0.672827
93;2.866468;-3.934134;8.452713;0.024534;-0.039076;-0.011441;0.145054;0.381103;-0.673869
94;3.048265;-4.026798;8.553064;0.017513;-0.009824;-0.004096;0.145142;0.38119;-0.672271
95;2.9163;-4.181725;8.502933;0.012046;-0.015056;0.006548;0.142786;0.380498;-0.671859
96;2.969686;-4.043399;8.479585;0.033708;0.020351;0.013699;0.143919;0.381593;-0.672746
97;2.876255;-3.946212;8.442995;0.049612;0.011624;0.029525;0.1445;0.378402;-0.672387
98;2.942377;-3.910006;8.475165;0.035201;0.013507;0.039452;0.144318;0.378823;-0.673203
99;2.856752;-3.934229;8.472098;0.029161;-0.010761;-0.005994;0.144846;0.37652;-0.676053
100;2.881091;-3.878474;8.474934;0.032565;-0.01682;0.008185;0.144334;0.375978;-0.675805
101;3.018324;-3.840011;8.539149;0.010299;-0.015125;-0.005821;0.144668;0.375153;-0.674708
102;2.979417;-3.837916;8.60698;0.009737;0.006756;-0.027934;0.143153;0.375964;-0.675606
103;2.883962;-3.978084;8.513388;0.003564;0.014712;-0.026989;0.143952;0.376496;-0.675438
104;2.861892;-3.953868;8.520655;-0.010794;0.011192;-0.026889;0.143711;0.374897;-0.675288
105;2.930692;-3.98803;8.562243;-0.003773;0.03091;0.005176;0.144272;0.377658;-0.674246
106;2.798144;-4.02623;8.444581;-7.9e-05;0.033483;-0.001984;0.145894;0.377917;-0.673628
107;2.979022;-3.839836;8.504879;0.026699;0.034419;0.003193;0.14504;0.377678;-0.674735
108;2.839525;-3.953444;8.435445;0.007117;0.021876;-0.016315;0.145304;0.377812;-0.674722
109;2.864067;-3.765033;8.582298;-0.003721;0.018348;-0.01621;0.146447;0.377249;-0.673318
110;2.83725;-3.968161;8.469394;-0.039568;0.00069;-0.019602;0.145694;0.377882;-0.672443
111;2.90631;-3.939819;8.620651;-0.050331;0.021146;-0.005158;0.147056;0.380381;-0.67135
112;2.725391;-4.297738;8.430741;-0.026249;-0.006313;-0.005588;0.145949;0.380926;-0.672087
113;2.839218;-3.7839;8.475108;0.013781;0.004529;0.021798;0.146351;0.380662;-0.67206
114;2.636799;-4.323724;8.293959;0.011011;-0.068285;-0.01336;0.145232;0.382332;-0.670427
115;3.099376;-3.741278;8.676218;0.071899;-0.011517;0.011505;0.145104;0.380549;-0.673058
116;3.019165;-4.220466;8.488803;0.033544;-0.027521;-0.003467;0.145162;0.379332;-0.672234
117;3.135434;-3.750118;8.501388;0.048234;0.027252;-0.009435;0.14422;0.379728;-0.672428
118;3.018541;-3.958694;8.511871;-0.008925;0.034296;-0.016088;0.144996;0.379612;-0.672781
119;2.935065;-3.784383;8.570492;-0.017858;0.069827;0.00553;0.144478;0.380394;-0.672426
120;2.842369;-3.99744;8.505752;-0.052082;0.043399;0.012738;0.14657;0.380952;-0.67285
121;2.915347;-3.837378;8.499639;-0.037843;0.063052;0.035878;0.148281;0.382486;-0.670391
122;2.700563;-4.060475;8.507025;-0.027954;0.042494;0.017838;0.148545;0.38328;-0.670258
123;2.812908;-3.973163;8.50082;-0.016224;0.0522;0.014266;0.150475;0.383784;-0.66883
124;2.739801;-4.128232;8.477787;-0.051743;0.046621;-0.020184;0.152764;0.385102;-0.667929
125;2.795678;-4.040707;8.429915;-0.041102;0.070766;0.010999;0.155595;0.386946;-0.666741
126;2.685644;-4.123013;8.404557;0.00127;0.049939;-0.037508;0.155988;0.388139;-0.666609
127;2.602558;-4.128018;8.438055;0.034506;0.02483;-0.071718;0.156561;0.388385;-0.665784
128;2.969387;-3.73612;8.617106;-0.021112;0.037445;-0.060403;0.15535;0.387066;-0.666359
129;2.891783;-4.118844;8.5371;-0.068826;0.045831;-0.116054;0.15594;0.389151;-0.664903
130;2.823095;-3.963994;8.607876;-0.010415;0.024114;-0.163765;0.154356;0.391513;-0.664373
131;3.149618;-3.599663;8.477855;-0.061053;0.013198;-0.220216;0.152669;0.393859;-0.663316
132;2.686678;-4.44088;8.446864;-0.069728;-0.004879;-0.250667;0.145485;0.397123;-0.663252
133;3.101388;-4.069384;8.336863;-0.003372;0.089387;-0.188353;0.142903;0.399578;-0.661584
134;2.866517;-4.14927;8.315611;-0.018142;0.07557;-0.14745;0.143874;0.400619;-0.660618
135;2.559905;-4.167792;8.145926;0.010177;0.180892;-0.019133;0.145296;0.402232;-0.660967
136;1.923074;-4.486904;8.456553;0.072054;-0.051833;0.08035;0.146993;0.401069;-0.661647
137;2.522302;-3.666451;8.269521;0.073318;0.110822;0.264587;0.150535;0.397945;-0.66285
138;0.739329;-5.266236;8.188076;0.191744;-0.254715;0.373193;0.153962;0.391773;-0.664267
139;3.082872;-4.363781;9.028158;0.240886;-0.274124;0.639964;0.15108;0.382498;-0.670101
140;4.119723;-3.373515;8.815416;0.332164;-0.273097;0.226926;0.149261;0.370456;-0.676353
141;4.253377;-2.620091;8.464793;0.229931;-0.272721;-0.166026;0.143698;0.364541;-0.679744
142;3.819489;-2.40114;7.840868;0.071534;-0.175455;-0.388335;0.131853;0.364552;-0.683069
143;3.619486;-3.261223;8.67674;-0.098277;-0.1785;-0.329285;0.121172;0.367421;-0.683991
144;3.248008;-4.466706;9.242603;-0.10115;0.008412;-0.147973;0.114008;0.371599;-0.683411
145;2.915041;-3.980226;8.946236;-0.054433;0.143473;-0.05782;0.11618;0.372908;-0.682251
146;2.773379;-4.054868;8.351931;-0.081233;-0.002292;0.037609;0.116357;0.376979;-0.680723
147;3.058627;-3.763454;8.257784;-0.026931;-0.00109;-0.030328;0.116907;0.378029;-0.680181
148;3.125639;-3.875775;8.413247;0.019585;-0.024288;-0.046842;0.116185;0.377854;-0.678889
149;3.352998;-3.57577;8.544841;-0.03457;-0.043395;-0.021517;0.115607;0.376687;-0.679963
150;3.423912;-3.740008;8.410836;-0.041198;-0.028699;-0.063193;0.112884;0.378484;-0.678556
151;3.242582;-3.788092;8.331721;-0.04824;-0.003004;-0.053255;0.112365;0.380059;-0.678083
152;3.189564;-3.977627;8.413175;-0.055614;0.000751;-0.024753;0.110208;0.382106;-0.675985
153;3.274895;-3.788709;8.455883;-0.032685;0.009953;0.017831;0.110821;0.383457;-0.67664
154;3.248616;-3.968345;8.496223;-0.031197;-0.039594;0.013969;0.11233;0.38529;-0.675394
155;3.330765;-3.70601;8.403128;0.020953;-0.006031;0.013766;0.112386;0.385594;-0.676725
156;3.270183;-3.856603;8.455544;0.019094;-0.023782;0.008322;0.112104;0.385664;-0.674617
157;3.331179;-3.774193;8.461156;0.015736;0.007157;0.006758;0.112568;0.385174;-0.67591
158;3.277368;-3.899903;8.384899;0.014135;-0.009911;-0.024471;0.110724;0.38357;-0.675983
159;3.274718;-3.769155;8.424372;0.008662;-0.000933;-0.009242;0.111634;0.384114;-0.676208
160;3.204087;-3.909759;8.418435;0.003277;0.002648;-0.002096;0.111966;0.38415;-0.677386
161;3.301817;-3.832204;8.424251;0.011971;0.002909;0.026314;0.112011;0.384788;-0.676466
162;3.301756;-3.788629;8.439034;0.015675;0.006331;0.01386;0.11318;0.384544;-0.676927
163;3.3509;-3.842031;8.448813;0.002999;-0.002398;0.023699;0.112604;0.385224;-0.677636
164;3.311187;-3.732596;8.385871;0.007706;0.010721;0.007733;0.112996;0.384501;-0.675474
165;3.258043;-3.87606;8.467534;0.014848;0.00625;0.006734;0.11302;0.383633;-0.677583
166;3.224017;-3.924695;8.496272;0.004976;-0.007969;-0.002164;0.112423;0.384915;-0.676179
167;3.281324;-3.6764;8.30087;0.021411;0.029142;-0.007398;0.113251;0.383451;-0.675839
168;3.206565;-3.924296;8.415953;-0.011916;-0.002696;-0.009115;0.114562;0.382412;-0.676277
169;3.296342;-3.618819;8.425191;0.004238;0.01325;-0.006437;0.113428;0.384819;-0.677184
170;3.204838;-4.007363;8.54196;-0.007601;0.005426;0.014003;0.113253;0.383979;-0.675716
171;3.291328;-3.652502;8.371531;0.0159;0.025699;0.003307;0.113718;0.385996;-0.676525
172;3.228491;-3.832336;8.452969;-0.01997;0.013312;0.000836;0.113526;0.385957;-0.675206
173;3.208612;-3.822298;8.384832;-0.002962;0.015095;0.004258;0.114705;0.386237;-0.675411
174;3.218765;-3.856583;8.452798;-0.014464;0.023852;-0.005383;0.115227;0.387169;-0.675399
175;3.177468;-4.030971;8.412856;-0.007456;0.00444;0.000648;0.11519;0.386459;-0.673793
176;3.252735;-3.829627;8.394793;0.013984;-0.016898;-0.014719;0.114961;0.387098;-0.673021
177;3.262607;-3.865977;8.389825;-0.012918;-0.015032;-0.007378;0.114353;0.387399;-0.67439
178;3.262156;-3.812247;8.312285;0.007004;-0.013476;-0.030647;0.112199;0.387137;-0.675038
179;3.321804;-3.917291;8.467737;0.002424;-0.038328;-0.041414;0.111428;0.386062;-0.674795
180;3.214312;-4.055297;8.427556;0.0338;-0.052644;-0.054235;0.109018;0.386322;-0.675202
181;3.319677;-3.414394;8.275564;0.070185;-0.028323;-0.107653;0.107121;0.387518;-0.67573
182;3.340582;-3.693959;8.417828;0.00426;-0.057072;-0.166872;0.104464;0.38737;-0.675877
183;3.107307;-4.140749;8.548045;0.020165;-0.108569;-0.180713;0.099614;0.388565;-0.677103
184;3.252327;-3.833948;8.287819;0.059318;-0.107379;-0.150737;0.092687;0.387874;-0.677879
185;3.540684;-3.589279;8.329597;0.015665;-0.12887;-0.096169;0.088153;0.386536;-0.678641
186;3.385653;-4.195458;8.325876;0.05055;-0.073668;-0.035808;0.086779;0.387211;-0.679395
187;3.480337;-3.819915;8.38651;0.060299;-0.079849;0.063739;0.08369;0.384702;-0.680585
188;3.876892;-3.648368;8.501539;-0.046951;-0.076302;0.142092;0.083838;0.384035;-0.680431
189;3.940334;-3.536957;8.526745;0.049979;0.10757;0.160973;0.089304;0.383265;-0.679976
190;3.614627;-3.802578;8.30963;-0.078112;0.103388;0.175249;0.094621;0.384615;-0.679436
191;3.68815;-3.674615;8.420048;-0.056573;0.226982;0.163314;0.102835;0.386455;-0.676749
192;3.497705;-3.764628;8.484097;-0.046723;0.213554;0.151561;0.110323;0.386474;-0.67553
193;3.293959;-3.705896;8.381026;-0.075439;0.154008;0.11144;0.11736;0.386581;-0.672876
194;3.032459;-3.706408;8.491232;-0.080704;0.066571;0.023838;0.122641;0.38993;-0.672642
195;3.028157;-3.707152;8.641907;-0.097132;-0.037299;-0.029928;0.122748;0.393572;-0.670047
196;2.709461;-4.453908;8.629249;-0.026025;0.052138;0.014265;0.1216;0.393937;-0.669189
197;2.301096;-4.541414;8.68225;0.093911;-0.117204;-0.019711;0.121424;0.393826;-0.669994
198;2.435534;-4.083793;8.325419;0.159087;-0.051998;0.055758;0.117828;0.390376;-0.670928
199;3.175323;-3.52805;8.215822;0.088626;-0.164151;0.131515;0.11581;0.385825;-0.674676
200;3.542274;-3.799098;8.588735;0.050301;-0.077088;0.077193;0.113016;0.383302;-0.675318
201;3.6152;-4.059452;8.276861;0.042858;-0.056156;0.038206;0.112878;0.383109;-0.677847
202;3.701913;-3.315805;8.433925;0.045609;-0.039437;0.025948;0.11096;0.381543;-0.679254
203;3.551031;-3.667307;8.416809;-0.032547;-0.011477;-0.016015;0.111259;0.381264;-0.6787
204;3.566144;-3.711341;8.494484;-0.057424;0.025724;-0.0085;0.11053;0.383072;-0.677181
205;3.329243;-4.026157;8.416241;-0.037639;0.056772;0.014538;0.111085;0.385044;-0.67639
206;3.184564;-4.03066;8.349703;-0.037533;0.066449;0.011896;0.112815;0.386901;-0.675929
207;2.972086;-4.152083;8.391598;-0.011584;0.055694;0.005351;0.114528;0.38685;-0.673705
208;2.91092;-4.108619;8.430312;0.00165;0.022014;-0.002054;0.116512;0.38845;-0.673491
209;3.169936;-3.958237;8.415573;0.011181;0.022372;0.03261;0.115969;0.388189;-0.673782
210;3.111;-4.090908;8.276054;0.04057;-0.004154;0.034862;0.11736;0.386581;-0.672876
211;3.306395;-3.841471;8.33673;0.047577;-0.007573;0.043746;0.118068;0.386631;-0.674432
212;3.218442;-3.969756;8.291852;0.013617;-0.042293;0.011796;0.115593;0.384742;-0.674004
213;3.379412;-3.642792;8.367254;-0.00404;-0.006054;0.005095;0.117406;0.385041;-0.674705
214;3.331703;-4.055171;8.399108;0.000413;-0.014916;0.007613;0.117716;0.385089;-0.676283
215;3.360398;-3.793332;8.407772;0.015801;0.020474;0.012163;0.116292;0.385589;-0.675575
216;3.258234;-3.946379;8.467215;-0.014378;0.03624;-0.003546;0.117147;0.386489;-0.674348
217;3.22452;-4.152483;8.466066;-0.005361;0.066442;0.017847;0.117959;0.385166;-0.674277
218;3.162726;-3.919739;8.476473;0.010814;0.089459;0.024974;0.121084;0.387065;-0.674934
219;2.988649;-4.011207;8.343728;-0.001973;0.032786;0.012284;0.122003;0.386743;-0.67275
220;3.159886;-3.919247;8.376799;0.017585;0.040038;0.031765;0.124999;0.386987;-0.671257
221;3.118169;-3.938447;8.337564;0.017567;0.024933;0.022782;0.125674;0.386658;-0.673472
222;3.071824;-3.996647;8.339443;0.022036;0.000896;0.004818;0.124415;0.385691;-0.672461
223;3.183918;-3.778527;8.360574;0.028291;-0.011566;-0.008588;0.12646;0.385084;-0.673929
224;3.086925;-4.050331;8.407351;-0.025393;-0.023115;-0.018042;0.126203;0.386267;-0.673567
225;3.214481;-3.934681;8.554505;-0.016128;0.038823;-0.008855;0.125615;0.386689;-0.674539
226;2.950049;-4.094077;8.430618;0.009552;0.002586;-0.000436;0.125744;0.387018;-0.672146
227;3.174588;-3.808104;8.45761;-0.010072;0.046165;0.021376;0.126252;0.386505;-0.672639
228;3.116589;-4.065197;8.470664;-0.007427;0.014167;0.004243;0.127571;0.386782;-0.672703
229;3.157912;-3.977838;8.456732;0.021187;0.035534;0.024591;0.1269;0.38665;-0.672871
230;3.10099;-3.841727;8.393806;0.01393;0.006263;0.010277;0.128349;0.386533;-0.673053
231;3.008302;-3.99438;8.373095;-0.003895;0.016889;0.013111;0.128398;0.386111;-0.672245
232;3.033003;-4.040576;8.397342;-0.02;0.001769;-0.000177;0.128156;0.385966;-0.671857
233;3.174852;-3.919597;8.447379;-0.009098;0.03453;0.005284;0.128245;0.38797;-0.672289
234;2.935258;-4.130194;8.379318;-0.010096;0.016825;0.007796;0.130282;0.388091;-0.671379
235;3.066659;-3.827149;8.388801;0.000611;0.013283;0.003307;0.130038;0.387418;-0.671114
236;3.125738;-3.919397;8.408187;-0.014038;-0.0184;0.015704;0.13031;0.388868;-0.670728
237;3.170513;-4.103954;8.461095;-0.017272;-0.000933;-0.007313;0.129716;0.389161;-0.67183
238;2.974612;-4.166681;8.401269;0.030234;0.007835;-0.004142;0.12977;0.389002;-0.670894
239;3.125638;-3.868525;8.418142;0.012168;0.007125;0.007629;0.129227;0.386628;-0.671544
240;3.047857;-4.031119;8.446091;-0.009088;0.009579;-0.014447;0.130067;0.386743;-0.670701
241;2.957498;-4.132874;8.430488;-0.00203;-0.009912;-0.016417;0.130396;0.387768;-0.669373
242;3.077102;-4.074458;8.382874;0.01906;-0.009499;0.029676;0.129021;0.387916;-0.670251
243;3.145365;-3.822793;8.486532;0.002263;-0.011525;-0.003937;0.129475;0.388223;-0.67156
244;3.252905;-3.878171;8.404294;-0.005619;0.019528;0.005192;0.130205;0.389055;-0.672597
245;3.204577;-3.939373;8.522823;-0.037869;0.032886;0.016187;0.130273;0.389548;-0.671274
246;3.013658;-4.118203;8.40416;-0.014678;0.025845;0.02657;0.130467;0.389385;-0.670197
247;3.037852;-3.970437;8.434153;-0.016173;0.037989;-0.000893;0.13232;0.389399;-0.670226
248;2.969355;-4.093731;8.360248;-0.015986;0.027149;-0.026769;0.132498;0.390698;-0.669177
249;2.915701;-4.108476;8.401174;0.001774;0.021904;-0.015393;0.132097;0.388848;-0.669563
250;2.890947;-4.112961;8.32808;0.014099;-0.024162;-0.027306;0.131788;0.390189;-0.670138
251;2.959975;-4.094246;8.464709;0.032844;-0.015272;-0.017615;0.132489;0.390174;-0.669434
252;3.060046;-4.033473;8.43157;0.046452;-0.025228;-0.046211;0.132674;0.390217;-0.670886
253;3.111096;-3.943619;8.403126;0.03746;-0.029613;-0.04614;0.130691;0.389144;-0.670977
254;3.262319;-3.781036;8.375628;0.015201;-0.045698;-0.07534;0.127454;0.389345;-0.669569
255;3.349322;-4.036448;8.535421;-0.008556;-0.007829;-0.090967;0.12445;0.389238;-0.671198
256;3.458959;-4.01164;8.419533;-0.006062;0.086776;-0.090466;0.124885;0.388561;-0.670629
257;2.988412;-4.240483;8.123915;-0.002421;0.03512;-0.128232;0.124979;0.390826;-0.670932
258;3.179963;-3.977866;8.461729;0.017138;0.049351;-0.114902;0.126673;0.3892;-0.669344
259;3.268304;-3.953979;8.53287;0.046791;0.033172;-0.142779;0.126008;0.390586;-0.671534
260;3.111476;-3.823267;8.58355;0.060218;0.155915;-0.046206;0.128026;0.389793;-0.67114
261;2.264449;-3.96812;8.475602;0.043692;0.101914;0.061969;0.13061;0.389186;-0.672444
262;2.257843;-4.184119;8.513467;0.06857;0.064694;0.056199;0.132251;0.386266;-0.672031
263;2.503108;-3.715268;8.334809;0.123894;0.014173;0.33834;0.136559;0.383357;-0.671334
264;1.872482;-4.426851;8.082188;0.22579;-0.158437;0.235005;0.140158;0.37638;-0.676979
265;3.421619;-3.375302;8.704174;0.161979;-0.13585;0.349879;0.140263;0.370057;-0.67858
266;3.330306;-3.802751;8.842643;0.111769;-0.182041;0.120561;0.139468;0.365103;-0.681853
267;3.499151;-3.812357;8.819327;0.186889;-0.26212;-0.138328;0.133567;0.361732;-0.686108
268;3.515216;-2.615268;7.507446;0.226113;-0.238448;-0.290442;0.122828;0.356445;-0.689537
269;3.481236;-2.713603;8.761038;-0.119082;-0.226453;-0.357764;0.112343;0.357699;-0.68962
270;3.623333;-4.22301;8.988363;-0.07448;-0.042888;-0.165274;0.103665;0.361102;-0.690174
271;3.246519;-4.114435;9.108084;-0.037545;0.030567;-0.035404;0.101341;0.364292;-0.690897
272;3.28701;-3.82722;8.397444;-0.039662;-0.010663;-0.017795;0.100379;0.365818;-0.688854
273;3.324322;-3.307752;8.285802;8.4e-05;0.07527;0.005532;0.101735;0.366076;-0.688251
274;3.433376;-3.671935;8.374744;-0.048799;0.020714;0.026952;0.104736;0.367242;-0.686509
275;3.468683;-3.726403;8.600769;0.000375;-0.002504;0.010422;0.10586;0.368474;-0.687532
276;3.447809;-3.553205;8.39239;-0.010861;0.009631;-0.023195;0.105124;0.368833;-0.686385
277;3.211128;-3.914213;8.338244;-0.059381;-0.013269;-0.014115;0.103056;0.370244;-0.685199
278;3.228076;-3.826982;8.3509;0.001242;-0.021111;0.0067;0.101969;0.371702;-0.685421
279;3.345772;-3.73541;8.463854;0.003736;-0.037863;0.010181;0.102518;0.372225;-0.685001
280;3.422019;-3.702039;8.578717;-0.02191;-0.010588;-0.007226;0.101841;0.372624;-0.68518
281;3.478128;-3.7743;8.479072;0.002752;-0.00303;0.049515;0.101536;0.372837;-0.683474
282;3.541085;-3.575283;8.441476;0.040997;0.0221;-0.005759;0.102385;0.372885;-0.684888
283;3.431408;-3.687036;8.486476;-0.012898;-0.000829;-0.003691;0.102371;0.371439;-0.685393
284;3.438647;-3.694155;8.454888;-0.010202;0.008074;0.003447;0.102848;0.372394;-0.686182
285;3.42627;-3.664983;8.440362;0.014865;-0.000858;-0.003918;0.102951;0.37241;-0.686708
286;3.297179;-3.871192;8.462935;0.01207;0.006357;0.017435;0.102619;0.371714;-0.68565
287;3.369584;-3.594415;8.391722;0.001532;0.015084;-0.001945;0.103361;0.372074;-0.684153
288;3.360293;-3.80045;8.37614;-0.002114;0.01696;0.011401;0.103913;0.372928;-0.685999
289;3.428331;-3.599249;8.387199;0.021313;0.01321;-0.01278;0.104985;0.370748;-0.683771
290;3.399557;-3.715996;8.459411;-0.023572;0.000902;-0.008939;0.103553;0.370724;-0.68332
291;3.360105;-3.720467;8.383796;0.008489;-0.006067;0.006757;0.103884;0.372874;-0.684139
292;3.384834;-3.682119;8.474059;-0.00218;-0.007944;-0.006491;0.104683;0.372745;-0.684092
293;3.34837;-3.822596;8.441595;-0.010292;-0.007859;0.00333;0.103436;0.374676;-0.682338
294;3.346113;-3.815585;8.495089;0.017549;0.007126;0.004072;0.104103;0.374484;-0.684689
295;3.303994;-3.788365;8.385572;0.008501;-0.007867;0.00495;0.103712;0.372365;-0.684937
296;3.399402;-3.694053;8.435203;0.037081;0.001059;0.017241;0.104714;0.372597;-0.683556
297;3.359574;-3.584474;8.343092;0.024597;-0.014089;-0.000514;0.103564;0.371711;-0.685331
298;3.41918;-3.723298;8.464359;-0.009478;-0.004222;0.01315;0.105049;0.371048;-0.684969
299;3.370295;-3.793465;8.43457;0.006933;0.011491;-0.005593;0.103805;0.37265;-0.685601
300;3.379663;-3.594777;8.464704;-0.00923;0.015088;-0.001853;0.103906;0.371542;-0.68398
301;3.301922;-3.871001;8.424073;-0.016524;0.001015;0.00786;0.103758;0.371549;-0.684254
302;3.408855;-3.642881;8.384449;0.000685;0.020394;-0.001911;0.103982;0.374081;-0.684555
303;3.326372;-3.810552;8.458529;0.004957;-0.000801;0.00502;0.104601;0.372851;-0.683168
304;3.384805;-3.720747;8.439853;0.031912;-0.008041;-0.013004;0.103369;0.37339;-0.683779
305;3.345201;-3.700862;8.342472;0.0285;-0.028648;-0.046881;0.10442;0.373138;-0.683981
306;3.359782;-3.625816;8.367211;0.041089;-0.040305;-0.064817;0.101679;0.373229;-0.683207
307;3.46045;-3.623791;8.445621;0.012375;-0.045553;-0.063701;0.099329;0.372074;-0.685178
308;3.468395;-3.711542;8.537636;0.011132;-0.030105;-0.114302;0.096534;0.371664;-0.685461
309;3.281484;-3.717682;8.312836;0.022447;-0.065349;-0.100392;0.093287;0.372204;-0.686584
310;3.440448;-3.536266;8.399714;-0.044898;-0.071313;-0.088256;0.090371;0.372711;-0.686492
311;3.620006;-3.783853;8.445868;-0.059113;-0.0313;-0.063923;0.087448;0.374675;-0.686296
312;3.871829;-3.636075;8.467535;-0.035221;0.101603;-0.027783;0.088535;0.376517;-0.685472
313;3.737126;-3.623894;8.459472;-0.031798;0.107068;-0.005572;0.090504;0.378189;-0.683134
314;3.704445;-3.487487;8.335928;-0.024651;0.144485;0.02748;0.092979;0.379417;-0.683682
315;3.491797;-3.637696;8.314491;-0.040493;0.178029;0.026845;0.099362;0.380571;-0.680686
316;3.424335;-4.001527;8.336722;-0.050311;0.124626;0.087934;0.10295;0.382704;-0.680126
317;2.901994;-4.259533;8.546243;0.010618;0.126983;0.081997;0.109547;0.381113;-0.678528
318;3.925725;-3.422819;8.002142;-0.031877;0.260455;0.138453;0.116356;0.383117;-0.677252
319;3.188437;-3.695892;8.322087;-0.093171;0.244644;0.167183;0.126076;0.381641;-0.674284
320;3.225794;-3.832024;8.389754;-0.199613;-0.020555;0.143516;0.132784;0.388249;-0.67164
321;3.391859;-3.147004;8.141108;-0.082634;0.191497;0.142021;0.140582;0.386927;-0.669846
322;2.816844;-3.665056;8.470653;-0.254007;0.019187;-0.059489;0.143419;0.389491;-0.666014
323;1.900451;-5.512093;8.840647;-0.079854;0.00675;-0.099623;0.14196;0.397334;-0.662259
324;1.64039;-4.792963;8.570096;0.17985;-0.035504;0.054566;0.140899;0.396472;-0.664827
325;2.731067;-3.28245;8.087821;0.127818;-0.179217;0.037708;0.139251;0.392466;-0.668963
326;3.389404;-3.519801;8.503998;0.030194;-0.139879;0.069035;0.136419;0.388774;-0.670514
327;3.289098;-4.206824;8.665532;0.028723;-0.133094;0.046744;0.133647;0.389012;-0.670277
328;3.317153;-3.958681;8.50155;0.090244;-0.049208;0.042273;0.132265;0.387711;-0.671526
329;3.437865;-3.482932;8.402373;0.033666;-0.032926;-0.032672;0.128743;0.384293;-0.67352
330;3.139628;-3.836236;8.26281;-0.037642;-0.017994;-0.046333;0.127939;0.386933;-0.673217
331;3.082183;-3.949029;8.517167;-0.046541;-0.003014;-0.045309;0.127899;0.387148;-0.671495
332;3.092566;-4.191428;8.499108;-0.034152;-0.013529;-0.032162;0.125957;0.391273;-0.672347
333;3.160532;-4.01672;8.473585;0.003574;0.032592;-0.010852;0.125757;0.390577;-0.671282
334;2.925414;-4.15671;8.347537;0.00862;0.000878;0.005772;0.125566;0.390537;-0.669964
335;3.018517;-4.171321;8.357764;0.040539;-0.009512;0.033032;0.127595;0.390662;-0.669187
336;3.160378;-3.963362;8.471397;0.043898;-0.01467;0.047259;0.126938;0.388611;-0.671843
337;3.125853;-4.004122;8.378633;0.02189;-0.018542;0.004724;0.127526;0.388849;-0.670751
338;3.150434;-4.030835;8.385953;0.036056;-0.013054;0.027756;0.126924;0.389939;-0.671869
339;3.174769;-3.924327;8.42305;0.024839;0.010549;-0.004017;0.127195;0.388089;-0.672084
340;3.130685;-3.917046;8.422812;0.032972;0.00066;-0.021037;0.126654;0.387562;-0.672371
341;3.047387;-3.900035;8.417518;0.048212;0.020183;-0.007731;0.12715;0.386131;-0.673246
342;2.986399;-3.936542;8.446146;0.02656;-0.009019;-0.013058;0.126657;0.385977;-0.672606
343;3.013822;-4.055578;8.489523;0.026225;-0.049627;-0.007058;0.125807;0.385339;-0.673705
344;3.267579;-3.788744;8.46313;0.072778;-0.014037;0.018612;0.124353;0.384603;-0.676165
345;3.170102;-3.910114;8.491146;0.026431;-0.007977;0.00121;0.12434;0.382365;-0.676788
346;3.228788;-3.955954;8.442682;0.033804;0.004303;-0.010344;0.124045;0.382309;-0.674943
347;3.189177;-3.771734;8.457866;0.019658;0.03882;-0.006466;0.125327;0.381285;-0.675914
348;3.174611;-3.781551;8.482038;-0.006996;0.032406;-0.035627;0.12502;0.383681;-0.676243
349;3.086081;-3.710954;8.428342;-0.009242;-0.002746;-0.012682;0.125183;0.383667;-0.675702
350;3.166761;-3.563425;8.504863;-0.034475;-0.004357;2e-06;0.124349;0.381499;-0.674379
351;3.023553;-4.043419;8.482347;-0.037902;0.019552;0.011626;0.125655;0.386404;-0.673867
352;2.954757;-4.098675;8.379581;-0.007407;-0.007212;-0.012798;0.125087;0.384307;-0.674922
353;3.062324;-3.900349;8.480806;0.010054;-0.000596;0.036936;0.124977;0.386275;-0.674168
354;3.111261;-4.00424;8.402849;0.001405;-0.022196;-0.011134;0.125106;0.386674;-0.674169
355;3.20387;-3.822489;8.423694;0.008471;-0.016774;0.000438;0.125064;0.385111;-0.675204
356;3.184813;-4.006808;8.430027;0.026447;-0.007954;0.002975;0.122659;0.3855;-0.67548
357;3.216607;-4.01644;8.415594;0.008455;-0.018511;0.004848;0.123584;0.384647;-0.673286
358;3.286977;-3.84651;8.37548;0.030327;0.011355;-0.016479;0.123811;0.38414;-0.674061
359;3.13535;-3.817677;8.433018;0.015003;0.013195;-0.005691;0.121907;0.386793;-0.674484
360;3.16724;-3.7646;8.486932;-0.012717;0.006054;-0.017935;0.122784;0.385568;-0.673215
361;3.150907;-4.074925;8.475692;-0.023599;-0.00355;-0.003717;0.122657;0.387086;-0.675245
362;3.160149;-3.977574;8.403272;0.001755;0.032648;-0.006387;0.121663;0.38678;-0.674099
363;3.096659;-3.972931;8.446656;0.021016;0.011662;0.024457;0.124322;0.386795;-0.673949
364;3.069853;-4.060076;8.416924;0.00883;0.020246;-0.005648;0.123858;0.386625;-0.672776
365;3.01754;-3.839025;8.33983;0.032847;0.018586;0.008394;0.124583;0.386535;-0.674063
366;3.203592;-3.783476;8.380117;0.019082;-0.013081;0.019047;0.124631;0.384793;-0.673495
367;3.218949;-3.808483;8.533233;0.001349;-0.016849;-0.007499;0.12292;0.385303;-0.673203
368;3.191939;-3.943704;8.418205;0.020996;-0.011428;0.008346;0.123083;0.385225;-0.675052
369;3.270025;-3.798408;8.455809;0.010445;-0.002719;-0.010159;0.12191;0.384414;-0.674837
370;3.184502;-3.85659;8.455018;-0.028865;0.016816;-0.00264;0.123077;0.385756;-0.675063
371;3.174923;-3.93902;8.452152;-0.01821;0.018679;0.010607;0.122595;0.386652;-0.674044
372;3.081739;-3.943639;8.407806;-0.021598;0.020267;-0.008935;0.124439;0.386867;-0.671818
373;3.10134;-3.914664;8.432366;-0.025261;0.025685;0.00358;0.124491;0.3875;-0.670764
374;3.022895;-4.001513;8.343983;0.007177;0.025464;-0.016278;0.125272;0.387714;-0.673382
375;3.057038;-3.890193;8.388453;0.001762;0.014811;-0.023381;0.124656;0.38861;-0.67237
376;3.08166;-3.98462;8.359005;0.000591;-0.000905;-0.002125;0.125088;0.388991;-0.671689
377;3.069894;-4.096376;8.402175;0.010462;-0.00985;-0.011162;0.12608;0.38877;-0.672957
378;3.150142;-3.919305;8.388892;0.03643;-0.027684;-0.029218;0.123702;0.388749;-0.672825
379;3.138407;-4.021434;8.446691;0.024986;-0.02699;-0.050475;0.122156;0.388979;-0.671987
380;3.248468;-4.001992;8.435301;0.035751;-0.014535;-0.042475;0.120822;0.387389;-0.67243
381;3.449424;-3.881468;8.575635;0.044853;0.020885;-0.036084;0.120037;0.386919;-0.674725
382;3.49306;-3.793941;8.527688;0.004415;0.069167;-0.081714;0.12252;0.386754;-0.672987
383;3.204411;-4.08899;8.376296;0.00628;0.029951;-0.113152;0.121582;0.388073;-0.672932
384;2.921192;-4.215553;8.478501;0.033212;-0.017423;-0.059445;0.119807;0.388351;-0.673835
385;3.369495;-3.758629;8.254851;0.062786;0.074335;-0.091082;0.119367;0.387446;-0.674773
386;2.954692;-3.849688;8.536284;0.062882;0.122991;0.032706;0.120933;0.386018;-0.675454
387;2.517189;-4.355553;8.358708;0.079591;0.087691;0.051796;0.12386;0.384448;-0.675525
388;2.825232;-3.41439;8.287114;0.118587;0.124539;0.213687;0.128292;0.380224;-0.675196
389;1.169563;-4.545391;8.534308;0.224245;-0.133215;0.215476;0.132337;0.372961;-0.680012
390;3.43247;-3.158487;8.501051;0.300445;-0.156125;0.471366;0.13388;0.364879;-0.684689
391;3.265905;-3.490061;8.867983;0.266394;-0.179363;0.247382;0.133888;0.355304;-0.688626
392;4.276788;-3.320866;8.952741;0.203301;-0.225853;0.050436;0.127906;0.350587;-0.692196
393;4.059344;-2.30445;7.896257;0.239297;-0.167972;-0.322045;0.118486;0.344916;-0.695809
394;3.809606;-1.833134;8.212871;-0.134008;-0.177566;-0.454142;0.108519;0.345324;-0.698637
395;3.593413;-3.958917;9.033139;-0.26762;-0.101683;-0.247547;0.099062;0.354587;-0.695492
396;2.933374;-4.266885;9.051991;-0.12995;-0.016341;-0.150561;0.09479;0.360313;-0.692652
397;3.005871;-4.579864;8.594031;-0.136187;-0.087316;0.0109;0.092333;0.364816;-0.688358
398;3.349446;-3.615466;8.235936;-0.016585;0.01716;0.028437;0.091414;0.366459;-0.690302
399;3.476281;-3.409497;8.261963;-0.042056;0.070993;0.012089;0.094476;0.366008;-0.687729
400;3.722212;-3.551111;8.45242;-0.06069;0.071735;-0.008182;0.096869;0.367342;-0.687353
401;3.59086;-3.784137;8.504026;-0.006906;0.085813;-0.001488;0.098416;0.369752;-0.68771
402;3.469869;-3.584659;8.377797;-0.0253;0.038262;0.014421;0.099614;0.370286;-0.68752
403;3.34034;-3.741987;8.322808;-0.052206;0.017881;0.007377;0.101194;0.371026;-0.685186
404;3.331124;-3.834537;8.404974;-0.018178;0.021363;0.008881;0.100625;0.374476;-0.685283
405;3.360956;-3.876196;8.492472;0.017504;0.013413;0.015659;0.100703;0.372719;-0.684183
406;3.458401;-3.658122;8.523234;0.019244;-0.006134;0.000472;0.102536;0.373932;-0.684368
407;3.394529;-3.667499;8.459601;0.017345;0.00378;0.022757;0.102896;0.373426;-0.685136
408;3.462958;-3.652865;8.440642;0.048102;0.016797;-0.002312;0.102364;0.373423;-0.685165
409;3.447866;-3.553277;8.406975;0.028255;0.008072;0.006708;0.104869;0.371996;-0.685662
410;3.360439;-3.629057;8.532489;-0.012506;0.03968;-0.017707;0.104513;0.371443;-0.685007
411;3.292072;-3.856426;8.419218;-0.003663;0.023812;-0.010797;0.105458;0.372101;-0.684567
412;3.311062;-3.609195;8.43991;0.014052;0.03641;0.015839;0.105479;0.372223;-0.68417
413;3.306185;-3.616468;8.439847;-0.005662;0.018651;0.003456;0.106043;0.371945;-0.683601
414;3.350442;-3.623966;8.483837;-0.010125;0.009736;-0.006328;0.106003;0.375663;-0.683674
415;3.345587;-3.69168;8.447037;-0.017234;0.013274;-0.007152;0.107118;0.374322;-0.682921
416;3.306451;-3.749713;8.414932;-0.021826;-0.000836;-0.003648;0.107164;0.374826;-0.681998
417;3.379848;-3.677172;8.454606;0.000718;0.006978;-0.017996;0.106706;0.376835;-0.682726
418;3.286846;-3.720684;8.429529;-0.010863;0.001586;-0.027732;0.106359;0.374826;-0.682176
419;3.311612;-3.783877;8.458561;-0.011986;-0.007974;-0.009105;0.10454;0.376378;-0.681245
420;3.328584;-3.769175;8.427133;0.014952;0.009729;-0.003004;0.105237;0.37749;-0.682822
421;3.325841;-3.705973;8.395805;-0.0022;-0.006123;-0.000272;0.106029;0.378026;-0.682787
422;3.391879;-3.652746;8.41833;0.007713;-0.01065;-0.012808;0.105026;0.377197;-0.681898
423;3.379963;-3.754646;8.429945;-0.018357;-0.018518;-0.005538;0.103511;0.378008;-0.682796
424;3.379828;-3.739977;8.405704;0.010305;-0.018559;-0.006662;0.104506;0.376132;-0.681907
425;3.345607;-3.713455;8.437215;-0.000446;-0.022122;-0.01015;0.102879;0.37429;-0.682894
426;3.372606;-3.749795;8.429922;0.009347;-0.025627;-0.005804;0.10225;0.37645;-0.684299
427;3.394725;-3.725743;8.469059;0.013905;-0.016826;-0.009344;0.100893;0.375595;-0.682632
428;3.42868;-3.657685;8.435549;0.024877;-0.006374;-0.027148;0.101011;0.375604;-0.682891
429;3.489892;-3.602128;8.4775;-0.023858;-0.032633;-0.006416;0.100221;0.375596;-0.682803
430;3.619442;-3.512491;8.490858;-0.041595;-0.00784;-0.006994;0.100443;0.37694;-0.683347
431;3.502022;-3.614074;8.441059;-0.03588;0.036317;-0.00684;0.099978;0.377563;-0.682056
432;3.441243;-3.783753;8.430188;-0.049959;0.041438;-0.027182;0.100707;0.381168;-0.682615
433;3.245364;-3.890006;8.345857;-0.023035;0.066259;-0.010425;0.101929;0.381488;-0.679629
434;3.120478;-3.91894;8.31579;0.002114;0.046549;-0.03477;0.101879;0.382042;-0.68044
435;3.211018;-3.848827;8.355557;0.022178;0.002546;-0.012915;0.103981;0.382991;-0.680605
436;3.392183;-3.778788;8.408033;0.019311;-0.013277;-0.007601;0.102057;0.381227;-0.67975
437;3.431098;-3.681813;8.411146;0.019195;-0.014053;0.003087;0.101744;0.381514;-0.68057
438;3.406377;-3.628344;8.386931;0.022852;-0.000784;0.004909;0.101327;0.379145;-0.681346
439;3.389611;-3.715802;8.420459;0.004912;-0.014977;-0.002147;0.101138;0.381549;-0.681934
440;3.340758;-3.783593;8.400404;0.032555;-0.022018;0.006462;0.099918;0.379637;-0.680372
441;3.38718;-3.686825;8.444883;0.019096;-0.039791;-0.007727;0.099465;0.379267;-0.681453
442;3.545992;-3.551132;8.461062;0.002074;-0.018378;0.008578;0.099777;0.381093;-0.680274
443;3.571044;-3.684765;8.514081;-0.011338;-0.023721;0.003311;0.097725;0.38098;-0.681451
444;3.566298;-3.764699;8.496672;-0.014895;0.006538;0.027497;0.098397;0.378999;-0.681641
445;3.330918;-3.814946;8.36617;-0.005617;0.028456;0.012374;0.097998;0.378997;-0.681664
446;3.281894;-3.858357;8.319488;0.00154;0.014223;0.003332;0.099636;0.382549;-0.680177
447;3.379736;-3.744694;8.378944;0.021489;0.025502;-0.019859;0.100472;0.383062;-0.679342
448;3.477548;-3.66241;8.409089;0.028438;0.016808;-0.004818;0.099384;0.38122;-0.680166
449;3.418668;-3.657407;8.379581;0.018614;0.023915;-0.001152;0.098266;0.381506;-0.681165
450;3.389383;-3.730015;8.352333;0.015846;0.004431;-0.005694;0.099855;0.382046;-0.681085
451;3.326105;-3.817466;8.385575;0.024664;-0.023948;-0.013053;0.100061;0.381482;-0.679867
452;3.387082;-3.735032;8.386326;0.032029;-0.008133;-0.024568;0.098495;0.380797;-0.679544
453;3.409236;-3.70619;8.437638;0.030802;-0.024731;-0.002407;0.098018;0.380571;-0.681028
454;3.443414;-3.674661;8.435561;0.031696;-0.030955;-0.007773;0.096738;0.380079;-0.682685
455;3.489831;-3.681799;8.406645;0.013867;-0.025645;-0.011149;0.096037;0.379365;-0.681117
456;3.506803;-3.652596;8.385006;0.014855;-0.015048;-0.012873;0.095732;0.378855;-0.681922
457;3.53135;-3.652683;8.402171;0.008549;-0.022122;-0.014633;0.095816;0.378617;-0.682842
458;3.490024;-3.69654;8.44547;0.006887;0.000869;-0.010952;0.094385;0.379121;-0.682268
459;3.462877;-3.672095;8.406524;0.017572;0.007152;0.001441;0.094076;0.377689;-0.683322
460;3.480014;-3.686599;8.39684;0.003315;-0.003569;-0.014504;0.094347;0.378613;-0.683058
461;3.502085;-3.68665;8.406698;0.017727;0.004338;-0.018134;0.094526;0.379118;-0.682127
462;3.502083;-3.664899;8.421382;0.024773;-1.4e-05;-0.009319;0.094769;0.377811;-0.682753
463;3.487266;-3.652653;8.397039;0.021226;0.009753;-0.004793;0.094045;0.377837;-0.683858
464;3.477749;-3.701327;8.43322;0.015854;0.004407;-0.009231;0.094342;0.378351;-0.683186
465;3.49245;-3.667514;8.460202;0.022901;0.006282;0.004067;0.09342;0.377549;-0.683223
466;3.467737;-3.62372;8.431082;0.035282;-0.009601;0.008328;0.094264;0.376014;-0.685007
467;3.472513;-3.635653;8.392165;0.0192;0.001087;0.014739;0.09431;0.375859;-0.684204
468;3.477719;-3.67954;8.440611;0.019272;0.006341;0.010317;0.095611;0.375749;-0.68466
469;3.51173;-3.604304;8.426579;0.015694;0.02771;0.026481;0.094864;0.37519;-0.683894
470;3.462793;-3.623659;8.418899;0.019304;0.016988;0.014824;0.096924;0.375896;-0.684855
471;3.502066;-3.616547;8.450771;-0.002181;0.01523;0.012332;0.097091;0.376804;-0.684065
472;3.458243;-3.684507;8.464776;0.010382;0.025856;0.018494;0.097934;0.375332;-0.683458
473;3.458023;-3.638315;8.440679;0.012282;0.03376;0.012302;0.098462;0.377054;-0.683195
474;3.387198;-3.672348;8.459534;0.00141;0.031211;0.024811;0.098797;0.375505;-0.684609
475;3.418907;-3.619043;8.467264;0.001636;0.033654;-6.3e-05;0.099788;0.374027;-0.683728
476;3.362576;-3.648;8.440048;-0.000276;0.023988;0.007002;0.101415;0.376528;-0.68262
477;3.306493;-3.715934;8.449117;0.019516;0.032758;0.004199;0.102102;0.374407;-0.682541
478;3.262836;-3.8276;8.475077;0.035224;0.009993;0.03327;0.101783;0.375885;-0.683252
479;3.313653;-3.72537;8.395642;0.058269;-0.044954;0.015024;0.102573;0.373913;-0.683701
480;3.369561;-3.550888;8.416228;0.058401;-0.056672;-0.01346;0.100879;0.372106;-0.685889
481;3.472419;-3.502624;8.460833;0.047887;-0.089819;-0.068656;0.097723;0.371015;-0.685647
482;3.432665;-3.518799;8.300087;0.047366;-0.080343;-0.098847;0.095141;0.370105;-0.686971
483;3.100814;-3.713429;8.438144;0.035603;-0.148857;-0.141872;0.090832;0.369713;-0.68827
484;3.202126;-3.481983;8.216197;0.018926;-0.183785;-0.104532;0.081622;0.369154;-0.689576
485;3.491291;-3.40507;8.34715;-0.065312;-0.24856;-0.050771;0.074298;0.370308;-0.69001
486;4.114583;-3.600365;8.595584;-0.084219;-0.083701;-0.006979;0.069821;0.373165;-0.688988
487;4.270901;-3.609608;8.499272;-0.08533;-0.002413;-0.014519;0.069882;0.375775;-0.68744
488;4.114072;-3.942875;8.226978;-0.064518;0.098926;0.159163;0.07366;0.378011;-0.685807
489;3.771593;-3.860966;8.344357;-0.053472;0.237316;0.130427;0.082498;0.379612;-0.683878
490;3.449226;-3.886053;8.522138;-0.05114;0.282917;0.304886;0.094348;0.3798;-0.682815
491;3.138272;-4.304657;8.839172;-0.013275;0.328727;0.310943;0.106584;0.379929;-0.679603
492;3.423955;-3.190848;8.179996;-0.045682;0.192096;0.216412;0.114753;0.380471;-0.677957
493;4.089996;-2.051661;7.773633;-0.182181;0.061151;-0.056779;0.119331;0.383239;-0.676156
494;3.9187;-2.9755;7.770793;-0.309615;0.169371;-0.017965;0.122581;0.392664;-0.670837
495;1.113204;-7.267223;9.746611;-0.272635;-0.061619;-0.013385;0.120375;0.39995;-0.666315
496;1.686492;-4.709636;7.899882;0.198417;-0.091982;-0.049924;0.117433;0.400206;-0.666752
497;3.37999;-2.465342;8.085812;0.166319;-0.06438;0.11736;0.117255;0.392771;-0.671272
498;3.45553;-4.250304;8.627463;-0.084068;-0.211231;-0.016747;0.113506;0.393293;-0.671892
499;3.394514;-4.33269;8.61699;0.216573;-0.051226;0.136328;0.110499;0.387244;-0.674604
500;3.833746;-3.267041;8.376619;0.12203;-0.097656;0.044597;0.108685;0.382921;-0.677016
501;3.686768;-3.506138;8.18503;0.011764;-0.101755;-0.034607;0.106758;0.383605;-0.678201
502;3.576091;-3.972525;8.35237;0.012268;-0.03199;-0.030762;0.104143;0.38436;-0.677433
503;3.424472;-3.967868;8.395214;0.024098;-0.001099;-0.028938;0.104399;0.385291;-0.677436
504;3.40206;-3.919056;8.332101;-2.8e-05;-0.036703;-0.062717;0.10138;0.383079;-0.67969
505;3.248361;-3.972858;8.428142;-0.022671;-0.035594;-0.034099;0.099911;0.383734;-0.679785
506;3.404468;-4.020502;8.251439;-0.021981;-0.041503;-0.009226;0.098783;0.385541;-0.678289
507;3.636182;-3.739152;8.232269;0.033209;0.020188;-0.028839;0.097329;0.385529;-0.678237
508;3.483948;-4.157277;8.44819;0.034331;0.023438;-0.050249;0.098637;0.384755;-0.678681
509;3.701776;-3.893847;8.62088;0.092322;0.111632;-0.066186;0.099133;0.383984;-0.679435
510;3.518758;-3.603909;8.346411;0.095406;0.098808;-0.120516;0.101694;0.381339;-0.679108
511;3.418326;-3.569982;8.353241;0.035886;0.094828;-0.177855;0.102535;0.380069;-0.680897
512;3.471466;-3.920148;8.551287;0.012616;0.135762;-0.143692;0.102006;0.382574;-0.680442
513;3.49033;-3.735589;8.496339;0.024382;0.190813;-0.115013;0.10605;0.381511;-0.679397
514;3.052683;-3.762794;8.615066;0.01154;0.223922;0.045256;0.10979;0.382579;-0.678675
515;2.408921;-4.04552;8.432382;0.017596;0.055857;0.042386;0.113829;0.381255;-0.677758
516;2.947217;-3.619292;8.038994;0.109392;0.043061;0.185746;0.118336;0.380362;-0.677885
517;1.784945;-4.567741;8.134482;0.236088;-0.202536;0.250658;0.119362;0.37161;-0.682445
518;3.191191;-3.83226;8.92916;0.299958;-0.283974;0.42255;0.117075;0.363229;-0.686933
519;4.135271;-3.437427;8.990232;0.357869;-0.327234;0.106382;0.111392;0.350775;-0.693662
520;4.08527;-2.532769;7.482152;0.335723;-0.415058;-0.274402;0.098792;0.343433;-0.699947
521;4.270877;-1.016403;7.801348;-0.006652;-0.31838;-0.394409;0.083974;0.339026;-0.702692
522;4.418603;-3.489832;8.792412;-0.263287;-0.202759;-0.212364;0.070769;0.346501;-0.702913
523;3.663245;-4.025791;9.315226;-0.128633;0.016215;-0.079996;0.068657;0.351959;-0.699415
524;3.402583;-4.227273;8.875177;-0.077497;-0.049673;-0.028387;0.06511;0.359575;-0.697501
525;3.622011;-3.248582;8.081288;-0.060424;0.04843;0.048618;0.065326;0.360061;-0.695903
526;3.704655;-3.480501;8.394299;-0.066403;0.082777;0.039947;0.069633;0.360586;-0.694607
527;3.780913;-3.623553;8.389251;-0.011175;0.040299;0.040146;0.074029;0.361134;-0.694104
528;3.868975;-3.507488;8.45352;-0.007459;0.050822;0.029533;0.074642;0.361164;-0.695
529;3.702193;-3.54573;8.34537;-0.025144;0.041732;0.000252;0.075445;0.359978;-0.695065
530;3.60843;-3.491625;8.194338;0.001605;0.011579;-0.009032;0.075209;0.362601;-0.694065
531;3.58224;-3.507046;8.37155;-0.047016;-0.022875;-0.010594;0.075891;0.363785;-0.693518
532;3.664186;-3.822669;8.448393;-0.005814;-0.038946;-0.02172;0.073778;0.365878;-0.693012
533;3.70258;-3.512383;8.467061;0.042458;-0.002473;0.010139;0.073318;0.36399;-0.692072
534;3.828639;-3.259526;8.328008;0.015693;-0.007812;-0.005623;0.071103;0.364023;-0.693792
535;3.868699;-3.44431;8.427069;-0.018159;0.006292;-0.0124;0.071948;0.36374;-0.692942
536;3.815231;-3.555951;8.448108;0.007789;0.034748;0.01419;0.072448;0.364551;-0.693328
537;3.79002;-3.395538;8.373333;-0.002715;0.052331;0.00016;0.075146;0.365074;-0.692388
538;3.595432;-3.79823;8.411622;-0.016331;0.014241;-0.003575;0.076005;0.364782;-0.691271
539;3.691903;-3.453273;8.282532;0.033912;0.011441;-0.020837;0.074859;0.365611;-0.69268
540;3.722098;-3.565468;8.413463;0.017065;0.002362;-0.04832;0.073768;0.365488;-0.693271
541;3.750683;-3.400153;8.326887;0.068391;-0.038917;-0.116516;0.072847;0.362573;-0.693666
542;3.771742;-3.157279;8.247912;0.038094;-0.074612;-0.164437;0.069215;0.362442;-0.694666
543;3.368521;-3.423921;8.239359;-0.012109;-0.122611;-0.191946;0.063004;0.364438;-0.696383
544;3.593288;-3.246981;8.248838;-0.126352;-0.222466;-0.113227;0.055606;0.365624;-0.693367
545;4.085502;-3.533067;8.717249;-0.184658;-0.046983;-0.064635;0.050992;0.36954;-0.69224
546;3.881158;-4.075964;8.667332;-0.1066;0.116554;0.061749;0.051098;0.375427;-0.689289
547;4.321922;-3.551133;8.441515;-0.083166;0.138769;0.161402;0.056399;0.377578;-0.688898
548;5.001425;-3.119116;7.854563;-0.105354;0.371272;0.237668;0.067482;0.37913;-0.684715
549;4.244913;-4.052359;7.806767;-0.227603;0.451952;0.173051;0.084857;0.38063;-0.681771
550;4.072208;-3.763732;8.288308;-0.163065;0.426607;0.328022;0.098657;0.386329;-0.678045
551;3.006282;-3.544781;8.170956;-0.211601;0.198765;0.159011;0.115681;0.388199;-0.674197
552;4.669855;-1.991379;5.864493;-0.410035;0.201687;0.367373;0.12169;0.394488;-0.669858
553;3.013317;-3.192888;9.584851;-0.363985;0.184255;-0.286097;0.136322;0.405713;-0.659679
554;0.369008;-9.038452;8.511305;-0.2345;0.023774;0.062822;0.130399;0.417992;-0.654399
555;1.965958;-3.483661;7.605787;0.277059;0.203626;0.193966;0.138543;0.410694;-0.656991
556;3.337774;-2.929219;8.234138;-0.017873;-0.179225;0.000822;0.1349;0.410833;-0.658129
557;3.035324;-5.349086;8.702511;0.056984;-0.114893;0.126433;0.132416;0.410402;-0.657596
558;2.753887;-4.011482;8.405485;0.192232;-0.045789;0.157838;0.132407;0.405854;-0.660965
559;3.76086;-3.274977;8.512256;0.074212;-0.059033;0.012288;0.133208;0.398796;-0.664507
560;3.243582;-4.241243;8.27132;0.059082;-0.063479;-0.079425;0.131294;0.396832;-0.665907
561;3.152082;-3.788173;8.350611;0.08449;-0.008771;-0.084625;0.129502;0.397974;-0.664568
562;3.224526;-4.031663;8.551693;0.033184;-0.005806;-0.153562;0.126731;0.398809;-0.6666
563;3.028559;-4.108806;8.465063;0.06604;-0.025163;-0.135307;0.123722;0.39778;-0.668477
564;3.301792;-3.759676;8.468334;0.040228;0.005009;-0.133952;0.120811;0.395116;-0.668857
565;3.487219;-3.860418;8.240524;0.05353;0.086262;-0.146069;0.120845;0.395432;-0.670588
566;3.062687;-4.0168;8.492431;0.076588;0.022175;-0.178693;0.118468;0.393958;-0.670694
567;2.831912;-4.093266;8.26947;0.115731;-0.100412;-0.243745;0.112178;0.395133;-0.671603
568;3.203633;-3.851191;8.343348;0.151816;-0.099803;-0.178143;0.107281;0.391862;-0.674474
569;3.385943;-3.992831;8.540707;0.11998;-0.076142;-0.103937;0.102734;0.388946;-0.675739
570;3.287457;-3.868862;8.482332;0.110479;-0.044442;-0.016548;0.101362;0.384736;-0.677331
571;3.286505;-3.693675;8.36159;0.043529;-0.021374;0.08196;0.1009;0.385162;-0.678428
572;2.845312;-4.162387;8.51717;0.10185;-0.065305;0.137134;0.099835;0.383905;-0.681122
573;3.581333;-3.133758;8.399986;0.1927;0.072236;0.288541;0.103858;0.377968;-0.681314
574;2.57184;-4.02;8.17098;0.224279;-0.143495;0.206812;0.108415;0.369133;-0.686736
575;3.282327;-3.416671;8.73716;0.170823;-0.109093;0.383711;0.109977;0.364009;-0.688146
576;3.554093;-4.0578;8.925495;0.20176;-0.219943;0.244106;0.107696;0.357871;-0.692144
577;4.134881;-3.427271;8.897908;0.338894;-0.231777;-0.099248;0.102748;0.349741;-0.696787
578;3.733314;-1.318338;6.595898;0.272895;-0.320329;-0.382657;0.087414;0.341826;-0.702285
579;4.012761;-2.288094;8.513448;-0.17217;-0.273113;-0.467699;0.074151;0.343849;-0.702141
580;3.983375;-3.976804;9.208031;-0.105422;0.037726;-0.153822;0.0673;0.34906;-0.7005
581;3.536326;-4.253403;9.252639;-0.044521;0.074918;-0.020854;0.068798;0.350503;-0.699513
582;3.651744;-3.046043;8.313313;-0.022827;0.117696;-0.006413;0.069596;0.351827;-0.699227
583;3.641848;-2.944416;8.35747;-0.091728;0.10259;0.075895;0.073602;0.354217;-0.698249
584;3.659059;-3.769214;8.426729;-0.032307;0.062193;0.019057;0.078991;0.355794;-0.696381
585;3.854261;-3.258546;8.619856;0.033017;0.070954;0.015118;0.081903;0.354233;-0.696719
586;3.657966;-3.39086;8.411436;-0.005434;0.045198;-0.003431;0.080689;0.355819;-0.696817
587;3.529903;-3.351214;8.243113;-0.030616;-1.5e-05;-0.023935;0.080195;0.355797;-0.69618
588;3.466765;-3.434008;8.315268;-0.003304;-0.045039;-0.011082;0.080455;0.35633;-0.696175
589;3.614017;-3.390997;8.440334;-0.021947;-0.030953;-0.021491;0.080529;0.359002;-0.696753
590;3.64689;-3.542145;8.602704;-0.011532;-0.055603;-0.005714;0.079909;0.358315;-0.696111
591;3.731694;-3.222071;8.602255;0.015188;-0.02525;0.028965;0.076056;0.358821;-0.696205
592;3.712274;-3.483263;8.462392;-0.011513;-0.01728;0.026516;0.076708;0.35929;-0.693918
593;3.71674;-3.289399;8.487613;0.036843;0.00665;0.040501;0.077174;0.358534;-0.695206
594;3.794726;-3.25514;8.422618;0.021018;0.015322;0.015795;0.077768;0.357518;-0.696615
595;3.714488;-3.393557;8.465246;0.010225;0.004682;0.014018;0.077383;0.356981;-0.696494
596;3.645554;-3.313312;8.421437;0.012171;0.03567;0.02128;0.079051;0.357744;-0.694953
597;3.662921;-3.366768;8.443176;-0.02703;0.032859;-0.002425;0.079283;0.358819;-0.695359
598;3.643067;-3.337427;8.394574;-0.0234;0.035488;-0.005108;0.07981;0.358561;-0.695457
599;3.560552;-3.54614;8.432006;-0.007358;0.015056;-0.010726;0.079419;0.359875;-0.695105
600;3.574993;-3.405672;8.466765;0.007844;0.021259;-0.007238;0.080599;0.359362;-0.695428
601;3.565593;-3.599487;8.431793;0.010095;-0.01477;0.017418;0.0804;0.359986;-0.694122
602;3.68485;-3.349726;8.428804;0.040638;-0.006008;0.008376;0.080107;0.359734;-0.694665
603;3.698051;-3.479012;8.58386;0.026312;-0.034518;-0.016568;0.07932;0.36085;-0.696724
604;3.745332;-3.218339;8.337408;0.040943;-0.031197;-0.046866;0.078414;0.358587;-0.696732
605;3.720716;-3.119086;8.37174;0.005492;-0.036883;-0.095498;0.075382;0.359683;-0.698651
606;3.657824;-3.289186;8.44593;-0.006238;0.012144;-0.145857;0.075017;0.357878;-0.69598
607;3.433329;-3.369806;8.573012;-0.044094;-0.028596;-0.152919;0.071584;0.360487;-0.695293
608;3.42808;-3.415276;8.451237;-0.069314;-0.017677;-0.122431;0.069708;0.362597;-0.695305
609;3.740933;-3.289042;8.414841;-0.085813;0.005948;-0.059859;0.066646;0.364362;-0.692854
610;4.142651;-3.187912;8.549026;-0.13456;0.051831;-0.08314;0.064269;0.368302;-0.691999
611;4.15781;-3.372164;8.540985;-0.190273;0.047689;0.042649;0.066368;0.37222;-0.689298
612;3.894602;-3.88108;8.486001;-0.059138;0.190416;0.122242;0.071737;0.376977;-0.687225
613;3.847837;-3.384706;8.142819;-0.018053;0.203891;0.144259;0.078174;0.377248;-0.685804
614;3.0244;-4.472215;8.400179;0.041286;0.191805;0.117642;0.08829;0.375977;-0.68521
615;3.394363;-3.585128;8.474561;0.05232;0.076653;0.175812;0.093612;0.374155;-0.685141
616;3.892376;-2.848831;8.636545;-0.1368;-0.196156;0.265024;0.098598;0.374745;-0.685934
617;5.164773;0.045839;6.766477;-0.436246;0.181014;0.213153;0.102522;0.381264;-0.68092
618;3.396821;-5.591747;10.200941;-0.735243;-0.054888;-0.382392;0.109197;0.396994;-0.67247
619;-0.16368;-7.723028;7.801845;0.142382;0.257436;0.149078;0.108403;0.406093;-0.666044
620;3.1558;-1.418917;7.826698;0.412796;0.07204;0.082374;0.114339;0.394071;-0.671062
621;3.921605;-3.69752;8.632848;-0.189407;-0.183759;-0.0387;0.110975;0.39513;-0.671803
622;2.842622;-5.161434;9.008456;0.067155;-0.013954;0.159793;0.109757;0.397115;-0.67191
623;3.26199;-3.575216;8.434902;0.177983;-0.108088;0.090187;0.109724;0.391322;-0.673529
624;3.77862;-3.069698;8.190018;0.064941;-0.09864;0.021068;0.106214;0.387438;-0.677773
625;3.519219;-3.904141;8.255105;0.02751;-0.088082;0.023942;0.104919;0.387677;-0.677186
626;3.330645;-3.749356;8.342161;0.038177;-0.091678;0.02383;0.102873;0.387032;-0.678352
627;3.649013;-3.749562;8.375712;0.082597;-0.110915;-0.054837;0.099493;0.386182;-0.67733
628;3.321933;-4.021366;8.428371;0.062055;-0.068285;-0.022518;0.097236;0.38386;-0.680204
629;3.332181;-4.179017;8.435006;0.072668;-0.057471;0.004107;0.093484;0.381214;-0.681429
630;3.580791;-3.643628;8.531343;0.036101;-0.002417;0.020826;0.093288;0.380189;-0.682749
631;3.610018;-3.802938;8.382522;0.007047;0.020358;-0.009069;0.092546;0.381212;-0.681614
632;3.653538;-3.647601;8.351899;0.022606;0.07341;-0.006219;0.096;0.380704;-0.681543
633;3.546078;-3.667235;8.402195;0.008614;0.046348;-0.067621;0.096549;0.379774;-0.681361
634;3.482219;-3.674211;8.343434;0.030193;0.037338;-0.083865;0.096165;0.379173;-0.683631
635;3.697118;-3.381178;8.414151;0.012609;0.067292;-0.103045;0.096495;0.380726;-0.68218
636;3.418895;-3.674609;8.425689;0.021005;0.031299;-0.166524;0.096195;0.381798;-0.682616
637;3.470551;-3.885168;8.3424;0.020011;0.008327;-0.167552;0.093332;0.379506;-0.682069
638;3.460827;-3.706427;8.484138;0.02066;0.22477;-0.17349;0.094911;0.382428;-0.68177
639;3.380239;-3.694578;8.542034;-0.008111;0.070015;-0.186535;0.097241;0.381348;-0.680555
640;3.531292;-3.522116;8.47812;0.024647;0.072166;-0.144066;0.096831;0.382408;-0.680598
641;3.085549;-3.683704;8.311789;0.052779;0.093988;-0.060694;0.097364;0.382279;-0.680566
642;2.540644;-4.061866;8.301857;0.043247;-0.004301;0.032977;0.097808;0.380874;-0.682374
643;2.902627;-3.899604;8.333987;0.105949;-0.05597;0.187875;0.097536;0.37731;-0.683119
644;2.190286;-4.109779;8.192537;0.248628;-0.230121;0.319896;0.097538;0.371041;-0.686588
645;3.558786;-3.239437;8.195186;0.309198;-0.240322;0.537535;0.095616;0.362416;-0.691715
646;4.082405;-3.496659;9.201109;0.157395;-0.336033;0.290262;0.093754;0.354421;-0.695655
647;4.902596;-3.141023;8.855311;0.199635;-0.282561;-0.087542;0.086933;0.350776;-0.699824
648;4.43643;-1.428514;7.282739;0.213543;-0.272931;-0.532966;0.072526;0.343195;-0.702885
649;4.524647;-1.698188;8.366148;-0.214419;-0.189994;-0.488089;0.057315;0.347101;-0.704082
650;3.937592;-3.824813;8.875436;-0.253816;-0.004927;-0.31021;0.049694;0.355199;-0.701476
651;3.333511;-4.710568;9.028111;-0.144518;-0.058647;-0.147111;0.047246;0.360885;-0.696805
652;3.78043;-3.719608;8.199214;0.004848;0.017318;0.038983;0.045167;0.363295;-0.698031
653;3.890489;-3.218613;7.898338;-0.021141;0.045958;0.064328;0.047055;0.362235;-0.697639
654;4.180103;-2.987606;8.251193;-0.073328;0.104033;0.026031;0.054476;0.364332;-0.694868
655;4.181889;-3.410328;8.41213;-0.082259;0.105781;0.028726;0.057116;0.368054;-0.694391
656;4.045184;-3.517118;8.435111;-0.060268;0.077625;-0.05078;0.057313;0.368946;-0.693068
657;3.990211;-3.443212;8.201763;-0.030192;0.053104;-0.024487;0.059209;0.371183;-0.691941
658;3.672505;-3.550167;8.262524;-0.046433;0.05583;-0.008397;0.061157;0.371941;-0.690118
659;3.673294;-3.763814;8.315029;-0.032747;0.011059;0.030348;0.060892;0.371939;-0.690133
660;3.757046;-3.677483;8.507963;-0.010654;0.005019;0.051505;0.062744;0.374067;-0.689803
661;3.766219;-3.473716;8.491936;0.015298;0.022786;0.063865;0.063427;0.373797;-0.689494
662;3.821876;-3.354501;8.410177;0.04679;0.023514;0.046738;0.06386;0.373322;-0.69132
663;3.902136;-3.245109;8.352832;0.033326;0.013806;0.042378;0.064627;0.372085;-0.689659
664;3.848547;-3.315516;8.371627;0.017746;0.03553;-7.7e-05;0.066132;0.37082;-0.691411
665;3.780214;-3.41485;8.35617;0.010691;0.023861;-0.019669;0.066958;0.369622;-0.691076
666;3.682218;-3.443741;8.316545;0.003616;0.034459;-0.019575;0.068186;0.3708;-0.690232
667;3.714172;-3.424576;8.363012;-0.00556;0.02489;-0.003536;0.069234;0.370814;-0.690438
668;3.770151;-3.385511;8.307628;-0.014406;0.025717;-0.014116;0.067409;0.372898;-0.689518
669;3.743344;-3.388076;8.33662;-0.03234;0.018629;-0.017567;0.06878;0.373148;-0.688648
670;3.726265;-3.419559;8.32908;-0.037764;-0.007121;-0.031894;0.068887;0.374149;-0.686535
671;3.672863;-3.56995;8.340219;-0.03782;0.002724;-0.014976;0.068757;0.375932;-0.688569
672;3.560614;-3.758875;8.299776;0.014181;-0.016988;-0.035117;0.065624;0.37615;-0.687687
673;3.771501;-3.749689;8.39834;0.050763;-0.032923;-0.036356;0.066421;0.376883;-0.689915
674;3.992925;-3.267138;8.392179;0.063982;0.01801;0.020819;0.064749;0.375129;-0.689311
675;3.994904;-3.10464;8.385642;0.022714;0.019023;0.028302;0.064734;0.373816;-0.689819
676;3.858191;-3.303249;8.342574;-0.013934;0.026138;0.032147;0.066466;0.373427;-0.689714
677;3.726912;-3.647528;8.335335;-0.007416;0.011645;-0.001843;0.066646;0.37314;-0.688901
678;3.541377;-3.880137;8.303966;0.053559;0.000784;-0.016694;0.06658;0.371061;-0.69046
679;3.702482;-3.483262;8.462332;0.090852;-0.004365;0.00262;0.065488;0.37239;-0.690812
680;3.775523;-3.43444;8.394943;0.107208;-0.002805;-0.022387;0.065123;0.369271;-0.693166
681;3.780073;-3.250348;8.434704;0.089106;0.006279;0.002736;0.066023;0.365921;-0.691855
682;3.858083;-3.158121;8.416158;0.079754;-0.016435;0.028504;0.065634;0.365059;-0.694253
683;3.801829;-3.187174;8.408387;0.074225;-0.03586;0.0311;0.06469;0.363608;-0.69481
684;3.86024;-3.138422;8.355493;0.049187;-0.032266;0.03134;0.06486;0.360157;-0.694735
685;3.794393;-3.19189;8.381582;0.013484;-0.043032;0.010219;0.065081;0.360181;-0.69552
686;3.985246;-3.143472;8.392697;-0.023798;-0.016566;-0.005301;0.064014;0.360573;-0.695588
687;3.863598;-3.386054;8.415151;-0.066384;0.011571;-0.022638;0.063577;0.361974;-0.693646
688;3.678061;-3.427751;8.515912;-0.05058;0.004659;0.004728;0.063781;0.363592;-0.694462
689;3.685142;-3.41534;8.457675;-0.029103;0.004666;0.00722;0.063301;0.366335;-0.69308
690;3.799441;-3.254912;8.376464;0.002846;-0.014631;0.022898;0.064304;0.366504;-0.69409
691;3.816827;-3.354308;8.371256;0.019351;-0.004344;-0.010984;0.062808;0.36618;-0.69244
692;3.841718;-3.386243;8.453907;0.014063;0.011576;-0.009076;0.062112;0.366985;-0.692893
693;3.849218;-3.415438;8.473265;0.019282;-0.003412;-0.003866;0.063226;0.365117;-0.692264
694;3.814137;-3.317755;8.334946;0.012191;0.015256;0.005189;0.062482;0.364889;-0.693763
695;3.792101;-3.390244;8.283434;-0.002148;-0.004269;-0.006372;0.062134;0.366382;-0.695007
696;3.790427;-3.499961;8.404458;0.025706;-0.009784;-0.023538;0.062984;0.364907;-0.694267
697;3.931798;-3.308302;8.381894;0.02656;-0.018622;-0.028879;0.062149;0.366375;-0.69474
698;3.877774;-3.288752;8.352483;0.000792;-9.6e-05;-0.035688;0.060419;0.366498;-0.69484
699;3.888006;-3.366635;8.410527;0.003145;-0.023811;-0.017168;0.059822;0.364347;-0.694036
700;3.890311;-3.327791;8.400996;0.001296;-0.009509;0.000713;0.058671;0.365638;-0.693062
701;3.841497;-3.332801;8.434704;0.002597;0.021211;-0.021371;0.059062;0.365644;-0.693173
702;3.902645;-3.352077;8.408253;0.000262;0.021781;-0.059579;0.058105;0.366708;-0.693513
703;3.926806;-3.230852;8.411386;-0.005971;0.020856;-0.066625;0.059538;0.366732;-0.693964
704;3.851424;-3.347471;8.459004;-0.006616;0.042833;-0.076311;0.057958;0.368035;-0.693546
705;3.868714;-3.424996;8.444173;-0.039625;0.01163;-0.011302;0.057704;0.368292;-0.6933
706;4.03456;-3.129423;8.492723;-0.047961;0.067977;-0.041986;0.058834;0.371037;-0.69156
707;4.156303;-3.234945;8.252348;-0.110393;0.0733;-0.055673;0.059159;0.372328;-0.690238
708;4.063875;-3.279177;8.373115;-0.13277;0.135561;-0.008047;0.062834;0.375341;-0.687962
709;3.95673;-3.453867;8.395967;-0.093512;0.221962;-0.021289;0.069376;0.377475;-0.686703
710;3.392166;-3.769101;8.410508;-0.045678;0.199161;0.022523;0.075225;0.380809;-0.685772
711;3.12582;-3.991998;8.378688;0.02154;0.132226;0.065998;0.079685;0.381588;-0.684074
712;3.254326;-3.64731;8.303267;0.064806;0.052692;0.065285;0.083112;0.37951;-0.684771
713;3.496164;-3.400209;8.344771;0.050503;0.01443;0.026148;0.0845;0.379487;-0.68363
714;3.671804;-3.249634;8.293061;0.036962;-0.013876;0.014597;0.084379;0.375651;-0.684095
715;3.654576;-3.208434;8.298005;-0.004044;-0.025583;-0.016246;0.082591;0.375804;-0.685262
716;3.510997;-3.376228;8.398448;-0.011712;-0.01712;-0.053528;0.082998;0.378443;-0.684625
717;3.494139;-3.429739;8.43213;-0.011088;-0.031103;-0.034054;0.080737;0.378563;-0.684755
718;3.489814;-3.541616;8.499652;0.003089;-0.043453;-0.027138;0.079143;0.379742;-0.684601
719;3.560721;-3.541519;8.478211;-0.002381;-0.064683;-0.032531;0.077512;0.380412;-0.685237
720;3.677814;-3.371861;8.491858;0.013933;-0.018614;-0.020817;0.075811;0.379199;-0.685044
721;3.692512;-3.41054;8.467464;0.020902;-0.038883;-0.013873;0.074865;0.379335;-0.685366
722;3.658167;-3.468441;8.408652;0.019281;-0.023897;-0.018241;0.073794;0.380653;-0.685318
723;3.82412;-3.187502;8.474153;-0.014537;-0.010723;-0.037387;0.072748;0.379713;-0.685227
724;3.65816;-3.458766;8.413558;-0.028877;-0.004444;-0.023964;0.071991;0.380744;-0.684359
725;3.69267;-3.521901;8.430496;-0.016159;0.025626;-0.019466;0.071773;0.382435;-0.683207
726;3.614444;-3.63319;8.380894;-0.025415;0.020615;0.014344;0.073103;0.383102;-0.683012
727;3.687792;-3.500173;8.450011;-0.013896;0.018914;0.022275;0.074379;0.383929;-0.683753
728;3.687493;-3.478049;8.389342;-0.002225;0.02067;0.021301;0.075008;0.38309;-0.682107
729;3.609115;-3.519067;8.349783;-0.002455;-0.00046;0.031841;0.074633;0.384993;-0.683759
730;3.541245;-3.73981;8.367804;0.019044;-0.020971;0.017286;0.074435;0.384165;-0.682691
731;3.722006;-3.454191;8.467446;0.0501;-0.01453;0.04648;0.074624;0.383149;-0.684256
732;3.721515;-3.410076;8.372847;0.028855;-0.01649;0.019083;0.075628;0.382526;-0.685383
733;3.657781;-3.431709;8.335896;0.031789;-0.02386;-0.013895;0.074441;0.382313;-0.682922
734;3.746382;-3.468563;8.431069;0.030053;-0.009686;-0.010237;0.073037;0.380364;-0.684691
735;3.776157;-3.464235;8.535792;0.012085;-0.011417;-0.007422;0.073715;0.378379;-0.684748
736;3.638699;-3.521748;8.400997;0.012043;-0.018467;-0.003936;0.072595;0.380251;-0.685511
737;3.604023;-3.429408;8.362315;0.019206;-0.008688;0.003177;0.071987;0.380483;-0.684487
738;3.736243;-3.400463;8.389996;0.012028;0.010046;0.019367;0.071079;0.379742;-0.68665
739;3.780913;-3.430228;8.523824;0.017687;0.01683;-0.01087;0.071201;0.380805;-0.686663
740;3.721872;-3.454023;8.433416;0.031761;0.001067;0.007588;0.073681;0.378793;-0.68529
741;3.645775;-3.405419;8.413726;0.021089;0.020576;0.014888;0.073627;0.379085;-0.686228
742;3.633307;-3.419629;8.345524;0.012361;0.016828;-0.011742;0.073231;0.378817;-0.686246
743;3.675638;-3.507529;8.466918;0.026431;-0.006108;-0.00309;0.072349;0.379051;-0.685369
744;3.741264;-3.40062;8.421625;0.02196;-0.003414;-0.002126;0.072148;0.377897;-0.686821
745;3.667659;-3.385903;8.389642;0.013878;-0.000715;0.00328;0.07216;0.377495;-0.686679
746;3.677825;-3.470953;8.425776;0.030002;-0.011429;-0.005811;0.071646;0.377879;-0.686317
747;3.729059;-3.395828;8.433726;0.019285;-0.00788;-0.007463;0.071531;0.378994;-0.688205
748;3.751095;-3.369255;8.453428;0.001449;0.009868;-0.001879;0.072203;0.378265;-0.685761
749;3.604549;-3.584728;8.388347;-0.002916;0.004436;-0.013487;0.071392;0.378135;-0.686071
750;3.716705;-3.410183;8.394693;0.042558;0.00279;0.003067;0.070807;0.378952;-0.686916
751;3.765875;-3.403205;8.453364;0.009715;0.009657;-0.02507;0.071002;0.376676;-0.686198
752;3.736196;-3.361738;8.404757;0.010344;0.00459;0.001574;0.071993;0.379228;-0.686987
753;3.64835;-3.473242;8.398848;0.012154;-0.000779;-0.002945;0.07125;0.377611;-0.686334
754;3.711908;-3.376475;8.443432;-0.005767;0.001025;-0.002763;0.069922;0.377471;-0.686406
755;3.751027;-3.400585;8.414393;0.008698;0.013352;-0.007261;0.070578;0.378271;-0.686385
756;3.668084;-3.507264;8.413397;-0.007507;0.007225;-7.5e-05;0.07135;0.380006;-0.686507
757;3.770626;-3.381274;8.431617;0.006614;-0.000597;0.014029;0.071246;0.37867;-0.686222
758;3.67306;-3.512198;8.43042;-0.00219;-0.004305;-0.003736;0.071568;0.377586;-0.685386
759;3.694644;-3.448808;8.360352;0.00504;0.006327;-0.00195;0.071522;0.377742;-0.686189
760;3.760836;-3.371609;8.438893;0.010323;0.018846;0.014991;0.071027;0.377059;-0.685672
761;3.589778;-3.497625;8.427546;0.005096;-0.006238;-0.019823;0.072202;0.379718;-0.685523
762;3.662856;-3.473016;8.352754;0.021981;-0.004308;-0.002155;0.07059;0.379189;-0.686003
763;3.697303;-3.463574;8.404053;0.022898;0.002776;-0.000338;0.072348;0.379184;-0.685372
764;3.72678;-3.444372;8.443213;0.020902;-0.002368;0.017443;0.071539;0.380242;-0.685438
765;3.692293;-3.386099;8.428683;0.012133;-0.000769;-0.002925;0.071431;0.379304;-0.68516
766;3.733859;-3.395709;8.409449;-0.005734;0.002795;-0.003644;0.070577;0.379724;-0.686147
767;3.741194;-3.402949;8.402168;0.017394;0.007371;0.017531;0.071048;0.37989;-0.687186
768;3.809892;-3.364486;8.468395;-0.003246;0.033243;0.041865;0.070613;0.380498;-0.685362
769;3.692477;-3.492659;8.40146;0.007603;0.033136;0.033734;0.073774;0.379078;-0.685954
770;3.927071;-3.30368;8.42807;0.001103;0.051204;0.071295;0.074368;0.378785;-0.684852
771;3.675388;-3.492716;8.413508;-0.034371;0.138106;0.107551;0.079385;0.379227;-0.685109
772;3.555436;-3.584528;8.349154;-0.032809;0.13478;0.134163;0.084215;0.379891;-0.683919
773;3.125891;-3.76493;8.554737;0.031845;0.200199;0.162346;0.093609;0.379238;-0.681916
774;2.75934;-4.118511;8.47309;0.066365;0.115983;0.248644;0.10044;0.377206;-0.683352
775;2.713433;-4.49207;8.991275;0.089346;-0.001417;0.382942;0.107639;0.375254;-0.68291
776;3.333575;-4.130017;8.824153;0.304855;-0.062676;0.259163;0.111279;0.368583;-0.685368
777;3.852147;-2.242043;7.540387;0.400429;-0.21345;-0.144919;0.107055;0.357723;-0.691779
778;3.968733;-1.593269;7.757968;0.024902;-0.270562;-0.2665;0.096218;0.352549;-0.694551
779;3.631926;-3.622199;9.100543;-0.087688;-0.158017;-0.1977;0.086669;0.354006;-0.696844
780;3.541615;-4.099237;9.459987;-0.043025;-0.061068;-0.005556;0.083474;0.357159;-0.696553
781;3.413524;-3.439606;8.468051;0.013701;-0.021099;0.004906;0.08072;0.359765;-0.695561
782;3.578309;-3.118536;8.263918;-0.070668;-0.003777;0.043106;0.081615;0.358927;-0.6939
783;3.68506;-3.34274;8.487174;-0.031769;0.066936;0.053824;0.084245;0.362918;-0.693562
784;3.756432;-3.299729;8.614206;0.017756;0.046966;0.000867;0.086528;0.359416;-0.691241
785;3.712383;-3.333573;8.594336;-0.027671;0.036111;-0.033507;0.085964;0.359694;-0.691809
786;3.489077;-3.424696;8.39323;-0.037547;0.046872;-0.014749;0.085832;0.362334;-0.691335
787;3.425723;-3.603883;8.343409;-0.03063;0.018651;-0.005212;0.086905;0.364184;-0.690778
788;3.408919;-3.560798;8.457747;0.024597;-0.009678;-0.000476;0.08554;0.363402;-0.691638
789;3.511727;-3.490722;8.504881;0.017245;-0.025502;0.005752;0.086473;0.364462;-0.691339
790;3.560256;-3.398359;8.459416;0.00833;-0.027288;-0.000389;0.086379;0.36497;-0.690557
791;3.624191;-3.507473;8.45688;0.031808;-0.017699;-0.012986;0.085383;0.364206;-0.691928
792;3.616719;-3.425149;8.481517;0.038702;-0.027252;0.007369;0.082988;0.363798;-0.692188
793;3.619048;-3.367002;8.49152;0.036971;-0.009518;0.013712;0.083938;0.362604;-0.691979
794;3.580405;-3.483651;8.544226;0.024317;-0.018301;0.020861;0.084221;0.361082;-0.694326
795;3.643955;-3.432788;8.554571;0.04315;0.004791;0.035074;0.084531;0.35974;-0.693751
796;3.613461;-3.267055;8.384991;0.047922;0.007205;0.004829;0.084432;0.358666;-0.693338
797;3.63384;-3.313971;8.555052;0.000369;-0.004263;0.003382;0.085464;0.35816;-0.693935
798;3.551194;-3.551517;8.538876;0.015531;0.001128;0.019244;0.083797;0.360036;-0.694994
799;3.625909;-3.192405;8.489929;0.032025;0.020309;-0.013628;0.085174;0.358302;-0.694352
800;3.540939;-3.430107;8.505337;-0.000604;-0.014855;0.006858;0.085926;0.358462;-0.69511
801;3.596719;-3.243381;8.501671;0.018501;0.014184;-0.007336;0.085691;0.358313;-0.694589
802;3.533681;-3.391549;8.554083;0.008609;-0.014263;-0.024331;0.084918;0.357371;-0.694349
803;3.58724;-3.330769;8.520658;0.008947;0.010341;-0.042859;0.084601;0.358056;-0.695177
804;3.642716;-3.109831;8.463671;-0.00164;0.019112;-0.056025;0.083757;0.358271;-0.693634
805;3.560319;-3.34769;8.510694;-0.06087;-0.013619;-0.06376;0.082506;0.359877;-0.6944
806;3.55517;-3.373954;8.427897;-0.067614;0.030512;-0.072368;0.082723;0.362343;-0.692441
807;3.59467;-3.376793;8.510772;-0.058739;0.028774;-0.067107;0.081165;0.364296;-0.691503
808;3.613263;-3.26439;8.336388;-0.044027;0.010632;-0.12333;0.082703;0.366182;-0.692116
809;3.579729;-3.403055;8.427916;-0.082331;-0.00645;-0.057327;0.079574;0.370095;-0.690506
810;3.658144;-3.502245;8.379329;-0.062501;-0.002109;-0.065474;0.079366;0.372176;-0.689096
811;3.658729;-3.594808;8.463984;-0.019484;0.012899;-0.058646;0.078043;0.372297;-0.68904
812;3.761069;-3.408149;8.472757;-0.028717;0.013192;-0.030071;0.078979;0.373815;-0.686225
813;3.609399;-3.483175;8.447177;-0.021548;0.018498;-0.024801;0.078148;0.374884;-0.686691
814;3.411559;-3.691534;8.415843;0.011653;0.016588;-0.030482;0.078631;0.375309;-0.687469
815;3.467553;-3.555825;8.431391;0.031767;-0.00967;-0.000526;0.077802;0.376112;-0.68793
816;3.618921;-3.369258;8.457479;0.040754;-0.008819;-0.007658;0.078351;0.374522;-0.687869
817;3.706965;-3.345;8.453268;0.022784;-0.032744;-0.020069;0.076895;0.375303;-0.6877
818;3.711945;-3.362022;8.462944;0.017373;-0.013117;0.00053;0.07526;0.374258;-0.688702
819;3.609381;-3.497652;8.432527;0.003001;-0.02462;-0.000338;0.075577;0.372913;-0.687995
820;3.65797;-3.402948;8.404089;0.02459;-0.024736;-0.012945;0.073757;0.373214;-0.689697
821;3.623957;-3.449182;8.437699;-0.005837;-0.044309;-0.030594;0.073796;0.373723;-0.688908
822;3.692339;-3.410323;8.423712;0.017543;-0.021281;-0.023534;0.073113;0.374716;-0.686706
823;3.780272;-3.313429;8.441709;0.008408;-0.030875;-0.012811;0.070121;0.373413;-0.688312
824;3.794981;-3.373871;8.405062;-0.018173;-0.009732;-0.024936;0.070829;0.373596;-0.68987
825;3.765842;-3.46841;8.39959;-0.012678;0.011506;-0.019551;0.069813;0.374622;-0.688883
826;3.822104;-3.410368;8.429369;0.008669;0.016954;-0.001007;0.070603;0.373901;-0.686699
827;3.702332;-3.449242;8.447903;-0.000471;-0.002462;0.004276;0.071097;0.375376;-0.687098
828;3.694664;-3.463333;8.355424;-0.006693;-0.000681;0.003442;0.070499;0.375407;-0.688328
829;3.76548;-3.405125;8.351263;-0.002269;0.003829;0.012341;0.071032;0.374617;-0.688416
830;3.714653;-3.538758;8.406247;0.006755;0.003726;0.005127;0.070769;0.37501;-0.688305
831;3.746444;-3.526639;8.406497;0.013963;0.008128;0.003319;0.07171;0.376066;-0.687874
832;3.731351;-3.366635;8.414428;0.02099;0.006449;0.013944;0.071566;0.374355;-0.688381
833;3.684971;-3.429625;8.404133;0.01218;0.011658;0.003357;0.071705;0.375145;-0.688122
834;3.6336;-3.415164;8.423329;0.046025;-0.007813;0.006526;0.071542;0.373839;-0.688904
835;3.645845;-3.40309;8.433183;0.020889;-0.007715;0.013851;0.07236;0.373305;-0.688582
836;3.697519;-3.451762;8.467307;0.006708;-0.000717;0.003337;0.07421;0.373717;-0.688618
837;3.723854;-3.366441;8.375491;0.018138;-0.009388;0.020994;0.073918;0.373333;-0.689159
838;3.677752;-3.468445;8.408772;0.017583;-0.004401;-0.012785;0.073969;0.374759;-0.687987
839;3.755804;-3.342439;8.424411;0.016676;0.012522;-0.000208;0.071903;0.373264;-0.687278
840;3.701977;-3.356967;8.421584;-0.000536;0.003835;0.015883;0.07251;0.373165;-0.688305
841;3.692138;-3.364156;8.404475;-0.025338;0.013396;-0.006095;0.072893;0.372515;-0.68867
842;3.585057;-3.541343;8.4419;0.001505;0.011575;-0.0037;0.07373;0.373688;-0.687715
843;3.604169;-3.419925;8.406112;0.005141;0.014193;-0.009031;0.073486;0.373675;-0.68733
844;3.633429;-3.398034;8.391807;-0.002159;-0.006121;-0.009961;0.075503;0.373611;-0.689208
845;3.726732;-3.405647;8.457974;-0.009286;-0.002591;-0.012536;0.073993;0.373955;-0.687705
846;3.673213;-3.551056;8.442397;0.005008;0.0001;-0.003777;0.073265;0.3757;-0.688576
847;3.714522;-3.458847;8.428488;0.003259;0.000957;-0.009074;0.073293;0.375157;-0.688166
848;3.711718;-3.390736;8.385029;0.003286;0.016961;0.0008;0.072506;0.375544;-0.687952
849;3.74115;-3.369061;8.414476;0.006945;0.020432;-0.006316;0.073389;0.375177;-0.688825
850;3.790416;-3.400868;8.47054;0.005866;0.009928;0.005201;0.072229;0.375151;-0.688226
851;3.682747;-3.480654;8.425762;0.012167;0.002767;-0.002032;0.072234;0.374753;-0.688218
852;3.723931;-3.373788;8.390042;0.003179;-0.000734;-0.001956;0.072526;0.375005;-0.687675
853;3.667832;-3.39337;8.4285;-0.01646;0.001877;-0.007126;0.073595;0.376593;-0.687246
854;3.595023;-3.633391;8.422095;-0.010157;0.005404;-0.003649;0.070927;0.376054;-0.687652
855;3.640923;-3.47072;8.379368;0.012157;0.004565;0.001528;0.072299;0.374191;-0.687141
856;3.702411;-3.47834;8.44777;0.005058;0.004498;-0.007296;0.072837;0.374984;-0.686859
857;3.755963;-3.415135;8.414357;0.021085;0.010816;0.007739;0.071454;0.375796;-0.68775
858;3.755702;-3.308479;8.422134;0.021117;0.017;0.006898;0.07206;0.37517;-0.6889
859;3.785028;-3.318087;8.402825;0.012237;0.024075;0.005233;0.072946;0.375128;-0.687255
860;3.848927;-3.364325;8.434606;-0.020122;0.041164;0.034049;0.073479;0.375659;-0.687102
861;3.872991;-3.344473;8.342477;-0.04872;0.107057;0.084435;0.077282;0.375707;-0.687819
862;3.6343;-3.638367;8.446621;-0.036166;0.170148;0.136165;0.082454;0.377522;-0.685037
863;3.344473;-3.530789;8.275185;0.039461;0.170508;0.09016;0.088615;0.376608;-0.684008
864;2.982742;-3.574956;8.389438;0.074448;0.175607;0.184984;0.097779;0.374683;-0.683986
865;2.722184;-4.396519;8.792447;0.036109;-0.084531;0.263794;0.099831;0.374073;-0.685321
866;3.409241;-4.216746;8.707546;0.220238;-0.068268;0.210032;0.103689;0.369736;-0.685818
867;3.752272;-2.690367;7.977685;0.353945;-0.125501;-0.084559;0.099583;0.360267;-0.689857
868;3.70705;-1.772376;7.697207;0.055567;-0.245033;-0.266685;0.091277;0.355305;-0.694749
869;3.835005;-3.256539;8.704822;-0.123135;-0.192874;-0.263321;0.081849;0.358485;-0.696935
870;3.726337;-3.841443;9.30187;-0.039742;-0.018863;-0.039087;0.075647;0.359748;-0.696245
871;3.552357;-3.818799;8.649474;-0.052577;-0.016538;0.014341;0.075863;0.364327;-0.693928
872;3.611962;-3.185427;8.059638;-0.015129;0.013133;0.060513;0.074726;0.36429;-0.692929
873;3.62298;-3.201467;8.361041;0.000473;0.034861;0.026718;0.077295;0.364351;-0.69438
874;3.806514;-3.639462;8.664006;0.006595;-0.025561;-0.005691;0.077605;0.365782;-0.693326
875;3.900259;-3.209577;8.523133;0.050969;0.005065;-0.042278;0.078983;0.362596;-0.692922
876;3.692091;-3.332681;8.414342;-0.007345;0.007938;-0.021384;0.076983;0.362455;-0.693165
877;3.613414;-3.351575;8.314114;-0.007413;0.013371;-0.006256;0.075845;0.365921;-0.693959
878;3.570863;-3.653122;8.489918;-0.014915;0.002989;0.024827;0.074075;0.365072;-0.692581
879;3.604357;-3.415328;8.457179;0.047839;-0.018541;-0.005999;0.076697;0.362332;-0.693578
880;3.692591;-3.323643;8.548076;0.008226;-0.030758;0.004963;0.077528;0.361923;-0.692992
881;3.65797;-3.434362;8.382069;0.031642;-0.006821;0.015542;0.07523;0.362723;-0.693668
882;3.69225;-3.328048;8.458117;0.056538;-0.012946;0.025997;0.075952;0.361509;-0.692807
883;3.702281;-3.374265;8.487136;0.047716;-0.01663;0.008262;0.075569;0.360775;-0.695073
884;3.765753;-3.231475;8.541654;0.036973;0.008283;0.024521;0.076111;0.359188;-0.695146
885;3.682483;-3.323245;8.467802;0.010165;0.000276;0.015779;0.074755;0.358931;-0.695749
886;3.66288;-3.299054;8.479945;0.029232;0.013323;-0.00476;0.076289;0.359034;-0.694335
887;3.633361;-3.298869;8.443305;0.03362;0.006294;0.000496;0.074898;0.358662;-0.695603
888;3.638225;-3.216666;8.492324;0.037162;0.009861;0.004946;0.076207;0.357755;-0.696043
889;3.658274;-3.28975;8.560173;-0.000501;-0.018528;-0.011795;0.076066;0.358551;-0.696066
890;3.74631;-3.318645;8.516829;-0.001989;0.011477;-0.019618;0.076684;0.35805;-0.696952
891;3.648188;-3.286963;8.487203;0.017692;0.007002;-0.021594;0.076383;0.357866;-0.695238
892;3.604193;-3.323293;8.479475;0.008949;0.024601;-0.030332;0.075849;0.358789;-0.695153
893;3.721746;-3.231541;8.555967;0.00555;0.02619;-0.053381;0.075712;0.359186;-0.695168
894;3.716681;-3.236161;8.509731;-0.062567;0.010349;-0.056464;0.075168;0.361698;-0.694981
895;3.631405;-3.396149;8.501185;-0.088193;0.042977;-0.065007;0.076661;0.362879;-0.694122
896;3.67958;-3.226012;8.419614;-0.085695;0.039629;-0.047232;0.076194;0.365748;-0.692475
897;3.78535;-3.267742;8.519732;-0.116222;0.049535;-0.030909;0.077078;0.367292;-0.690594
898;3.770864;-3.444403;8.448345;-0.101577;0.063482;-0.050547;0.078704;0.371246;-0.689248
899;3.555378;-3.538541;8.366379;-0.053386;0.069797;-0.024284;0.078977;0.373357;-0.688742
900;3.506383;-3.550573;8.349009;-0.030285;0.04947;-0.020147;0.079854;0.376226;-0.686753
901;3.569911;-3.555264;8.315347;-0.027246;0.076735;-0.036913;0.080432;0.376733;-0.6858
902;3.473218;-3.754949;8.488853;-0.001899;0.030961;-0.005393;0.08233;0.378045;-0.684788
903;3.567879;-3.567869;8.412505;0.035326;0.014413;0.022706;0.082866;0.37831;-0.68463
904;3.516173;-3.444243;8.422476;0.044075;-0.008566;0.024299;0.082852;0.376204;-0.685255
905;3.581824;-3.293867;8.413843;0.011823;-0.01473;0.019229;0.083639;0.375158;-0.685589
906;3.443113;-3.507541;8.475214;-0.006217;-0.045762;0.011159;0.082259;0.375044;-0.686595
907;3.57989;-3.420173;8.457006;0.036978;-0.046898;-0.015846;0.081205;0.375562;-0.686399
908;3.633459;-3.327991;8.448033;0.029704;-0.057451;-0.013153;0.078223;0.374783;-0.687748
909;3.763447;-3.333149;8.507145;0.017366;-0.056734;-0.036146;0.075978;0.374102;-0.687729
910;3.756159;-3.318719;8.531473;0.010139;-0.036201;-0.012856;0.074016;0.37381;-0.687302
911;3.643296;-3.45371;8.372168;0.004977;-0.023889;-0.019903;0.074814;0.374475;-0.687137
912;3.677796;-3.425002;8.450294;0.004811;-0.002388;0.014014;0.073117;0.374977;-0.686578
913;3.743905;-3.415361;8.460465;-0.003767;0.017731;-0.012472;0.073153;0.37516;-0.688307
914;3.726789;-3.468548;8.428518;-0.000135;0.02036;-0.014277;0.073048;0.375277;-0.687783
915;3.68741;-3.468278;8.374803;0.015774;0.022339;0.01227;0.074162;0.375389;-0.686792
916;3.657981;-3.448875;8.37471;0.010308;0.001069;0.005087;0.075609;0.375405;-0.686977
917;3.704627;-3.44905;8.409026;0.010456;0.005368;-0.009111;0.074147;0.376717;-0.686818
918;3.775797;-3.429951;8.467887;0.010281;0.008204;0.011373;0.07459;0.376036;-0.686116
919;3.643645;-3.512146;8.420517;0.010486;0.015116;-0.003742;0.074445;0.376507;-0.688658
920;3.62387;-3.473238;8.398697;0.004187;0.004475;-0.00908;0.074623;0.376485;-0.68785
921;3.638808;-3.488053;8.452197;0.021136;0.013399;0.004168;0.075661;0.376039;-0.685923
922;3.673147;-3.449478;8.496337;0.020917;-0.000637;0.015666;0.074725;0.375904;-0.686106
923;3.658147;-3.376587;8.467409;0.022775;0.011755;0.017503;0.074652;0.37515;-0.687558
924;3.614008;-3.405486;8.428115;0.012067;0.017082;0.019386;0.076687;0.373423;-0.687012
925;3.628847;-3.454008;8.432845;0.012167;0.016988;0.008709;0.076402;0.374488;-0.687181
926;3.653232;-3.415227;8.435603;0.026424;0.002798;0.00408;0.077151;0.374913;-0.687944
927;3.614093;-3.429758;8.432866;0.022907;0.002731;-0.003014;0.076148;0.374744;-0.686934
928;3.714046;-3.325338;8.399926;-0.00226;-0.004232;0.001632;0.077789;0.375987;-0.688194
929;3.677753;-3.405616;8.452812;-0.002244;0.00018;0.003418;0.076118;0.373439;-0.687708
930;3.677824;-3.425038;8.457585;0.000363;-0.002415;0.010494;0.076065;0.375579;-0.688283
931;3.672735;-3.395796;8.428519;-0.011108;0.014351;0.005345;0.075715;0.375816;-0.687377
932;3.697239;-3.453827;8.394375;-0.02356;0.003631;-0.01062;0.074913;0.374889;-0.687671
933;3.695218;-3.449529;8.506194;0.002395;0.01157;-0.006342;0.075714;0.375288;-0.6875
934;3.628634;-3.424742;8.398948;0.012278;0.007988;-0.010899;0.076244;0.376084;-0.687353
935;3.540815;-3.545945;8.392994;0.001439;-0.016831;-0.018087;0.07506;0.375675;-0.687279
936;3.653141;-3.441696;8.394159;0.018447;0.004527;-0.002075;0.075999;0.375544;-0.687091
937;3.682785;-3.427536;8.472189;0.021151;0.004479;-0.006534;0.076036;0.374865;-0.686544
938;3.665465;-3.444219;8.413669;0.017598;-0.002643;-0.013663;0.073878;0.376321;-0.686959
939;3.631258;-3.391132;8.467177;0.015774;-0.006205;-0.015442;0.074462;0.374254;-0.688747
940;3.721561;-3.388385;8.399684;0.00303;-0.018389;0.000616;0.075423;0.375564;-0.687921
941;3.723989;-3.381111;8.399732;0.010268;0.006448;0.01225;0.075426;0.375298;-0.687915
942;3.716759;-3.366753;8.438644;0.008452;0.004676;0.012258;0.075004;0.374647;-0.688458
943;3.741605;-3.396215;8.511584;0.004834;-0.004205;0.007796;0.074272;0.374741;-0.687306
944;3.699695;-3.400673;8.433524;0.000585;0.015178;-7.8e-05;0.074197;0.376232;-0.688401
945;3.660582;-3.449067;8.413617;-0.009255;0.022307;0.006252;0.075237;0.375653;-0.686471
946;3.614164;-3.43468;8.447428;-0.006584;0.009831;-0.003622;0.075436;0.376349;-0.687536
947;3.508954;-3.536229;8.390412;0.010407;0.011618;0.003328;0.075039;0.377534;-0.687315
948;3.479771;-3.642796;8.365439;0.015979;-0.006376;-0.031513;0.076001;0.376071;-0.686967
949;3.743655;-3.361883;8.43397;0.031769;-0.018528;-0.011173;0.073511;0.375447;-0.688956
950;3.763433;-3.352463;8.490042;0.042383;-0.00419;0.01372;0.075303;0.374368;-0.687905
951;3.760816;-3.318419;8.470736;0.015855;0.009758;-0.012659;0.073348;0.374865;-0.687227
952;3.762766;-3.27188;8.376162;0.01018;-0.004138;0.012215;0.07389;0.375988;-0.689211
953;3.858189;-3.204168;8.411086;-0.016531;0.017112;0.010796;0.072983;0.375109;-0.686588
954;3.859378;-3.473899;8.526536;-0.068424;0.091893;0.070274;0.077304;0.376419;-0.684907
955;3.715226;-3.648223;8.476241;-0.097292;0.125976;0.127553;0.08154;0.378697;-0.684579
956;3.809835;-3.294335;8.502746;-0.019895;0.228698;0.158651;0.08866;0.380018;-0.682608
957;2.666248;-4.195742;8.401675;-0.003614;0.220363;0.150159;0.097242;0.380555;-0.680673
958;2.629663;-4.024332;8.555368;0.153774;0.099208;0.166024;0.104059;0.378531;-0.682376
959;3.073271;-3.988797;8.713819;0.142222;-0.012081;0.162937;0.106507;0.372706;-0.682261
960;3.213352;-3.883172;8.926633;0.297929;-0.141341;-0.044396;0.105731;0.366755;-0.687773
961;3.529205;-1.784856;7.282837;0.344495;-0.353611;-0.315924;0.095469;0.359649;-0.692469
962;3.839498;-1.896616;8.30027;-0.049234;-0.399927;-0.401786;0.081229;0.357799;-0.696293
963;4.071076;-3.475397;8.824375;-0.048199;-0.182879;-0.222973;0.069078;0.360067;-0.69516
964;4.11712;-3.888703;9.041534;-0.097323;-0.093065;-0.058523;0.059625;0.361474;-0.69572
965;3.780547;-3.710089;8.235719;-0.059702;-0.095567;-0.044669;0.056485;0.364996;-0.694369
966;3.837142;-3.170913;8.061087;0.004405;-0.02317;0.049525;0.056258;0.366163;-0.693474
967;4.000381;-3.231031;8.445867;-0.023773;0.008323;0.012606;0.057327;0.366958;-0.693163
968;4.094426;-3.297573;8.660042;-0.010907;0.018596;-0.021223;0.058222;0.368233;-0.691143
969;4.108383;-3.238659;8.514554;-0.014535;0.034727;0.00024;0.056725;0.368048;-0.69428
970;3.872746;-3.348999;8.276825;-0.057472;0.04548;0.01304;0.058621;0.368832;-0.693391
971;3.726365;-3.632342;8.206573;-0.038185;0.007616;0.035733;0.059755;0.371178;-0.691644
972;3.782419;-3.409713;8.29787;0.033035;0.047037;0.005167;0.062666;0.369749;-0.691984
973;3.821793;-3.27465;8.444571;0.01383;0.010906;0.014944;0.062469;0.368788;-0.690914
974;3.800231;-3.451646;8.4412;0.006673;-0.002426;0.0069;0.062002;0.369677;-0.689629
975;3.780097;-3.385705;8.34658;0.029927;0.001156;0.013845;0.06189;0.370457;-0.689118
976;3.828959;-3.279261;8.39598;0.047748;-0.002363;0.01726;0.061898;0.36907;-0.691616
977;3.814547;-3.342436;8.42234;0.031593;-0.023672;0.004821;0.061614;0.368681;-0.692024
978;3.868193;-3.2576;8.427918;0.028823;-0.023582;0.012867;0.060543;0.368679;-0.692217
979;3.873502;-3.349948;8.468852;0.016498;-0.011321;-0.000315;0.060192;0.366345;-0.694185
980;3.716714;-3.36428;8.428933;0.046274;-0.018731;-0.03175;0.060749;0.366071;-0.69375
981;3.911501;-3.056083;8.375629;0.03656;0.015006;-0.023414;0.059604;0.366037;-0.692884
982;3.902826;-3.221809;8.54497;0.00177;0.032671;-0.024832;0.060839;0.366621;-0.69442
983;3.751245;-3.565184;8.355306;0.040862;-0.008832;-0.013005;0.058766;0.364997;-0.693842
984;3.832808;-3.065289;8.277876;0.076781;-0.003647;-0.028307;0.060021;0.362402;-0.695582
985;3.89686;-3.04164;8.397482;-0.005817;-0.007797;-0.008959;0.059465;0.361883;-0.696135
986;3.736611;-3.521752;8.399167;-0.013425;-0.048273;0.017471;0.057916;0.363039;-0.695181
987;3.863495;-3.376259;8.395749;0.02923;-0.0204;0.074217;0.059734;0.36294;-0.695874
988;3.922057;-3.267283;8.423344;0.020718;-0.016389;0.024539;0.05894;0.36399;-0.695673
989;3.941803;-3.26024;8.469681;0.004895;0.001126;0.004316;0.057694;0.364468;-0.694158
990;4.039308;-3.15582;8.436726;0.019466;0.031149;-6e-05;0.057126;0.363031;-0.695093
991;3.882814;-3.257518;8.410994;0.007829;0.013345;-0.012548;0.060006;0.361681;-0.693576
992;3.777699;-3.298771;8.419884;0.019516;0.028388;-0.005473;0.059811;0.361316;-0.694776
993;3.782562;-3.279398;8.424863;0.026621;0.018643;-0.007358;0.060249;0.361763;-0.696354
994;3.814398;-3.269752;8.434826;0.021292;0.01861;-0.012643;0.060155;0.36293;-0.695452
995;3.784978;-3.289025;8.41025;0.013897;0.004616;0.003341;0.0603;0.361869;-0.695423
996;3.906978;-3.13388;8.416569;0.00142;0.020606;0.007128;0.061747;0.362545;-0.695487
997;3.80699;-3.274504;8.415313;-0.02183;0.006358;-0.005241;0.061882;0.363073;-0.695357
998;3.823898;-3.211389;8.40112;-0.007588;0.015326;0.010706;0.062016;0.362281;-0.695467
999;3.792468;-3.272293;8.458986;-0.025552;0.014493;0.016173;0.062446;0.362795;-0.694788
1000;3.809545;-3.327802;8.405362;0.00043;0.013583;0.015947;0.062881;0.363571;-0.693981
1001;3.829215;-3.289248;8.454273;0.001315;0.027814;0.026696;0.063958;0.364362;-0.693537
1002;3.824173;-3.298731;8.410446;-0.013843;0.010878;0.007165;0.063683;0.363837;-0.693808
1003;3.795044;-3.361867;8.429424;0.007711;0.017006;0.005228;0.064481;0.362389;-0.694002
1004;3.804637;-3.267373;8.444499;0.013847;-0.000687;0.003321;0.064626;0.365421;-0.693254
1005;3.760217;-3.283835;8.342061;0.012204;0.020563;0.006992;0.064247;0.36356;-0.69324
1006;3.751009;-3.361897;8.436446;0.008533;0.002823;0.001583;0.066798;0.365277;-0.692331
1007;3.929843;-3.328253;8.493604;0.020987;0.010024;0.014891;0.065293;0.364499;-0.693331
1008;3.868402;-3.352107;8.415335;0.003461;0.022148;-0.016038;0.06638;0.365681;-0.692628
1009;3.78248;-3.298628;8.390745;0.010331;0.027755;0.021276;0.065788;0.363068;-0.694207
1010;3.711406;-3.240518;8.41002;0.00781;0.011541;-0.012582;0.06765;0.365719;-0.69362
1011;3.692228;-3.299022;8.472834;0.004898;0.013527;0.014119;0.067966;0.365166;-0.692795
1012;3.701763;-3.267285;8.429284;0.00313;0.007292;0.006992;0.067712;0.365423;-0.692548
1013;3.691912;-3.298626;8.39262;-0.000383;0.002795;-0.002791;0.067377;0.365061;-0.693889
1014;3.73859;-3.327839;8.414649;0.012027;-0.005993;0.004177;0.0671;0.365392;-0.691652
1015;3.750949;-3.332823;8.441441;0.000598;-0.000855;-0.016151;0.066903;0.36516;-0.692855
1016;3.777885;-3.318338;8.453825;0.024581;-0.014938;-0.006636;0.067414;0.365702;-0.693102
1017;3.731138;-3.260039;8.434359;0.014775;-0.011416;-0.009204;0.066491;0.365033;-0.693141
1018;3.780094;-3.279373;8.419987;0.002393;-0.015093;-0.028679;0.065744;0.365135;-0.692255
1019;3.812084;-3.308584;8.441926;0.002055;-0.020983;0.005083;0.06574;0.366193;-0.692142
1020;3.795077;-3.366741;8.434264;0.008596;-0.006129;-0.012687;0.06528;0.365694;-0.693355
