time index;acc_x;acc_y;acc_z;gyr_x;gyr_y;gyr_z;mag_x;mag_y;mag_z
1;0.17785;-9.586217;-1.721347;-0.035391;0.012685;-0.010947;-0.226284;0.749599;-0.091665
2;0.185304;-9.586157;-1.728701;-0.028114;0.007386;-0.018925;-0.229566;0.749661;-0.092094
3;0.200504;-9.638579;-1.735843;-0.052745;0.016204;-0.029465;-0.229561;0.74861;-0.092362
4;0.237711;-9.615867;-1.750129;-0.036728;0.00384;-0.031312;-0.229859;0.750196;-0.09211
5;0.200178;-9.585974;-1.75842;-0.043074;0.00211;-0.026024;-0.229381;0.750926;-0.0906
6;0.214966;-9.55591;-1.758156;-0.038838;0.017949;-0.015319;-0.228907;0.749699;-0.089898
7;0.206679;-9.57893;-1.795522;-0.026436;0.018713;-0.015214;-0.230082;0.750412;-0.08945
8;0.206839;-9.616375;-1.810487;-0.049244;0.01081;-0.029396;-0.230314;0.749975;-0.088378
9;0.229159;-9.601254;-1.817559;-0.022899;0.001091;-0.015342;-0.231708;0.749711;-0.087904
10;0.236574;-9.593692;-1.824923;-0.02805;0.017814;-0.022284;-0.231105;0.749669;-0.087063
11;0.24405;-9.601103;-1.839774;-0.017539;0.012519;-0.015263;-0.231537;0.75112;-0.086681
12;0.258912;-9.578602;-1.824491;-0.014703;0.005461;-0.024132;-0.231499;0.749776;-0.08627
13;0.24389;-9.563657;-1.824809;-0.010381;0.024833;-0.016934;-0.232086;0.750587;-0.086436
14;0.258929;-9.578633;-1.816986;-0.026456;0.003722;-0.015321;-0.231249;0.748759;-0.087473
15;0.258912;-9.578602;-1.824491;-0.021271;0.026606;-0.006337;-0.232348;0.748479;-0.086714
16;0.259029;-9.601107;-1.824464;-0.017791;0.001956;-0.004748;-0.231435;0.75011;-0.084644
17;0.258877;-9.57854;-1.8395;-0.00326;0.003689;-0.01885;-0.231492;0.749378;-0.086269
18;0.258803;-9.570975;-1.854519;-0.03904;0.017825;-0.007282;-0.231739;0.748825;-0.085603
19;0.27463;-9.577777;-1.854491;-0.013831;0.021401;-0.018833;-0.233241;0.749178;-0.085237
20;0.289595;-9.58519;-1.861686;-0.021117;0.007323;-0.011875;-0.231121;0.749941;-0.085136
21;0.274747;-9.600282;-1.854464;-0.022999;0.012617;-0.006546;-0.2335;0.750466;-0.08417
22;0.274669;-9.585279;-1.854482;-0.015906;0.003806;-0.006604;-0.232601;0.748972;-0.083582
23;0.274574;-9.570245;-1.862004;-0.019167;-0.001479;-0.020756;-0.232051;0.748326;-0.08423
24;0.259648;-9.570333;-1.8548;-0.012209;-0.000596;-0.01369;-0.231797;0.74992;-0.084357
25;0.273824;-9.58592;-1.854201;-0.02508;0.007243;0.004113;-0.234244;0.749337;-0.084237
26;0.258807;-9.578415;-1.869519;-0.010714;0.010749;-0.002037;-0.233206;0.749543;-0.083105
27;0.273712;-9.570855;-1.869228;-0.03049;0.007252;0.007645;-0.232965;0.749057;-0.08431
28;0.288585;-9.570672;-1.898947;-0.023797;0.008982;-0.013522;-0.233734;0.749515;-0.082183
29;0.281235;-9.600646;-1.914071;-0.014155;0.011618;-0.006449;-0.232386;0.749823;-0.083742
30;0.288776;-9.600741;-1.883902;-0.00719;0.008969;-0.00029;-0.232929;0.749284;-0.083361
31;0.258698;-9.570788;-1.899548;-0.005475;-0.00334;0.001395;-0.231215;0.749512;-0.083008
32;0.281218;-9.570889;-1.854068;-0.005427;0.008973;-0.000283;-0.232659;0.750209;-0.083351
33;0.258655;-9.555847;-1.884556;-0.012472;0.001068;-0.003865;-0.232765;0.750046;-0.082543
34;0.258672;-9.555879;-1.877051;-0.00533;0.008981;-0.004692;-0.230965;0.748755;-0.084077
35;0.281218;-9.570889;-1.854068;-0.008819;0.004571;-0.008255;-0.23138;0.748751;-0.083826
36;0.267119;-9.570305;-1.85465;-0.019874;0.010869;0.012861;-0.229849;0.749667;-0.081962
37;0.319261;-9.532656;-1.838634;-0.028835;0.02142;0.016469;-0.229596;0.750215;-0.082492
38;0.259691;-9.585275;-1.869792;-0.057434;0.032053;0.025356;-0.22932;0.750741;-0.08248
39;0.27433;-9.540082;-1.899564;-0.075204;0.03911;0.025411;-0.22864;0.75089;-0.079742
40;0.199773;-9.577818;-1.91603;-0.105612;0.036549;0.03421;-0.226842;0.751563;-0.077222
41;0.1397;-9.540355;-1.962305;-0.118604;0.012818;0.016403;-0.2242;0.753146;-0.074527
42;0.169538;-9.547585;-1.99922;-0.142797;0.005796;0.025173;-0.22352;0.753295;-0.071789
43;0.17677;-9.554559;-2.119138;-0.108277;0.014526;-0.006536;-0.223175;0.754543;-0.069882
44;0.184268;-9.569439;-2.141484;-0.037882;0.010931;0.026971;-0.223224;0.753673;-0.067988
45;0.169255;-9.539647;-2.104296;-0.017127;0.022348;0.012942;-0.220767;0.753598;-0.066922
46;0.139368;-9.569489;-2.172404;-0.021457;0.007399;0.007536;-0.220878;0.753441;-0.06625
47;0.161944;-9.577122;-2.119411;-0.008638;-0.001441;-0.011056;-0.221322;0.755295;-0.066006
48;0.146021;-9.555285;-2.126962;0.000696;0.010788;0.00767;-0.220668;0.754431;-0.066543
49;0.153215;-9.495306;-2.111874;0.023069;-0.013895;-0.002195;-0.222418;0.755413;-0.067307
50;0.123962;-9.630326;-2.142333;0.047038;-0.013032;0.001316;-0.221766;0.755196;-0.068763
51;-0.053696;-10.020452;-2.303071;0.06951;-0.093093;-0.010785;-0.222255;0.755129;-0.070275
52;0.023394;-10.737856;-2.893593;0.106306;-0.276314;-0.027221;-0.223524;0.754485;-0.070335
53;0.024997;-11.171765;-3.178257;0.494519;-0.342007;-0.093923;-0.22982;0.75161;-0.076045
54;0.097493;-11.775437;-2.260602;0.568961;-0.254229;-0.326339;-0.239309;0.748448;-0.090298
55;1.381891;-11.501573;-1.94992;-0.090654;-0.099242;-0.565299;-0.259734;0.743751;-0.08857
56;0.280201;-13.183932;-0.724492;2.308116;-0.57366;-0.782206;-0.284653;0.733832;-0.111267
57;0.598146;-8.387626;-1.068525;1.264862;-0.218637;-0.901573;-0.320237;0.713089;-0.155427
58;0.864869;-13.103266;0.277755;0.391023;0.044558;-1.007422;-0.35203;0.696394;-0.168699
59;1.1406;-14.139876;0.86977;1.075917;-0.02177;-1.313327;-0.395867;0.668862;-0.189022
60;0.501168;-11.980848;0.614429;1.435626;-0.161089;-1.537094;-0.446046;0.630126;-0.219231
61;1.013911;-9.805217;1.072633;1.261066;-0.173401;-1.553548;-0.488238;0.587063;-0.239978
62;2.005566;-9.247671;1.437158;1.305106;-0.202097;-1.547486;-0.533386;0.537087;-0.259362
63;2.309258;-8.684359;1.562719;1.242422;-0.331549;-1.545647;-0.57256;0.481919;-0.273573
64;2.962273;-6.319356;1.715854;1.081591;-0.36414;-1.457217;-0.614425;0.420768;-0.286547
65;3.562077;-5.155408;2.004305;0.841472;-0.319999;-1.301418;-0.645068;0.369657;-0.288718
66;4.638332;-5.322738;1.778469;0.80494;-0.309816;-1.086127;-0.664984;0.328523;-0.285117
67;5.382029;-4.615027;1.875193;0.488669;-0.267431;-0.936621;-0.68277;0.291411;-0.283317
68;5.874815;-4.612489;1.735004;0.445397;-0.133712;-0.731;-0.69425;0.259779;-0.28136
69;6.442657;-4.558239;1.858923;0.417605;-0.029956;-0.507923;-0.700584;0.234187;-0.282957
70;6.379172;-3.875543;1.789364;0.394463;0.042443;-0.261104;-0.704519;0.218382;-0.28798
71;6.352963;-4.318589;2.021655;0.604803;0.264234;-0.056772;-0.70549;0.207734;-0.294956
72;6.400434;-4.895384;1.865643;0.493359;0.31905;0.176436;-0.701938;0.203755;-0.306408
73;6.142031;-6.490885;2.852771;0.438127;0.393262;0.275521;-0.693216;0.206445;-0.320602
74;6.148452;-7.34959;3.701834;0.260286;0.353037;0.31392;-0.685975;0.213658;-0.334608
75;5.7406;-6.347469;4.060265;0.017463;0.300738;0.258165;-0.677701;0.219514;-0.344773
76;5.457104;-6.185843;4.60972;-0.085595;0.242932;0.24105;-0.674557;0.225593;-0.352076
77;5.342345;-6.744823;5.426004;-0.269125;0.190415;0.209715;-0.668408;0.236444;-0.356945
78;5.411757;-8.798132;4.971863;0.078558;0.139671;0.148094;-0.665808;0.243164;-0.360083
79;5.69051;-7.806785;4.968882;0.019063;0.047111;0.002909;-0.663062;0.246347;-0.36104
80;5.298276;-7.199697;4.727702;-0.112702;0.04127;-0.07467;-0.662926;0.246742;-0.364416
81;5.250468;-6.674322;4.621108;0.070598;0.043699;-0.086896;-0.663169;0.244093;-0.364421
82;5.326897;-7.115567;4.367973;0.184482;-0.005796;-0.087329;-0.664871;0.238494;-0.366519
83;5.401245;-7.077457;4.294381;0.03643;-0.053193;-0.109728;-0.666802;0.235462;-0.366335
84;5.682107;-6.520924;4.224376;-0.026545;-0.03741;-0.120119;-0.669687;0.231363;-0.362271
85;5.703486;-6.288599;4.299597;-0.099416;-0.086569;-0.047183;-0.670947;0.229797;-0.359081
86;5.664773;-6.078231;4.186023;0.033567;-0.03563;0.014104;-0.672731;0.229766;-0.35768
87;5.93347;-6.158426;3.883829;0.032306;0.001232;0.080504;-0.670986;0.229442;-0.356783
88;5.694011;-6.346627;3.661898;-0.005622;0.015364;0.070081;-0.671541;0.232241;-0.358807
89;5.50133;-6.40967;4.205919;-0.196262;-0.001873;0.080551;-0.669813;0.236642;-0.356569
90;5.712602;-6.917908;3.955567;-0.057917;0.019846;0.107071;-0.667199;0.242174;-0.356456
91;5.444083;-6.815738;4.385317;0.020058;0.047193;0.114371;-0.666573;0.244595;-0.357514
92;5.611861;-7.594084;4.104366;0.035804;0.022405;0.095506;-0.664558;0.24768;-0.359047
93;5.309859;-6.920784;4.262663;-0.039904;0.013844;0.050583;-0.663184;0.249272;-0.359526
94;5.565006;-7.122435;4.290523;-0.140607;0.047275;0.026055;-0.663724;0.251737;-0.361317
95;5.344409;-7.716775;4.489356;-0.039477;0.075407;0.001455;-0.662763;0.253586;-0.36141
96;5.549381;-6.965209;4.350073;0.083454;0.018806;-0.021743;-0.661478;0.25356;-0.361213
97;5.66169;-7.098961;4.149856;0.080968;0.004655;-0.027173;-0.661255;0.251651;-0.363362
98;5.639802;-7.293217;3.939503;0.086182;0.011671;-0.057169;-0.660121;0.249022;-0.364383
99;5.551268;-7.37733;4.237993;-0.00271;0.045264;-0.098415;-0.662549;0.245407;-0.366116
100;5.502058;-6.619061;4.048568;0.026037;0.038228;-0.078028;-0.662982;0.242935;-0.367213
101;5.381963;-6.514503;4.046041;0.07378;0.008331;-0.028796;-0.662661;0.241327;-0.366923
102;5.261275;-6.193363;4.275904;-0.035969;0.013836;-0.016338;-0.662397;0.23938;-0.368123
103;5.61733;-7.099977;4.351585;-0.021815;0.006591;-0.004216;-0.664933;0.240444;-0.367302
104;5.590661;-6.349277;4.200144;-0.011525;0.026851;0.008417;-0.663809;0.24057;-0.367518
105;5.667262;-6.723944;4.172073;-0.012586;0.071683;-0.016052;-0.663581;0.240486;-0.36886
106;5.620378;-7.595925;4.554806;0.024511;0.068148;-0.000341;-0.662297;0.241246;-0.371776
107;5.496716;-6.816127;4.528959;-0.021135;0.092908;-0.033551;-0.660717;0.2399;-0.371832
108;5.461875;-7.236955;4.671301;0.078788;0.041732;-0.051621;-0.661764;0.238132;-0.373773
109;5.382659;-6.545475;4.278726;0.03519;-0.035616;-0.018514;-0.661313;0.237578;-0.376726
110;5.234952;-6.831553;4.381131;-0.115167;-0.077624;-0.055923;-0.662907;0.237763;-0.374098
111;5.255649;-6.501395;4.381188;-0.135069;-0.052948;-0.041573;-0.66315;0.237337;-0.369914
112;5.651296;-6.424903;4.404065;0.001219;-0.021613;-0.011342;-0.663557;0.239679;-0.368586
113;5.651312;-6.514112;4.209046;0.035998;-0.008439;0.029318;-0.664703;0.237351;-0.369718
114;5.605977;-6.483657;4.058013;-0.082427;0.016383;0.041838;-0.663263;0.241235;-0.367764
115;5.665769;-6.424004;4.201735;-0.138291;0.040193;0.034955;-0.661847;0.24305;-0.367158
116;5.341306;-7.124116;4.481144;-0.148335;0.028079;0.091233;-0.660549;0.247982;-0.36819
117;5.443673;-6.829868;4.1752;-0.008049;0.031368;0.10013;-0.659239;0.250679;-0.369757
118;5.279138;-6.8005;4.171861;-0.026375;0.008603;0.122924;-0.656763;0.255948;-0.36965
119;5.278868;-6.81488;4.021782;-0.182428;-0.019359;0.144769;-0.655087;0.261443;-0.368229
120;5.403097;-6.497262;3.528641;-0.22318;0.044018;0.1876;-0.652717;0.269819;-0.366105
121;5.527345;-6.335743;2.690465;-0.267768;0.072209;0.287499;-0.650721;0.279852;-0.365492
122;5.57715;-4.712417;2.029309;-0.757133;0.206667;0.39104;-0.64299;0.296553;-0.364346
123;4.517415;-6.017869;2.857435;-1.077263;0.303626;0.48946;-0.632428;0.324861;-0.359033
124;4.827718;-5.564465;2.360379;-1.096679;0.325634;0.732325;-0.618102;0.359979;-0.356125
125;3.68157;-4.686643;3.041809;-1.361279;0.316208;1.025426;-0.598256;0.404975;-0.346478
126;2.684643;-6.896536;3.14425;-1.142752;0.149287;1.246262;-0.573159;0.449508;-0.3336
127;2.544579;-6.277686;2.120159;-0.514374;0.053636;1.536913;-0.541613;0.496116;-0.32515
128;1.660485;-7.137384;2.358478;-1.341523;0.105347;1.606801;-0.502725;0.548545;-0.305263
129;0.849733;-6.910762;1.208769;-1.041548;0.211867;1.650834;-0.449863;0.602685;-0.283079
130;0.30538;-8.563205;1.184618;-1.761181;0.093335;1.679662;-0.395527;0.649954;-0.255395
131;0.25845;-12.880505;0.250318;-1.175869;0.360004;1.542181;-0.341063;0.690566;-0.227148
132;0.380493;-9.418276;-0.576485;-1.746073;0.295378;1.237886;-0.288444;0.720612;-0.199505
133;-0.235587;-14.541114;5.840508;1.257269;0.242658;1.109958;-0.235227;0.740811;-0.181551
134;-1.205588;-27.878469;-4.272954;-1.946936;0.087422;-0.085438;-0.20002;0.748689;-0.17134
135;-0.496964;-13.744148;-2.045273;-2.451968;0.698657;-0.543497;-0.212354;0.755796;-0.111201
136;0.020411;-6.737167;-1.637259;-1.453342;-0.122943;-0.262823;-0.221579;0.75842;-0.069844
137;0.360699;-6.179777;-1.856161;-1.263323;-1.4e-05;-0.080977;-0.226328;0.757121;-0.028126
138;0.618358;-7.470961;-3.200377;-0.699688;0.033433;-0.006003;-0.225557;0.756407;-0.003325
139;0.439106;-9.112734;-3.63745;-0.467182;-0.073258;0.109425;-0.22559;0.757362;0.026574
140;-0.05165;-11.332105;-4.380333;-0.289455;-0.215988;-0.02964;-0.220564;0.757503;0.034801
141;0.079604;-10.746113;-4.460882;-0.176825;-0.182885;-0.265777;-0.217407;0.756775;0.035361
142;0.074633;-9.280595;-3.306892;-0.029318;-0.2305;-0.216366;-0.222664;0.75476;0.037818
143;0.444033;-8.491317;-3.33785;-0.09549;-0.117858;-0.114858;-0.226993;0.752795;0.042078
144;0.682748;-8.616046;-3.783183;0.086755;-0.074164;-0.021938;-0.236355;0.750044;0.047855
145;0.37271;-9.292878;-3.676111;0.298796;-0.021404;0.090396;-0.23576;0.750533;0.041929
146;0.194555;-9.325389;-3.244398;0.281665;-0.00105;0.057022;-0.226831;0.753162;0.029231
147;0.104948;-9.236653;-3.021162;0.105912;0.024748;0.0431;-0.225415;0.754583;0.022936
148;0.134271;-9.131483;-3.028192;-0.106476;0.044345;-0.00088;-0.226262;0.755244;0.0233
149;0.163454;-9.05579;-3.162768;-0.235254;0.043582;-0.04677;-0.228068;0.753011;0.026735
150;0.230889;-9.174775;-3.348894;-0.238983;0.028585;-0.036318;-0.230044;0.753946;0.034079
151;0.252973;-9.174096;-3.491035;-0.174899;0.028486;-0.038085;-0.228622;0.752226;0.040241
152;0.282777;-9.210989;-3.610467;-0.096851;0.009006;-0.029404;-0.229198;0.751588;0.043192
153;0.312742;-9.225877;-3.609849;-0.020112;0.01243;-0.001142;-0.228981;0.752301;0.04523
154;0.297707;-9.188614;-3.565165;0.083443;0.005278;0.018238;-0.228698;0.751643;0.041592
155;0.222792;-9.084504;-3.416695;0.127888;-0.001777;0.01469;-0.228726;0.753368;0.038204
156;0.208101;-9.099877;-3.341929;0.140389;-0.003545;0.011149;-0.226842;0.753567;0.035859
157;0.223496;-9.160082;-3.281519;0.089929;0.008831;0.002398;-0.227479;0.7539;0.030956
158;0.216141;-9.182615;-3.281642;0.036101;0.037061;-0.013296;-0.2267;0.754217;0.02937
159;0.231228;-9.190247;-3.236304;-0.00872;0.005432;0.000598;-0.228564;0.753476;0.028605
160;0.231159;-9.190122;-3.266323;-0.04443;0.00196;0.00763;-0.228813;0.754101;0.029674
161;0.223496;-9.160082;-3.281519;-0.045509;0.004611;0.016477;-0.226361;0.754424;0.030739
162;0.208465;-9.159984;-3.319343;-0.069232;0.00552;0.004128;-0.226193;0.753482;0.03102
163;0.200872;-9.159795;-3.372027;-0.07995;0.001136;0.006742;-0.225559;0.753674;0.032674
164;0.201019;-9.204649;-3.409497;-0.014069;-0.010396;0.002244;-0.224938;0.755448;0.034594
165;0.178586;-9.204704;-3.417453;0.012471;-0.008655;0.008436;-0.224412;0.755217;0.033537
166;0.171184;-9.204858;-3.387583;0.049841;0.003625;0.007643;-0.222996;0.754547;0.033202
167;0.163921;-9.205261;-3.297676;0.054853;-0.013091;0.019884;-0.223955;0.755443;0.030988
168;0.148831;-9.160465;-3.260505;0.021006;0.005449;0.02355;-0.221367;0.755375;0.028407
169;0.149004;-9.190503;-3.252965;0.033687;-0.0157;0.011045;-0.222655;0.754488;0.027806
170;0.149091;-9.220385;-3.282948;0.022208;-0.002485;0.009365;-0.221308;0.754535;0.026112
171;0.149299;-9.250484;-3.260398;0.011758;0.001044;-0.000322;-0.219892;0.755564;0.026449
172;0.134676;-9.355161;-3.358136;0.019577;0.008964;0.011182;-0.22002;0.75503;0.026579
173;-0.154107;-10.104148;-3.918453;0.063528;-0.075515;-0.039852;-0.220661;0.756022;0.025193
174;0.018869;-10.863534;-5.144878;0.756022;-0.207794;-0.190043;-0.225609;0.7545;0.014944
175;0.001578;-12.699533;-3.822447;0.477131;-0.482965;-0.262873;-0.235361;0.753544;-0.00474
176;0.953487;-13.784776;-1.715903;0.34529;-0.334668;-0.620261;-0.255043;0.748936;-0.002164
177;0.68458;-14.291318;-2.831413;3.300858;-0.596505;-1.019957;-0.291438;0.736272;-0.055855
178;0.438226;-8.694981;-3.07509;1.736619;0.000776;-0.962783;-0.330146;0.712165;-0.12492
179;1.226597;-11.05916;-0.250015;0.486377;0.149738;-1.271044;-0.371203;0.692233;-0.140391
180;0.88924;-13.545151;0.128637;0.923707;0.080527;-1.497831;-0.418189;0.661762;-0.155717
181;1.230646;-11.60149;0.283472;1.336899;-0.12439;-1.572107;-0.461423;0.626602;-0.181405
182;1.385546;-9.859727;0.104583;1.224937;-0.206228;-1.680902;-0.512657;0.578133;-0.203253
183;1.90931;-9.814431;0.535308;1.663055;-0.225445;-1.558348;-0.555908;0.526122;-0.225517
184;2.242015;-7.727396;0.479688;2.109971;-0.375678;-1.378094;-0.600632;0.460448;-0.254178
185;3.42622;-5.636554;0.321104;1.706425;-0.345717;-1.234621;-0.632259;0.401621;-0.27248
186;4.381884;-5.096463;1.240254;1.038244;-0.246631;-1.09446;-0.652814;0.357942;-0.281623
187;5.086552;-5.26139;1.884967;0.837696;-0.054722;-0.936105;-0.67121;0.316559;-0.289178
188;5.752794;-5.2016;2.57369;0.954435;0.001245;-0.789218;-0.683667;0.280085;-0.295375
189;5.892158;-4.512675;3.003494;0.911169;0.100838;-0.602202;-0.692209;0.247403;-0.301527
190;6.474311;-4.449807;2.87254;0.97451;0.179778;-0.440184;-0.694465;0.22061;-0.311178
191;6.325081;-4.198075;3.529658;0.787353;0.240136;-0.178512;-0.696981;0.198768;-0.325183
192;6.000809;-4.742461;4.24416;0.452091;0.26283;-0.05138;-0.695637;0.187699;-0.33781
193;5.660679;-5.671722;3.690512;0.273278;0.315996;-0.064441;-0.692296;0.181302;-0.348457
194;5.16249;-4.401197;4.362022;0.139287;0.219692;0.015458;-0.687826;0.181959;-0.353248
195;5.128179;-4.927017;4.496984;-0.058172;0.139907;0.099503;-0.684243;0.183314;-0.358626
196;5.263904;-6.562221;4.58404;-0.183159;0.075737;0.135795;-0.683285;0.186733;-0.361564
197;5.71472;-6.906832;4.901156;-0.006659;-0.001307;0.106963;-0.680931;0.193161;-0.363901
198;5.875525;-6.126898;5.113664;-0.078457;-0.037304;0.205684;-0.679077;0.197835;-0.361929
199;5.89042;-6.349707;4.588895;-0.139403;-0.032008;0.156241;-0.680605;0.20855;-0.357158
200;6.041983;-6.665067;4.802408;-0.143143;-0.02943;0.165907;-0.676912;0.214512;-0.354829
201;5.771946;-6.649363;4.376716;-0.0858;-0.065485;0.147127;-0.677584;0.218541;-0.355818
202;5.852895;-7.819576;4.439651;-0.122275;-0.026831;0.041285;-0.676705;0.222689;-0.353621
203;5.834704;-7.278738;4.251086;-0.019116;-0.078011;0.031326;-0.677838;0.224532;-0.352869
204;5.381368;-6.416825;4.0084;-0.185358;-0.074121;-0.098199;-0.677014;0.225726;-0.346337
205;5.786426;-6.75252;3.941861;-0.11514;-0.060312;-0.050529;-0.678058;0.225264;-0.344357
206;5.716921;-7.661379;4.151577;0.047578;-0.032295;-0.00107;-0.680031;0.224886;-0.344181
207;5.664573;-6.310389;3.938931;0.064639;0.032829;-0.056838;-0.677867;0.221817;-0.344474
208;6.026238;-6.849487;4.036839;0.000517;0.076743;-0.04253;-0.679911;0.219804;-0.346598
209;5.972493;-6.482952;4.23798;0.139557;0.072241;0.015765;-0.680563;0.220021;-0.348524
210;5.772124;-6.595529;4.211257;-0.086079;0.161611;-0.020808;-0.678586;0.220078;-0.352123
211;5.821579;-7.324508;4.573256;0.252386;0.067855;-0.014505;-0.676103;0.217232;-0.354836
212;5.367256;-6.163561;4.577872;0.149234;0.078794;-0.02567;-0.675785;0.213665;-0.358735
213;5.247061;-6.066255;4.515316;-0.028832;0.093172;-0.012326;-0.676972;0.212813;-0.360278
214;5.155376;-5.565055;4.768078;-0.038138;0.055404;-0.005424;-0.67501;0.213854;-0.363839
215;5.486622;-5.90266;5.090288;-0.004368;-0.004609;0.071746;-0.674031;0.214115;-0.364062
216;5.816146;-6.39538;4.677505;0.052641;-0.032263;0.072424;-0.673391;0.215793;-0.36508
217;5.673752;-6.127619;5.094601;-0.217473;-0.056481;0.055541;-0.674452;0.219664;-0.361894
218;5.919002;-6.07228;4.649203;-0.225018;-0.019626;0.084019;-0.67218;0.225908;-0.359499
219;5.657709;-7.454527;4.863084;-0.056139;-0.037347;0.055427;-0.671317;0.229287;-0.357977
220;5.446121;-7.280153;4.220765;0.10716;-0.0234;0.034376;-0.672144;0.227967;-0.357878
221;5.586208;-6.978976;4.088173;-0.000172;0.010059;-0.057119;-0.670494;0.228648;-0.358882
222;5.485728;-7.655619;4.349545;-0.058148;-0.02238;-0.046876;-0.671554;0.226631;-0.357846
223;5.491641;-7.422416;4.199322;-0.044642;0.002216;-0.094314;-0.672383;0.227276;-0.357076
224;5.790541;-5.988448;4.211273;0.019613;-0.03405;-0.043123;-0.6737;0.223539;-0.356048
225;5.900093;-6.91843;4.259512;-0.010774;-0.012063;-0.023738;-0.675824;0.222648;-0.356284
226;5.89177;-6.768301;4.229164;0.028948;0.034529;-0.048971;-0.675782;0.22287;-0.3552
227;6.054169;-6.437124;4.119501;0.05661;0.088986;-0.051184;-0.676207;0.220653;-0.356027
228;5.682579;-6.769145;4.232466;0.111479;0.10141;-0.07761;-0.673955;0.216323;-0.358073
229;5.592771;-6.724639;4.268135;0.081694;0.142;-0.054374;-0.674086;0.215528;-0.364842
230;5.593864;-6.934685;4.268385;0.22658;0.145334;-0.05085;-0.674244;0.211098;-0.370252
231;5.486518;-6.335647;4.430674;0.095185;0.133264;-0.027879;-0.672724;0.209152;-0.371932
232;5.492708;-5.9766;4.685558;0.012531;0.128096;-0.036667;-0.670334;0.206131;-0.376951
233;5.502413;-6.262973;5.008756;-0.016356;0.078877;0.019417;-0.667824;0.205614;-0.378181
234;5.563404;-6.351968;4.972249;0.083772;0.078829;0.038711;-0.665954;0.206949;-0.380428
235;5.515908;-5.886606;4.865726;0.054862;0.061299;0.054556;-0.665785;0.206267;-0.383394
236;5.491294;-5.600353;4.557239;-0.077785;0.038616;0.102963;-0.666018;0.209492;-0.38436
237;5.361752;-5.417972;3.871534;-0.23585;0.100527;0.188989;-0.662214;0.2177;-0.385278
238;5.266932;-4.606462;3.463507;-0.566736;0.12924;0.319019;-0.658728;0.231305;-0.385008
239;4.889399;-5.179062;3.696684;-0.762602;0.251268;0.510366;-0.650861;0.255456;-0.38455
240;4.974288;-4.620228;2.887304;-0.761762;0.371021;0.691282;-0.636947;0.285848;-0.386386
241;4.229608;-3.514296;3.21634;-1.327404;0.419857;0.976842;-0.620584;0.324931;-0.387448
242;2.903226;-5.47153;3.582045;-1.953502;0.291165;1.198834;-0.59646;0.380687;-0.373159
243;2.845387;-4.852424;2.574615;-1.765867;0.268237;1.527901;-0.567423;0.445707;-0.353243
244;2.324605;-8.155222;2.567743;-1.436714;0.354379;1.684985;-0.521384;0.511694;-0.333454
245;0.763829;-6.796775;2.730016;-0.794199;0.209202;1.786696;-0.472652;0.56627;-0.321352
246;0.628303;-9.973301;1.590075;-1.182301;0.281009;1.866828;-0.42148;0.614643;-0.304111
247;-0.43662;-10.102681;2.822055;-0.88007;0.224765;1.683863;-0.363473;0.654662;-0.292741
248;-0.503383;-8.449465;0.274913;-1.491756;0.207835;1.576272;-0.306582;0.693506;-0.267895
249;-1.611866;-6.382961;3.77747;-2.421353;0.59701;1.487712;-0.236377;0.728666;-0.221292
250;0.44995;-29.759237;-10.263988;-3.582651;0.110465;-0.146138;-0.190808;0.746595;-0.186798
251;-3.424843;-17.230349;-3.383872;-2.766406;0.420598;-0.563813;-0.194848;0.764913;-0.090585
252;-0.221113;-7.636808;-1.851556;-1.484547;-0.08572;-0.239898;-0.207749;0.763265;-0.043859
253;0.190738;-6.24113;-1.544621;-1.889123;0.020349;-0.081862;-0.211655;0.76092;0.010745
254;0.228376;-7.259635;-3.726545;-1.400252;0.111124;-0.113233;-0.225797;0.750893;0.06866
255;0.367231;-8.760703;-5.223007;-0.764238;-0.071073;0.052852;-0.222817;0.748246;0.098031
256;0.073183;-9.870388;-5.640452;-0.044208;-0.147547;0.106864;-0.204138;0.751697;0.101633
257;-0.266681;-10.592033;-5.608974;0.177083;-0.03599;-0.077765;-0.202637;0.752384;0.097104
258;-0.104966;-9.605639;-4.533665;0.412765;0.031428;-0.142355;-0.206111;0.75197;0.08855
259;0.086661;-8.723217;-3.682774;0.553684;-0.025112;-0.107253;-0.218242;0.751672;0.069836
260;0.138261;-8.558259;-3.614376;0.57058;0.007489;0.01566;-0.22018;0.752172;0.054319
261;0.170658;-8.934221;-3.373175;0.604422;0.010977;0.05533;-0.215205;0.755228;0.03886
262;0.016383;-9.340853;-3.1507;0.430054;-0.017766;0.060348;-0.212051;0.757373;0.023586
263;-0.088431;-9.357901;-2.91235;0.203752;-0.042179;0.034687;-0.210944;0.758831;0.014426
264;-0.05955;-9.11817;-2.806968;-0.057667;0.0127;-0.002844;-0.212122;0.756402;0.012481
265;-0.060557;-8.967731;-2.90471;-0.200236;0.030471;-0.027412;-0.213467;0.756614;0.014309
266;-0.015589;-9.056985;-3.046293;-0.282741;0.048149;-0.030848;-0.211297;0.757203;0.022261
267;0.014512;-9.250477;-3.390682;-0.283943;0.032261;-0.052187;-0.212363;0.756371;0.03033
268;0.051704;-9.294625;-3.562489;-0.25037;0.021635;-0.040803;-0.212676;0.755358;0.036
269;0.073771;-9.264189;-3.644627;-0.139863;0.000371;-0.013588;-0.214094;0.755902;0.042966
270;0.043398;-9.174253;-3.65284;-0.035331;-0.001496;0.002308;-0.214218;0.75445;0.046211
271;0.028338;-9.122081;-3.58566;0.065517;0.007202;0.024448;-0.212687;0.754718;0.045608
272;0.028469;-9.107451;-3.49562;0.156395;-0.00348;0.012915;-0.213187;0.755314;0.040711
273;-0.00103;-9.115693;-3.346115;0.143785;-0.008721;0.018177;-0.212871;0.756847;0.03531
274;-0.000682;-9.146043;-3.263526;0.101458;0.010692;0.003306;-0.21247;0.755949;0.031002
275;-0.007902;-9.191113;-3.256117;0.053342;-0.003325;0.007609;-0.212008;0.756169;0.028588
276;-0.000314;-9.213588;-3.25594;0.012629;-0.012965;-0.00129;-0.212011;0.757088;0.028857
277;-0.000448;-9.191052;-3.263472;-0.016142;0.001165;0.014694;-0.211606;0.755531;0.027798
278;-0.000678;-9.153481;-3.278526;-0.037317;0.00823;0.007689;-0.210482;0.757096;0.028119
279;-0.015709;-9.153384;-3.316351;-0.051696;0.001217;0.014697;-0.210988;0.756785;0.029448
280;-0.044816;-9.160173;-3.36225;-0.034053;-0.010129;0.023336;-0.211137;0.756782;0.031613
281;-0.029778;-9.204876;-3.421935;0.006963;0.010932;0.020828;-0.209725;0.757031;0.031546
282;-0.029479;-9.272297;-3.444369;0.056669;0.030236;0.027129;-0.207827;0.758131;0.029876
283;-0.088493;-9.415091;-3.437895;0.099381;-0.008524;0.023308;-0.206523;0.756911;0.026696
284;-0.103167;-9.46022;-3.423132;0.150935;-0.038511;0.02133;-0.208138;0.758681;0.02269
285;-0.473408;-10.270287;-3.804912;0.194794;-0.068414;-0.104328;-0.208596;0.758847;0.018609
286;0.020811;-11.342641;-5.38446;0.965731;-0.305809;-0.226989;-0.216188;0.75811;0.007544
287;0.08855;-11.512722;-2.306094;-0.041467;-0.364442;-0.475345;-0.229832;0.754913;-0.00434
288;1.268916;-13.000149;-2.483375;0.838176;0.031469;-0.809923;-0.255244;0.748339;-0.003796
289;-0.866842;-14.242732;-1.564375;3.643131;-0.416662;-1.227691;-0.298887;0.728454;-0.080688
290;1.337233;-8.651196;-1.923901;1.738263;-0.191687;-1.234119;-0.346249;0.699231;-0.15503
291;0.655358;-12.94004;0.513509;0.45356;0.065391;-1.557835;-0.389214;0.673627;-0.17748
292;0.505079;-13.94836;1.111942;1.353525;-0.205096;-1.674531;-0.442086;0.63493;-0.194154
293;0.985703;-10.343424;0.584863;1.706862;-0.395918;-1.744017;-0.497631;0.583167;-0.225269
294;1.860842;-8.983172;0.833607;0.897771;-0.420023;-1.881662;-0.552864;0.524976;-0.224419
295;2.18831;-8.734342;0.839917;1.198297;-0.372961;-1.759508;-0.59877;0.465906;-0.231505
296;2.895313;-6.855215;0.626947;1.228081;-0.401376;-1.554668;-0.63741;0.408276;-0.247443
297;4.320775;-5.198352;0.428657;1.193614;-0.348176;-1.287565;-0.664655;0.353333;-0.251199
298;5.004858;-4.283071;1.064277;0.998496;-0.219536;-0.987381;-0.685897;0.308206;-0.253606
299;5.693589;-4.446279;1.280915;1.102679;-0.098414;-0.780098;-0.698491;0.267547;-0.25114
300;6.095691;-4.234168;1.168694;1.29335;-0.04938;-0.468238;-0.706246;0.235043;-0.258743
301;6.21705;-4.296397;1.816582;0.979145;0.119198;-0.319719;-0.712256;0.212284;-0.271833
302;6.735116;-4.863708;1.632495;0.589221;0.268204;-0.272074;-0.71219;0.194696;-0.283558
303;6.658479;-4.176841;2.350634;0.379123;0.288846;-0.191489;-0.711537;0.181005;-0.29337
304;6.541721;-4.308636;3.263972;0.052672;0.33875;-0.024381;-0.708701;0.180705;-0.300268
305;6.186333;-6.10544;3.85914;0.046472;0.412929;0.075541;-0.700484;0.181647;-0.313674
306;6.149673;-4.963812;3.496949;0.021405;0.353175;0.152094;-0.69803;0.182748;-0.325736
307;5.259727;-5.856164;4.365559;-0.168105;0.288774;0.192999;-0.692932;0.191447;-0.332817
308;5.610023;-7.174616;4.253962;-0.126579;0.233931;0.175587;-0.688224;0.199335;-0.339373
309;5.584258;-6.484991;4.357756;-0.041353;0.249694;0.173191;-0.681534;0.209161;-0.345297
310;6.122626;-6.639688;4.188637;-0.193374;0.214398;0.174643;-0.677031;0.215279;-0.350642
311;6.017204;-7.818813;4.412934;-0.078611;0.272346;0.104254;-0.674077;0.221145;-0.35579
312;6.000701;-7.399902;4.682307;-0.007255;0.215932;0.080131;-0.670762;0.22432;-0.363485
313;5.626756;-7.385851;4.554706;0.013318;0.234549;0.036155;-0.666625;0.226595;-0.368838
314;5.475419;-6.8851;4.858801;0.112636;0.214274;0.036132;-0.662263;0.229053;-0.375533
315;5.311499;-6.802677;4.877624;0.144356;0.170392;0.005744;-0.660886;0.227965;-0.380234
316;4.982473;-6.758882;4.855956;0.248199;0.107905;-0.03349;-0.659308;0.222696;-0.38515
317;5.310224;-6.51799;4.967342;0.025439;0.09127;-0.097116;-0.65884;0.220035;-0.388503
318;5.258643;-6.623527;5.041464;0.069904;0.027005;-0.062281;-0.660562;0.218507;-0.389529
319;5.516957;-6.141162;4.745954;0.099952;0.032998;-0.055107;-0.659641;0.212809;-0.390012
320;5.54793;-6.306486;4.844313;0.076948;0.038317;-0.01804;-0.659363;0.209933;-0.391209
321;5.54535;-6.021594;4.731692;0.016286;0.01893;-0.014496;-0.65936;0.209987;-0.391177
322;5.558418;-5.661458;4.731563;-0.085511;0.024377;0.04384;-0.658605;0.211896;-0.392769
323;5.316442;-6.547575;4.72016;0.011893;-0.014357;0.068125;-0.65823;0.212983;-0.393565
324;5.441239;-6.126929;4.707201;0.03605;-0.005624;0.098263;-0.656821;0.215589;-0.392827
325;5.489609;-6.876263;4.551395;-0.078065;-0.017831;0.122727;-0.657228;0.217931;-0.391499
326;5.401555;-7.132165;4.669975;0.028397;-0.005641;0.053071;-0.655613;0.221913;-0.392107
327;5.743932;-6.883214;4.661576;0.06627;-0.039275;0.104934;-0.656077;0.223524;-0.392404
328;5.460443;-6.981713;4.625968;-0.022338;-0.065438;0.090617;-0.656041;0.225583;-0.390784
329;5.560586;-6.170695;4.522036;-0.01099;0.022536;0.100202;-0.656098;0.226683;-0.388354
330;5.285469;-6.38225;4.621799;-0.068333;0.0333;0.081716;-0.654834;0.231254;-0.390333
331;5.17933;-7.46348;4.755923;0.046968;-0.00555;0.06008;-0.653849;0.231902;-0.390287
332;5.468453;-7.071828;4.656245;0.080115;0.045262;-0.032154;-0.653301;0.230997;-0.39107
333;5.259645;-7.073358;4.824653;-0.010433;0.064827;-0.079659;-0.653766;0.229862;-0.392443
334;5.356232;-6.938231;4.893986;0.068053;0.043548;-0.09566;-0.654497;0.227145;-0.39396
335;5.315194;-6.218346;4.922396;-0.043575;0.015565;-0.083371;-0.654504;0.225059;-0.394903
336;5.247861;-6.188725;4.951029;0.032235;0.029606;-0.053258;-0.654936;0.225071;-0.395059
337;5.216802;-6.023244;4.815145;0.009571;-0.005527;0.004761;-0.655301;0.221882;-0.394798
338;5.4564;-6.142123;4.767558;0.037999;-0.042608;0.086533;-0.653904;0.223452;-0.394734
339;5.339698;-6.742219;4.645794;-0.053084;-0.035415;0.073227;-0.65397;0.226914;-0.395017
340;5.413217;-6.561422;4.534509;-0.08363;-0.009022;0.04873;-0.653385;0.230552;-0.393238
341;5.367827;-6.434256;4.578485;-0.096442;0.047368;0.068562;-0.653124;0.2324;-0.393095
342;5.339377;-6.637601;4.743232;-0.102205;0.050926;0.08885;-0.65147;0.235692;-0.393023
343;5.379132;-7.087647;4.767034;0.03486;0.071849;0.088038;-0.649155;0.238495;-0.394271
344;5.301921;-6.71189;4.532436;0.006802;0.049022;0.066764;-0.647147;0.240932;-0.396209
345;4.966333;-6.70691;4.818359;-0.06451;0.031692;0.070192;-0.646416;0.244694;-0.397671
346;5.184807;-7.013978;4.905633;-0.163959;-0.021112;0.062694;-0.64481;0.24777;-0.395436
347;5.073312;-7.119498;4.918516;-0.116811;-0.047526;0.05985;-0.644539;0.251179;-0.394484
348;5.161031;-6.88529;4.604837;-0.134577;-0.045795;0.060773;-0.644458;0.255812;-0.390838
349;5.172071;-6.261413;4.319212;-0.21347;-0.026343;0.048657;-0.644431;0.25984;-0.388682
350;5.049905;-6.004516;3.761149;-0.330288;-0.004987;0.112363;-0.644399;0.265042;-0.385987
351;5.190216;-4.828258;2.456917;-0.580602;0.094742;0.189096;-0.642463;0.277486;-0.382541
352;4.706907;-3.661607;2.866183;-1.265019;0.223672;0.423149;-0.634191;0.300612;-0.379626
353;4.256742;-6.362246;2.439826;-1.601216;0.312439;0.679127;-0.621872;0.341532;-0.368305
354;4.297812;-5.745941;2.199839;-1.467704;0.359926;0.917818;-0.602052;0.3893;-0.354878
355;3.485441;-7.074156;3.325634;-1.484231;0.283053;1.140344;-0.575983;0.4392;-0.340477
356;2.511822;-8.112807;3.217145;-1.264789;0.072037;1.222551;-0.550388;0.485753;-0.325143
357;2.493006;-6.398102;2.16428;-1.272018;-0.1056;1.493373;-0.518336;0.536077;-0.2999
358;1.260526;-5.305099;1.530463;-1.30306;-0.083724;1.650818;-0.478056;0.586161;-0.274798
359;-0.514416;-3.344059;0.89981;-1.799216;-0.103095;2.007545;-0.418319;0.640806;-0.237399
360;-1.010027;-9.162176;-0.349556;-2.077063;0.060269;2.125776;-0.346302;0.6943;-0.191824
361;-0.738928;-9.682984;-0.974213;-1.66952;0.178319;1.806969;-0.280696;0.731172;-0.154453
362;0.062044;-13.993056;6.175779;1.631505;-0.09445;1.975903;-0.199595;0.752468;-0.154095
363;-6.39391;-48.880173;-8.009317;-4.212617;1.130781;-0.749433;-0.161174;0.76257;-0.113704
364;0.161383;-14.305738;-3.314986;-0.93644;0.00629;-0.611149;-0.178933;0.761287;-0.050845
365;-0.375434;-4.865504;-0.957141;-1.539405;-0.356768;-0.523594;-0.198672;0.75727;-0.012426
366;-0.47542;-2.982012;-1.186332;-1.446801;-0.242143;-0.12889;-0.215673;0.755665;0.034643
367;0.336027;-6.545269;-4.03284;-1.008395;0.05426;-0.072891;-0.216446;0.752085;0.068839
368;0.292078;-8.760214;-5.412128;-0.213873;-0.103287;0.294437;-0.208734;0.751282;0.083284
369;-0.466134;-10.96849;-5.469989;0.464134;0.010525;0.137824;-0.192955;0.751821;0.074171
370;-0.673122;-11.017865;-4.61859;0.695475;-0.113861;-0.057123;-0.191213;0.754369;0.055852
371;-0.281718;-9.655522;-3.531569;0.552375;-0.102407;-0.127362;-0.199656;0.75677;0.041503
372;-0.032341;-8.457114;-2.844959;0.511643;-0.00557;-0.066444;-0.203107;0.755547;0.026459
373;0.072829;-8.50231;-2.700212;0.51017;0.031396;0.003515;-0.204189;0.756554;0.011253
374;-0.04311;-9.22268;-2.761794;0.444748;0.029807;0.077485;-0.206305;0.756435;-0.008735
375;-0.220182;-9.598987;-2.637367;0.235463;0.017825;0.055267;-0.204142;0.757286;-0.017696
376;-0.29541;-9.405139;-2.421462;-0.034189;0.039326;0.024561;-0.200808;0.75822;-0.019025
377;-0.266869;-9.179663;-2.496178;-0.306228;0.036113;-0.017797;-0.201766;0.75951;-0.010958
378;-0.222947;-9.110976;-2.735511;-0.3846;0.052008;-0.048573;-0.202147;0.759215;-0.003265
379;-0.208961;-9.222837;-3.03499;-0.419888;0.036078;-0.060085;-0.202234;0.756439;0.011471
380;-0.164541;-9.296246;-3.379222;-0.359217;0.020115;-0.066397;-0.204299;0.755103;0.019222
381;-0.074812;-9.355474;-3.482416;-0.218019;0.018129;-0.057595;-0.205694;0.756018;0.026865
382;-0.045299;-9.310099;-3.541908;-0.091743;0.010933;-0.018805;-0.206291;0.755401;0.032656
383;-0.075272;-9.280334;-3.512525;0.062881;0.003736;0.023518;-0.204954;0.754934;0.030557
384;-0.149919;-9.221296;-3.348992;0.182667;-0.024535;0.028644;-0.205285;0.754589;0.025941
385;-0.164826;-9.161964;-3.199267;0.207378;-0.02983;0.03392;-0.203337;0.754727;0.018323
386;-0.179534;-9.14758;-3.064498;0.14757;0.010733;0.005971;-0.203642;0.757757;0.015594
387;-0.164356;-9.162807;-2.996637;0.060546;0.030202;0.00257;-0.20194;0.756164;0.011621
388;-0.119039;-9.252683;-2.988124;-0.019364;0.009151;-0.002896;-0.203588;0.75862;0.010453
389;-0.163818;-9.282676;-3.034018;-0.07023;0.007481;0.006789;-0.203923;0.755011;0.011257
390;-0.149057;-9.267427;-3.078764;-0.120969;0.007539;0.010316;-0.202129;0.755949;0.013778
391;-0.179396;-9.207282;-3.139475;-0.147758;0.004069;0.015595;-0.199396;0.756141;0.018104
392;-0.202064;-9.192054;-3.214992;-0.17243;-0.000298;0.005857;-0.19952;0.756781;0.022156
393;-0.209701;-9.20665;-3.320191;-0.136841;0.019903;0.007759;-0.200649;0.756661;0.025619
394;-0.179854;-9.228758;-3.387107;-0.102808;0.018074;-0.002847;-0.201048;0.755728;0.029256
395;-0.194928;-9.213719;-3.40994;-0.058544;-0.001336;0.004082;-0.200556;0.756968;0.031306
396;-0.157755;-9.161219;-3.371728;0.009075;0.022327;0.002497;-0.198232;0.756364;0.032367
397;-0.209866;-9.19149;-3.357733;0.01564;0.014437;0.027146;-0.198887;0.756454;0.030306
398;-0.217138;-9.206741;-3.305332;0.004193;0.017975;0.021875;-0.196656;0.757767;0.029869
399;-0.209744;-9.191709;-3.305199;-0.042783;-0.009261;0.01286;-0.194938;0.75773;0.030223
400;-0.225;-9.131754;-3.305571;-0.062865;0.005752;0.037682;-0.196051;0.757986;0.030845
401;-0.254957;-9.131745;-3.336191;-0.051869;-0.008341;0.021702;-0.195659;0.756966;0.033032
402;-0.26984;-9.176501;-3.411486;-0.065802;0.008398;0.011218;-0.193712;0.757892;0.03583
403;-0.247577;-9.153847;-3.426072;-0.050004;0.002211;0.020003;-0.1934;0.757208;0.036253
404;-0.254962;-9.183758;-3.456206;-0.023189;0.010977;0.014765;-0.194901;0.757959;0.037937
405;-0.284923;-9.17631;-3.471825;0.008894;-0.010178;0.009328;-0.194097;0.757468;0.036624
406;-0.269953;-9.161436;-3.426513;0.029;-0.020763;0.023377;-0.191942;0.758199;0.037539
407;-0.284905;-9.146615;-3.396812;0.040764;-0.00493;0.014669;-0.191688;0.759007;0.037143
408;-0.329649;-9.146945;-3.360189;0.012114;-0.004864;0.023495;-0.190056;0.760096;0.035866
409;-0.337138;-9.146943;-3.367844;0.003762;-0.004865;-0.001213;-0.190908;0.759324;0.035556
410;-0.322116;-9.161888;-3.367526;-0.007033;-0.014538;0.00401;-0.190243;0.760402;0.034909
411;-0.336955;-9.162133;-3.322797;-0.005438;-0.024209;0.011004;-0.1905;0.759726;0.035305
412;-0.329827;-9.109468;-3.352729;-0.012289;0.007478;0.001527;-0.189952;0.759606;0.03479
413;-0.344583;-9.132155;-3.322983;0.005529;0.009223;-0.000227;-0.189528;0.760125;0.034945
414;-0.344601;-9.132125;-3.330488;-0.00279;0.005696;-0.026725;-0.189054;0.760728;0.032937
415;-0.34405;-9.274312;-3.412871;0.005871;0.005687;-0.013518;-0.18925;0.75908;0.03442
416;-0.505654;-10.119704;-4.120616;0.003334;-0.080556;-0.049595;-0.191787;0.759491;0.034972
417;-0.689949;-11.247097;-5.586458;0.684117;-0.094789;-0.339328;-0.197954;0.758196;0.029535
418;0.619623;-13.806645;-3.988929;0.223048;-0.40561;-0.412596;-0.214071;0.756655;0.010085
419;0.223394;-14.413552;-2.585693;0.727994;-0.021723;-1.207714;-0.247366;0.747123;0.019871
420;-0.562152;-15.342287;-1.887548;3.605701;-0.783078;-1.564128;-0.302722;0.726831;-0.052563
421;0.932499;-11.291127;-2.31969;2.464117;-0.203169;-1.628296;-0.356903;0.696288;-0.12451
422;0.190574;-12.58021;0.285849;0.985405;-0.086589;-1.949782;-0.416184;0.658632;-0.151775
423;0.604698;-11.66423;0.495794;1.614608;-0.184384;-1.921135;-0.48022;0.609344;-0.175047
424;1.216399;-10.071168;0.431309;1.687207;-0.230536;-1.928234;-0.54436;0.540795;-0.228174
425;1.434451;-7.506478;0.703361;1.30073;-0.286589;-2.019829;-0.595131;0.477275;-0.245293
426;1.995204;-7.267149;1.412282;1.113685;-0.326991;-1.854185;-0.633571;0.416196;-0.237534
427;2.878873;-6.302647;1.226371;1.357101;-0.318788;-1.607781;-0.667086;0.352862;-0.241709
428;4.303162;-4.07887;1.800398;1.724724;-0.376061;-1.297164;-0.691371;0.291226;-0.248418
429;5.377132;-3.77391;1.649046;1.648521;-0.287459;-1.055647;-0.712409;0.232437;-0.2612
430;6.277555;-4.386652;1.930463;1.444578;-0.17049;-0.90145;-0.721923;0.184713;-0.262356
431;6.896719;-3.239448;0.853514;0.957915;-0.029275;-0.74681;-0.730849;0.149777;-0.258237
432;6.948209;-1.641433;0.867819;0.478235;0.128107;-0.604263;-0.732778;0.121505;-0.260697
433;7.153778;-0.957817;0.833684;0.011782;0.151682;-0.293411;-0.734998;0.105795;-0.265367
434;6.463232;-2.586911;2.269936;-0.072492;0.314381;0.122209;-0.730475;0.107708;-0.275165
435;6.814343;-4.211527;1.820989;0.143683;0.354557;0.430121;-0.725261;0.116951;-0.28603
436;6.21586;-3.729453;2.581394;-0.289212;0.43562;0.54286;-0.719211;0.129075;-0.296186
437;6.296064;-4.288928;3.701776;-0.702169;0.430087;0.720083;-0.710213;0.157925;-0.307592
438;5.69016;-5.477654;3.953549;-0.82752;0.381351;0.889841;-0.698006;0.194629;-0.313992
439;5.58462;-5.61016;3.246155;-0.808891;0.399037;1.026689;-0.683806;0.237969;-0.324505
440;4.776484;-6.783919;3.31374;-1.037204;0.431436;1.07524;-0.664524;0.284665;-0.327609
441;4.306098;-7.039025;2.876812;-1.47331;0.384617;0.979537;-0.646758;0.328073;-0.324149
442;3.758862;-8.024882;3.10703;-1.670179;0.312114;1.040626;-0.627252;0.37731;-0.314259
443;3.296269;-7.825058;3.472433;-1.580993;0.179546;1.216148;-0.601686;0.430309;-0.296831
444;3.55829;-8.820811;1.445082;-0.911027;0.178515;1.309451;-0.569361;0.483757;-0.277269
445;2.66244;-7.355631;1.830724;-0.274885;0.106062;1.379907;-0.536626;0.521519;-0.277399
446;2.05681;-8.842113;1.527498;-1.355188;0.259058;1.299446;-0.503903;0.563089;-0.262929
447;1.588854;-11.062078;0.950173;-0.862529;0.29823;1.327568;-0.462911;0.603464;-0.244539
448;1.24695;-8.634097;1.091051;-1.250965;0.033861;1.269805;-0.421787;0.637251;-0.230116
449;0.995507;-12.137154;0.789631;-1.063282;0.243129;1.203552;-0.376088;0.674029;-0.202554
450;0.391592;-8.467506;-0.097012;-0.341139;-0.037388;1.175861;-0.33577;0.695304;-0.194023
451;0.338153;-9.727607;-0.194273;-0.795693;0.122466;1.095523;-0.297588;0.717271;-0.175313
452;1.084638;-10.671796;3.874152;1.740688;0.341759;1.191594;-0.248236;0.729043;-0.191624
453;-1.673891;-20.229816;-2.16693;-0.941849;0.562262;0.47363;-0.21231;0.72852;-0.224791
454;-0.735387;-19.505283;-2.164164;-1.071387;0.742926;-0.306035;-0.210529;0.728686;-0.207054
455;-0.354075;-8.470953;0.172875;-0.472267;-0.056949;-0.241468;-0.220502;0.732527;-0.186443
456;0.245405;-5.866138;0.332177;-0.756779;-0.046142;-0.023869;-0.223247;0.738369;-0.165216
457;0.22236;-7.624956;-0.671966;-0.773269;0.148344;-0.03347;-0.222424;0.743358;-0.143815
458;0.094505;-9.450697;-1.918284;-0.467226;0.181475;0.118167;-0.216395;0.744785;-0.128105
459;-0.241958;-10.862147;-1.968536;0.038138;0.113165;0.068057;-0.209315;0.745747;-0.128034
460;-0.387034;-11.613699;-1.775519;0.147644;-0.028707;-0.068942;-0.209263;0.74635;-0.133309
461;-0.093524;-10.384145;-1.320693;-0.003297;-0.044509;-0.139416;-0.21258;0.745791;-0.134821
462;0.20678;-9.123619;-1.090897;-0.012499;-0.052492;-0.060704;-0.214325;0.743632;-0.133277
463;0.161645;-9.078659;-1.12187;0.059825;-0.043718;0.007315;-0.21676;0.744471;-0.133533
464;0.059712;-9.678384;-1.318381;0.124999;0.005549;0.049019;-0.218202;0.742811;-0.138062
465;-0.080201;-9.979873;-1.110741;0.121736;0.000338;0.035702;-0.216263;0.742435;-0.142702
466;-0.073075;-9.860316;-0.990657;0.014836;0.001338;0.002197;-0.214201;0.743252;-0.143957
467;-0.052023;-9.605112;-1.00552;-0.101596;0.005879;-0.001262;-0.21385;0.745146;-0.141645
468;-0.000181;-9.559494;-1.102086;-0.088305;-0.00649;0.000421;-0.213858;0.744632;-0.138668
469;-0.021851;-9.739277;-1.184875;-0.046678;-0.003011;0.011;-0.216247;0.743597;-0.138511
470;-0.117194;-10.196193;-1.441444;-0.017399;-0.069938;-0.024852;-0.216721;0.74378;-0.136235
471;-0.166633;-11.011578;-2.041904;0.124961;-0.156444;-0.10327;-0.21778;0.745293;-0.137236
472;-0.219581;-12.698325;-2.52112;0.727788;-0.380968;-0.187085;-0.224697;0.741566;-0.146809
473;-0.066964;-12.413597;-0.492165;-0.586438;-0.583712;-0.547604;-0.242496;0.737682;-0.143062
474;0.852291;-11.237689;-0.970264;-0.582606;-0.661804;-0.819753;-0.273954;0.732981;-0.110206
475;0.765364;-14.242423;-0.083218;1.529916;-0.44462;-1.160984;-0.310559;0.719611;-0.118577
476;0.422292;-13.131586;-0.549092;1.197209;-0.199326;-1.176738;-0.351089;0.69683;-0.14281
477;0.634645;-14.619122;0.334513;1.092728;-0.160759;-1.67627;-0.403512;0.666127;-0.164707
478;0.639691;-12.505604;0.812598;1.405759;-0.224604;-1.88099;-0.461122;0.619982;-0.185782
479;1.289629;-10.988286;0.959088;1.606331;-0.369572;-1.978781;-0.524005;0.557581;-0.230341
480;1.246377;-8.407972;0.985429;1.66107;-0.360801;-2.031168;-0.579988;0.490566;-0.247498
481;1.633434;-5.16652;1.184796;1.580881;-0.436427;-1.863441;-0.624407;0.426208;-0.24841
482;3.257305;-4.5642;0.406296;1.018764;-0.314891;-1.548478;-0.658278;0.363882;-0.254091
483;4.639649;-5.711545;1.471236;0.928468;-0.292555;-1.361387;-0.684247;0.309931;-0.254207
484;5.22329;-5.725657;1.813176;0.757313;-0.119974;-1.164317;-0.702682;0.255248;-0.26092
485;5.734352;-3.717949;1.160871;1.01598;-0.070262;-0.967725;-0.715195;0.212289;-0.264127
486;6.847518;-2.191359;1.324164;1.080942;0.057026;-0.527149;-0.72324;0.180975;-0.264711
487;7.258269;-1.96646;1.752423;0.728835;0.191237;-0.273832;-0.724562;0.159847;-0.273653
488;7.268736;-3.947169;1.822328;0.431484;0.357169;-0.094827;-0.722403;0.149456;-0.283536
489;6.833017;-4.409245;2.631754;0.32634;0.473927;0.047015;-0.714741;0.143432;-0.302822
490;6.072271;-4.466679;3.089308;-0.198383;0.385262;0.125807;-0.710516;0.14719;-0.315613
491;5.759542;-4.47727;3.533301;-0.232077;0.372395;0.319866;-0.705126;0.157575;-0.321871
492;5.598766;-4.967414;3.988373;-0.310682;0.322544;0.537392;-0.698156;0.174324;-0.33199
493;5.480082;-5.296422;3.618629;-0.347077;0.309503;0.665173;-0.689207;0.197984;-0.339732
494;5.481641;-5.529595;3.769003;-0.769362;0.327674;0.70935;-0.675238;0.230938;-0.346035
495;5.130166;-5.671619;3.311828;-0.995322;0.338715;0.765853;-0.661661;0.26609;-0.347357
496;4.580276;-4.692211;3.584881;-1.30226;0.282292;0.920953;-0.649822;0.304045;-0.345118
497;3.993311;-6.757537;3.590341;-1.326199;0.277387;1.063495;-0.632626;0.350589;-0.337094
498;3.746096;-5.822406;2.173523;-1.030235;0.256096;1.27704;-0.605212;0.399866;-0.331288
499;2.689629;-6.369697;2.888322;-1.445721;0.258972;1.329935;-0.573804;0.456655;-0.315431
500;1.992645;-7.600819;2.42539;-1.41339;0.200389;1.534018;-0.536936;0.511475;-0.298628
501;1.65908;-8.558154;1.414134;-1.320633;0.139623;1.497217;-0.498877;0.561522;-0.278915
502;1.027345;-9.428719;0.89959;-1.556755;0.094482;1.575257;-0.453272;0.609352;-0.252609
503;0.548029;-11.952422;1.19288;-1.433575;-0.005916;1.403816;-0.405289;0.652868;-0.221983
504;0.664707;-10.224127;0.607999;-0.795945;-0.054354;1.335882;-0.351958;0.685628;-0.196348
505;-0.009516;-8.634653;0.179977;-1.036814;-0.077496;1.277776;-0.305337;0.71198;-0.177515
506;2.505328;-14.639079;1.505296;1.939449;1.00771;0.813186;-0.262852;0.721271;-0.195907
507;-3.213029;-16.201181;0.078806;-1.38299;-0.555052;0.230119;-0.214407;0.735323;-0.192242
508;0.069257;-23.76092;-6.285808;-2.13152;0.248812;-0.513493;-0.217404;0.741932;-0.146409
509;-0.022177;-9.902193;-1.695005;-1.076352;-0.114682;-0.471686;-0.234489;0.739746;-0.115035
510;0.776788;-4.997622;-0.558621;-0.828492;-0.159146;-0.250441;-0.248864;0.740124;-0.085701
511;0.599817;-4.037866;-0.615752;-0.569626;0.147102;0.004263;-0.254373;0.742539;-0.057294
512;0.667598;-8.065784;-2.628403;-0.464615;0.320303;0.370054;-0.245788;0.745106;-0.046629
513;-0.097212;-10.714132;-3.301282;0.117617;0.179858;0.275086;-0.231474;0.750026;-0.048518
514;-0.211313;-13.123333;-3.135856;-0.002122;0.050491;0.03019;-0.221434;0.74861;-0.063318
515;0.064365;-11.338714;-2.681991;-0.073863;-0.130086;-0.187798;-0.225801;0.746809;-0.063255
516;0.477629;-8.64647;-2.07626;-0.263058;-0.103525;-0.107695;-0.232292;0.748176;-0.048418
517;0.519686;-8.173133;-2.21101;-0.171018;-0.031419;-0.003863;-0.233967;0.747784;-0.041192
518;0.37425;-8.95162;-2.603613;0.104536;-0.003395;0.098448;-0.232537;0.748925;-0.041642
519;0.117808;-9.912967;-2.577703;0.295092;-0.008809;0.09384;-0.228012;0.745998;-0.049803
520;0.066645;-10.019252;-2.323464;0.248557;0.01501;0.02605;-0.225727;0.747388;-0.05903
521;0.117501;-9.615147;-2.037714;0.098121;-0.001554;-0.015463;-0.225323;0.748056;-0.062665
522;0.235114;-9.209907;-1.960747;-0.033891;0.010898;0.000572;-0.225787;0.747574;-0.063768
523;0.168128;-9.299813;-2.052048;-0.044681;0.023269;0.009464;-0.225897;0.749115;-0.062425
524;0.161103;-9.614928;-2.201638;-0.056111;-0.003238;0.004024;-0.227676;0.747778;-0.063619
525;0.05186;-10.378472;-2.698296;-0.085918;-0.087712;-0.048787;-0.227562;0.747803;-0.060907
526;0.215504;-10.495429;-3.280226;0.358768;-0.135948;-0.094143;-0.230085;0.747678;-0.060217
527;0.413469;-11.095833;-3.027949;0.827419;-0.23343;-0.02431;-0.233255;0.74619;-0.078769
528;-0.631047;-10.879678;-1.885986;-0.093392;-0.509984;-0.27943;-0.243686;0.743783;-0.081433
529;0.641978;-11.504071;-2.05484;-0.435711;-0.869404;-0.380079;-0.260942;0.74018;-0.064671
530;0.999345;-13.739691;-1.535222;0.43507;-0.39898;-0.666679;-0.280802;0.736797;-0.04368
531;-0.10485;-14.460338;-2.472167;3.05019;-0.403822;-1.08667;-0.315472;0.719131;-0.092122
532;1.640523;-10.705489;-1.76578;1.383108;-0.177253;-1.269839;-0.358928;0.691509;-0.144077
533;0.501102;-13.426297;0.195452;1.067532;-0.042636;-1.581689;-0.406815;0.660718;-0.164313
534;0.902232;-11.333684;0.666511;1.284335;-0.036056;-1.646526;-0.467624;0.615335;-0.207189
535;1.428728;-10.417799;1.006289;1.277753;-0.138443;-1.735313;-0.517863;0.56648;-0.229389
536;1.498436;-9.266206;1.802209;1.29062;-0.157963;-1.823338;-0.560255;0.515801;-0.23152
537;2.018318;-7.179131;1.915448;1.46294;-0.205875;-1.722687;-0.60426;0.454035;-0.248385
538;3.056204;-5.703846;1.717072;1.343142;-0.299379;-1.467222;-0.639037;0.395932;-0.260346
539;4.171875;-4.791143;1.580906;1.113243;-0.399882;-1.294866;-0.669564;0.33307;-0.274255
540;5.003613;-3.834937;1.536544;0.76125;-0.28531;-1.132466;-0.689978;0.287825;-0.270532
541;5.830859;-4.926359;1.404267;0.924921;-0.093858;-0.777524;-0.702723;0.252408;-0.266327
542;6.19253;-3.928562;1.73314;0.907718;0.024093;-0.562977;-0.71049;0.222793;-0.273126
543;6.312663;-4.070348;1.668169;0.533107;0.072175;-0.335046;-0.713781;0.200762;-0.278644
544;6.600419;-4.685501;1.944781;0.726741;0.314796;-0.220511;-0.713365;0.184415;-0.291708
545;6.426479;-4.191934;2.150872;0.394834;0.348877;-0.047242;-0.710699;0.174335;-0.30292
546;6.37914;-3.325535;3.019494;-0.079004;0.321474;0.093912;-0.707965;0.173606;-0.312393
547;5.79182;-5.070664;3.594936;-0.297773;0.431305;0.283206;-0.702264;0.184094;-0.321344
548;5.761209;-4.898555;3.669178;-0.330631;0.396278;0.48065;-0.693619;0.201113;-0.332062
549;5.329465;-5.237561;3.600835;-0.511754;0.417891;0.558387;-0.680033;0.230381;-0.342165
550;5.29355;-4.305357;3.088797;-0.970187;0.47318;0.751259;-0.668385;0.258978;-0.34803
551;4.667956;-4.578974;3.346683;-1.244595;0.515315;0.90505;-0.652618;0.296015;-0.350604
552;3.94346;-5.948236;3.603773;-1.296226;0.405806;1.07436;-0.631523;0.343241;-0.347533
553;3.466574;-6.470518;2.618877;-1.471251;0.407288;1.213552;-0.605636;0.395684;-0.33955
554;2.599523;-7.437953;3.52555;-1.234373;0.242038;1.342892;-0.57222;0.455561;-0.328744
555;1.855791;-8.264504;3.143786;-0.932421;0.221843;1.491753;-0.536839;0.507325;-0.318093
556;1.54711;-6.613128;2.610477;-1.042203;0.017047;1.481797;-0.500384;0.549458;-0.305744
557;1.077556;-9.616531;2.814432;-1.477076;0.095256;1.48618;-0.458078;0.599196;-0.279602
558;0.158743;-9.932612;2.180949;-0.913234;0.039488;1.440781;-0.410311;0.638596;-0.258987
559;0.281999;-8.487247;0.936419;-1.084805;-0.113653;1.424146;-0.357215;0.672976;-0.239929
560;-0.097377;-9.249778;-0.060961;-1.544818;-0.11562;1.340988;-0.307043;0.703479;-0.209565
561;2.240505;-11.984653;3.185887;0.927867;0.562005;0.838918;-0.260967;0.720937;-0.203857
562;-4.061773;-20.943193;-2.469291;-3.057633;-1.036254;-0.148346;-0.206157;0.736769;-0.190145
563;-0.023312;-26.192924;-6.187174;-2.242605;0.060344;-0.754292;-0.21722;0.743602;-0.133598
564;-0.036037;-8.532935;-1.006067;-1.642388;-0.196698;-0.39426;-0.232664;0.744068;-0.082389
565;0.907763;-4.381407;-0.691739;-1.379366;-0.285226;-0.198311;-0.24559;0.743223;-0.033738
566;0.367478;-4.468529;-1.90321;-0.692607;0.142961;0.079991;-0.250083;0.745082;0.001753
567;0.498299;-9.14647;-4.334431;-0.138352;0.177378;0.352832;-0.240348;0.746832;0.007902
568;-0.052747;-10.911806;-4.276044;0.924528;0.159419;0.139817;-0.230015;0.750499;-0.008111
569;-0.102542;-12.431104;-3.37486;1.002636;-0.027307;0.052675;-0.219424;0.747643;-0.047362
570;0.055676;-10.799322;-2.360358;0.784253;-0.116953;-0.164693;-0.224187;0.74516;-0.073831
571;0.375154;-8.641104;-1.508286;0.540465;-0.121928;-0.026665;-0.232644;0.74522;-0.08601
572;0.25416;-8.237665;-1.225988;0.495011;-0.01968;-0.02057;-0.234128;0.744382;-0.097984
573;0.259082;-9.309211;-1.509892;0.529875;0.003183;0.070265;-0.233002;0.741363;-0.112803
574;0.300596;-10.007651;-1.283165;0.538217;-0.034685;0.09723;-0.231562;0.738966;-0.12666
575;0.032225;-9.920609;-0.823378;0.327122;-0.021073;0.069116;-0.228418;0.738114;-0.139899
576;-0.067213;-9.352048;-0.540827;-0.069967;0.011156;0.007666;-0.226605;0.738117;-0.144004
577;0.036307;-9.282818;-0.854008;-0.346946;0.062468;-0.043176;-0.227814;0.740556;-0.138117
578;0.126209;-9.461262;-1.152184;-0.414071;0.064245;-0.057335;-0.228129;0.741508;-0.128394
579;0.142021;-9.767461;-1.466719;-0.398836;0.018426;-0.059488;-0.227885;0.741283;-0.115936
580;0.186849;-9.88619;-1.735848;-0.336748;0.009515;-0.048991;-0.230173;0.743687;-0.105366
581;0.260815;-9.787943;-1.839531;-0.203752;0.002273;-0.033137;-0.230379;0.74349;-0.100235
582;0.245294;-9.690355;-1.869967;-0.088971;-0.000484;0.002166;-0.231107;0.743517;-0.097294
583;0.185477;-9.675647;-1.856176;0.072222;0.010802;0.030498;-0.230288;0.743536;-0.098066
584;0.140804;-9.646375;-1.722026;0.17353;0.005419;0.029597;-0.228969;0.743478;-0.100437
585;0.14091;-9.587111;-1.541982;0.182723;0.008046;0.012869;-0.229764;0.742651;-0.106155
586;0.141007;-9.542693;-1.399444;0.133336;0.022188;-0.006435;-0.22876;0.742757;-0.1126
587;0.163917;-9.617809;-1.353875;0.060982;0.028441;0.010355;-0.227655;0.742246;-0.113493
588;0.178947;-9.617907;-1.316051;-0.016886;0.011798;-0.008296;-0.229434;0.741817;-0.115472
589;0.171336;-9.617686;-1.37624;-0.074306;0.00218;-0.025134;-0.229378;0.740457;-0.114654
590;0.171205;-9.632316;-1.46628;-0.109362;-0.00481;-0.006662;-0.229307;0.742484;-0.11222
591;0.156122;-9.632124;-1.526618;-0.110324;0.009284;-0.001271;-0.229345;0.742389;-0.109787
592;0.155835;-9.616747;-1.616694;-0.074492;0.000425;-0.013684;-0.229653;0.743201;-0.106693
593;0.156069;-9.661757;-1.61664;-0.059512;0.005691;-0.006595;-0.230583;0.743418;-0.105115
594;0.171039;-9.676608;-1.638837;0.018626;0.012627;-0.001251;-0.231058;0.744645;-0.105817
595;0.163654;-9.676793;-1.601463;0.008798;-0.009361;-0.001403;-0.23105;0.743069;-0.106219
596;0.163559;-9.632032;-1.541478;0.048014;-0.001489;-0.006629;-0.229571;0.743386;-0.108042
597;0.156005;-9.609619;-1.526645;0.044534;0.0038;-0.010117;-0.229429;0.742991;-0.108169
598;0.141127;-9.602363;-1.481925;0.022069;0.005605;0.000486;-0.229354;0.74292;-0.109789
599;0.141197;-9.602488;-1.451906;0.008781;-0.006702;-0.003129;-0.228961;0.740722;-0.111388
600;0.141205;-9.617366;-1.481907;-0.022976;0.017978;-0.011787;-0.2317;0.741322;-0.112198
601;0.201265;-9.691963;-1.525646;-0.017163;-0.004938;0.006566;-0.230106;0.742316;-0.111041
602;0.156174;-9.661943;-1.571611;0.011563;-0.01726;0.033841;-0.228967;0.743604;-0.110448
603;0.16375;-9.662102;-1.526432;0.050563;-0.010267;0.039189;-0.227976;0.742416;-0.110938
604;0.096609;-9.66255;-1.482754;0.084899;-0.013811;0.012699;-0.2281;0.743054;-0.113651
605;0.058844;-9.528195;-1.356084;0.038415;-0.01196;0.021564;-0.225736;0.742019;-0.115158
606;0.096689;-9.618101;-1.347722;0.010357;0.00213;0.005759;-0.227207;0.743002;-0.116043
607;0.119242;-9.677715;-1.422248;0.01817;0.005632;0.016358;-0.227822;0.741616;-0.117693
608;0.081945;-9.663107;-1.362978;0.008663;0.008298;0.003146;-0.227036;0.742973;-0.11874
609;0.111797;-9.662929;-1.377387;-0.004047;-0.003138;0.014535;-0.226874;0.742429;-0.118461
610;0.096793;-9.648014;-1.3702;0.003397;-0.006669;-0.001369;-0.226163;0.742418;-0.118426
611;0.095809;-9.618681;-1.362449;-0.009022;-0.005877;-0.005665;-0.22567;0.744447;-0.118313
612;0.096065;-9.671161;-1.369892;-0.034331;-0.001433;0.014649;-0.22506;0.742569;-0.118009
613;0.110899;-9.693203;-1.467127;-0.008333;-0.005004;0.005793;-0.226245;0.743415;-0.11888
614;0.059824;-9.955713;-1.527904;0.015953;-0.020867;-0.004954;-0.225854;0.744227;-0.119404
615;-0.1408;-10.26319;-1.741725;0.046602;-0.12827;-0.109882;-0.22683;0.742655;-0.119583
616;0.061898;-10.546534;-1.962476;0.289607;-0.229078;-0.167992;-0.232452;0.741372;-0.122152
617;0.082129;-9.821657;-1.27245;0.312995;-0.236113;-0.157289;-0.239678;0.738713;-0.126285
618;0.278963;-10.301131;-1.237955;0.368797;-0.221366;-0.223458;-0.25006;0.734558;-0.135167
619;0.457712;-10.024433;-0.859442;-0.190351;-0.172338;-0.268981;-0.26404;0.731549;-0.131371
620;0.284169;-11.380617;-1.416783;-0.288455;-0.24091;-0.402095;-0.275894;0.729299;-0.123957
621;0.968538;-10.725961;-1.246149;-0.043694;-0.141236;-0.456867;-0.289652;0.725953;-0.111626
622;0.932258;-12.056852;-0.540013;0.956852;-0.244684;-0.603336;-0.309163;0.717259;-0.119992
623;1.085797;-10.216041;-1.086754;0.90972;-0.096837;-0.644339;-0.334617;0.70418;-0.143113
624;1.496732;-9.917153;-0.410926;0.435292;0.119222;-0.691331;-0.359196;0.688323;-0.156578
625;1.177867;-10.227433;-0.064288;0.478979;0.074437;-0.702264;-0.38334;0.675199;-0.165428
626;1.215541;-8.71324;0.250008;0.742129;-0.006802;-0.608099;-0.402712;0.66088;-0.182704
627;1.512586;-8.255478;0.495622;0.869251;-0.036051;-0.454674;-0.422511;0.64696;-0.199866
628;1.706606;-7.992026;0.619004;0.740972;-0.101888;-0.449906;-0.437601;0.629354;-0.216592
629;1.99168;-8.111884;0.849996;0.460925;-0.078756;-0.407435;-0.451738;0.614724;-0.227657
630;2.24942;-8.808672;0.885951;0.374504;-0.080513;-0.350239;-0.463094;0.602201;-0.232505
631;2.724114;-8.161427;0.834751;0.218514;-0.015372;-0.290572;-0.473344;0.593874;-0.23988
632;2.680963;-8.238924;1.389296;0.036005;0.002588;-0.15986;-0.478532;0.58931;-0.243502
633;2.675729;-8.748315;1.209639;0.070617;-0.032626;-0.070202;-0.481853;0.586141;-0.242708
634;2.849729;-9.256853;0.99606;0.247665;0.01634;-0.063782;-0.484728;0.583861;-0.244465
635;2.727024;-8.567948;1.180456;0.106594;-0.018599;-0.048893;-0.485467;0.579844;-0.250038
636;2.691819;-8.928669;1.300211;-0.09939;-0.011234;0.024319;-0.485421;0.580194;-0.248819
637;2.694647;-9.528269;1.173345;-0.025114;0.031779;0.013917;-0.483972;0.579885;-0.248207
638;2.864362;-9.107604;1.198812;0.040643;-0.024697;0.04625;-0.482904;0.579931;-0.249779
639;2.77569;-9.31781;1.152232;-0.065188;0.029152;0.014814;-0.483121;0.581442;-0.247628
640;2.833895;-9.128979;0.898045;-0.128738;0.06266;0.038892;-0.481719;0.585884;-0.246354
641;2.691521;-9.017317;0.970107;-0.373463;0.000555;0.042882;-0.479304;0.586372;-0.242721
642;2.585224;-10.127991;0.969179;-0.112862;0.053052;0.01306;-0.478404;0.589586;-0.237003
643;2.748908;-8.552048;0.985763;0.091271;0.062444;0.052258;-0.477238;0.590979;-0.239115
644;2.570934;-8.718652;1.192492;-0.147673;0.068145;0.084029;-0.473832;0.595638;-0.237338
645;2.537991;-9.63337;1.042736;-0.117642;0.048723;0.062541;-0.471526;0.597927;-0.235609
646;2.717053;-9.543029;1.13629;-0.140343;0.069781;0.043288;-0.4701;0.600123;-0.234598
647;2.483903;-9.184474;1.281303;-0.101704;0.038181;0.056388;-0.465622;0.603519;-0.234795
648;2.397626;-9.844871;1.257774;-0.009038;0.02929;0.053562;-0.463694;0.6042;-0.232539
649;2.539106;-9.82116;1.102998;0.104472;0.010541;-0.015393;-0.463901;0.605047;-0.233769
650;2.396853;-9.739443;1.160086;-0.014641;-0.027085;-0.020935;-0.464215;0.604033;-0.234864
651;2.480083;-9.978802;1.071966;-0.0089;-0.018348;-0.035044;-0.465194;0.603772;-0.23464
652;2.63537;-9.70032;0.999739;0.192246;-0.031013;-0.049191;-0.467209;0.600688;-0.236488
653;2.581728;-9.423151;1.043386;0.143749;-0.025673;-0.111751;-0.469335;0.597706;-0.240913
654;2.628281;-9.760488;1.02968;0.113589;-0.016862;-0.109993;-0.473301;0.593963;-0.242178
655;2.716002;-9.407376;0.986032;0.097599;0.004219;-0.153022;-0.476386;0.589919;-0.242859
656;2.721929;-9.077588;1.060837;-0.023976;0.011413;-0.167034;-0.481139;0.586257;-0.245921
657;2.7892;-9.121963;0.972184;0.016694;0.048302;-0.151787;-0.485803;0.584212;-0.246277
658;2.772939;-8.792666;1.144101;0.024121;0.063315;-0.088963;-0.487519;0.580587;-0.247975
659;2.831271;-8.55204;1.062462;-0.035053;0.076604;-0.025303;-0.488996;0.5787;-0.246689
660;2.78652;-8.507766;1.196595;-0.045111;0.071395;0.025854;-0.488225;0.579548;-0.248277
661;2.719271;-8.500587;1.210244;-0.1307;0.082134;0.07887;-0.485867;0.583226;-0.248172
662;2.571438;-8.749282;1.342624;-0.176382;0.063816;0.135175;-0.481686;0.585984;-0.245541
663;2.624152;-8.861291;1.268761;-0.1676;0.04001;0.140278;-0.47841;0.592073;-0.242962
664;2.482783;-8.989245;1.236041;-0.192075;0.026944;0.203697;-0.471494;0.598027;-0.238177
665;2.540652;-10.091467;1.163359;-0.08583;0.031154;0.196461;-0.465825;0.604493;-0.23589
666;2.634689;-9.572762;0.992083;-0.016371;0.018666;0.145289;-0.459559;0.607261;-0.237622
667;2.361246;-10.129173;1.039724;-0.08683;0.014445;0.078982;-0.456933;0.610951;-0.234528
668;2.631921;-10.473016;1.000511;0.070508;0.025497;0.003109;-0.455005;0.611239;-0.235788
669;2.543327;-10.698225;0.953949;0.002999;0.01677;-0.07906;-0.457604;0.610923;-0.240377
670;2.539987;-10.023392;1.028192;-0.011575;0.022042;-0.153014;-0.459692;0.607777;-0.240606
671;2.374402;-9.79892;1.009611;-0.025828;0.014224;-0.154787;-0.462855;0.605375;-0.23913
672;2.431693;-9.348341;0.950237;0.087253;-0.007933;-0.128381;-0.467588;0.601957;-0.238268
673;2.451019;-8.748188;0.964981;0.110497;0.000834;-0.140558;-0.472143;0.597325;-0.240372
674;2.599352;-8.522684;0.997734;0.086027;-0.016774;-0.082406;-0.476198;0.59275;-0.244074
675;2.667296;-8.650012;1.014247;0.015244;-0.004355;-0.013525;-0.478383;0.591787;-0.242419
676;2.719109;-8.522593;1.090194;-0.07331;0.015141;0.051927;-0.476424;0.591915;-0.243001
677;2.718423;-8.417321;1.03003;-0.067535;-0.021801;0.109925;-0.474298;0.595549;-0.241689
678;2.500207;-8.103282;1.07033;-0.149924;-0.017113;0.215907;-0.468366;0.600069;-0.240601
679;2.412379;-7.30575;0.422317;-0.370213;0.031709;0.375192;-0.460151;0.609515;-0.234004
680;1.902793;-5.894461;-0.294876;-1.125896;0.064761;0.619167;-0.443412;0.627205;-0.217274
681;1.234178;-5.325737;-0.594099;-1.957402;0.066337;0.917486;-0.421568;0.653329;-0.183948
682;0.813356;-6.161378;-0.286461;-1.833091;0.071826;1.175941;-0.384746;0.686239;-0.13598
683;0.169421;-7.267294;-0.140605;-0.89301;-0.081157;1.48095;-0.337866;0.712484;-0.104283
684;0.07388;-6.601659;2.055548;0.388755;-0.162518;1.854817;-0.27225;0.742381;-0.091168
685;0.859696;-8.724922;1.068057;0.11129;3.028954;1.644528;-0.194062;0.745584;-0.186953
686;-2.610052;-44.076103;-8.718966;-1.927464;0.792857;-1.458556;-0.182656;0.754934;-0.145028
687;-0.377434;-12.761968;-3.447564;-1.53603;-0.085786;-0.329163;-0.210871;0.755711;-0.090527
688;0.398428;-3.853478;-0.049664;-0.677397;-0.259617;-0.52354;-0.23343;0.752762;-0.058064
689;-0.139245;-0.566759;1.009089;-0.565022;-0.223821;0.067716;-0.250482;0.750678;-0.019113
690;0.721075;-6.640105;-2.509105;-0.245616;0.387844;0.264822;-0.243469;0.752358;-0.013637
691;0.081139;-10.672385;-3.99595;0.122674;0.046098;0.369322;-0.222315;0.755582;-0.025471
692;-0.285075;-13.502191;-3.9477;0.313697;0.336282;0.062004;-0.214249;0.75771;-0.038614
693;-0.416706;-12.179013;-2.9612;0.245739;-0.111667;-0.150843;-0.213389;0.757557;-0.0452
694;0.056383;-9.300841;-1.911709;-0.202177;-0.054934;-0.197563;-0.220882;0.756459;-0.041637
695;0.295739;-7.874951;-1.818397;-0.362894;0.04466;-0.173673;-0.22759;0.754368;-0.0333
696;0.416426;-8.381885;-2.468305;-0.142294;-0.021635;-0.007472;-0.229792;0.753422;-0.028669
697;0.270667;-9.28085;-2.905513;0.135014;0.00364;0.0949;-0.227012;0.753044;-0.030157
698;0.006994;-10.175772;-2.62467;0.143261;0.024857;0.05078;-0.22435;0.753692;-0.034088
699;-0.023737;-9.914267;-2.400439;-0.027292;0.040892;-0.041712;-0.221044;0.755959;-0.035557
700;0.115115;-9.335904;-2.443305;-0.13405;0.014557;-0.046213;-0.224728;0.756006;-0.032083
701;0.195859;-9.058025;-2.441984;-0.092769;0.018882;-0.025835;-0.225936;0.754783;-0.030921
702;0.151948;-9.267933;-2.517683;-0.024579;0.024982;-0.009946;-0.225745;0.755258;-0.02956
703;0.15366;-9.650016;-2.637304;-0.010019;0.012621;-0.020696;-0.226895;0.754634;-0.030155
704;0.205919;-9.634871;-2.621261;-0.026012;0.010855;-0.021591;-0.228188;0.753752;-0.02751
705;0.212597;-9.462493;-2.576288;-0.030154;-0.019053;0.000294;-0.226446;0.754346;-0.026345
706;0.167069;-9.305351;-2.524843;0.010761;-0.013773;0.03831;-0.226709;0.754069;-0.029333
707;0.137806;-9.455219;-2.592808;0.025267;-0.026113;0.026724;-0.225617;0.754747;-0.030094
708;0.107907;-9.433018;-2.548406;0.044461;0.000274;0.003974;-0.225952;0.75506;-0.031193
709;0.093501;-9.523219;-2.518579;0.030367;-0.020832;-0.003248;-0.2247;0.755327;-0.031674
710;0.050047;-9.956898;-2.901707;0.076835;-0.093076;-0.010903;-0.224307;0.754567;-0.032735
711;0.141492;-10.494826;-3.342045;0.403993;-0.14024;-0.04486;-0.22701;0.755;-0.039496
712;-0.06375;-11.231046;-3.285333;0.722123;-0.246252;-0.163946;-0.231884;0.752102;-0.0519
713;0.11473;-10.418783;-1.811762;0.307306;-0.421895;-0.34589;-0.24353;0.750307;-0.066393
714;0.677373;-9.329655;-1.606526;-0.380832;-0.268161;-0.425854;-0.263006;0.7446;-0.052712
715;0.775551;-11.217343;-2.172835;0.253903;-0.157314;-0.469536;-0.279405;0.74085;-0.046057
716;0.229419;-12.123425;-1.282293;2.004316;-0.259678;-0.603483;-0.300273;0.730679;-0.073828
717;1.195738;-8.665299;-2.122141;1.358338;-0.065654;-0.587469;-0.322248;0.715915;-0.12288
718;0.736458;-11.450732;-0.207207;0.213587;0.185964;-0.734478;-0.346707;0.703616;-0.135668
719;1.001987;-10.759789;-0.142587;0.605044;0.072557;-0.931008;-0.376993;0.68578;-0.160901
720;1.102763;-9.83843;0.278684;0.352574;0.072852;-0.946721;-0.408055;0.666452;-0.171421
721;1.217961;-8.916079;0.47511;0.604561;-0.019046;-0.945402;-0.436767;0.646367;-0.170193
722;1.719226;-9.093674;0.365306;0.508654;-0.035006;-0.906751;-0.465172;0.622985;-0.183145
723;2.259043;-8.048489;0.292468;0.651443;-0.082928;-0.823956;-0.490198;0.599843;-0.193229
724;2.594619;-6.33075;0.650051;0.529518;-0.126797;-0.640408;-0.514617;0.57417;-0.210041
725;3.105524;-6.958102;0.465885;0.354747;-0.093281;-0.439147;-0.528612;0.558886;-0.217986
726;3.576086;-6.98572;0.340292;0.476917;-0.083003;-0.248498;-0.537495;0.544706;-0.218652
727;3.910028;-6.512124;0.421532;0.178375;-0.057111;-0.013544;-0.540063;0.540176;-0.224041
728;3.650597;-8.321306;0.478322;-0.037359;0.025184;0.081982;-0.538698;0.541647;-0.221409
729;3.596321;-7.723438;0.971873;0.178895;0.039135;0.22341;-0.532762;0.545114;-0.227352
730;3.423297;-7.61796;0.698122;0.147596;0.044616;0.357585;-0.524507;0.551512;-0.234409
731;2.958687;-9.84391;1.561721;0.017744;0.008001;0.289004;-0.517592;0.558249;-0.236119
732;3.301149;-9.870089;0.968277;-0.158641;0.024719;0.233478;-0.508799;0.565584;-0.236794
733;3.036562;-10.503263;1.443932;-0.304562;-0.002312;0.114946;-0.504776;0.571891;-0.22985
734;2.769176;-10.804435;1.453895;-0.120864;0.004587;0.051429;-0.500788;0.576398;-0.227774
735;2.851362;-9.527316;1.093945;-0.046134;-0.036041;0.035494;-0.497358;0.578813;-0.226261
736;2.751699;-9.240762;0.641365;-0.266193;-0.035758;-0.021834;-0.500157;0.579733;-0.221664
737;2.955516;-9.778786;0.33086;-0.415359;0.022381;-0.055973;-0.499801;0.581756;-0.212453
738;3.144599;-8.83236;0.221064;-0.293888;0.038016;-0.008038;-0.500158;0.583137;-0.206927
739;3.044795;-8.517967;0.136467;-0.169552;0.090674;0.078977;-0.498437;0.586543;-0.20272
740;3.144941;-9.043202;0.259122;-0.081651;0.094083;0.170677;-0.49391;0.591202;-0.201294
741;2.956304;-8.617021;0.419966;0.110248;0.108056;0.211472;-0.489396;0.594826;-0.203926
742;2.755972;-8.702067;0.836281;0.035696;0.10303;0.282911;-0.481649;0.600394;-0.209923
743;2.642211;-9.916829;0.602679;-0.051351;0.104911;0.25533;-0.474281;0.606973;-0.211071
744;2.313988;-9.78529;1.128755;0.039449;0.089107;0.198809;-0.465391;0.611473;-0.213899
745;2.314906;-10.054475;0.918942;0.038997;0.108426;0.14506;-0.461065;0.614749;-0.217756
746;2.256374;-10.220428;1.083044;0.003683;0.053871;0.046708;-0.456905;0.616743;-0.219319
747;2.239937;-9.979999;0.97739;0.000153;0.074959;-0.036047;-0.456904;0.617396;-0.21905
748;2.2991;-9.822606;1.068461;0.052122;0.016758;-0.06289;-0.456838;0.61498;-0.221747
749;2.613506;-10.067695;0.774868;0.074219;-0.004589;-0.093107;-0.459754;0.612737;-0.224453
750;2.535604;-9.423157;0.847646;0.044464;-0.046769;-0.126807;-0.46343;0.609636;-0.2253
751;2.566051;-9.520655;0.870877;0.128883;-0.038064;-0.082639;-0.467076;0.607161;-0.2252
752;2.623567;-9.129933;0.77405;0.209178;-0.053167;-0.100318;-0.469882;0.604422;-0.228848
753;2.623848;-9.256775;0.609096;-0.000535;-0.004493;-0.096494;-0.472823;0.599457;-0.22979
754;2.573656;-9.602614;0.743544;0.052635;0.002512;-0.085912;-0.475574;0.597191;-0.231947
755;2.66697;-8.881956;0.714617;0.179936;0.020815;-0.059171;-0.477474;0.595437;-0.233929
756;2.727274;-8.927263;0.843454;0.06463;0.014791;-0.031874;-0.478452;0.593211;-0.23776
757;2.572226;-9.228468;0.968241;-0.007999;0.025519;-0.041557;-0.478706;0.593449;-0.236961
758;2.644011;-8.598664;1.119087;-0.014293;0.022033;0.034426;-0.479327;0.59246;-0.238612
759;2.719826;-8.875311;0.970823;-0.078737;0.025602;0.059974;-0.476275;0.594313;-0.239551
760;2.684061;-9.108692;1.135456;-0.132694;0.059159;0.091934;-0.473672;0.595541;-0.23794
761;2.512849;-9.192251;1.222159;-0.062277;0.011642;0.119837;-0.470265;0.600855;-0.235893
762;2.537888;-9.544005;1.20023;-0.013688;-0.016518;0.097412;-0.469094;0.60232;-0.236854
763;2.540105;-9.986444;1.163234;-0.021699;0.001066;0.063918;-0.46469;0.604608;-0.235835
764;2.670902;-10.817633;0.926625;-0.016387;-0.027241;-0.007041;-0.463423;0.60643;-0.235372
765;2.460669;-10.608525;0.95219;0.077783;-0.016736;-0.088092;-0.463837;0.604594;-0.235794
766;2.67108;-9.37023;1.030116;0.056359;0.010492;-0.096498;-0.468399;0.602192;-0.237226
767;2.517447;-10.112438;0.772685;0.05638;0.007862;-0.168134;-0.470758;0.598254;-0.237466
768;2.612586;-9.632862;0.991704;0.05173;0.008694;-0.207741;-0.477769;0.592913;-0.237522
769;2.562679;-8.657826;0.98964;0.068928;0.012245;-0.191646;-0.483695;0.586558;-0.239146
770;2.664569;-8.228956;0.781097;0.028022;0.03254;-0.109375;-0.488872;0.5846;-0.241557
771;2.766923;-7.912391;0.520155;-0.048843;0.084578;-0.003967;-0.488575;0.583407;-0.241675
772;2.59504;-6.398389;0.680151;-0.267022;0.101849;0.24174;-0.484906;0.587951;-0.240426
773;2.271356;-4.457127;0.776596;-0.677824;0.123963;0.6755;-0.471722;0.602818;-0.231707
774;1.544621;-4.382089;0.079007;-0.977462;0.120611;1.218139;-0.441261;0.632123;-0.214882
775;0.773262;-4.025187;0.108144;-1.344398;0.052197;1.648337;-0.395267;0.667953;-0.190556
776;-0.315236;-6.023915;-0.144193;-1.435154;-0.054411;1.913721;-0.33874;0.706486;-0.15761
777;-2.428669;-1.401031;1.009015;-1.36967;0.093093;2.364003;-0.263999;0.74119;-0.128102
778;0.426127;-25.685671;-4.910737;-1.743858;-0.641842;0.803574;-0.18384;0.750938;-0.161174
779;-6.425642;-29.90052;-8.105649;-2.551746;0.556822;-0.820316;-0.19546;0.761317;-0.042447
780;-0.010185;-5.642868;-3.087717;-0.829182;-0.211834;-0.512181;-0.215214;0.757319;0.009094
781;0.345012;-1.935764;0.555035;-1.457674;-0.323454;-0.160111;-0.232672;0.754049;0.054791
782;0.295467;-5.0682;-2.084111;-1.147707;0.248366;0.177638;-0.230516;0.749298;0.090756
783;0.315744;-8.940727;-5.276377;-0.6348;0.071473;0.207357;-0.220607;0.746707;0.112887
784;0.132874;-9.661919;-5.204223;0.168344;-0.049218;0.144679;-0.203425;0.748283;0.093694
785;-0.815787;-11.584135;-5.836267;-0.060847;0.062219;0.009306;-0.195089;0.749913;0.091124
786;-0.477477;-10.235437;-5.125518;-0.016634;0.123533;-0.203533;-0.203462;0.750555;0.104789
787;-0.035824;-8.348991;-3.745383;-0.012073;0.100505;-0.208596;-0.210171;0.749767;0.103519
788;0.185843;-7.801157;-3.583931;0.008774;0.017719;-0.078477;-0.216107;0.747864;0.103371
789;0.188098;-8.496346;-4.175981;0.142618;-0.059884;0.030254;-0.215139;0.746955;0.092325
790;-0.047622;-9.142445;-4.17251;0.275778;-0.0203;0.090428;-0.211428;0.749238;0.086951
791;-0.194701;-9.442355;-4.197947;0.127662;0.002036;0.041885;-0.20995;0.750591;0.087826
792;-0.121239;-9.038506;-3.829193;0.002235;-0.021614;-0.006733;-0.210345;0.75109;0.085371
793;-0.130585;-8.678457;-3.829772;-0.139967;0.005864;-0.010013;-0.210834;0.750371;0.086972
794;-0.152279;-8.783878;-3.755049;-0.088064;-0.031172;-0.028814;-0.212944;0.749337;0.083626
795;-0.138065;-8.663608;-3.799921;-0.091128;0.040994;-0.045938;-0.211461;0.749781;0.08532
796;-0.061802;-9.089693;-4.090598;-0.101354;0.021576;-0.059404;-0.213095;0.748566;0.093225
797;-0.047687;-8.946949;-4.127991;-0.061083;0.030338;-0.031079;-0.213389;0.749887;0.093478
798;0.011788;-8.84957;-4.036849;-0.031384;0.009162;-0.01091;-0.214374;0.748587;0.096545
799;-0.033203;-8.842024;-4.090292;-0.003008;0.010934;0.034108;-0.215941;0.747697;0.092683
800;-0.0478;-8.902158;-4.075511;0.036037;-0.008497;-0.00486;-0.215339;0.747396;0.09339
801;-0.077525;-8.909993;-4.023569;0.054546;-0.004979;0.002226;-0.213565;0.749136;0.092389
802;-0.040578;-8.797636;-3.947905;0.053572;0.017897;0.005938;-0.21421;0.748954;0.090465
803;-0.062196;-8.977512;-4.008179;0.035822;0.010884;0.006734;-0.213243;0.747788;0.089432
804;-0.091982;-8.970376;-3.94875;0.033943;-0.003179;0.009288;-0.213291;0.749008;0.085368
805;-0.121848;-8.977962;-3.956846;0.020049;-0.013719;-0.00667;-0.213078;0.750246;0.084158
806;-0.047442;-8.887934;-3.887909;0.022584;-0.022555;-0.003185;-0.211858;0.749368;0.085843
807;-0.069719;-8.947721;-3.963336;0.008943;-0.010197;0.013652;-0.21266;0.750771;0.084177
808;-0.099363;-9.007726;-3.993884;0.041691;-0.050715;0.017772;-0.211675;0.74998;0.083686
809;-0.151379;-9.053032;-3.972367;0.04996;-0.03134;0.007314;-0.212003;0.751333;0.083125
810;-0.358036;-9.965083;-4.92859;0.063413;-0.15104;-0.027251;-0.212438;0.75004;0.082431
811;-0.352156;-11.684905;-6.262389;0.630904;-0.311342;-0.306655;-0.218919;0.750347;0.076841
812;0.34131;-12.00522;-4.34198;0.461886;-0.270996;-0.441407;-0.231516;0.749309;0.06027
813;1.051472;-12.715063;-2.540882;1.141641;0.241699;-0.765242;-0.257574;0.744649;0.046033
814;0.394507;-10.283919;-3.307172;3.309083;0.021837;-0.807634;-0.291738;0.734607;-0.031353
815;0.254344;-5.68441;-1.866639;1.187926;0.08296;-0.624661;-0.31908;0.721199;-0.089461
816;0.759303;-10.263803;-0.583261;0.652907;0.257571;-0.744326;-0.343043;0.71157;-0.113054
817;0.94231;-11.11692;-0.90885;0.816015;0.165615;-0.881023;-0.36988;0.694955;-0.13677
818;1.242599;-11.162888;-0.392464;0.70107;0.123307;-1.001332;-0.400712;0.673578;-0.156067
819;1.586839;-9.707365;-0.109466;0.600301;0.12151;-1.047845;-0.434496;0.649215;-0.158997
820;1.8449;-8.867821;0.292541;0.564042;0.154968;-0.945094;-0.463909;0.625207;-0.172538
821;2.261997;-8.626019;0.270642;0.843604;0.064702;-0.810668;-0.491096;0.601597;-0.197064
822;2.958;-7.25937;0.613337;0.794311;-0.001496;-0.694413;-0.511311;0.575391;-0.215295
823;3.08942;-6.629087;0.705345;0.635418;-0.051409;-0.512883;-0.527749;0.556376;-0.228761
824;3.122355;-7.154644;0.841659;0.495198;-0.076684;-0.357865;-0.538645;0.53924;-0.23114
825;3.607913;-7.152572;0.806388;0.477354;-0.099694;-0.192157;-0.546642;0.528283;-0.239888
826;3.610346;-7.454195;1.181986;0.322253;-0.070378;-0.089651;-0.551907;0.518822;-0.250536
827;3.879174;-7.549487;0.902324;0.247179;-0.008749;0.021034;-0.553207;0.515068;-0.255866
828;3.604663;-7.784419;1.212249;-0.037887;0.005006;0.08903;-0.551912;0.51621;-0.258376
829;3.621496;-8.233647;1.017961;-0.073667;0.062281;0.152866;-0.544403;0.52174;-0.253156
830;3.608304;-8.437495;1.318094;-0.179092;0.066015;0.257862;-0.539565;0.52859;-0.253615
831;3.325275;-8.670588;1.177581;-0.236143;0.054784;0.268329;-0.535335;0.536792;-0.254512
832;3.249662;-8.565231;1.025858;-0.177505;0.082083;0.355015;-0.526332;0.545631;-0.253016
833;3.03793;-9.437008;1.202658;-0.291396;0.077028;0.325702;-0.516147;0.558071;-0.249036
834;3.109484;-10.313968;1.092484;-0.079839;0.085462;0.256777;-0.505019;0.567015;-0.24419
835;2.971824;-9.543351;1.456596;0.036939;0.077472;0.227775;-0.497136;0.573239;-0.246664
836;2.960803;-10.323328;1.397187;0.082001;0.065899;0.126074;-0.493282;0.576431;-0.251625
837;3.006007;-10.368412;1.45818;0.071077;0.041152;-0.028525;-0.491099;0.57792;-0.253147
838;2.974965;-10.173237;1.397309;0.011984;0.037685;-0.092932;-0.491471;0.575521;-0.256135
839;2.975299;-10.240721;1.389884;0.059142;0.034077;-0.135322;-0.49402;0.572021;-0.257332
840;2.865882;-9.333276;1.349176;0.088059;-0.010804;-0.170754;-0.499667;0.56815;-0.258137
841;2.87767;-8.799918;1.183735;0.122627;-0.002903;-0.128247;-0.503208;0.56414;-0.259516
842;2.93613;-8.507497;1.274645;0.129324;-0.014342;-0.073562;-0.506817;0.560062;-0.262522
843;3.070542;-8.521697;1.209822;0.01941;-0.0257;-0.047187;-0.506969;0.557458;-0.263741
844;3.206345;-8.716746;1.340338;0.054287;-0.008187;-0.013569;-0.509854;0.556495;-0.265231
845;3.295303;-8.581369;1.341979;0.027983;0.012089;0.051889;-0.509016;0.554927;-0.266133
846;3.327063;-9.000783;1.207994;-0.099962;0.035113;0.05725;-0.506634;0.557798;-0.265754
847;3.165243;-9.399879;1.4153;0.044076;0.048217;0.059054;-0.504685;0.560421;-0.265666
848;3.013998;-9.062794;1.38938;-0.059561;0.03964;0.078468;-0.502624;0.563461;-0.266115
849;2.83604;-9.288881;1.468599;-0.064788;0.016846;0.072981;-0.49849;0.564825;-0.265106
850;2.805476;-9.139152;1.512848;-0.040461;-0.009584;0.053417;-0.497527;0.566147;-0.265334
851;2.866925;-9.45405;1.529435;-0.037779;-0.021945;0.055034;-0.494958;0.567667;-0.264401
852;2.866655;-9.46843;1.379356;0.010293;-0.014996;0.013606;-0.494982;0.56952;-0.264272
853;3.060533;-9.429824;1.300662;0.083801;0.025311;0.030655;-0.494588;0.56902;-0.265198
854;3.133007;-9.001911;1.294148;0.057618;0.023538;0.003365;-0.493014;0.570162;-0.26783
855;3.044444;-9.219744;1.277597;-0.036439;0.036019;-0.001005;-0.491941;0.568765;-0.269804
856;2.933393;-9.340921;1.448099;-0.008488;0.025494;0.020088;-0.491258;0.570872;-0.269641
857;2.837741;-9.589195;1.528995;0.013309;0.027262;0.000649;-0.491029;0.570789;-0.270983
858;2.791392;-9.304245;1.512745;0.071836;0.00433;0.002313;-0.489474;0.569857;-0.271446
859;2.760404;-9.019986;1.67691;0.032426;-0.009672;0.009332;-0.489361;0.571713;-0.271445
860;2.728015;-8.658902;1.405707;0.024249;-0.04131;0.055055;-0.489099;0.570944;-0.272242
861;2.719766;-7.306431;0.87876;-0.131003;0.03818;0.161722;-0.486997;0.573554;-0.271876
862;2.652454;-6.104098;0.320772;-0.445678;0.093335;0.40495;-0.477023;0.580702;-0.268164
863;2.512231;-5.202557;-0.133293;-1.356552;0.145807;0.717775;-0.459726;0.606237;-0.24872
864;1.618152;-5.678765;-0.120724;-1.763947;0.159203;0.898671;-0.431947;0.639625;-0.213231
865;0.664828;-6.133854;0.168295;-1.781187;0.034943;1.27366;-0.39396;0.673927;-0.170757
866;0.217808;-6.591229;-0.31297;-1.187657;-0.132656;1.612165;-0.347271;0.707281;-0.134217
867;-1.040824;-5.296933;1.131197;-1.002163;-0.172481;1.916669;-0.283774;0.737203;-0.107405
868;0.645359;-12.708968;2.816616;1.765421;2.264924;2.063063;-0.195909;0.74731;-0.189752
869;-2.957205;-42.956497;-7.691549;-1.562295;-0.349202;-1.739775;-0.179873;0.759008;-0.114466
870;-0.43606;-11.584075;-3.532573;-0.716876;-0.389766;-0.632779;-0.210421;0.759088;-0.071845
871;0.490448;-4.607956;-0.729897;-0.511949;-0.4834;-0.36643;-0.232692;0.756521;-0.045862
872;-0.139714;-0.476739;1.008981;-0.804518;-0.149586;0.048821;-0.237472;0.756291;-0.024719
873;0.569123;-5.759236;-1.612585;-0.657604;0.417521;0.22285;-0.228309;0.758709;-0.008319
874;0.355463;-10.444549;-4.403429;-0.592725;0.309984;0.261713;-0.219246;0.756509;-0.009498
875;-0.061091;-12.796473;-5.669985;0.045185;0.053113;0.217137;-0.207752;0.758835;-0.005159
876;-0.597564;-12.29587;-3.895256;0.397981;-0.139023;-0.027538;-0.200877;0.764173;-0.001592
877;-0.012135;-9.298826;-2.460911;-0.169887;0.000491;-0.198956;-0.204292;0.761876;-0.002699
878;0.287388;-7.828817;-2.096279;-0.121773;-0.015467;-0.103485;-0.210119;0.759744;0.002976
879;0.227086;-7.909853;-2.510146;0.036824;-0.087723;0.084825;-0.215575;0.759874;-0.008652
880;-0.262279;-10.124273;-2.637642;0.010904;-0.090182;-0.005603;-0.213817;0.759406;-0.010865
881;-0.097024;-10.288702;-2.626637;-0.316831;-0.189403;-0.149303;-0.211223;0.759469;0.0036
882;0.02375;-9.154841;-2.775533;-0.61578;-0.108963;-0.1415;-0.217986;0.757953;0.017615
883;0.057753;-8.762244;-3.345613;-0.637649;0.009886;-0.103559;-0.220833;0.75487;0.036424
884;0.13203;-8.783462;-3.584239;-0.480043;0.065995;-0.066112;-0.224351;0.751625;0.046002
885;0.177074;-8.976895;-3.928327;-0.413484;0.097542;-0.092409;-0.226511;0.749204;0.057807
886;0.370952;-8.968016;-4.074529;-0.1741;0.079546;-0.062527;-0.225712;0.749507;0.070155
887;0.437656;-8.840446;-4.020796;-0.029966;0.010716;0.005853;-0.226271;0.749245;0.070264
888;0.288909;-8.85712;-3.761112;-0.014901;0.018729;0.046512;-0.224622;0.74888;0.072239
889;0.088684;-9.068697;-3.5848;0.143975;0.017807;0.140024;-0.223651;0.751368;0.06254
890;-0.103562;-9.593286;-3.895774;0.202435;0.045939;0.080118;-0.219031;0.752537;0.058161
891;0.030204;-9.450264;-3.885737;0.243679;0.010575;0.01813;-0.216914;0.754217;0.055148
892;0.103219;-9.023317;-3.659601;0.306178;-0.012424;-0.003999;-0.217535;0.754926;0.047406
893;0.087715;-8.739966;-3.262486;0.39155;0.005121;0.028846;-0.214613;0.756243;0.036451
894;0.044657;-8.951401;-2.970449;0.348545;0.032478;0.004299;-0.218452;0.756953;0.023006
895;0.024456;-9.356762;-2.925387;0.202829;0.047634;0.006085;-0.216415;0.756745;0.014042
896;0.054958;-9.491519;-2.96215;-0.00889;0.03378;-0.027586;-0.216107;0.758809;0.012023
897;0.113204;-9.22101;-3.013805;-0.125876;0.023353;-0.006443;-0.217742;0.757986;0.013298
898;0.089722;-8.996237;-2.969495;-0.167031;0.000541;0.000499;-0.215839;0.757776;0.01799
899;0.044943;-9.055956;-3.082896;-0.220212;-0.011701;-0.00578;-0.217295;0.756786;0.023469
900;0.090091;-9.249577;-3.381955;-0.212583;0.000564;-0.022509;-0.217727;0.755361;0.029539
901;0.105181;-9.353825;-3.55414;-0.136277;0.005738;-0.011905;-0.217316;0.756024;0.032804
902;0.089674;-9.219103;-3.494563;-0.010038;-0.006736;-0.015484;-0.217944;0.75622;0.034802
903;0.074662;-9.159584;-3.389867;0.073251;0.024867;-0.002006;-0.21655;0.755439;0.033924
