time index;acc_x;acc_y;acc_z;gyr_x;gyr_y;gyr_z;mag_x;mag_y;mag_z
1;-9.691835;0.12149;-1.142409;5.4e-05;0.009645;-0.015061;0.626919;0.207945;0.555849
2;-9.676832;0.150947;-1.127178;-0.010912;-0.000886;-0.004084;0.62836;0.209026;0.554659
3;-9.676729;0.165825;-1.142006;0.004561;0.016976;-0.000492;0.627666;0.208771;0.554495
4;-9.714098;0.151248;-1.127459;0.023533;0.007875;-0.000431;0.624655;0.207472;0.554521
5;-9.706718;0.15107;-1.097554;0.032614;0.01775;0.005013;0.626096;0.207688;0.555817
6;-9.691849;0.15089;-1.082518;0.010903;0.018734;-0.000491;0.626919;0.208078;0.555848
7;-9.677058;0.121163;-1.090062;0.001883;0.018681;-0.009623;0.629263;0.20725;0.556086
8;-9.676936;0.13607;-1.112351;-0.005519;-0.000792;0.005955;0.62888;0.208636;0.554131
9;-9.676863;0.136188;-1.1422;2.3e-05;0.010662;-0.005944;0.627959;0.207298;0.554793
10;-9.669376;0.143537;-1.142095;-0.02165;0.018812;-0.011479;0.628395;0.20675;0.555228
11;-9.684356;0.143539;-1.112359;-0.014349;0.027681;-0.015156;0.628542;0.209002;0.555493
12;-9.684356;0.143539;-1.112359;0.000966;0.018728;-0.005977;0.628911;0.208089;0.554688
13;-9.691934;0.136043;-1.075153;0.010922;0.020493;-0.003235;0.628949;0.207937;0.555379
14;-9.691919;0.143422;-1.067642;0.005537;0.024013;-0.011465;0.627424;0.207695;0.555044
15;-9.661896;0.165587;-1.112045;0.000104;0.027703;-0.006014;0.626903;0.208484;0.555569
16;-9.676776;0.187816;-1.082163;0.005473;0.016938;-0.004136;0.628942;0.207808;0.555242
17;-9.714086;0.165977;-1.104976;0.004522;0.01892;0.011353;0.628278;0.207804;0.555629
18;-9.76657;0.084986;-1.128288;0.001855;0.016949;-0.00233;0.627812;0.208367;0.554641
19;-9.677036;0.113843;-1.112496;0.00186;0.0297;0.011305;0.628332;0.207844;0.554115
20;-9.602435;0.12071;-1.126811;-0.006185;0.040351;-0.002425;0.627706;0.207822;0.555192
21;-9.632291;0.135592;-1.082166;-0.012569;0.024127;-0.013309;0.629201;0.208078;0.554975
22;-9.714168;0.143779;-1.112583;-0.005242;0.034734;-0.018825;0.627219;0.207;0.556281
23;-9.714168;0.143779;-1.112583;-0.001633;0.029284;-0.022444;0.627255;0.20738;0.556969
24;-9.676906;0.150829;-1.09733;-0.002682;0.014278;-0.005961;0.627134;0.207839;0.554756
25;-9.706652;0.165888;-1.097458;-0.001828;0.013532;0.006808;0.626897;0.20769;0.555436
26;-9.706752;0.14366;-1.097603;0.027147;0.018812;0.015032;0.626873;0.208101;0.555019
27;-9.64719;0.121012;-1.112223;0.036232;0.016838;0.005026;0.628095;0.207828;0.554795
28;-9.66206;0.121191;-1.12726;0.014462;0.007996;0.003209;0.627773;0.208319;0.556431
29;-9.691854;0.12146;-1.134946;0.007274;0.013321;-0.004123;0.628493;0.207299;0.554539
30;-9.691891;0.121401;-1.120022;-0.009077;0.013602;0.008622;0.627792;0.207182;0.554236
31;-9.662037;0.15065;-1.082293;-0.005426;0.010742;-0.004124;0.628147;0.208201;0.555758
32;-9.691849;0.15089;-1.082518;-0.003513;0.01859;-0.019662;0.628437;0.208323;0.556045
33;-9.706713;0.180499;-1.045126;-0.003579;0.016979;-0.005975;0.628737;0.20771;0.553995
34;-9.721671;0.173181;-1.037824;0.023469;0.004427;0.008706;0.628321;0.20599;0.553853
35;-9.706738;0.19517;-1.007718;0.016981;-0.002325;0.037001;0.62974;0.205952;0.554737
36;-9.714191;0.19523;-1.007774;0.028865;0.006332;0.019651;0.630746;0.205918;0.555604
37;-9.669353;0.253907;-0.947353;0.004201;-0.018308;0.039795;0.631242;0.206338;0.554656
38;-9.677031;0.224183;-0.910293;-0.035819;-0.026566;0.072607;0.632839;0.201496;0.556134
39;-9.825635;0.270252;-1.015594;0.001258;-0.050352;0.059976;0.634872;0.200158;0.555674
40;-9.653917;0.261993;-1.14867;-0.032254;-0.08105;0.023596;0.637884;0.197472;0.555539
41;-9.571873;0.209941;-1.267785;-0.052825;-0.007001;0.056085;0.640376;0.195043;0.555932
42;-9.586084;0.299443;-1.38671;0.058976;0.109341;0.104983;0.640536;0.191842;0.556238
43;-9.386071;1.271459;-2.13258;0.290488;0.378382;0.319403;0.637042;0.190581;0.559964
44;-9.751627;2.573067;-2.634334;0.422546;0.775068;0.653481;0.62802;0.186208;0.567763
45;-8.463383;5.311116;-6.218585;-0.090188;1.562415;1.55786;0.609166;0.161259;0.583032
46;-9.975996;6.42452;-7.386958;-0.67964;1.95568;2.317641;0.57927;0.111352;0.601071
47;-11.513958;7.967275;-6.537869;-0.411325;2.623402;3.099363;0.538486;0.038669;0.624764
48;-11.162953;9.938856;-9.268568;-0.168914;3.640228;4.560911;0.466781;-0.042897;0.664088
49;-13.95981;7.761626;-9.512885;-1.065163;3.992617;4.988278;0.355692;-0.149082;0.709174
50;-12.374445;5.945996;-8.915674;-0.048579;4.257451;4.487049;0.21998;-0.219832;0.741164
51;-9.361289;5.011063;-5.346777;0.442011;3.422795;3.567823;0.088161;-0.236513;0.763409
52;-5.680233;3.845442;-1.013145;-0.392571;1.702352;1.533493;0.006114;-0.237963;0.76908
53;-3.450329;0.885619;-0.933395;-1.382178;1.050248;0.851998;-0.031661;-0.277783;0.756142
54;-0.612358;0.153974;-1.55094;0.024694;0.776133;0.610013;-0.074993;-0.283968;0.740394
55;-0.145575;4.050823;-2.342928;-0.171507;0.183381;-0.014089;-0.088224;-0.283532;0.739033
56;0.596174;5.578393;-4.140745;-0.070096;0.024416;-0.178259;-0.084858;-0.298947;0.742449
57;1.517527;9.00808;-5.760656;-0.076289;0.052113;-0.39619;-0.083564;-0.303837;0.740884
58;1.934975;9.87746;-7.22194;0.243174;-0.07163;0.001524;-0.081304;-0.301369;0.742197
59;1.760664;10.482022;-7.973037;-0.368873;0.19446;0.094375;-0.077468;-0.293105;0.739948
60;1.217256;9.232371;-7.522613;-0.176627;0.403637;0.300676;-0.089544;-0.303467;0.734303
61;0.470786;7.88578;-6.507213;-0.056466;0.423625;0.386389;-0.103782;-0.310237;0.734332
62;0.704462;7.243545;-5.718597;-0.554851;0.404986;0.181526;-0.115667;-0.320162;0.727176
63;0.602346;6.279721;-5.367442;-0.402413;0.425691;0.12963;-0.127296;-0.332073;0.719632
64;0.818564;6.469348;-5.043684;-0.398043;0.379669;0.097038;-0.140137;-0.340195;0.710082
65;1.424321;7.034162;-4.826468;0.051922;0.320412;0.036887;-0.150462;-0.342126;0.70665
66;1.265627;8.301736;-4.640329;-0.651901;0.373817;-0.100159;-0.155831;-0.35574;0.700748
67;1.593323;8.13689;-4.840403;-0.15642;0.210821;-0.101496;-0.162035;-0.367878;0.694663
68;1.44329;8.335127;-4.079081;-0.247829;0.267638;-0.066287;-0.167352;-0.374212;0.689949
69;1.475485;8.919795;-3.970561;-0.352386;0.140285;-0.133345;-0.170684;-0.380665;0.683938
70;1.41502;8.786527;-3.874874;-0.439885;0.082604;-0.065737;-0.170597;-0.390668;0.675197
71;1.174629;8.380857;-3.856948;-0.360705;-0.020149;-0.061575;-0.168171;-0.40608;0.668932
72;1.091311;7.915982;-4.174026;0.299633;-0.168032;-0.04183;-0.164149;-0.404219;0.672386
73;1.484716;7.483602;-4.308178;0.152755;-0.20463;-0.043676;-0.157636;-0.400269;0.676339
74;1.452316;8.271395;-4.840597;0.091442;-0.186827;-0.078482;-0.150695;-0.396731;0.680587
75;1.130982;7.963679;-5.068909;0.041136;-0.139518;-0.109809;-0.146124;-0.393746;0.681576
76;1.282189;8.341052;-5.244407;0.117399;-0.140668;-0.158925;-0.141015;-0.392821;0.684805
77;1.358454;8.733077;-5.226354;0.149426;-0.060896;-0.144612;-0.135369;-0.390036;0.687905
78;1.151464;9.090544;-5.262911;0.055683;-0.093346;-0.06618;-0.131519;-0.388754;0.688188
79;1.014827;8.60218;-5.155187;-0.075097;-0.003987;-0.086832;-0.130636;-0.39085;0.686723
80;1.239201;8.741387;-5.21228;-0.045554;-0.036748;-0.042851;-0.127418;-0.390384;0.687951
81;0.946923;8.601392;-4.819897;-0.124047;0.059348;-0.002355;-0.128379;-0.393361;0.685317
82;1.101305;8.111246;-4.851763;0.081181;-0.039335;-0.038131;-0.126596;-0.395505;0.685266
83;1.096698;8.689602;-4.945049;0.045148;-0.001453;-0.03924;-0.126834;-0.392267;0.68854
84;0.974942;8.134877;-4.94958;-0.057764;0.011862;-0.101482;-0.12412;-0.393675;0.68549
85;0.879469;8.417441;-5.008166;0.001293;0.051804;-0.097927;-0.122934;-0.395258;0.684585
86;0.798498;8.780146;-4.752697;-0.109241;0.063617;-0.079879;-0.122872;-0.395953;0.685695
87;0.910291;8.786595;-4.736883;-0.070453;0.049284;-0.060601;-0.122596;-0.399476;0.683114
88;0.751999;8.571692;-4.411133;-0.029059;0.019741;-0.037633;-0.123056;-0.40144;0.682145
89;0.969924;8.808195;-4.698978;-0.172222;0.00192;-0.036817;-0.122165;-0.40394;0.680821
90;0.819223;8.409568;-4.769876;-0.02551;-0.0064;-0.041171;-0.11988;-0.408124;0.677362
91;0.90838;8.459885;-4.559923;0.122831;-0.003223;0.001897;-0.119204;-0.407264;0.679725
92;0.909212;8.571553;-4.693515;-0.08343;0.004806;-0.041282;-0.120376;-0.408278;0.678307
93;0.886632;8.409559;-4.903688;0.039575;-0.001873;-0.000971;-0.118799;-0.407797;0.679607
94;0.911484;8.913554;-4.989772;-0.070704;0.030105;-0.01401;-0.118013;-0.407255;0.678946
95;0.910112;8.65391;-4.909384;-0.088669;0.026094;-0.057799;-0.117808;-0.410279;0.677598
96;0.714655;8.380625;-4.733544;-0.006988;0.063178;-0.056047;-0.118422;-0.411834;0.676345
97;0.863882;8.54151;-4.500031;0.153614;-0.012545;-0.009877;-0.11893;-0.409723;0.677136
98;0.744541;8.542323;-4.463618;-0.020016;0.047984;0.004207;-0.118967;-0.407514;0.679047
99;0.849066;8.424088;-4.75463;-0.039953;-0.008278;-0.056682;-0.117519;-0.410023;0.677884
100;0.848212;8.319739;-4.598603;0.13666;0.021386;-0.026473;-0.116917;-0.409524;0.678869
101;0.76007;8.587337;-4.634844;-0.109503;0.02438;-0.065126;-0.116333;-0.408352;0.679572
102;0.626937;8.76659;-4.724237;0.077808;0.019911;-0.028382;-0.116657;-0.409919;0.678606
103;0.671402;8.758467;-4.634403;-0.080023;-0.025531;-0.025659;-0.115013;-0.408075;0.678659
104;0.82676;8.468486;-4.69481;-0.006524;-0.011911;-0.042941;-0.112822;-0.412082;0.678501
105;0.477368;8.752265;-4.546366;0.076555;-0.013598;0.013701;-0.110906;-0.409045;0.678555
106;0.626971;8.85491;-4.574413;-0.05474;-0.033685;-0.019206;-0.110622;-0.409584;0.678709
107;0.789119;8.365206;-4.73308;-0.008612;-0.020077;0.020011;-0.107084;-0.411732;0.678177
108;0.986486;9.090241;-4.85373;0.098981;-0.053056;0.019427;-0.105894;-0.408868;0.679995
109;0.655256;8.410889;-4.77111;-0.034979;0.005967;0.082777;-0.106704;-0.408335;0.680235
110;0.803214;8.165187;-4.771586;0.02657;-0.034431;0.039266;-0.108352;-0.408449;0.680169
111;0.728202;8.01055;-4.86271;-0.01467;0.027362;0.01613;-0.105632;-0.409795;0.679737
112;0.744141;8.247462;-4.846123;-0.01896;0.016558;-0.061339;-0.104959;-0.410726;0.679495
113;0.683855;8.08506;-4.877487;0.007388;0.008803;-0.090465;-0.103641;-0.412705;0.678461
114;0.760668;8.647141;-4.768775;0.130618;0.062362;-0.045812;-0.105038;-0.409558;0.680586
115;0.64913;8.729364;-4.724311;-0.084823;0.079945;-0.048924;-0.105895;-0.408203;0.679991
116;0.107323;8.085433;-3.807263;0.020082;-0.079068;-0.235106;-0.100393;-0.408801;0.680354
117;-0.055075;7.518228;-2.454017;0.419931;-0.311239;-0.459735;-0.089506;-0.40582;0.684076
118;-0.614448;5.847735;-2.349723;1.245668;-0.722044;-0.928446;-0.06551;-0.384688;0.70004
119;-1.734757;4.075626;-1.645886;1.403249;-1.530278;-1.508577;-0.017042;-0.349099;0.722945
120;-4.029873;2.758792;-1.261419;1.692823;-2.323582;-2.223675;0.063073;-0.301006;0.743584
121;-5.74866;2.438926;-3.067522;1.834119;-2.757483;-2.714315;0.156758;-0.241757;0.754629
122;-8.11402;2.848076;-4.291716;1.737645;-3.005326;-3.084811;0.257011;-0.166424;0.748461
123;-10.598449;5.35946;-4.749434;0.974709;-3.090955;-3.068333;0.349305;-0.093789;0.726976
124;-13.517025;4.872976;-6.953767;0.137279;-3.455643;-3.275288;0.452889;-0.02959;0.688645
125;-11.802011;6.252645;-10.789877;-0.1379;-2.864616;-2.452739;0.526342;0.009333;0.652321
126;-13.633429;3.125911;-5.25711;0.015989;-3.123414;-2.900257;0.589081;0.05495;0.618272
127;-12.060308;4.339764;-6.237255;0.630449;-2.294105;-1.935197;0.655949;0.109882;0.587353
128;-8.605179;4.321646;-4.927629;0.010918;-1.627538;-1.127778;0.718685;0.136567;0.565154
129;4.243912;-7.097187;4.707191;-4.398283;-2.572962;-2.089812;0.742737;0.09743;0.577703
130;-7.324721;0.698109;-1.859491;-1.180048;-0.824204;-0.851877;0.755673;0.091831;0.568482
131;-10.258934;0.500111;-0.181591;0.571639;-0.191668;-0.103722;0.765586;0.102141;0.552134
132;-9.750656;0.41748;-0.924519;0.120263;0.145049;-0.019118;0.766282;0.105783;0.549931
133;-9.467388;0.341727;-1.079575;-0.204779;0.043249;-0.168668;0.762122;0.108903;0.55415
134;-9.750968;0.416978;-0.797663;-0.136423;-0.260781;-0.214709;0.759896;0.12462;0.544026
135;-9.826351;0.2691;-0.724571;0.029604;-0.172433;0.055987;0.7644;0.125449;0.536209
136;-9.796517;0.34245;-0.597007;0.124828;0.022093;0.036137;0.769217;0.113966;0.536211
137;-9.632309;0.297383;-0.775153;0.007372;-0.016232;-0.080582;0.770224;0.117254;0.537192
138;-9.76677;0.283261;-0.679253;-0.005864;-0.079925;-0.021059;0.770289;0.119747;0.533457
139;-9.722345;0.201519;-0.709297;0.012081;-0.097707;1.9e-05;0.770021;0.125328;0.528721
140;-9.766844;0.283143;-0.649404;-0.114132;0.017915;0.000262;0.771338;0.123082;0.527688
141;-9.722169;0.297424;-0.604198;-0.07884;0.045094;0.040326;0.772417;0.114511;0.529585
142;-9.721968;0.341879;-0.603907;-0.038837;0.05158;0.008435;0.773783;0.1145;0.529502
143;-9.722028;0.31236;-0.63395;0.038312;0.07052;-0.009783;0.773309;0.114335;0.530862
144;-9.721948;0.297778;-0.693743;0.052615;0.041887;0.003126;0.769241;0.117941;0.531774
145;-9.721948;0.297778;-0.693743;0.007206;0.023498;0.012263;0.769701;0.116983;0.532626
146;-9.699559;0.312357;-0.678554;-0.027427;-0.025653;0.004222;0.771904;0.114565;0.532733
147;-9.736886;0.327269;-0.626503;-0.027331;-0.007759;0.001407;0.770944;0.113777;0.5327
148;-9.721894;0.341997;-0.633756;0.009225;0.053764;-0.004278;0.770927;0.114583;0.532418
149;-9.706945;0.327236;-0.678513;0.038197;0.042659;-0.015134;0.771488;0.116032;0.532705
150;-9.721954;0.312479;-0.663798;0.050799;0.02915;-0.013237;0.769947;0.116197;0.532091
151;-9.721845;0.312656;-0.708571;0.038097;0.040263;0.008585;0.771494;0.117092;0.532835
152;-9.736891;0.297839;-0.678931;-0.009105;0.015439;0.004066;0.77098;0.114556;0.533384
153;-9.721785;0.342174;-0.678529;-0.035371;0.017455;0.00676;0.770728;0.114681;0.533787
154;-9.7069;0.349375;-0.655982;0.003719;0.037644;-0.006039;0.769301;0.114723;0.532765
155;-9.721754;0.356933;-0.663507;0.007376;0.032945;-0.020607;0.770668;0.114312;0.532685
156;-9.736653;0.342353;-0.693565;0.033588;0.027467;-0.013254;0.76993;0.113083;0.53418
157;-9.736684;0.327594;-0.708586;0.012692;0.02237;-0.002318;0.770443;0.115885;0.533629
158;-9.714332;0.342114;-0.678472;-0.014532;0.008162;-0.007762;0.770994;0.114815;0.533659
159;-9.736806;0.312687;-0.686297;-0.005448;0.011652;-0.009592;0.769827;0.11526;0.532369
160;-9.721787;0.349524;-0.663556;0.006407;0.038633;0.003079;0.768729;0.114741;0.532328
161;-9.721833;0.327385;-0.686088;0.045373;0.045572;0.006749;0.769978;0.115317;0.53513
162;-9.706871;0.327354;-0.708362;0.023607;0.037632;0.00493;0.768528;0.115171;0.536175
163;-9.706804;0.342172;-0.708265;0.015427;0.042346;0.018579;0.770533;0.116238;0.535283
164;-9.706701;0.357049;-0.723092;0.006302;0.020767;0.008628;0.768511;0.116575;0.533408
165;-9.706804;0.342172;-0.708265;-0.005475;0.006278;-0.009566;0.768741;0.115464;0.535079
166;-9.736606;0.357142;-0.686006;-0.006418;-0.006358;-0.01681;0.769427;0.115988;0.535103
167;-9.751596;0.342414;-0.678753;0.006366;0.021452;-0.007795;0.770781;0.114389;0.534755
168;-9.736624;0.357112;-0.678544;0.019899;0.020618;0.004085;0.769435;0.115719;0.535243
169;-9.721747;0.342233;-0.693453;0.02529;0.009789;0.001404;0.769237;0.115751;0.534132
170;-9.721751;0.349583;-0.67848;0.030649;0.000886;0.008746;0.770152;0.116161;0.533339
171;-9.706926;0.327265;-0.685975;0.007098;-0.025362;-0.024004;0.770807;0.116834;0.53281
172;-9.714428;0.312537;-0.69359;0.007041;-0.018788;-0.000322;0.770533;0.11717;0.530316
173;-9.736766;0.305396;-0.716194;-0.024941;-0.06409;0.01533;0.770744;0.115472;0.529097
174;-9.180112;0.713739;-2.045095;0.259216;0.186106;0.192514;0.771237;0.116955;0.528142
175;-5.794282;0.675203;-2.915164;0.863148;0.657303;0.591073;0.756624;0.117539;0.541604
176;-12.455837;8.078009;-8.260655;1.632143;1.614312;1.756617;0.722356;0.128711;0.554337
177;-9.18154;8.106997;-9.116206;-0.143366;2.485187;2.53415;0.662246;0.086311;0.58144
178;-12.584657;6.744292;-9.86727;-0.933493;3.469733;3.056479;0.582374;0.019612;0.619777
179;-14.264444;5.387791;-8.202316;-0.74323;3.918294;3.826182;0.479695;-0.059716;0.666658
180;-13.185102;6.198045;-9.173905;0.004818;4.468906;4.31924;0.361866;-0.119793;0.71527
181;-13.471107;3.376708;-7.164636;-0.106295;4.375606;3.387372;0.235712;-0.170367;0.754799
182;-9.443256;5.774039;-6.991639;0.242712;3.974276;2.946828;0.098349;-0.181582;0.778572
183;-5.394709;2.765618;-3.950745;-0.266452;3.677284;2.728915;-0.027062;-0.192195;0.780364
184;-2.377767;4.361688;-3.342878;-0.695356;2.459128;1.227333;-0.136037;-0.184764;0.767528
185;-1.312806;3.273198;-1.946402;-0.786959;1.521355;0.697834;-0.195067;-0.206827;0.749887
186;0.200691;4.928862;-2.110719;-0.425955;0.879886;0.397591;-0.221683;-0.224805;0.741234
187;1.304313;5.207751;-1.802038;-0.391164;0.649046;0.210888;-0.244899;-0.237757;0.732268
188;2.146628;6.50775;-2.473742;-0.37105;0.271648;0.141512;-0.256801;-0.246611;0.724828
189;2.368798;6.032915;-2.76618;-0.805416;0.164328;-0.073849;-0.253277;-0.264158;0.713524
190;1.945858;7.706374;-3.497288;-0.104301;-0.177845;-0.0769;-0.249472;-0.273014;0.71016
191;2.16361;7.55276;-4.436904;-0.405578;-0.337554;-0.09943;-0.251414;-0.288259;0.709229
192;2.279633;8.044109;-5.253699;0.27216;-0.334238;-0.159617;-0.241577;-0.286619;0.713745
193;1.83731;8.518915;-6.373333;-0.348133;-0.371866;-0.187717;-0.230602;-0.288529;0.716404
194;1.672597;7.893824;-7.229367;-0.050469;-0.30725;0.002046;-0.210277;-0.290947;0.714621
195;1.760102;7.772315;-6.662347;-0.061625;-0.174412;-0.002169;-0.202472;-0.291356;0.717004
196;1.358258;8.026641;-6.454792;-0.256082;-0.124746;-0.006322;-0.20469;-0.299159;0.716283
197;1.783457;6.643672;-6.109826;-0.02255;-0.158757;-0.025915;-0.200745;-0.302771;0.715641
198;1.690654;6.07997;-5.778385;0.309268;-0.111304;-0.062164;-0.196249;-0.300347;0.717733
199;2.117636;8.239839;-5.701401;0.426606;-0.134586;-0.012544;-0.188571;-0.282695;0.725903
200;1.979581;7.19018;-6.052547;-0.109042;-0.172417;-0.166381;-0.183647;-0.283537;0.725694
201;1.884987;7.643331;-6.154792;0.262325;-0.113289;-0.104111;-0.181641;-0.280745;0.729887
202;1.953797;7.917726;-6.353972;-0.108925;-0.113556;-0.11555;-0.176684;-0.279744;0.730354
203;1.548349;7.401296;-6.099219;-0.001459;-0.025247;-0.155961;-0.173303;-0.283343;0.729414
204;1.364207;7.98003;-5.925216;0.144439;-0.125718;-0.08419;-0.168146;-0.283438;0.731
205;1.38476;7.542977;-5.995064;-0.179044;-0.006432;-0.112517;-0.165436;-0.287036;0.730308
206;1.273903;7.743983;-6.009522;-0.08917;-0.1251;-0.08909;-0.161778;-0.288514;0.729502
207;1.207052;7.891998;-5.829968;0.056086;-0.032571;-0.066487;-0.160633;-0.289081;0.730378
208;1.341842;7.95078;-5.977813;-0.085508;-0.096096;-0.064572;-0.157344;-0.289114;0.730373
209;1.193267;8.055738;-5.985719;0.030437;-0.071503;-0.038083;-0.152466;-0.296708;0.729109
210;1.550876;7.91288;-6.185422;0.075723;-0.022543;0.027457;-0.151316;-0.292495;0.730227
211;1.359467;8.3228;-6.40062;-0.11081;-0.034076;0.011737;-0.151515;-0.292663;0.731597
212;1.339817;7.388513;-6.190433;-0.020989;0.001208;0.015329;-0.148297;-0.295052;0.730229
213;1.221718;7.611984;-6.249575;-0.119395;0.071955;0.029476;-0.15134;-0.295273;0.729695
214;1.130226;7.359318;-5.878789;-0.053442;0.00816;-0.021238;-0.15119;-0.300793;0.727261
215;1.030857;6.988343;-5.553607;-0.050404;0.023425;-0.090624;-0.151611;-0.30344;0.726988
216;1.309294;7.578852;-5.547656;0.072448;-0.014677;-0.066535;-0.146444;-0.301149;0.728832
217;0.968113;7.893211;-5.652673;-0.118354;-0.019782;-0.141582;-0.144777;-0.302305;0.726703
218;1.072336;7.833333;-5.711972;0.092249;-0.046321;-0.070039;-0.141336;-0.305402;0.726864
219;1.358799;8.336437;-6.102038;0.093816;-0.051828;-0.008876;-0.142273;-0.300158;0.729957
220;1.07557;8.323989;-6.126654;-0.085171;-0.00793;-0.032137;-0.140462;-0.300654;0.727967
221;1.132842;7.67245;-6.369255;0.043347;0.015204;0.029932;-0.137621;-0.302326;0.729746
222;1.073575;7.938301;-6.024703;-0.008254;0.049155;0.057087;-0.138442;-0.300193;0.729835
223;0.983138;7.834437;-5.809653;0.043137;0.013064;0.064601;-0.139764;-0.299805;0.730744
224;1.025111;7.358919;-5.566166;-0.110493;0.05589;0.031371;-0.143116;-0.301999;0.729523
225;1.174826;7.417611;-5.721361;-0.099969;-0.029586;0.011702;-0.141856;-0.305411;0.727394
226;1.117305;7.848086;-5.78616;-0.116131;-0.019931;-0.012067;-0.140991;-0.306636;0.728127
227;1.175608;7.47771;-5.929913;0.005359;-0.023023;-0.044729;-0.138924;-0.309385;0.72575
228;1.207158;7.943655;-5.777394;-0.032333;0.047143;-0.050532;-0.136699;-0.307829;0.726379
229;1.028917;7.96818;-5.994998;-0.00348;-1.8e-05;-0.070376;-0.137119;-0.311141;0.726111
230;1.086052;7.456174;-5.923269;-0.063145;0.052931;-0.028742;-0.136566;-0.312743;0.726145
231;0.924406;8.057014;-5.763876;0.096027;0.028763;-0.011086;-0.138135;-0.310705;0.725102
232;1.17833;8.16614;-5.768703;-0.108568;0.060971;0.007676;-0.137263;-0.311668;0.725971
233;1.148892;8.23318;-5.798341;-0.023631;0.030931;0.018864;-0.138903;-0.314774;0.723448
234;1.0291;8.174425;-5.687695;-0.159384;0.065289;0.038583;-0.141617;-0.315357;0.721414
235;1.056016;7.62523;-5.519425;-0.021969;0.006787;0.022596;-0.141363;-0.319467;0.720904
236;1.03495;7.936417;-5.472787;0.090291;0.018852;0.044594;-0.140504;-0.318299;0.721618
237;1.086831;7.847264;-5.517748;-0.002444;-0.09593;-0.009757;-0.141172;-0.316441;0.721991
238;1.084118;7.180914;-5.641501;-0.070538;0.013346;-0.048648;-0.137409;-0.320428;0.720518
239;1.073317;7.982018;-5.837859;0.104612;-0.074506;-0.022476;-0.135176;-0.316552;0.723886
240;0.980904;7.448366;-5.610694;0.034494;-0.017437;-0.084853;-0.134763;-0.317089;0.723907
241;0.916074;8.048308;-5.420723;-0.012913;-0.106348;-0.128293;-0.128755;-0.314881;0.723581
242;0.603322;6.641706;-5.096432;0.157513;-0.13457;-0.205526;-0.124111;-0.317511;0.725715
243;0.520001;6.632862;-4.567287;0.33445;-0.378292;-0.391189;-0.111649;-0.309;0.730838
244;-1.079262;4.883517;-3.031139;0.468586;-0.86755;-1.070332;-0.086419;-0.302091;0.736348
245;-0.796075;7.678259;-3.936161;0.711015;-1.356248;-1.159915;-0.03297;-0.287361;0.746929
246;-2.27957;2.585666;-4.114853;1.136071;-1.033896;-1.467463;0.006689;-0.267401;0.756091
247;-4.259611;4.390309;-4.879303;2.267558;-2.172953;-1.838742;0.069236;-0.206563;0.774141
248;-5.975296;5.384694;-5.520155;1.479836;-2.657231;-2.245546;0.156333;-0.140133;0.777705
249;-6.500504;4.780138;-5.222109;0.059926;-2.661574;-2.512004;0.244284;-0.101219;0.765936
250;-10.538098;2.364477;-4.492343;-0.233521;-3.182411;-3.376098;0.336905;-0.078358;0.736285
251;-9.344832;6.525979;-6.224832;0.211803;-2.969472;-2.325591;0.415167;-0.045337;0.705019
252;-12.277559;2.224027;-6.655633;-0.059229;-2.902326;-3.032565;0.489265;-0.004807;0.668019
253;-13.898233;2.6556;-7.568074;0.575297;-2.814674;-2.794218;0.555499;0.058742;0.633291
254;-10.744376;5.667269;-5.464935;0.178361;-2.568028;-2.057562;0.618954;0.112375;0.59756
255;-11.032841;1.819574;-4.350389;-0.17775;-2.066263;-2.060328;0.676985;0.149892;0.569857
256;-7.043963;-0.590646;-6.283514;-1.847054;-0.991508;-1.739554;0.726956;0.156522;0.55666
257;-4.674351;1.45372;-5.304517;-1.883945;-0.481322;-0.976317;0.726514;0.137406;0.57552
258;-12.299729;0.511368;-0.756678;0.087988;0.110469;-0.591986;0.719969;0.169344;0.557113
259;-8.387062;-0.584325;0.430011;0.610535;0.170836;0.112903;0.706662;0.175396;0.559565
260;-10.166505;-1.248399;1.456941;0.456578;-0.196027;0.095858;0.704733;0.181929;0.559578
261;-10.738101;-0.02177;-0.270705;0.12404;-0.29441;-0.168709;0.716626;0.196439;0.549478
262;-7.93801;0.535102;-4.350198;0.623362;0.452028;0.108024;0.723651;0.205252;0.545425
263;-10.12907;-0.662668;-0.576215;-0.097906;-0.325279;-0.18435;0.725202;0.213122;0.538954
264;-9.695658;-0.531931;-0.788489;0.069585;-0.026654;-0.016647;0.729584;0.205973;0.536151
265;-9.725815;-0.664642;-0.894055;-0.019951;0.093909;0.113117;0.729064;0.206097;0.536681
266;-9.515251;-0.347022;-1.069492;-0.203439;-0.04692;0.073372;0.726399;0.207483;0.535599
267;-9.799088;-0.353094;-0.832885;-0.226396;-0.02054;-0.04809;0.728019;0.203228;0.535006
268;-9.740014;-0.39859;-0.690947;-0.10683;0.065107;0.052032;0.727176;0.197334;0.536945
269;-9.634854;-0.295142;-0.831263;0.025597;0.087205;0.03024;0.731757;0.190881;0.542825
270;-9.709488;-0.309418;-0.816997;0.099957;0.067197;-0.020652;0.730711;0.191;0.543746
271;-9.739195;-0.338431;-0.914423;0.110567;0.041565;0.015946;0.727571;0.196805;0.541649
272;-9.657446;-0.390955;-0.914144;0.063415;0.032995;0.019573;0.726177;0.199355;0.541298
273;-9.679552;-0.338882;-0.921436;0.014437;0.0026;-0.000427;0.726949;0.199106;0.540367
274;-9.739497;-0.360983;-0.832485;-0.014468;0.000711;-0.024175;0.728474;0.195628;0.540591
275;-9.709423;-0.33138;-0.884301;0.01464;0.042014;-0.002422;0.729482;0.195328;0.541461
276;-9.709535;-0.368337;-0.90693;0.004651;0.043089;0.006678;0.730865;0.197832;0.541773
277;-9.694654;-0.353787;-0.86941;0.010903;0.016903;-0.005966;0.730367;0.198942;0.54023
278;-9.724371;-0.360749;-0.921918;0.028927;0.004315;0.002316;0.730178;0.197707;0.541747
279;-9.694577;-0.361019;-0.914231;-0.019931;0.026385;0.018573;0.727495;0.196244;0.542752
280;-9.687009;-0.331472;-0.906519;-0.019869;0.020708;-0.005112;0.728091;0.195817;0.543606
281;-9.709441;-0.33141;-0.876839;0.01097;0.038549;0.004884;0.726525;0.197057;0.542569
282;-9.679619;-0.3537;-0.921533;0.015449;0.025023;0.001301;0.727394;0.197756;0.540946
283;-9.694666;-0.368516;-0.891893;-0.00179;0.007929;-0.013242;0.727723;0.196929;0.541929
284;-9.709368;-0.331292;-0.906688;0.010903;0.035133;0.018577;0.72845;0.195839;0.542655
285;-9.687109;-0.353699;-0.906664;0.016427;0.031152;-0.009668;0.727876;0.196654;0.542213
286;-9.709505;-0.353578;-0.891909;-0.003639;0.017182;0.008602;0.727012;0.197746;0.541482
287;-9.694495;-0.338821;-0.906624;0.009173;0.029409;-0.009671;0.72677;0.19667;0.542031
288;-9.724307;-0.338581;-0.906848;0.009154;0.036758;0.004886;0.727547;0.197215;0.541231
289;-9.679571;-0.338911;-0.913974;0.022604;0.00613;-0.000431;0.72841;0.196655;0.541959
290;-9.724381;-0.338699;-0.877;0.003699;0.014989;-0.018738;0.728051;0.197232;0.540425
291;-9.694373;-0.323914;-0.928913;0.019081;0.020407;-0.006883;0.730187;0.197171;0.541889
292;-9.679592;-0.331591;-0.891539;0.001768;-0.010109;-0.020453;0.729548;0.196824;0.540212
293;-9.694653;-0.317007;-0.802009;0.055979;-0.033783;-0.021188;0.731198;0.199328;0.540398
294;-9.656515;-0.21293;-0.965217;0.064894;-0.062518;-0.018313;0.730689;0.199582;0.536105
295;-9.602262;0.062146;-1.306289;-0.025538;0.072629;0.131466;0.73124;0.198911;0.536132
296;-9.35344;0.461969;-1.734624;0.10691;0.28064;0.350567;0.728144;0.193401;0.539492
297;-10.054684;2.616352;-3.591545;0.050299;0.580743;0.909112;0.716971;0.177671;0.55018
298;-9.292466;3.566981;-5.683994;-0.148856;1.254302;1.344663;0.692228;0.148662;0.56538
299;-10.724157;3.018366;-6.444664;-0.033242;1.92626;1.638149;0.646831;0.113862;0.586131
300;-10.761515;4.383955;-6.928588;-0.243708;2.445467;2.177377;0.590787;0.074963;0.615026
301;-10.68552;4.643147;-7.045726;-0.688704;2.913392;2.63806;0.531657;0.025767;0.647317
302;-11.023852;2.635759;-6.516587;-0.486812;3.123308;2.693891;0.454536;-0.032065;0.686112
303;-9.71645;5.393228;-5.705183;-0.027078;3.103086;2.926488;0.368893;-0.072328;0.722508
304;-8.727358;5.849834;-7.000641;-0.523381;3.042541;3.112196;0.271611;-0.119982;0.751326
305;-8.91258;4.480319;-6.94379;-0.603733;3.1359;2.945643;0.171201;-0.167544;0.768031
306;-6.042764;7.313735;-7.888645;0.541216;3.298043;3.306181;0.065592;-0.171952;0.783799
307;-4.383156;4.484667;-5.998994;0.851823;3.010971;2.416038;-0.048003;-0.153741;0.787095
308;-1.784872;4.635687;-4.500742;1.196842;1.913965;1.623538;-0.127032;-0.106402;0.786881
309;-1.22008;4.966837;-3.203302;-0.054481;0.846007;0.59233;-0.17041;-0.079955;0.778884
310;0.612285;3.555459;-2.280703;-0.91044;0.571954;0.235002;-0.188226;-0.099698;0.773215
311;0.972669;2.250222;-2.71928;0.289645;0.195533;0.1972;-0.195119;-0.109107;0.77466
312;1.397117;4.756402;-4.013155;0.110677;-0.223817;0.049283;-0.19332;-0.095121;0.777936
313;1.896745;5.434196;-5.907883;0.156726;-0.412656;0.121317;-0.185561;-0.094975;0.779487
314;2.339956;6.500108;-8.397511;-0.23328;-0.391731;-0.101814;-0.170297;-0.099604;0.777792
315;2.428936;7.209455;-9.944414;-0.578032;-0.188912;-0.104987;-0.159275;-0.115352;0.775869
316;2.085981;6.895749;-10.486351;0.272547;0.003158;0.11599;-0.159616;-0.11359;0.779701
317;1.704178;7.072616;-9.473203;-0.095198;0.170442;0.087403;-0.160633;-0.109634;0.781284
318;1.085783;6.102339;-8.32006;-0.207093;0.324636;0.161307;-0.166328;-0.114254;0.777231
319;1.092506;5.169642;-6.69926;-0.04627;0.210627;0.067181;-0.17664;-0.122036;0.773843
320;1.346195;5.594674;-6.022952;-0.133394;0.152517;0.012649;-0.180544;-0.123292;0.772593
321;1.582732;5.133564;-6.068931;-0.105847;0.022892;-0.017757;-0.183113;-0.124479;0.773188
322;1.720813;5.962601;-6.137117;-0.177265;-0.035371;-0.130651;-0.180352;-0.130893;0.773345
323;1.69334;6.31966;-6.433502;-0.159259;-0.071576;-0.143237;-0.177414;-0.134338;0.771835
324;1.658745;6.758221;-6.714485;-0.282901;-0.205803;-0.188425;-0.171706;-0.148188;0.770512
325;2.3055;7.240466;-8.176547;0.122032;-0.21397;0.038378;-0.164737;-0.14619;0.772707
326;1.429406;6.564227;-7.777154;-0.375763;-0.066027;-0.077946;-0.160008;-0.155902;0.771176
327;1.889314;5.93914;-8.031454;-0.148758;-0.039149;0.04265;-0.158376;-0.1593;0.773333
328;1.383904;6.386797;-7.786115;0.119584;-0.014747;-0.001806;-0.159122;-0.16006;0.772207
329;1.349847;5.732938;-7.260791;-0.185963;0.062073;-0.056371;-0.156546;-0.161799;0.771634
330;1.394743;5.990304;-6.855805;-0.051827;0.037918;-0.129021;-0.158014;-0.16705;0.769685
331;1.42646;6.412384;-6.852819;0.105217;-0.049833;-0.108349;-0.155931;-0.166952;0.770181
332;1.473086;6.826994;-6.864695;-0.109863;-0.015221;-0.184468;-0.153688;-0.167265;0.7711
333;1.458661;6.739622;-7.22357;-0.017914;-0.065436;-0.128509;-0.151781;-0.170201;0.770785
334;1.309847;6.844196;-7.134469;-0.024899;0.013918;-0.094213;-0.149093;-0.170999;0.769796
335;1.227255;6.726192;-7.106013;0.215757;-0.038036;-0.099145;-0.148227;-0.169568;0.770647
336;0.951432;6.860716;-6.838582;-0.150166;-0.03535;-0.088728;-0.144341;-0.167506;0.771615
337;1.156528;6.014748;-6.932077;0.117675;-0.067411;-0.066346;-0.142182;-0.1707;0.770898
338;1.207556;7.186683;-7.341966;-0.112306;-0.067751;-0.074834;-0.138896;-0.166548;0.77348
339;1.054842;6.402339;-7.30345;-0.016161;-0.061623;-0.099392;-0.138256;-0.172775;0.772449
340;1.084861;6.431853;-7.33288;0.135091;-0.014423;-0.041018;-0.135344;-0.168438;0.773223
341;1.063638;6.764854;-7.181627;0.209244;-0.062935;-0.082648;-0.133747;-0.16624;0.774924
342;0.816929;6.655285;-7.079736;0.03997;-0.046538;-0.081151;-0.130841;-0.162298;0.775563
343;1.085834;6.639368;-7.346448;0.03626;-0.070757;-0.08468;-0.126485;-0.161796;0.775046
344;1.0732;6.981489;-7.642817;-0.200921;-0.00191;-0.012338;-0.127936;-0.161544;0.776088
345;1.205661;6.580492;-7.689196;-0.048374;0.063151;-0.028827;-0.126581;-0.166863;0.77563
346;0.846191;6.448209;-7.237572;0.009789;0.125759;-0.008981;-0.128352;-0.170039;0.77572
347;0.944212;6.83173;-6.988074;-0.148324;0.053882;0.023972;-0.130193;-0.168795;0.774673
348;0.677842;5.854054;-6.548705;0.073763;0.078902;-0.001415;-0.133534;-0.172588;0.773602
349;0.996892;7.170476;-6.567574;0.239292;-0.10818;0.028872;-0.130692;-0.160977;0.775835
350;0.741312;6.536454;-6.857209;-0.514232;-0.057366;-0.111049;-0.128334;-0.17091;0.773523
351;0.815739;6.278246;-7.291145;-0.074493;-0.09827;-0.04827;-0.124371;-0.179048;0.773052
352;1.043809;7.188358;-7.432746;-0.057947;-0.0117;-0.002972;-0.122735;-0.180655;0.772854
353;1.112019;7.204349;-7.864947;-0.325832;0.026127;0.012;-0.121713;-0.186739;0.771286
354;1.040422;6.506217;-7.310347;-0.064927;0.082266;0.051314;-0.122888;-0.199639;0.766925
355;0.906222;6.566069;-7.184114;0.15584;0.086819;0.107219;-0.126335;-0.194348;0.769228
356;0.78717;6.861565;-6.720423;-0.081383;0.034458;0.011371;-0.128967;-0.190986;0.768822
357;0.782525;5.912605;-6.57738;-0.075628;0.048859;-0.050725;-0.131091;-0.195979;0.767395
358;0.965793;6.84501;-6.644551;-0.046086;-0.015838;-0.052185;-0.128893;-0.196136;0.767485
359;0.785414;6.47626;-6.715479;-0.076739;-0.061648;-0.140524;-0.125467;-0.199758;0.767373
360;0.909136;7.276873;-7.06007;-0.037817;-0.042687;-0.106779;-0.121862;-0.201675;0.768083
361;0.848168;6.995688;-7.032511;-0.139131;-0.014099;-0.097935;-0.119501;-0.206163;0.766006
362;0.759679;7.218594;-7.009345;0.09251;-0.012365;-0.045644;-0.118777;-0.205791;0.766721
363;0.54896;7.121389;-6.362342;0.101355;-0.071086;-0.084603;-0.115128;-0.203745;0.768369
364;0.283402;6.542213;-5.517403;-0.025833;-0.215718;-0.188145;-0.110129;-0.204026;0.767056
365;0.011556;4.621601;-4.584223;0.334086;-0.489139;-0.421836;-0.097522;-0.201829;0.769613
366;-1.549021;3.308209;-2.821073;0.964898;-1.273451;-1.129104;-0.068265;-0.18456;0.778928
367;-3.201754;3.626081;-3.025563;0.934856;-2.139994;-1.723841;-0.004971;-0.15577;0.787047
368;-3.091721;4.296371;-4.109887;0.467393;-2.315255;-1.648937;0.0697;-0.133073;0.790018
369;-6.774494;0.909564;-3.973279;-0.060094;-2.950216;-3.006255;0.166023;-0.119556;0.780148
370;-7.00364;6.226434;-10.156662;0.923058;-2.429703;-2.314962;0.249609;-0.083197;0.766155
371;-9.306144;2.858273;-4.449939;0.280795;-2.872148;-2.97167;0.321022;-0.050643;0.744951
372;-13.063287;5.703712;-8.086679;-0.390507;-3.471821;-2.85547;0.416685;-0.009091;0.70137
373;-9.341559;7.484768;-8.837893;-0.761914;-2.673599;-2.52339;0.485256;0.010793;0.667882
374;-11.246655;1.398433;-6.086038;-0.078582;-2.062441;-2.58012;0.534103;0.046211;0.642581
375;-11.656231;2.755689;-3.722183;0.199964;-2.369867;-2.257337;0.585435;0.101257;0.613241
376;-8.638657;3.727561;-4.528774;0.335184;-1.572306;-1.543451;0.631465;0.130165;0.588839
377;-11.217298;1.319231;-2.996876;0.24553;-1.464532;-1.407533;0.667852;0.166099;0.57378
378;-4.568315;0.93604;-3.904139;-4.018275;-0.559824;-0.245625;0.683746;0.136443;0.592822
379;-5.122184;0.348284;-4.046485;-1.109871;-0.323062;-0.73705;0.689944;0.097506;0.604653
380;-10.797353;-0.60177;-1.498768;0.870991;-0.400334;-0.448181;0.696921;0.126208;0.582817
381;-9.031803;-0.168648;-0.31842;1.394356;-0.145527;0.078783;0.703567;0.14378;0.569591
382;-9.667446;-0.490609;-0.056686;0.44222;-0.168774;0.133149;0.703616;0.158371;0.560945
383;-10.347431;0.009526;-1.476456;-0.097527;0.115293;0.081857;0.706664;0.15341;0.561379
384;-9.320108;-0.191928;-1.335652;-0.70351;-0.219585;-0.102564;0.705674;0.166918;0.558761
385;-9.978704;-0.580863;-0.955128;-0.373857;-0.195622;-0.074926;0.709031;0.154233;0.554579
386;-9.672153;-0.383161;-0.981367;-0.033099;-0.089449;-0.003747;0.716412;0.13225;0.553521
387;-9.738766;-0.190632;-0.816446;0.009022;0.03718;0.035898;0.717425;0.130155;0.551924
388;-9.775983;-0.175543;-0.809168;-0.04173;0.164053;-0.023087;0.715365;0.12958;0.554325
389;-9.678821;-0.168531;-0.905397;-0.071923;0.108811;-0.013764;0.710357;0.143347;0.558432
390;-9.649116;-0.176298;-0.875373;-0.058235;-0.01256;0.034204;0.709661;0.140703;0.558148
391;-9.708556;-0.094613;-0.800668;-0.006546;-0.035054;-0.014878;0.713144;0.128684;0.558789
392;-9.738554;-0.131448;-0.793673;0.068863;0.036515;0.015921;0.713095;0.130037;0.55795
393;-9.678876;-0.168619;-0.883011;0.059914;0.054471;0.01401;0.711941;0.130674;0.559415
394;-9.693991;-0.235034;-0.92087;0.032698;0.031132;-0.002347;0.711711;0.139291;0.555485
395;-9.70128;-0.190578;-0.905711;-0.035547;-0.018349;0.016013;0.71337;0.137673;0.555701
396;-9.678927;-0.176058;-0.875597;-0.094365;-0.029032;-0.011377;0.713725;0.131918;0.556997
397;-9.708656;-0.11684;-0.800813;-0.052455;0.028145;-0.004269;0.714401;0.12979;0.556765
398;-9.723666;-0.131597;-0.786098;-0.008073;0.032364;-0.00058;0.714842;0.130302;0.55733
399;-9.708634;-0.124161;-0.823248;0.027181;0.013198;-0.007745;0.714235;0.132728;0.556323
400;-9.701312;-0.161207;-0.838358;0.051622;0.008509;-0.010428;0.713138;0.13513;0.556399
401;-9.634027;-0.131993;-0.867508;0.030836;0.014903;-0.013213;0.713585;0.133116;0.556983
402;-9.753495;-0.175517;-0.861234;0.012628;0.018074;0.016831;0.713831;0.132596;0.556446
403;-9.686399;-0.176028;-0.868191;-0.025309;0.022577;-0.003298;0.712909;0.13179;0.557103
404;-9.708713;-0.153709;-0.845828;-0.037123;0.019145;0.002172;0.714595;0.132085;0.555378
405;-9.671348;-0.131781;-0.845402;-0.03444;0.003748;-0.009609;0.714773;0.131733;0.553597
406;-9.775886;-0.145966;-0.79405;-0.021606;0.022257;-0.026097;0.713018;0.131006;0.556562
407;-9.723744;-0.161145;-0.808678;0.007321;0.031354;-0.000557;0.714944;0.129255;0.556653
408;-9.708847;-0.183345;-0.846022;-0.010888;0.000825;-0.01413;0.714118;0.130329;0.556612
409;-9.738632;-0.160996;-0.816253;0.007281;0.026018;0.003113;0.711846;0.129859;0.555146
410;-9.70871;-0.161059;-0.860801;-0.003548;0.018686;-0.015108;0.712917;0.131986;0.55476
411;-9.746103;-0.160965;-0.808847;-0.008878;0.052088;0.000242;0.711807;0.129545;0.556938
412;-9.69381;-0.146479;-0.830743;0.005501;0.035048;0.006724;0.713449;0.128866;0.556871
413;-9.708746;-0.161118;-0.845877;0.001877;0.022319;-0.008732;0.714096;0.129342;0.558685
414;-9.723656;-0.153647;-0.831016;-0.003578;0.02607;0.001275;0.712815;0.129712;0.555324
415;-9.69377;-0.15377;-0.86064;0.00093;0.021558;0.001303;0.71292;0.130057;0.557254
416;-9.708679;-0.146299;-0.84578;0.014634;0.045663;0.001217;0.712776;0.129531;0.557115
417;-9.693773;-0.146419;-0.845667;0.011824;0.031415;0.006748;0.711981;0.130323;0.557628
418;-9.69376;-0.17582;-0.905558;-0.003577;0.026082;0.003099;0.713112;0.129232;0.558232
419;-9.716196;-0.168408;-0.860905;-0.017119;0.029674;-0.004231;0.710949;0.130833;0.558823
420;-9.671274;-0.131663;-0.875251;0.029076;0.035706;0.001283;0.711455;0.129187;0.560508
421;-9.738686;-0.205214;-0.87624;-0.027086;0.025204;-0.007877;0.711165;0.129198;0.560221
422;-9.798162;-0.167718;-0.868985;-0.016188;0.029575;-0.00971;0.710344;0.128143;0.560196
423;-9.753385;-0.17534;-0.906007;0.00557;0.042114;0.001213;0.709868;0.128909;0.561549
424;-9.663584;-0.087209;-0.889828;0.000136;0.042158;-0.000606;0.709;0.127545;0.563177
425;-9.708399;-0.116427;-0.905283;0.047194;0.043759;0.011301;0.709077;0.127839;0.562076
426;-9.715931;-0.145915;-0.927919;0.032738;0.057423;0.021252;0.708937;0.128306;0.564547
427;-9.685829;-0.094202;-0.949742;0.03079;0.026001;0.015917;0.70752;0.127414;0.56367
428;-9.543954;-0.03607;-0.948288;0.04073;0.02966;0.024138;0.708113;0.128183;0.564515
429;-9.544939;-0.295095;-1.024604;0.383949;0.060105;0.070976;0.706422;0.130747;0.563739
430;-10.660516;2.176461;-3.546763;2.038537;0.441028;0.402552;0.704547;0.155188;0.560317
431;-10.06367;5.83496;-6.15269;1.140789;1.349738;1.467291;0.68211;0.169209;0.566477
432;-9.620547;6.731554;-8.919531;0.164716;2.289194;2.244407;0.639566;0.134592;0.58927
433;-11.761847;5.6445;-7.002602;-0.19914;2.577106;2.769602;0.585366;0.08369;0.613918
434;-10.93492;7.264805;-9.933462;-0.981708;3.562092;3.911638;0.512821;0.009181;0.653157
435;-12.829019;5.810007;-9.203579;-1.536685;3.926756;4.115206;0.41364;-0.09851;0.695426
436;-13.34449;8.131173;-10.520709;-0.687766;4.412389;5.152106;0.290954;-0.184806;0.732048
437;-12.616645;5.272624;-8.653241;-0.313108;4.73689;4.896805;0.122153;-0.237853;0.755966
438;-8.190738;6.375102;-6.015575;0.005505;3.947397;4.245456;-0.041051;-0.241523;0.761011
439;-2.956892;3.161633;-0.385018;-1.177531;2.292604;1.499141;-0.16792;-0.253266;0.741122
440;-2.581517;2.562535;0.449727;-1.629601;0.994714;0.531967;-0.208559;-0.291931;0.715937
441;0.350656;-0.216347;0.192706;-0.471278;0.740185;0.42175;-0.231456;-0.316263;0.699902
442;1.70038;3.987935;-1.433844;-0.151081;0.154869;0.237973;-0.244358;-0.315923;0.697039
443;2.167794;4.772444;-2.149056;-0.216143;-0.050402;-0.286483;-0.244019;-0.323994;0.695458
444;3.015992;6.846859;-3.79326;0.033116;-0.26106;-0.353527;-0.224812;-0.333894;0.690515
445;3.576378;9.47251;-5.592773;0.185566;-0.301843;-0.219899;-0.214393;-0.333604;0.695616
446;3.101397;11.021557;-6.608658;-0.198267;-0.071119;-0.166719;-0.216645;-0.336076;0.694442
447;2.142026;9.873152;-6.556239;-0.151741;0.102359;-0.012494;-0.211953;-0.342449;0.692334
448;1.808628;9.109406;-5.742865;0.337447;-0.095288;0.142199;-0.212581;-0.337954;0.693516
449;1.159248;7.519629;-5.258143;-0.278941;0.050669;0.01295;-0.206317;-0.341319;0.69269
450;2.111762;7.082952;-5.440321;-0.184039;-0.070446;-0.097586;-0.202744;-0.348332;0.69013
451;1.438567;6.907938;-4.789869;-0.045912;-0.010278;-0.152431;-0.204817;-0.349366;0.689778
452;2.057239;7.079594;-4.485563;-0.091918;-0.112629;-0.348969;-0.198076;-0.354494;0.690086
453;1.956425;7.814292;-4.571099;0.089267;-0.133289;-0.392397;-0.189446;-0.355444;0.692507
454;1.196221;6.800701;-3.419313;0.363058;-0.505263;-0.737057;-0.171899;-0.354895;0.695136
455;0.830235;6.589074;-3.498089;0.780223;-0.631101;-0.808039;-0.144992;-0.342243;0.708938
456;-0.486218;4.233647;-2.911469;1.573253;-1.089758;-1.314065;-0.113168;-0.315288;0.72793
457;-1.074003;6.304212;-2.551726;2.119309;-1.522136;-1.184678;-0.063229;-0.259374;0.755842
458;-2.87407;3.365595;-3.397894;1.499443;-1.915485;-1.52156;-0.004867;-0.207292;0.774752
459;-4.141395;5.194111;-6.014935;1.28174;-2.412063;-1.992264;0.080295;-0.158172;0.784978
460;-6.171282;4.411791;-6.423463;0.937425;-2.673471;-2.245378;0.161998;-0.114775;0.78188
461;-8.331587;4.754586;-6.280905;-0.232785;-3.259856;-2.718884;0.247238;-0.090126;0.762667
462;-10.62686;3.52309;-8.724154;-0.481875;-2.913799;-3.315655;0.338217;-0.07316;0.730375
463;-9.798553;4.912915;-9.596866;0.328425;-2.648812;-2.903367;0.412637;-0.028608;0.701901
464;-11.233817;4.22884;-6.097384;-0.282562;-2.719711;-2.929507;0.480232;0.016467;0.666399
465;-12.213076;3.511201;-6.258727;-0.20483;-2.226382;-2.696353;0.534563;0.061595;0.633945
466;-9.294287;5.77269;-6.953205;0.079577;-1.677104;-1.554353;0.573096;0.101052;0.61564
467;-10.432675;2.740499;-4.235375;-0.653959;-1.425044;-1.74992;0.603706;0.123904;0.599756
468;-10.386116;0.813969;-2.456562;0.258564;-1.260999;-1.49039;0.633241;0.153864;0.581986
469;-9.281781;1.46913;-1.742456;0.668276;-0.992955;-0.810494;0.655847;0.187917;0.562944
470;-20.759668;12.528951;-5.846999;1.562471;0.82135;0.933052;0.675085;0.21407;0.552227
471;-5.139863;-0.104734;-3.751068;-1.330019;0.715709;-0.30772;0.683134;0.185905;0.568187
472;-10.693964;-0.118685;-0.211301;-0.298496;-0.455876;-0.480487;0.683624;0.181943;0.566996
473;-9.738484;0.001061;-0.576399;0.509757;-0.160921;0.022853;0.691073;0.194269;0.55577
474;-9.413441;-1.006567;-1.252108;0.168654;0.118323;0.094129;0.685307;0.176328;0.567518
475;-9.427622;-0.902305;-1.356011;0.323931;-0.066153;-0.016129;0.687211;0.178642;0.564822
476;-9.963568;-0.440859;-0.789929;0.329642;-0.106188;0.078873;0.69627;0.199471;0.548225
477;-9.814451;-0.522882;-0.960968;0.108408;0.019056;0.079865;0.699319;0.201351;0.546405
478;-9.501677;-0.694987;-1.168664;-0.066674;0.098539;0.030057;0.700624;0.197583;0.547587
479;-9.620716;-0.546582;-0.98204;-0.072648;-0.030908;-0.004052;0.696833;0.184844;0.553039
480;-9.717663;-0.50176;-0.878009;-0.05979;-0.006109;-0.020563;0.698246;0.184743;0.551305
481;-9.680216;-0.457635;-0.869976;-0.054378;0.011246;0.006735;0.701103;0.19077;0.548621
482;-9.687691;-0.450254;-0.847597;0.014526;0.024169;0.003125;0.700021;0.190242;0.548857
483;-9.702557;-0.457425;-0.877606;0.087893;0.032727;0.012306;0.700257;0.190524;0.548175
484;-9.680258;-0.487124;-0.90748;0.061527;0.005925;0.00509;0.69873;0.187028;0.550206
485;-9.710003;-0.472065;-0.907608;0.047161;0.024747;-0.002309;0.700163;0.187382;0.551363
486;-9.665381;-0.502003;-0.922389;-0.018438;-0.043642;0.010667;0.701924;0.192356;0.548642
487;-9.123677;-1.363425;-1.535804;0.290303;-0.236491;0.031991;0.705708;0.19135;0.540121
488;-11.557468;4.329306;-4.62162;1.318167;0.727548;1.138087;0.697026;0.205477;0.53719
489;-9.918571;3.594016;-5.628867;-0.10506;1.3941;1.447116;0.677566;0.179301;0.548861
490;-9.849335;5.94533;-8.254758;0.315321;2.646859;2.392609;0.633123;0.138514;0.579338
491;-11.093329;5.7799;-8.862264;-0.245975;3.102247;2.967029;0.57718;0.091062;0.609815
492;-12.450591;4.291702;-8.270314;-0.609855;3.713522;3.486305;0.501021;0.020664;0.655768
493;-12.156577;5.633425;-7.147453;-0.580656;4.151109;3.484563;0.399673;-0.046637;0.704819
494;-11.086147;5.485186;-9.296948;-0.507042;4.486802;4.141722;0.261394;-0.12064;0.754916
495;-11.515076;6.862163;-8.127104;-0.320474;4.481507;4.091871;0.117898;-0.154327;0.781087
496;-8.068687;3.140244;-7.05058;-0.146726;4.385104;3.721593;-0.029009;-0.165264;0.788217
497;-4.410551;4.52089;-3.872168;-0.0075;2.890546;2.864133;-0.14855;-0.152274;0.77533
498;-1.189354;4.750079;-0.928431;-0.089575;1.189994;1.144431;-0.210533;-0.134089;0.76513
499;-0.378603;2.63993;-1.100179;-1.552276;0.828802;0.48372;-0.250025;-0.160437;0.741279
500;1.776109;0.96417;-1.423084;0.071842;0.349844;0.473554;-0.27028;-0.176713;0.731216
501;2.417438;5.386896;-2.516289;0.453857;-0.216816;0.243221;-0.261855;-0.173114;0.74255
502;2.96132;5.872343;-4.576107;-0.426963;-0.214429;-0.02336;-0.25587;-0.174947;0.744181
503;3.547598;7.491116;-6.635695;0.013343;-0.528948;0.037018;-0.244177;-0.177413;0.747424
504;3.511248;7.095692;-7.742985;-0.334563;-0.294893;-0.051146;-0.230718;-0.173112;0.745591
505;2.822623;7.696958;-8.490542;-0.145802;-0.378964;0.232121;-0.220712;-0.174876;0.748073
506;2.18047;6.040556;-8.03605;-0.251871;-0.082569;-0.050295;-0.217741;-0.200389;0.74645
507;2.484039;5.961317;-7.355179;-0.535528;0.070127;-0.058589;-0.213213;-0.205353;0.746392
508;2.572775;6.209556;-6.606647;-0.081744;-0.088994;-0.074579;-0.211143;-0.216206;0.743799
509;1.806434;5.131939;-6.11202;-0.149057;0.016595;-0.32693;-0.211383;-0.216883;0.739386
510;2.47648;6.682041;-5.977459;-0.122763;-0.116492;-0.296107;-0.206234;-0.220427;0.740721
511;2.07314;6.669167;-5.652254;0.142924;-0.126897;-0.402435;-0.19946;-0.230089;0.741477
512;2.367689;7.518934;-5.659419;-0.09426;-0.209078;-0.307502;-0.18952;-0.230293;0.745322
513;1.768973;7.012242;-5.600092;0.052628;-0.33928;-0.513837;-0.179507;-0.234915;0.745344
514;1.752555;6.737781;-5.490065;-0.157714;-0.400802;-0.533931;-0.164056;-0.235121;0.747206
515;0.671414;5.270003;-5.000362;0.629876;-0.724507;-0.869041;-0.143771;-0.231478;0.752403
516;0.696368;7.198442;-5.539853;0.527859;-0.750989;-0.748634;-0.113377;-0.22128;0.762229
517;-0.79027;2.225842;-4.210373;0.713579;-1.010901;-1.327559;-0.08364;-0.20976;0.767611
518;-2.601388;3.414588;-5.089484;1.549813;-1.992465;-1.949808;-0.022201;-0.175405;0.782089
519;-3.293417;5.10367;-5.479258;1.439973;-2.160148;-1.858974;0.051679;-0.117183;0.794276
520;-5.745879;1.063246;-3.703293;0.331196;-2.800004;-2.847568;0.130169;-0.087406;0.789633
521;-9.265559;3.973978;-3.740906;0.235177;-3.263101;-2.955403;0.219625;-0.065109;0.772259
522;-10.643328;3.969382;-7.258736;0.084778;-3.191222;-3.421254;0.315318;-0.023843;0.74425
523;-10.270293;6.138851;-9.487997;-0.505215;-2.862659;-2.834278;0.386352;0.00671;0.713538
524;-13.358356;0.64647;-6.509915;-0.193387;-3.030426;-3.847666;0.466071;0.03908;0.671313
525;-12.124633;5.349748;-8.544535;0.137148;-2.402984;-2.545552;0.521817;0.096659;0.640066
526;-12.217125;3.195767;-5.186215;-0.544231;-2.211472;-2.295591;0.562559;0.13642;0.614545
527;-10.643067;3.53115;-5.127323;0.092797;-1.769884;-1.374435;0.607841;0.169684;0.586637
528;-7.936393;2.594547;-4.247243;-0.055076;-0.890018;-0.917607;0.636045;0.19273;0.574375
529;-13.357143;2.678521;-3.243062;-0.158788;-0.058707;-0.156675;0.646506;0.207481;0.570692
530;-9.048609;3.966185;-4.082584;0.132126;-0.244133;-0.480613;0.668944;0.203887;0.562388
531;-9.268972;-0.341122;-1.186985;-0.528954;-0.257731;-0.330154;0.679554;0.203555;0.555928
532;-8.559082;-1.37094;-0.785326;-0.014257;-0.118319;-0.240629;0.687949;0.203985;0.551578
533;-9.1282;-0.770221;-1.636455;0.169685;0.099449;-0.188478;0.686983;0.213031;0.551749
534;-9.964596;-0.972103;-1.353075;-0.106916;0.000491;-0.215872;0.677995;0.215418;0.555366
535;-9.81726;-1.182029;-1.032437;-0.287487;-0.054496;-0.206746;0.676573;0.216188;0.556956
536;-9.722002;-1.354607;-0.682102;-0.082447;-0.025936;-0.042419;0.678919;0.218747;0.554827
537;-9.608905;-1.184242;-0.896548;0.073439;0.033667;0.00862;0.67968;0.219699;0.553749
538;-9.630953;-1.13943;-0.941198;0.100037;0.049681;-0.055253;0.677785;0.221035;0.554214
539;-9.638801;-1.242979;-0.971781;0.166925;0.03506;-0.0396;0.67545;0.221327;0.554118
540;-9.624082;-1.316955;-1.03185;0.134246;0.048323;-0.000489;0.674191;0.22454;0.553768
541;-9.608969;-1.28732;-1.061392;0.058043;0.03472;0.015883;0.675049;0.230426;0.552107
542;-9.586619;-1.26545;-1.016306;0.023532;0.007029;0.003191;0.676375;0.231631;0.551324
543;-9.601536;-1.243279;-0.9715;0.025327;0.015266;0.016838;0.676239;0.230967;0.551324
544;-9.578211;-1.021245;-0.954955;0.115658;0.000805;0.055337;0.676519;0.22857;0.551353
545;-9.898721;-0.915732;-0.755213;0.063982;-0.131489;0.127859;0.677637;0.227287;0.549202
546;-10.198923;-0.11025;-1.468647;-0.108447;-0.002328;0.407938;0.683399;0.224305;0.54422
547;-10.664812;1.228063;-3.5455;-0.647963;0.345442;0.857996;0.684212;0.196802;0.548174
548;-10.796843;1.328178;-4.232396;-0.341047;0.769013;1.219537;0.675136;0.157852;0.55636
549;-10.01736;4.810072;-5.651557;0.127854;1.353517;2.044075;0.657535;0.120331;0.564056
550;-9.943772;6.376667;-8.461618;-0.78249;2.467511;2.913538;0.614113;0.058647;0.595002
551;-11.165728;4.023973;-6.88922;-0.364241;2.712697;3.250332;0.553639;-0.007021;0.627222
552;-11.856173;6.561474;-6.355583;-0.273372;3.456325;4.110023;0.468599;-0.076676;0.668679
553;-10.6435;7.32519;-7.07274;0.027013;3.871291;4.258341;0.355021;-0.136597;0.714843
554;-10.868078;7.310697;-6.701415;1.035166;4.167525;5.050033;0.207624;-0.177326;0.757166
555;-13.028793;8.978812;-10.035206;0.185838;4.607402;5.930452;0.042759;-0.173805;0.782207
556;-6.554242;5.422644;-6.442181;0.352869;3.56282;3.850078;-0.098406;-0.166459;0.779652
557;-1.603752;4.927393;-1.825914;-0.322954;1.819138;1.455073;-0.185296;-0.1406;0.770324
558;-1.780637;2.31149;-1.389058;-2.319777;0.831967;0.626597;-0.216343;-0.185275;0.752457
559;0.987686;-2.537441;-2.481652;0.231066;0.56462;0.859313;-0.245976;-0.214706;0.725856
560;2.185022;4.923163;-2.819566;-0.052318;0.201002;0.54894;-0.259535;-0.190862;0.729271
561;2.414111;2.272875;-3.872344;-0.734425;0.105577;-0.182169;-0.257314;-0.212884;0.731587
562;3.176286;5.456812;-4.860752;0.145865;-0.198113;-0.114759;-0.252907;-0.221973;0.731693
563;4.356059;8.62304;-5.965508;0.03722;-0.230106;-0.163826;-0.245043;-0.217894;0.735286
564;2.820206;8.325643;-6.337286;-0.065519;-0.243916;-0.280812;-0.236866;-0.225524;0.729194
565;2.848838;7.926313;-6.59339;-0.374474;-0.114809;-0.300957;-0.229171;-0.230793;0.729404
566;2.764045;8.920123;-6.654732;0.101267;-0.196074;-0.018133;-0.222699;-0.236455;0.734803
567;1.901562;6.287811;-6.297805;-0.175258;-0.001377;-0.136242;-0.21948;-0.242696;0.733325
568;2.489474;7.602957;-6.538518;0.046128;-0.125834;0.054382;-0.214439;-0.238815;0.735428
569;2.365117;6.58066;-6.344623;0.103069;-0.133441;-0.157128;-0.211842;-0.235981;0.732894
570;2.6946;6.609928;-6.916543;-0.239373;0.016856;-0.151838;-0.20654;-0.239269;0.734508
571;2.775096;7.972312;-6.832448;-0.01247;-0.007151;-0.090269;-0.205084;-0.246101;0.735857
572;2.4702;6.853161;-6.140568;-0.11893;0.0505;-0.129926;-0.203404;-0.249788;0.733884
573;2.72688;7.658124;-5.984138;-0.024317;0.018583;-0.061206;-0.20427;-0.251085;0.733033
574;2.291895;7.142377;-5.841541;-0.13904;0.001056;-0.155277;-0.204085;-0.257884;0.728681
575;2.487666;7.452944;-6.076835;0.01478;0.046949;-0.057659;-0.202406;-0.258183;0.729302
576;2.301761;7.661075;-5.867943;0.040842;0.02641;-0.03839;-0.20088;-0.261529;0.729525
577;1.997137;7.834241;-5.943751;-0.050734;0.011898;-0.024799;-0.201912;-0.261019;0.73072
578;2.337559;7.327423;-5.884766;-0.039833;0.024519;-0.019348;-0.201876;-0.263095;0.728808
579;1.978006;7.055252;-5.657927;0.152811;-0.065379;-0.071632;-0.20155;-0.259006;0.729893
580;2.054229;7.498697;-5.527603;-0.077929;-0.089946;-0.161191;-0.196653;-0.258972;0.731743
581;1.803825;6.493184;-5.573353;0.136776;-0.106266;-0.19007;-0.192708;-0.262318;0.731099
582;1.746429;7.298987;-4.993939;0.232942;-0.314255;-0.292976;-0.18283;-0.258573;0.736428
583;1.17778;5.309341;-4.73508;0.394548;-0.449835;-0.561322;-0.167017;-0.254044;0.740061
584;1.053368;5.976033;-4.440652;0.943744;-0.915723;-0.811174;-0.139784;-0.236572;0.752463
585;-0.625205;3.373734;-2.530067;0.906925;-1.364089;-1.262755;-0.099605;-0.215011;0.766181
586;-1.620428;6.28743;-4.682777;1.497656;-1.818742;-1.395939;-0.040862;-0.183175;0.781397
587;-2.948237;2.969585;-4.281601;0.330046;-2.301217;-2.163577;0.029209;-0.15455;0.788135
588;-6.077831;2.436904;-5.62219;0.005397;-2.889402;-2.968047;0.121293;-0.14704;0.780757
589;-7.591235;4.429015;-7.889297;0.499662;-2.719247;-2.854249;0.226038;-0.114775;0.767644
590;-9.550206;2.789735;-5.355193;0.904985;-3.08499;-3.27182;0.312377;-0.065097;0.746776
591;-11.875509;6.301714;-8.073783;0.260151;-3.39327;-3.111963;0.399012;-0.00759;0.711534
592;-11.121905;5.811547;-9.310022;0.164413;-2.490496;-2.441077;0.459595;0.032518;0.68047
593;-13.636942;2.642163;-4.715523;0.071537;-2.931045;-2.975793;0.51651;0.083143;0.645324
594;-13.106401;4.002864;-8.844312;-0.218224;-2.051351;-2.199318;0.566479;0.144244;0.613819
595;-11.587162;3.741302;-5.759962;-0.139259;-1.965613;-1.77711;0.606579;0.177348;0.588873
596;-10.302889;2.357273;-3.154827;0.490406;-1.613839;-1.4721;0.643439;0.213784;0.559914
597;-8.247242;1.223102;-1.586962;0.803865;-1.167964;-0.986383;0.676099;0.249776;0.524314
598;-9.418725;5.294567;-5.718492;0.0939;-0.069606;0.073036;0.692742;0.278278;0.506313
599;-9.721615;0.048229;-1.29236;-1.577193;-0.082999;-0.68622;0.684324;0.263307;0.527301
600;-9.446141;-0.84179;0.233744;-0.865254;-0.364501;-0.193354;0.687605;0.24933;0.526709
601;-8.822036;-1.489894;-0.153785;-0.312558;-0.13217;0.049021;0.692445;0.23365;0.529498
602;-9.763614;-2.354274;-0.756081;0.227575;-0.102608;0.023959;0.695822;0.230916;0.531031
603;-10.244213;-0.390315;-1.754384;0.370637;-0.070713;0.095142;0.695656;0.237774;0.528219
604;-9.743026;-0.933021;-0.448184;-0.325115;-0.227361;-0.090202;0.69897;0.239326;0.518696
605;-10.415426;-1.400975;-0.665275;-0.141723;-0.062498;0.023251;0.702525;0.232785;0.518336
606;-9.492262;-1.601294;-0.599877;0.146425;0.004297;0.058099;0.702686;0.227789;0.521134
607;-9.608641;-1.036708;-0.731412;0.091603;0.065237;0.030406;0.703383;0.231032;0.518934
608;-9.578788;-0.963329;-0.611309;-0.149985;0.04343;-0.057372;0.701636;0.229769;0.522042
609;-9.713291;-1.00694;-0.552913;-0.10135;0.033935;-0.000735;0.703044;0.228475;0.520179
610;-9.683314;-0.962784;-0.537474;-0.032506;0.029744;-0.011563;0.701818;0.227422;0.520275
611;-9.675692;-0.933148;-0.552148;-0.002604;0.031304;-0.013351;0.700546;0.225193;0.524512
612;-9.683271;-0.977425;-0.582344;0.028955;0.006024;-0.009554;0.701239;0.225847;0.524672
613;-9.675909;-1.021763;-0.627351;0.029026;0.022205;-0.005066;0.700322;0.226699;0.522976
614;-9.668422;-1.014414;-0.627246;0.032638;0.029504;0.006765;0.700852;0.228829;0.522706
615;-9.675905;-1.029113;-0.642324;-0.028892;0.022475;-0.015178;0.701187;0.228795;0.523822
616;-9.690718;-0.992065;-0.612345;-0.008098;0.02882;0.001239;0.703289;0.227024;0.524608
617;-9.683265;-0.992125;-0.612289;0.018258;0.037438;-0.011529;0.701396;0.227031;0.525083
618;-9.690784;-1.006884;-0.612442;0.030893;0.014707;-0.029655;0.699774;0.229162;0.525554
619;-9.683331;-1.006944;-0.612386;0.035422;0.0247;-0.016924;0.701059;0.228128;0.52396
620;-9.683325;-1.021644;-0.642331;0.043556;0.034728;0.001283;0.700293;0.229304;0.525022
621;-9.668367;-1.014325;-0.649633;0.025352;0.027873;0.015881;0.700666;0.229717;0.524346
622;-9.668248;-0.992068;-0.65695;0.029078;0.022945;-0.016924;0.69971;0.230655;0.524438
623;-9.698237;-1.006823;-0.612498;0.009974;0.020625;0.001298;0.700091;0.230931;0.5239
624;-9.743163;-1.036218;-0.58318;1e-05;0.013402;-0.00781;0.698641;0.230918;0.524944
625;-9.713122;-1.014024;-0.635045;0.009133;0.031353;-0.000576;0.697938;0.231598;0.524636
626;-9.683322;-1.028994;-0.657304;0.007314;0.035046;0.006703;0.699335;0.23104;0.525109
627;-9.683392;-1.036462;-0.642428;-2.2e-05;0.011703;-0.000502;0.698418;0.231692;0.525894
628;-9.69825;-1.021553;-0.634981;0.016333;0.035102;0.015835;0.698036;0.231549;0.526431
629;-9.698183;-1.006735;-0.634885;0.04723;0.043641;-0.000575;0.698251;0.23131;0.525339
630;-9.690708;-1.014116;-0.657263;0.015484;0.031274;-0.003301;0.698906;0.232116;0.524808
631;-9.690742;-1.021525;-0.657312;9.5e-05;0.03045;-0.006055;0.699325;0.231775;0.527445
632;-9.660989;-1.051283;-0.687129;-0.017187;0.013516;-0.007828;0.696743;0.233451;0.525401
633;-9.698231;-1.021524;-0.642444;-0.010856;0.013486;-0.006909;0.697855;0.231041;0.525601
634;-9.675902;-1.036463;-0.657296;-0.018939;0.037023;0.00666;0.697372;0.231545;0.526818
635;-9.653543;-1.036643;-0.657128;-0.005398;0.013374;-0.013282;0.696435;0.230747;0.527199
636;-9.68341;-1.036492;-0.634966;0.016369;0.024046;-0.007828;0.697497;0.230221;0.526557
637;-9.698157;-1.021406;-0.672292;0.023587;0.027732;0.004932;0.696365;0.231845;0.525948
638;-9.698157;-1.021406;-0.672292;0.010919;0.024142;-0.002366;0.697278;0.232455;0.527634
639;-9.668327;-1.021616;-0.67953;0.023578;0.025945;0.004942;0.69728;0.231524;0.527641
640;-9.638559;-1.043995;-0.701837;0.028224;0.039195;-0.007875;0.696585;0.232067;0.527471
641;-9.683342;-1.065803;-0.717243;0.080714;0.032564;-0.005956;0.696102;0.232438;0.528689
642;-9.890756;-0.826705;-0.799348;0.175008;0.082551;0.03407;0.694273;0.235536;0.527904
643;-9.636157;-0.665008;-0.982927;0.166662;0.067817;0.066979;0.692911;0.237871;0.525628
644;-9.336277;-0.568966;-1.517325;0.044168;0.282568;0.185378;0.691212;0.235256;0.529574
645;-9.17033;-0.191978;-1.625552;0.22638;0.433809;0.333656;0.681199;0.234363;0.536894
646;-9.746567;0.644712;-2.176702;-0.055188;0.619631;0.571369;0.6695;0.226999;0.543229
647;-9.611328;0.645373;-2.615957;-0.166385;0.754745;0.708349;0.652746;0.209048;0.554536
648;-9.506377;0.682287;-2.794019;0.071049;1.002302;0.992155;0.633014;0.187722;0.568917
649;-9.547719;1.91643;-1.890813;0.13816;1.069053;1.251933;0.606082;0.169162;0.582024
650;-9.620437;0.875471;-4.562229;-0.308415;1.522383;1.256564;0.576935;0.138676;0.60436
651;-10.482204;0.749839;-2.905455;-0.28603;1.307019;1.235585;0.550093;0.112431;0.621384
652;-9.021218;1.736031;-4.171504;-0.22584;1.338308;1.184606;0.525663;0.083865;0.634803
653;-9.242214;2.175975;-4.424042;-0.039702;1.539527;1.328074;0.492747;0.057637;0.653512
654;-9.666274;0.66808;-4.489301;0.15042;1.425094;0.978531;0.455867;0.036491;0.672576
655;-8.551131;3.561951;-4.05159;0.29069;1.11779;1.027681;0.427793;0.029985;0.687753
656;-8.015387;2.89423;-4.917514;-0.333123;1.223678;0.915123;0.399032;0.016845;0.702676
657;-7.971527;2.921912;-4.514029;0.432403;0.943522;0.934714;0.372549;0.005568;0.716712
658;-7.040679;4.308003;-4.654667;0.139185;0.76207;0.865004;0.353197;0.004048;0.726142
659;-7.16282;3.348109;-5.25137;-0.116895;0.699498;0.755428;0.332885;-0.010745;0.730118
660;-6.861854;4.129953;-4.96043;0.280264;0.453119;0.757091;0.320213;-0.016166;0.733782
661;-6.171543;4.499639;-6.154245;-0.176358;0.418943;0.787673;0.30701;-0.01993;0.740306
662;-6.444418;3.538259;-6.073017;-0.080098;0.302537;0.575757;0.297974;-0.034324;0.745008
663;-5.753672;4.489723;-6.367552;0.063503;0.22088;0.566363;0.290668;-0.040142;0.746548
664;-5.682212;3.800132;-6.386419;-0.09231;0.268368;0.410894;0.286908;-0.048112;0.747695
665;-5.456929;4.043777;-6.621925;0.047197;0.190729;0.302916;0.280716;-0.050495;0.749668
666;-5.246327;4.317326;-6.89466;0.132791;0.2269;0.234501;0.272506;-0.05115;0.752375
667;-4.967624;4.805287;-7.187871;0.03881;0.249721;0.214247;0.266797;-0.050717;0.753244
668;-5.170454;4.51748;-7.071882;0.090068;0.332279;0.182016;0.259585;-0.054456;0.756564
669;-5.004321;5.012453;-7.037553;0.254753;0.309691;0.18237;0.251393;-0.045488;0.75741
670;-5.035631;4.951443;-6.538203;0.018988;0.21386;0.121365;0.245282;-0.043129;0.761005
671;-5.068133;4.314792;-6.617214;-0.087728;0.203224;0.076553;0.239194;-0.047224;0.762305
672;-4.979195;4.276495;-6.482465;0.263401;0.103136;0.00725;0.235791;-0.04388;0.762833
673;-4.783141;4.815535;-6.41031;0.034993;0.022433;-0.056515;0.235406;-0.039573;0.765955
674;-4.828442;4.68256;-6.418981;-0.055647;-0.034995;-0.109296;0.238998;-0.041814;0.763911
675;-4.707987;4.698248;-6.880638;-0.008655;-0.039465;-0.07638;0.240183;-0.042467;0.762999
676;-5.050802;4.642209;-7.003001;0.09066;-0.132138;-0.110541;0.242876;-0.038618;0.762253
677;-4.696279;5.411147;-7.301272;-0.130142;-0.042683;-0.038215;0.245013;-0.038878;0.761238
678;-5.177633;4.481203;-7.251271;0.027685;-0.01366;-0.054617;0.24543;-0.041011;0.761271
679;-4.733863;5.263825;-7.444302;-0.017854;0.026761;0.060122;0.24802;-0.038905;0.761084
680;-5.078756;4.924941;-7.240173;0.043957;0.109359;0.108146;0.244455;-0.04179;0.760962
681;-4.876822;5.159822;-7.087865;0.025673;0.098199;0.129176;0.240714;-0.041268;0.762736
682;-5.050571;4.701423;-6.987689;-0.001222;0.17038;0.154335;0.238948;-0.042985;0.762954
683;-4.751416;4.936055;-6.96897;0.095303;0.104437;0.16026;0.235784;-0.041287;0.765294
684;-4.753504;4.594349;-6.747334;-0.091872;0.110247;0.088839;0.231746;-0.043739;0.764048
685;-4.695256;4.304794;-6.718926;-0.010406;0.087946;0.070804;0.231352;-0.048658;0.764205
686;-4.611031;4.712286;-6.879811;0.031282;0.0584;0.026318;0.230044;-0.047347;0.765383
687;-4.723412;4.543071;-6.956388;0.01495;0.018522;-0.012767;0.230723;-0.048216;0.767759
688;-4.526394;5.105726;-7.234808;-0.004956;0.021376;-0.010952;0.230061;-0.044965;0.76578
689;-4.661378;4.906878;-7.266975;-0.028434;0.045924;0.00713;0.226936;-0.046541;0.766217
690;-4.555361;5.350054;-7.128965;-0.079272;0.026613;0.005348;0.227626;-0.048011;0.766255
691;-4.640412;4.573464;-7.313759;-0.16221;0.14174;0.068541;0.225419;-0.054225;0.765799
692;-4.824994;5.10736;-7.043038;0.193358;0.06645;0.049291;0.22382;-0.052372;0.766686
693;-4.526213;5.356102;-6.845131;-0.153486;0.09621;0.074268;0.222524;-0.053192;0.768017
694;-4.618965;4.638018;-6.820654;0.069123;0.073362;0.094702;0.219219;-0.056339;0.767632
695;-4.347074;5.377153;-6.910798;0.181034;0.031942;0.135209;0.219002;-0.051583;0.768828
696;-4.383606;5.260944;-7.42674;-0.16275;0.108017;0.159928;0.216894;-0.054259;0.770279
697;-4.482873;4.787157;-7.333562;-0.07853;0.054563;0.092763;0.214565;-0.06048;0.770093
698;-4.273434;5.029416;-7.188612;-0.057477;0.10105;0.087152;0.213194;-0.061661;0.770047
699;-4.171542;4.472979;-7.213845;-0.062586;0.140147;0.057785;0.209772;-0.066676;0.769946
700;-4.349899;4.754757;-6.907404;0.044149;0.068648;-0.011074;0.207434;-0.065187;0.769841
701;-4.31998;5.004774;-6.487654;-0.055307;0.081494;-0.05137;0.205045;-0.065467;0.771263
702;-4.619235;4.828825;-6.356744;-0.035791;-0.066804;-0.138289;0.207475;-0.067068;0.770545
703;-4.499525;4.946293;-6.325222;-0.063085;-0.150954;-0.218202;0.21138;-0.065612;0.769314
704;-4.559607;4.901905;-6.221492;0.012536;-0.256641;-0.241361;0.21714;-0.064675;0.76692
705;-4.819468;5.140981;-6.192059;-0.08738;-0.391699;-0.339429;0.229124;-0.063165;0.7656
706;-5.21443;3.543435;-6.130818;0.090345;-0.47389;-0.490311;0.242446;-0.061585;0.761163
707;-6.557487;2.142256;-5.090447;0.708464;-1.106619;-0.976636;0.266495;-0.042133;0.755512
708;-7.574698;1.968116;-3.965001;0.96119;-1.76089;-1.395806;0.31137;-0.000568;0.740477
709;-7.477255;3.774988;-3.892812;0.503208;-2.108634;-1.230709;0.363167;0.039169;0.716641
710;-7.785488;3.434829;-3.442152;-0.818775;-2.108;-1.76332;0.410966;0.050463;0.693954
711;-10.770372;2.482051;-3.776944;-0.889442;-2.602871;-1.882006;0.465277;0.058804;0.664938
712;-10.242448;4.544672;-5.535591;-1.058842;-2.255222;-1.617357;0.514667;0.06327;0.633547
713;-10.983026;2.783611;-4.649703;-0.658908;-2.051616;-1.736353;0.561864;0.072008;0.607273
714;-10.48567;3.568086;-5.416924;-0.387801;-1.653746;-1.524234;0.601578;0.081789;0.584548
715;-10.178815;1.70475;-3.284992;-0.238233;-1.408772;-1.532355;0.636594;0.103724;0.566505
716;-9.759655;1.339166;-1.634988;0.483236;-1.258695;-1.076864;0.668886;0.139827;0.546734
717;-9.827033;-0.011502;-0.9652;0.315269;-1.166185;-1.091204;0.702066;0.16825;0.525402
718;-11.102873;8.284809;-3.368608;-1.894699;0.930999;1.723088;0.710865;0.149212;0.542841
719;-9.145209;-1.038276;-1.272667;-1.270963;-0.413616;-1.147647;0.715483;0.115975;0.546025
720;-9.622353;-0.181438;0.363564;0.290291;-0.392711;-0.228129;0.722863;0.129597;0.531066
721;-9.060376;0.09838;-0.331825;0.397184;-0.017278;0.031278;0.727219;0.13475;0.525693
722;-9.81635;-0.511222;-0.162424;0.094251;0.071693;0.037688;0.724626;0.13756;0.525981
723;-9.500611;-0.001864;-0.320891;-0.20593;0.103218;-0.04854;0.72245;0.133322;0.53116
724;-9.993802;-0.279478;-0.318974;-0.137355;-0.001282;-0.111894;0.719971;0.144047;0.528778
725;-9.814834;-0.369032;-0.519685;0.166389;0.014854;0.054442;0.721049;0.143514;0.528412
726;-9.657694;-0.207469;-0.472668;0.203494;0.011032;0.051795;0.723306;0.136951;0.529377
727;-9.695021;-0.192557;-0.420617;0.057912;0.002187;-0.01859;0.723347;0.139654;0.527706
728;-9.695457;-0.325655;-0.488648;0.012647;-0.00391;-0.027752;0.724247;0.13994;0.526638
729;-9.628089;-0.237463;-0.442789;0.094043;0.005904;0.010631;0.723729;0.147171;0.524911
730;-9.598544;-0.296977;-0.442952;0.166646;0.006707;-0.027576;0.723227;0.150276;0.523352
731;-9.784931;-0.324994;-0.474397;0.190406;0.042268;-0.033188;0.722608;0.150249;0.524568
732;-9.964128;-0.338784;-0.371372;0.188771;0.083583;-0.026088;0.720657;0.156396;0.524169
733;-9.8148;-0.280712;-0.369862;0.117966;0.071893;-0.000582;0.718726;0.160274;0.524063
734;-9.859802;-0.383785;-0.445498;-0.015916;0.068704;-0.039976;0.716739;0.16451;0.525468
735;-9.769801;-0.2512;-0.429028;-0.024137;0.067175;-0.026287;0.714445;0.163454;0.526072
736;-9.702733;-0.3106;-0.53338;-0.007009;0.043648;-0.033456;0.715381;0.160466;0.52806
737;-9.784712;-0.36142;-0.631344;0.069223;0.05534;-0.055302;0.712976;0.164179;0.529314
738;-9.755392;-0.288897;-0.29484;0.149719;0.049599;-0.046946;0.712219;0.169005;0.528147
739;-9.148205;1.121414;-2.146677;0.18977;0.274962;0.234002;0.710054;0.17187;0.526248
740;-9.674376;1.329089;-3.000036;-0.458016;0.704651;0.423633;0.69485;0.160392;0.538534
741;-9.222493;0.953228;-2.558769;-0.240584;0.936167;0.686542;0.673965;0.142491;0.554497
742;-9.40774;2.410167;-3.356644;0.183068;1.224554;1.123641;0.64432;0.125938;0.568169
743;-9.913464;2.254171;-4.100276;0.133341;1.580784;1.360908;0.60972;0.105856;0.586352
744;-10.165237;2.876691;-3.62054;-0.159809;1.724304;1.693685;0.566344;0.074307;0.609089
745;-10.136846;2.359287;-3.996812;-0.348386;1.814831;1.879061;0.527352;0.035077;0.629027
746;-10.406683;1.998578;-4.045979;-0.23804;1.825152;1.702202;0.488677;0.004059;0.65002
747;-9.450233;2.899559;-3.361246;0.067704;1.636378;1.512055;0.450832;-0.022987;0.671293
748;-9.196519;2.699419;-3.853145;0.013655;1.436592;1.425295;0.412577;-0.043319;0.690296
749;-8.604225;1.960079;-3.592276;0.071153;1.205072;1.001426;0.372154;-0.065966;0.707162
750;-6.847825;4.606527;-3.718457;0.239662;0.907211;1.032375;0.346074;-0.07266;0.718701
751;-6.76285;3.252592;-4.398238;-0.017008;0.823588;0.817104;0.322345;-0.079055;0.728127
752;-6.194725;4.895691;-5.084715;0.82272;0.682409;0.816212;0.300357;-0.075219;0.737136
753;-5.613608;5.652938;-6.627573;0.161055;0.537025;0.80777;0.284605;-0.069155;0.745001
754;-6.067113;4.631336;-5.943648;0.119494;0.430245;0.634834;0.271296;-0.07891;0.74688
755;-5.264546;5.405408;-6.574299;0.207756;0.403147;0.730918;0.257215;-0.078919;0.752514
756;-5.139531;5.070682;-6.500903;-0.100809;0.420914;0.687561;0.245235;-0.083288;0.756336
757;-4.946903;4.72892;-6.658376;-0.042205;0.366749;0.689702;0.231657;-0.092378;0.758337
758;-4.799529;4.394013;-6.584812;0.171197;0.314095;0.470437;0.221182;-0.097558;0.762088
759;-4.213535;5.397149;-6.618619;0.023277;0.238707;0.438729;0.21532;-0.09685;0.762674
760;-4.578606;3.828911;-6.534575;-0.01181;0.223319;0.137708;0.20516;-0.102251;0.764647
761;-4.095294;5.225395;-6.521828;0.224478;-0.013876;0.06892;0.202904;-0.096818;0.76617
762;-4.219393;4.365332;-6.132852;-0.114357;0.005956;-0.109495;0.202913;-0.09762;0.766314
763;-3.976721;4.973261;-6.70913;0.04577;-0.051041;-0.129066;0.205323;-0.097085;0.765305
764;-4.317741;5.339366;-6.783959;0.176255;-0.088718;-0.193501;0.211139;-0.090597;0.764113
765;-4.134614;6.014104;-7.270705;-0.182321;-0.021572;-0.11126;0.214187;-0.088918;0.764775
766;-4.704926;5.247468;-7.115841;0.131156;-0.030662;-0.150086;0.213663;-0.089721;0.765173
767;-4.366365;5.911854;-7.176115;-0.002361;-0.008344;-0.027193;0.214662;-0.085565;0.763529
768;-4.583709;5.771906;-6.947338;0.148988;0.048498;0.0147;0.214613;-0.084678;0.765174
769;-4.348282;5.080995;-6.96497;0.0003;0.013708;0.014648;0.215757;-0.083849;0.763561
770;-4.368932;5.488471;-6.91024;0.252008;0.041246;0.060484;0.214477;-0.078168;0.765397
771;-4.28774;5.287941;-6.955703;0.031189;0.061466;0.049153;0.214232;-0.074593;0.766049
772;-4.341938;4.851134;-6.936567;-0.101036;0.005007;-0.020115;0.213972;-0.077786;0.7662
773;-4.272852;5.287791;-6.948128;0.089096;0.02113;0.010191;0.214013;-0.075947;0.767015
774;-4.438671;4.8301;-7.041912;-0.045516;0.043797;-0.036634;0.212233;-0.077722;0.764476
775;-4.285004;5.74102;-7.236309;0.175916;0.002708;0.023163;0.213656;-0.07298;0.765601
776;-4.27359;5.0071;-7.16637;-0.168468;0.113255;-0.000602;0.212917;-0.077397;0.766982
777;-4.346377;5.422405;-7.111985;0.223763;-0.001696;0.055153;0.211634;-0.073442;0.768692
778;-4.309207;5.510218;-6.909646;-0.008452;0.100227;0.043466;0.210215;-0.06995;0.767921
779;-4.333078;5.154907;-6.949449;0.003962;0.033599;0.029163;0.209652;-0.074321;0.767517
780;-4.213893;5.131778;-6.963621;-0.017687;0.058091;0.038159;0.208579;-0.075517;0.767896
781;-4.317586;5.280772;-6.955976;0.034757;0.046126;0.043748;0.207889;-0.074179;0.767858
782;-4.287296;5.362209;-6.999991;-0.039519;0.021185;0.015487;0.206364;-0.074687;0.767525
783;-4.243568;5.154305;-6.978624;-0.103708;0.050449;0.025304;0.206494;-0.078138;0.76728
784;-4.303363;5.12509;-6.964343;0.175918;-4.8e-05;0.014952;0.205213;-0.075512;0.769001
785;-4.167439;5.479913;-7.028167;-0.124644;0.016322;0.007199;0.206932;-0.07603;0.767833
786;-4.304987;4.813551;-6.876832;-0.106362;0.008325;-0.045668;0.206927;-0.08081;0.767593
787;-4.048412;5.360908;-7.1549;0.054679;0.018701;0.011086;0.208597;-0.080175;0.768068
788;-4.407375;5.126462;-7.099447;0.070218;0.00349;-0.041764;0.208419;-0.079223;0.767365
789;-4.083695;5.776297;-7.19724;-0.046847;0.008788;0.021943;0.210073;-0.078182;0.767562
790;-4.332875;5.111102;-7.113906;0.072137;0.052346;-0.006397;0.207988;-0.080537;0.766944
791;-4.196588;5.598906;-7.079851;0.027433;0.0337;0.048371;0.208037;-0.075514;0.768012
792;-4.452279;5.170657;-6.942789;0.007937;0.087065;0.008864;0.206121;-0.078418;0.767956
793;-4.092151;5.634993;-7.048975;-0.070388;0.054495;0.076432;0.205889;-0.077374;0.768766
794;-4.281418;5.0654;-6.904865;0.012206;0.067866;0.048182;0.202573;-0.082109;0.768116
795;-4.093157;5.420069;-7.035455;-0.052311;0.033528;0.059212;0.203165;-0.081074;0.768959
796;-4.138133;5.339106;-7.081097;0.006873;0.084004;0.045388;0.199424;-0.083142;0.768135
797;-4.071854;5.153396;-7.096727;0.020371;0.055048;0.030939;0.199714;-0.083285;0.768423
798;-4.16866;5.213154;-7.022448;0.056518;0.024039;0.009229;0.199497;-0.082249;0.769509
799;-4.109298;5.182831;-6.969958;-0.055516;0.044003;-0.034779;0.198932;-0.081703;0.769207
800;-4.063264;5.405246;-7.095024;-0.01419;-0.009851;-0.017155;0.199109;-0.08292;0.769912
801;-4.193276;4.878713;-6.718849;-0.012162;-0.00608;-0.074644;0.200218;-0.084;0.770102
802;-4.077983;5.641042;-6.735405;0.021839;-0.109779;-0.108772;0.203266;-0.081456;0.768277
803;-4.306621;4.685884;-6.444852;-0.126396;-0.079637;-0.143805;0.205303;-0.084655;0.767831
804;-5.009611;4.393451;-6.019263;0.121139;-0.372069;-0.370275;0.214467;-0.08082;0.76514
805;-5.659154;2.921098;-5.250206;0.159414;-0.769744;-0.9541;0.233014;-0.071597;0.761271
806;-6.576789;2.024982;-3.509316;0.228053;-1.449576;-1.591373;0.266249;-0.054829;0.753115
807;-7.008245;2.853594;-2.32067;-0.312219;-1.783954;-1.695537;0.315358;-0.037078;0.737047
808;-7.172649;1.625854;-4.419387;-0.644643;-1.807148;-2.101832;0.364462;-0.029285;0.71554
809;-10.383718;2.448053;-3.46081;-0.41503;-2.413744;-2.547876;0.42494;-0.008987;0.689439
810;-11.038869;3.488933;-4.8918;-0.638473;-2.596705;-2.571173;0.484965;0.018181;0.655279
811;-11.129316;3.2453;-4.931383;-0.803592;-2.309842;-2.585417;0.534567;0.040807;0.625831
812;-11.039881;3.28871;-4.848335;0.064799;-1.769993;-2.095894;0.576136;0.074578;0.605209
813;-11.159892;3.347291;-4.430967;0.537348;-1.526704;-1.744268;0.610566;0.119185;0.589733
814;-10.332414;2.372685;-3.2445;0.469471;-1.340185;-1.320097;0.651131;0.161289;0.571077
815;-11.557021;1.422621;-4.088298;-0.599146;-0.567347;0.887427;0.687374;0.169931;0.552492
816;-4.535269;-1.789878;-4.175339;-1.614898;-0.079099;-0.722385;0.69298;0.108899;0.575346
817;-10.847068;-0.690348;0.380816;0.930078;-0.603513;-1.058218;0.702172;0.135574;0.558849
818;-9.334542;0.47094;-0.301632;0.8925;-0.000585;0.068347;0.707394;0.170458;0.540204
819;-10.403686;-0.555627;-0.853712;0.215111;0.289779;0.009479;0.697671;0.15401;0.552334
820;-9.030249;-0.313259;-1.222306;0.076259;-0.013108;-0.080473;0.69642;0.156886;0.554604
821;-9.936826;-0.887359;-0.359807;-0.146794;-0.039996;-0.05886;0.699851;0.178107;0.545356
822;-10.376781;-0.957731;-0.408376;0.050467;-0.042702;-0.013027;0.699629;0.178682;0.543828
823;-9.652384;-0.917093;-0.910065;0.034184;0.036802;0.09246;0.702034;0.178422;0.542686
824;-9.547168;-0.651737;-0.773217;0.015225;0.017575;0.045115;0.695939;0.162241;0.548484
825;-9.606915;-0.666163;-0.751377;-0.042458;0.018872;-0.024286;0.695702;0.162358;0.549162
826;-9.898448;-0.827029;-0.702397;-0.030894;0.004874;0.014061;0.701;0.17249;0.546132
827;-9.666741;-0.666007;-0.669743;-0.041795;0.033332;0.054992;0.6996;0.170659;0.545538
828;-9.681574;-0.665769;-0.699703;0.00368;0.01687;-0.0151;0.699905;0.170641;0.546102
829;-9.741272;-0.665407;-0.670304;0.020009;0.021206;-0.016926;0.69879;0.16342;0.548039
830;-9.696651;-0.695345;-0.685085;0.045282;0.024052;0.008635;0.698239;0.16449;0.548009
831;-9.719065;-0.695253;-0.662867;0.030851;0.018483;-0.014162;0.699333;0.170658;0.545665
832;-9.696613;-0.695286;-0.700009;0.003571;0.009032;0.003171;0.698417;0.170979;0.543973
833;-9.71169;-0.724861;-0.685391;-0.001734;0.017751;-0.018764;0.701442;0.169615;0.544104
834;-9.741357;-0.680255;-0.662939;0.00897;0.014569;0.018655;0.699279;0.167763;0.544582
835;-9.726393;-0.687636;-0.700185;0.005465;0.025145;0.003101;0.69847;0.167765;0.544825
836;-9.696553;-0.665767;-0.669967;0.003633;0.020668;0.001298;0.698495;0.169877;0.545362
837;-9.718876;-0.665528;-0.68506;0.018972;0.00343;-0.005905;0.700924;0.169207;0.544638
838;-9.621856;-0.629322;-0.669164;0.03971;0.000859;0.012385;0.699533;0.170427;0.544297
839;-9.487345;-0.563632;-0.690104;0.138243;-0.021097;0.029045;0.7001;0.168951;0.544607
840;-9.203291;-0.343905;-0.619359;0.316176;-0.075444;0.074245;0.702611;0.173422;0.540541
841;-9.603726;1.966855;-3.278926;0.643638;0.694859;0.54102;0.694659;0.180078;0.543204
842;-9.494059;1.55063;-3.176327;0.4557;1.015594;0.843988;0.670423;0.173201;0.560881
843;-9.611281;2.949704;-4.466584;0.264429;1.272895;1.256663;0.64161;0.159822;0.574839
844;-10.044145;2.37852;-5.29445;-0.382947;1.689698;1.560334;0.601854;0.127811;0.593591
845;-10.535865;1.466023;-4.020572;-0.106785;1.913756;1.836945;0.562459;0.091504;0.613767
846;-10.311643;3.102822;-4.2918;-0.109563;2.11449;2.107917;0.521439;0.05786;0.63441
847;-10.367186;2.18575;-4.611609;-0.448634;2.12794;2.003388;0.475307;0.015585;0.661523
848;-10.056723;2.164395;-3.594499;-0.14037;1.90509;1.822425;0.427744;-0.020203;0.685225
849;-8.467572;3.858039;-4.146043;0.170341;1.692542;1.747354;0.378922;-0.045138;0.706317
850;-8.600367;2.289918;-4.56022;0.015915;1.616353;1.327883;0.333705;-0.063952;0.725856
851;-6.857739;5.519388;-4.070794;0.482764;1.104083;1.424033;0.298557;-0.069548;0.739502
852;-6.467129;3.787958;-5.467107;-0.299447;1.011312;1.056696;0.26978;-0.080951;0.749176
853;-5.575623;4.847374;-5.363907;0.121249;0.819568;1.129353;0.242111;-0.095757;0.75644
854;-5.277851;4.726721;-5.437058;0.090531;0.558001;0.771137;0.222384;-0.095096;0.759087
855;-4.546949;4.589244;-5.880157;-0.108507;0.481426;0.627158;0.207793;-0.102358;0.762687
856;-4.434442;4.802795;-5.77344;0.14888;0.248648;0.503589;0.193833;-0.108471;0.76782
857;-4.396682;4.766511;-6.042038;-0.065602;0.079267;0.253224;0.189348;-0.109639;0.768475
858;-4.005341;5.18137;-6.812468;-0.219364;0.075292;0.214761;0.187667;-0.115183;0.767621
859;-4.293245;4.249334;-6.626688;0.230036;-0.05804;-0.008455;0.188895;-0.11765;0.764933
860;-3.701591;6.232482;-7.161526;-0.118889;-0.06923;0.040473;0.191923;-0.110381;0.765415
861;-4.141882;4.604893;-6.906801;-0.162334;-0.011889;-0.116783;0.190083;-0.120496;0.766517
862;-4.00228;5.811501;-6.897896;0.096161;-0.059441;-0.055983;0.193878;-0.118256;0.765827
863;-4.091684;5.863761;-6.816147;0.116309;-0.040307;-0.090698;0.194433;-0.113881;0.766092
864;-4.136089;5.820493;-7.025714;-0.223929;0.008604;-0.091383;0.196793;-0.117838;0.764012
865;-4.481354;5.613408;-6.42522;0.161447;-0.082165;-0.114205;0.199493;-0.116915;0.763287
866;-4.30714;6.101974;-6.659521;-0.158263;-0.034211;-0.043685;0.201083;-0.115378;0.764855
867;-4.459777;5.391308;-6.516051;-0.310582;-0.061724;-0.032865;0.201932;-0.126358;0.762489
868;-4.150119;6.07946;-6.904737;0.03059;-0.081477;0.009679;0.206166;-0.129316;0.76213
869;-4.211945;5.539457;-7.00573;0.081818;0.031319;0.031126;0.20721;-0.128504;0.761201
870;-4.095776;6.398813;-7.200746;0.00713;0.016875;0.121407;0.205531;-0.124485;0.760691
871;-4.258098;5.258005;-6.940748;-0.073661;0.127158;0.081561;0.203101;-0.129924;0.761185
872;-4.225714;5.953308;-6.704645;0.207391;0.039601;0.109712;0.201481;-0.125536;0.761776
873;-4.243904;5.367074;-6.447409;-0.149776;0.095862;0.03601;0.198753;-0.127242;0.761955
874;-4.107872;5.729424;-6.541033;0.070869;0.02522;0.027517;0.198926;-0.129918;0.762532
875;-4.169019;5.396464;-6.5362;0.020471;0.061896;-0.003733;0.198269;-0.129793;0.763056
876;-4.106453;5.967077;-6.681263;0.108866;-0.032328;-0.034194;0.198413;-0.125945;0.763309
877;-4.063251;5.537666;-6.855364;-0.122607;0.059283;-0.002086;0.198822;-0.127941;0.763203
878;-4.12053;6.042086;-6.882369;0.157601;-0.026616;0.022387;0.198663;-0.124873;0.762898
879;-4.212823;5.44978;-6.812295;-0.09898;0.066119;-0.013044;0.199231;-0.126616;0.763209
880;-4.120803;5.997513;-6.85281;0.058188;-0.001079;0.002077;0.199495;-0.125152;0.763071
881;-4.138423;5.493104;-6.677125;-0.09172;0.066913;-0.021233;0.199035;-0.127116;0.762103
882;-4.144758;5.664135;-6.817848;0.020184;0.015495;0.016534;0.198134;-0.127268;0.76317
883;-4.120735;6.049111;-6.785313;0.029294;0.026169;0.012868;0.198221;-0.125718;0.764816
884;-4.040571;5.640978;-6.794821;-0.070126;0.064519;0.013474;0.196182;-0.127897;0.762545
885;-4.128629;5.967553;-6.756053;0.117942;0.022238;0.033978;0.19389;-0.126563;0.76327
886;-3.988371;5.699447;-6.697033;-0.118183;0.088744;0.056177;0.193977;-0.128467;0.764803
887;-4.166596;5.893171;-6.607575;0.029106;0.015837;0.043914;0.193019;-0.130052;0.764776
888;-4.079039;5.536369;-6.497295;-0.047689;0.034006;0.018196;0.193798;-0.130038;0.763981
889;-3.980102;5.847806;-6.755705;0.009163;0.001504;0.033018;0.192154;-0.131749;0.763927
890;-4.07797;5.611641;-6.795295;0.007479;0.013857;0.020177;0.193352;-0.131876;0.763287
891;-3.838028;5.832703;-6.971137;-0.034091;0.030305;0.020076;0.191704;-0.131592;0.763219
892;-4.101104;5.456112;-6.766633;0.040358;0.047333;-0.007288;0.191477;-0.132942;0.764046
893;-3.927842;5.935793;-6.627875;-0.043084;0.013681;-0.028197;0.192304;-0.130827;0.764202
894;-4.199006;5.418489;-6.424347;0.021272;0.002975;-0.056373;0.192593;-0.133294;0.761889
895;-3.868089;6.016429;-6.529886;-0.064135;-0.050152;-0.058036;0.195415;-0.132365;0.760894
896;-4.31118;5.35994;-6.380804;0.051074;-0.054395;-0.108993;0.195897;-0.133201;0.762159
897;-4.249719;5.892002;-6.145542;0.032419;-0.213832;-0.187647;0.201908;-0.129268;0.761959
898;-4.666693;4.707098;-5.462401;-0.093224;-0.312273;-0.385358;0.211886;-0.130484;0.758924
899;-5.598089;3.555501;-4.663546;0.088363;-0.767064;-0.867528;0.229211;-0.124975;0.755171
900;-6.57228;2.664794;-4.16928;0.006985;-1.261067;-1.539585;0.264958;-0.111973;0.747694
901;-7.428473;1.81525;-3.084317;0.257782;-1.801236;-2.009414;0.312052;-0.090768;0.732484
902;-7.928715;3.234772;-3.153504;-0.14839;-1.950078;-2.087765;0.367487;-0.061666;0.712178
903;-10.217407;2.158956;-1.901777;-0.646705;-2.65654;-2.486911;0.429941;-0.043805;0.682041
904;-11.589741;3.75187;-4.685319;-0.28593;-2.529363;-2.784428;0.498849;-0.002434;0.645378
905;-11.946926;3.895407;-4.657245;-0.262179;-2.497455;-2.793682;0.552358;0.03772;0.61527
906;-12.794766;1.681813;-3.416915;0.119925;-2.377975;-2.635113;0.602163;0.079241;0.585141
907;-11.033315;1.973277;-3.871797;0.36965;-1.933944;-2.008151;0.65367;0.13307;0.561466
908;-21.453371;4.710781;-7.910501;-1.452153;2.455293;4.753708;0.687134;0.131985;0.569431
909;-5.48444;-3.71093;-3.627883;-1.277538;-1.136801;-2.207704;0.685772;0.064638;0.592464
910;-13.353895;1.379826;-0.878424;2.052151;-0.686399;-1.114;0.691268;0.160165;0.558231
911;-6.592511;0.852274;0.75146;0.267965;0.125852;0.078205;0.69593;0.167826;0.543483
912;-8.327187;-3.219655;1.54762;-0.32578;-0.048947;-0.215795;0.693157;0.164547;0.547804
913;-9.07411;0.377214;-3.344947;0.521956;0.854942;1.072765;0.693031;0.164474;0.555515
914;-8.162544;0.155584;-1.623111;0.188169;-0.226666;-0.25806;0.693749;0.186704;0.549319
915;-10.550064;-1.106451;0.074402;0.115606;-0.276364;-0.311075;0.69537;0.197993;0.539244
916;-10.143994;-0.662578;-0.568865;0.128025;-0.033011;0.083736;0.697664;0.180717;0.543045
917;-9.474803;-1.310451;-1.1053;0.109942;0.059261;0.209201;0.699215;0.176429;0.54369
918;-9.323103;-0.60129;-0.868202;0.124456;-0.095014;-0.010773;0.7008;0.177239;0.542645
919;-9.78658;-0.783681;-0.649029;-0.106692;-0.028316;-0.10262;0.705044;0.196596;0.533168
920;-9.846776;-0.901806;-0.635329;-0.177525;0.034812;0.030152;0.703466;0.192462;0.534237
921;-9.696938;-0.710517;-0.595636;-0.072406;0.070302;0.054789;0.702022;0.177699;0.539935
922;-9.816614;-0.739665;-0.477334;-0.066833;0.000498;-0.073503;0.701015;0.177001;0.541553
923;-9.786752;-0.769247;-0.551925;0.034492;0.020199;-0.018731;0.701013;0.178197;0.541545
924;-9.712001;-0.769493;-0.640909;0.054354;0.027579;0.00863;0.701499;0.183338;0.538082
925;-9.659659;-0.740218;-0.655247;0.00463;0.013977;-0.031501;0.700765;0.184299;0.537219
926;-9.839645;-0.961228;-0.613274;-0.042551;0.010038;-0.011509;0.701299;0.180381;0.539336
927;-9.779456;-0.828403;-0.597029;-0.056147;0.022018;0.004847;0.701569;0.179318;0.539217
928;-9.637366;-0.755216;-0.655175;-0.024492;0.017399;0.009485;0.700472;0.178266;0.53918
929;-9.839183;-0.80602;-0.515249;-0.032568;0.006226;-0.026063;0.700246;0.180969;0.537636
930;-9.726984;-0.762141;-0.5962;1.5e-05;0.017022;-0.005991;0.701787;0.180671;0.538251
931;-9.652303;-0.769855;-0.670308;0.012734;0.025932;-0.003271;0.701419;0.177997;0.538945
932;-9.696931;-0.725217;-0.625582;0.000965;0.024164;-0.007841;0.699769;0.17908;0.53887
933;-9.63727;-0.725639;-0.640057;0.025341;0.011493;-0.005012;0.701385;0.179276;0.540863
934;-9.726937;-0.784132;-0.656042;0.003562;-0.003703;-0.011371;0.698972;0.18027;0.539381
935;-9.712185;-0.769788;-0.566288;0.00186;0.031477;0.003071;0.699524;0.179333;0.53941
936;-9.667435;-0.799519;-0.633304;0.001004;0.020394;-0.022416;0.700012;0.179358;0.538327
937;-9.756945;-0.798917;-0.604129;-0.019879;0.01524;-0.015135;0.697059;0.179224;0.539449
938;-9.801785;-0.813463;-0.582176;-0.07703;0.0032;-0.006045;0.697816;0.178119;0.540728
939;-9.577816;-0.755815;-0.624878;-0.005416;0.025273;0.0031;0.699368;0.177352;0.539005
940;-9.473162;-0.712023;-0.668574;-0.02548;-0.015113;-0.013159;0.69788;0.177091;0.53936
941;-9.45844;-0.712439;-0.59384;-0.078072;-0.034584;-0.024087;0.69775;0.177222;0.539492
942;-9.89163;-0.886952;-0.553486;-0.051583;0.000885;-0.031547;0.696562;0.175883;0.540281
943;-9.719957;-0.83644;-0.559318;-0.060641;0.017382;-0.011548;0.694659;0.174035;0.540493
944;-9.742265;-0.828821;-0.5669;-0.001829;0.013497;-0.002333;0.695207;0.174561;0.540511
945;-9.786842;-0.813524;-0.596988;-0.000152;-0.000652;0.015053;0.694863;0.17513;0.539253
