time index;acc_x;acc_y;acc_z;gyr_x;gyr_y;gyr_z;mag_x;mag_y;mag_z
1;9.348652;1.096958;2.537078;0.002391;0.048255;0.013911;-0.585496;-0.024956;-0.536473
2;9.399784;1.106346;2.571925;-0.015408;0.03712;0.012116;-0.583706;-0.024221;-0.536918
3;9.380344;1.07244;2.574666;-0.007256;0.033419;0.00681;-0.583867;-0.024718;-0.540026
4;9.355904;1.096788;2.605661;-0.01355;0.033417;0.008564;-0.582877;-0.024639;-0.538419
5;9.355918;1.067564;2.647741;-0.001764;0.029642;-0.000265;-0.58167;-0.022935;-0.540091
6;9.35587;1.101589;2.634922;-0.010263;0.042857;0.020952;-0.580922;-0.024026;-0.540668
7;9.355939;1.072488;2.613421;-0.016108;0.031437;0.003256;-0.57994;-0.022187;-0.541708
8;9.351033;1.062689;2.66976;0.005568;0.020377;-0.009109;-0.579341;-0.020733;-0.542627
9;9.34135;1.036066;2.648069;-0.000705;0.021286;-0.007353;-0.578991;-0.021274;-0.543371
10;9.316891;1.065248;2.691207;0.002948;0.029369;-0.012636;-0.57828;-0.020889;-0.544642
11;9.35103;1.045617;2.706738;-0.000418;0.018181;-0.021487;-0.577202;-0.020405;-0.54382
12;9.326727;1.02395;2.672512;0.003025;0.049264;-0.017012;-0.577382;-0.020898;-0.547318
13;9.346139;1.052919;2.711428;-0.006215;0.027756;-0.001162;-0.576625;-0.023325;-0.547726
14;9.316835;1.062687;2.759721;0.02946;0.038953;-0.001989;-0.574993;-0.022178;-0.548711
15;9.277843;1.079952;2.724594;0.015549;0.022071;-0.017945;-0.57418;-0.02235;-0.548014
16;9.311967;1.05785;2.762177;0.009956;0.031376;-0.007328;-0.573286;-0.021716;-0.548244
17;9.297313;1.065167;2.783836;-0.000924;0.018782;0.001462;-0.572589;-0.020794;-0.549791
18;9.28533;0.982788;2.716617;-0.022497;0.024299;0.01027;-0.573133;-0.021968;-0.550305
19;9.316714;1.091674;2.839912;-0.001717;0.014984;-0.003838;-0.571837;-0.020819;-0.55027
20;9.263266;1.033806;2.764302;-0.015343;-0.015637;0.011078;-0.571174;-0.020981;-0.54997
21;9.316906;1.023838;2.755507;-0.002849;-0.00284;0.010249;-0.5722;-0.020809;-0.54977
22;9.30954;1.028628;2.809111;-0.01874;0.00134;0.001406;-0.572502;-0.019455;-0.550604
23;9.282774;1.006916;2.804192;-0.009912;-0.007534;0.006687;-0.571477;-0.019627;-0.550804
24;9.331541;1.016478;2.755857;-0.023049;-0.003405;-0.004786;-0.572268;-0.02026;-0.551087
25;9.316941;0.989785;2.783;-0.021255;0.002046;-0.005663;-0.572444;-0.018535;-0.549461
26;9.312074;0.984948;2.785455;-0.033608;-0.001856;-0.011869;-0.572655;-0.017977;-0.551045
27;9.326643;1.00426;2.807348;-0.028397;0.000159;-0.005671;-0.572795;-0.016102;-0.551237
28;9.307117;1.023798;2.801822;-0.030776;-0.002038;-0.019812;-0.572769;-0.015841;-0.550725
29;9.321859;0.965479;2.781052;-0.027395;0.01095;-0.010951;-0.572722;-0.014493;-0.552319
30;9.312053;0.999529;2.780311;-0.002676;0.006026;0.001432;-0.571707;-0.01402;-0.550203
31;9.346222;0.970212;2.781339;-0.000581;0.001116;-0.0127;-0.573009;-0.015569;-0.550356
32;9.309603;0.980008;2.834411;0.001377;-0;-0.021542;-0.573051;-0.014492;-0.551168
33;9.290085;1.006879;2.804303;0.024349;0.00048;-0.010918;-0.571648;-0.01561;-0.55158
34;9.30225;1.028713;2.784545;0.019346;-0.009981;-0.026837;-0.571819;-0.014661;-0.552395
35;9.30222;1.033523;2.808914;0.010573;0.012452;-0.035633;-0.571228;-0.017233;-0.550991
36;9.302254;1.014094;2.809253;0.024575;0.022896;-0.023233;-0.570746;-0.019113;-0.551689
37;9.302278;1.02146;2.767554;0.015724;0.018211;-0.025901;-0.569836;-0.019683;-0.551624
38;9.277786;1.053009;2.84244;0.010758;0.004953;-0.044485;-0.569718;-0.020219;-0.551861
39;9.27778;1.062747;2.830044;0.019283;-0.003565;-0.025062;-0.570653;-0.02071;-0.552415
40;9.272888;1.106616;2.763181;0.038939;0.005663;-0.026783;-0.569448;-0.022366;-0.551654
41;9.28755;1.084688;2.761339;0.019906;-0.015921;-0.01095;-0.570397;-0.022321;-0.552484
42;9.26302;1.150281;2.813624;0.00644;-0.001432;-0.00917;-0.570033;-0.022864;-0.552968
43;9.267934;1.150347;2.767236;0.015523;-0.016064;-0.01537;-0.570887;-0.023908;-0.551945
44;9.26798;1.111441;2.792367;-0.000663;-0.042377;-0.007498;-0.571557;-0.024435;-0.549889
45;9.321519;1.130503;2.841754;-0.029404;-0.047874;0.001305;-0.572235;-0.023736;-0.550465
46;9.350675;1.154536;2.895576;-0.06155;-0.065399;0.003009;-0.572273;-0.022151;-0.548697
47;9.350691;1.122879;2.940144;-0.121452;-0.054858;0.008257;-0.574586;-0.02073;-0.548342
48;9.31146;1.28589;2.887805;-0.375666;0.056981;-0.087183;-0.576243;-0.015868;-0.547795
49;9.189965;1.165409;2.716884;-0.38679;0.108015;-0.15249;-0.573666;-0.011139;-0.550521
50;9.224212;1.136263;2.629877;-0.203941;0.024242;-0.355576;-0.571494;-0.010551;-0.551072
51;9.241926;0.786566;2.577543;-0.136425;-0.053586;-0.502294;-0.572375;-0.017992;-0.550641
52;9.097943;0.794175;2.78553;-0.075555;-0.179044;-0.590841;-0.572977;-0.02654;-0.547308
53;9.360386;1.26655;2.715262;0.029925;-0.147718;-0.606435;-0.576758;-0.044422;-0.545427
54;9.259257;1.868986;2.896429;0.193488;-0.267846;-0.662989;-0.578056;-0.06163;-0.54058
55;9.076042;2.171255;2.790576;0.230044;-0.28162;-0.578209;-0.583587;-0.078437;-0.532467
56;9.138738;2.71555;2.471491;0.322877;-0.217699;-0.459553;-0.584907;-0.095664;-0.525544
57;9.25494;3.210573;2.374159;0.365782;-0.164136;-0.301224;-0.589514;-0.112753;-0.519579
58;9.089554;2.958609;2.493415;0.501885;-0.093775;-0.158802;-0.591499;-0.128483;-0.512996
59;9.425574;3.297559;2.157594;0.526491;-0.036494;-0.059612;-0.590277;-0.140839;-0.509454
60;9.084803;3.08812;2.094939;0.611556;-0.008536;-0.031308;-0.591207;-0.153254;-0.504988
61;9.588808;3.42827;1.954827;0.684272;-0.026656;-0.010777;-0.591158;-0.166631;-0.501609
62;9.045186;3.62572;1.737739;0.48778;-0.022339;-0.000522;-0.591807;-0.176259;-0.49669
63;8.933235;3.668078;1.476095;0.217848;0.017548;-0.061713;-0.591135;-0.18592;-0.493776
64;8.929623;2.898073;1.567693;-0.083417;0.079816;-0.157391;-0.588114;-0.18909;-0.495469
65;8.771547;2.665577;1.647595;-0.298808;-0.017346;-0.258586;-0.587609;-0.190817;-0.498246
66;8.657104;2.468904;1.92561;-0.312613;-0.048941;-0.279916;-0.586209;-0.190334;-0.498704
67;8.983206;2.805086;1.790207;-0.289135;-0.039773;-0.210859;-0.584167;-0.18934;-0.499274
68;9.094696;2.954305;2.195232;-0.19062;-0.053809;-0.148912;-0.583327;-0.187335;-0.50305
69;9.101291;3.386632;2.153573;-0.146011;-0.060408;-0.067578;-0.582964;-0.187478;-0.503546
70;8.967356;3.343659;2.120501;-0.05911;-0.045147;-0.000365;-0.583105;-0.186027;-0.501261
71;9.269509;3.407854;2.043267;-0.038312;-0.08135;0.073861;-0.586249;-0.183521;-0.499425
72;9.123299;3.454949;1.932634;-0.003176;-0.051234;0.098658;-0.587544;-0.181469;-0.499425
73;9.074828;3.360717;1.811271;-0.0627;-0.010901;0.128679;-0.590035;-0.176721;-0.497491
74;8.89984;3.033552;1.912127;-0.073898;0.001322;0.110948;-0.591943;-0.171826;-0.499292
75;9.060993;2.88714;1.853538;-0.075734;0.016617;0.072147;-0.593826;-0.169205;-0.500637
76;9.092688;2.847998;1.918279;-0.078825;0.029594;0.048329;-0.591272;-0.164361;-0.501292
77;8.99274;2.789934;2.064497;-0.06355;0.055908;0.040417;-0.59209;-0.16112;-0.502079
78;9.036612;2.779968;2.080008;-0.021241;0.023998;0.024514;-0.590128;-0.160375;-0.504203
79;9.119199;2.939847;2.073587;0.025097;-0.000128;0.027205;-0.590494;-0.159031;-0.503743
80;9.051134;2.872315;2.01015;0.091053;0.010557;0.030811;-0.591366;-0.160738;-0.50309
81;9.226147;3.172717;1.934214;0.104528;0.005197;0.067103;-0.591106;-0.160748;-0.503076
82;9.084967;3.017784;2.047258;0.124874;0.000171;0.075894;-0.590532;-0.161448;-0.501987
83;9.070431;3.037553;1.909752;0.079343;-0.011009;0.079351;-0.593388;-0.161335;-0.502142
84;9.072813;3.076427;1.89444;0.064794;-0.055477;0.052752;-0.594109;-0.160251;-0.501045
85;9.099766;2.974217;1.933308;0.046435;-0.023408;0.033364;-0.59445;-0.16118;-0.500127
86;9.060828;2.933095;1.950551;0.00568;-0.009554;0.0192;-0.595973;-0.161393;-0.499553
87;9.119475;2.828314;1.980162;-0.015503;-0.002759;0.008597;-0.594267;-0.160664;-0.499095
88;9.056029;2.869899;1.990704;-0.020186;-0.010877;-0.023233;-0.595613;-0.160335;-0.500084
89;9.099959;2.842999;1.972275;-0.009162;0.034223;-0.040782;-0.59431;-0.15932;-0.499915
90;9.129463;2.71909;1.923526;-0.01224;0.00276;-0.060284;-0.593556;-0.160145;-0.50037
91;9.114361;2.993586;1.925856;-0.010782;-0.017769;-0.046171;-0.59328;-0.161894;-0.500044
92;9.026633;3.030617;1.843184;-0.034338;-0.018373;-0.028555;-0.592515;-0.161521;-0.500274
93;9.197386;2.944772;1.83504;-0.037222;-0.014549;-0.017914;-0.594589;-0.163041;-0.50034
94;9.201994;3.029485;1.970576;-0.037078;-0.045486;0.017358;-0.595884;-0.161389;-0.500327
95;9.031766;2.901955;1.80393;-0.052967;-0.015703;0.010279;-0.596226;-0.158049;-0.499405
96;9.026828;2.887209;1.906817;-0.018852;-0.049313;0.001413;-0.595914;-0.157271;-0.498374
97;9.246144;2.861671;1.981502;-0.029493;-0.075919;-0.000363;-0.597467;-0.156677;-0.498344
98;9.182858;2.893859;1.828369;-0.041992;0.002155;-0.003763;-0.598185;-0.156793;-0.497211
99;9.14136;2.847599;1.997276;-0.026991;0.01969;0.001572;-0.598516;-0.154632;-0.498589
100;9.119482;2.840519;1.94816;-0.029908;-0.011068;-0.026763;-0.597374;-0.154539;-0.49905
101;9.031441;2.99875;1.983198;-0.017008;0.036828;-0.008995;-0.596808;-0.153212;-0.500616
102;9.080353;2.869671;2.044875;-0.028853;0.037739;-0.039035;-0.595508;-0.15393;-0.500526
103;9.122065;2.726247;2.008877;0.02761;-0.01364;-0.00375;-0.594753;-0.155824;-0.500949
104;9.241097;3.00759;1.888407;-0.011857;-0.041914;0.006806;-0.595508;-0.154331;-0.500514
105;9.133703;3.115042;1.860456;0.000576;-0.013565;0.006859;-0.597429;-0.15386;-0.500111
106;9.021917;2.901782;1.918716;-0.038436;0.007666;-0.004675;-0.596479;-0.153213;-0.501766
107;9.056159;2.789735;2.001882;-0.011227;-0.027178;-0.023264;-0.595319;-0.153549;-0.499359
108;9.095185;2.755479;2.032415;-0.014549;-0.042963;-0.033892;-0.598454;-0.153955;-0.499903
109;9.255964;2.788644;2.044056;0.006629;-0.016239;-0.024934;-0.597614;-0.154266;-0.498682
110;9.065847;2.906573;1.838601;0.016169;0.033338;-0.014261;-0.598426;-0.154895;-0.499355
111;9.089982;2.959562;2.001885;0.030042;-0.018086;-0.03642;-0.597048;-0.156808;-0.500264
112;9.011887;3.13037;1.787426;0.023201;0.017892;-0.052254;-0.596577;-0.157109;-0.498673
113;9.129098;2.857243;2.065393;-0.013254;0.045675;-0.017792;-0.595083;-0.158757;-0.499843
114;9.158744;2.709269;1.902132;-0.054277;0.0563;-0.016056;-0.594619;-0.157697;-0.500887
115;9.004885;2.843416;2.005062;-0.047378;0.0303;-0.005533;-0.593128;-0.158144;-0.502092
116;9.100144;2.884855;1.678105;-0.086976;0.056816;0.012173;-0.592445;-0.156819;-0.503911
117;9.172896;2.837363;2.183781;-0.041389;0.026708;-0.037285;-0.591504;-0.154703;-0.50574
118;8.802554;2.924778;1.902763;-0.09646;0.045782;-0.132782;-0.590579;-0.154985;-0.507888
119;9.285105;2.841897;2.058243;-0.114182;0.027479;-0.053232;-0.591391;-0.155214;-0.508573
120;8.894933;2.984744;2.047397;-0.144593;0.010183;-0.049862;-0.588345;-0.153853;-0.509748
121;8.670527;3.029333;2.18016;-0.123665;-0.031708;-0.026136;-0.588568;-0.15185;-0.509041
122;8.996506;3.396936;2.122461;-0.201768;0.045425;0.031464;-0.587981;-0.147192;-0.510184
123;9.244995;3.456418;2.11052;-0.239372;0.093676;0.119029;-0.585722;-0.138947;-0.516533
124;9.318675;2.981907;2.406004;-0.191404;0.117368;0.213604;-0.585689;-0.130125;-0.518347
125;9.021906;2.594575;2.542742;-0.066039;0.084391;0.195897;-0.58429;-0.122789;-0.523808
126;9.124399;2.433452;2.708494;-0.014479;0.106053;0.245469;-0.582837;-0.11709;-0.525714
127;9.217088;2.39659;2.690978;0.078233;0.11072;0.291533;-0.581203;-0.113676;-0.526635
128;9.344802;2.000751;2.35256;0.135086;0.106238;0.311019;-0.581415;-0.108849;-0.528216
129;8.753916;2.518116;2.593808;0.124825;0.029705;0.371676;-0.581783;-0.101076;-0.530279
130;9.148991;2.531336;2.262105;0.094669;-0.028883;0.37075;-0.584007;-0.095916;-0.530679
131;9.900499;1.94927;2.405896;-0.019774;-0.047936;0.176427;-0.584922;-0.090166;-0.528301
132;9.171394;2.132445;2.518815;-0.072892;-0.028392;0.0252;-0.585839;-0.085993;-0.528472
133;8.872305;1.838024;2.338448;-0.065819;-0.004392;0.031332;-0.586193;-0.083184;-0.527795
134;9.171332;2.190817;2.473782;-0.11351;-0.025234;0.089638;-0.58666;-0.077681;-0.529279
135;9.135382;1.968056;2.22524;-0.174506;-0.034439;0.068325;-0.587161;-0.072862;-0.528928
136;9.322594;2.070952;2.527068;-0.14791;-0.056209;0.031275;-0.58862;-0.067462;-0.529553
137;9.232662;1.971987;2.449175;-0.118898;-0.041919;0.010108;-0.589988;-0.063684;-0.528439
138;9.249763;1.923233;2.49919;-0.132726;-0.0426;-0.011107;-0.591009;-0.058977;-0.528113
139;9.278997;1.945004;2.467465;-0.086432;-0.051175;-0.005762;-0.592253;-0.059072;-0.527138
140;9.354768;1.854907;2.394375;-0.093918;-0.015561;-0.03218;-0.591859;-0.058021;-0.527018
141;9.281752;1.782353;2.428766;-0.043221;0.019588;-0.026778;-0.590536;-0.05661;-0.52647
142;9.288836;1.908586;2.436458;-0.02467;0.050087;0.021012;-0.590122;-0.054339;-0.528461
143;9.315879;1.772446;2.439237;-0.003788;0.049117;0.047524;-0.589626;-0.052353;-0.528882
144;9.354927;1.752867;2.415716;-0.037516;0.064965;0.038695;-0.588956;-0.051959;-0.530934
145;9.237783;1.816482;2.476413;-7.4e-05;0.065316;0.038712;-0.587343;-0.050941;-0.532305
146;9.315727;1.77211;2.612862;-0.007063;0.050471;0.031623;-0.586336;-0.048841;-0.532832
147;9.281762;1.704362;2.571955;0.019565;0.058172;0.03872;-0.585307;-0.049122;-0.535494
148;9.203747;1.709568;2.595135;0.015425;0.062488;0.065198;-0.583951;-0.046761;-0.536789
149;9.240349;1.699734;2.561626;0.05483;0.068085;0.058199;-0.582214;-0.046414;-0.538263
150;9.359753;1.689347;2.597852;0.024947;0.061777;0.036987;-0.579787;-0.046769;-0.538903
151;9.34033;1.596968;2.69698;0.035719;0.065404;0.033458;-0.580663;-0.045115;-0.540814
152;9.220735;1.677629;2.740226;0.02345;0.086828;0.020215;-0.578973;-0.044891;-0.543196
153;9.276869;1.626329;2.749306;0.004457;0.105134;0.031723;-0.574946;-0.045026;-0.545443
154;9.193888;1.660614;2.818367;-0.000321;0.076421;0.047536;-0.572897;-0.046679;-0.548399
155;9.218396;1.616912;2.748583;-0.00615;0.036847;0.031554;-0.573177;-0.042928;-0.548784
156;9.245182;1.553342;2.899263;-3.4e-05;-0.043814;0.041993;-0.571825;-0.042858;-0.547676
157;9.18017;1.311632;2.479435;-0.115175;-0.032839;0.008286;-0.573089;-0.039613;-0.54706
158;9.389857;1.196203;2.59711;-0.149772;-0.067257;-0.041238;-0.576399;-0.039094;-0.545954
159;9.131137;1.320983;2.793982;0.038112;-0.088524;-0.15329;-0.577513;-0.039194;-0.544972
160;9.126543;1.267995;2.579642;0.045595;-0.092791;-0.251328;-0.577439;-0.042946;-0.543561
161;9.038119;1.627727;2.650293;0.028059;-0.13698;-0.267326;-0.579656;-0.051177;-0.538896
162;9.298286;2.054151;2.487866;0.040975;-0.132791;-0.247759;-0.582469;-0.057635;-0.535742
163;9.324758;2.226363;2.529287;0.034349;-0.079782;-0.23527;-0.585529;-0.065796;-0.534887
164;9.255919;2.520366;2.630723;0.024681;-0.11009;-0.244166;-0.586408;-0.072462;-0.531884
165;9.129204;2.535667;2.584519;0.158659;-0.047164;-0.213005;-0.585519;-0.077054;-0.529756
166;9.08313;2.38526;2.620673;0.1746;-0.041024;-0.122034;-0.587138;-0.085408;-0.528559
167;9.197695;2.428612;2.509169;0.282028;-0.096503;-0.05045;-0.587612;-0.093026;-0.525246
168;9.212087;2.560223;2.363018;0.400623;-0.147125;-0.082194;-0.590627;-0.102996;-0.521504
169;9.265754;2.63808;2.149729;0.376378;-0.157259;-0.114896;-0.593217;-0.112552;-0.51656
170;9.080018;2.945053;2.129344;0.330916;-0.146784;-0.120247;-0.596247;-0.12088;-0.512583
171;9.129331;2.71203;1.940962;0.242217;-0.130605;-0.099126;-0.599011;-0.129643;-0.505984
172;9.256385;2.556081;1.879577;0.023247;-0.156834;-0.161233;-0.600633;-0.134153;-0.502305
173;9.047016;2.610719;1.667398;-0.21347;-0.136923;-0.193308;-0.601399;-0.136503;-0.499144
174;9.130112;2.357275;1.902933;-0.312848;-0.125405;-0.135113;-0.603345;-0.135117;-0.496694
175;9.051889;2.464417;1.958572;-0.365847;-0.103631;-0.12101;-0.605071;-0.132507;-0.497511
176;9.249216;2.482749;2.010152;-0.291768;-0.058466;-0.083683;-0.606845;-0.127108;-0.496725
177;9.346155;2.768724;2.062888;-0.187951;-0.053204;-0.018145;-0.605731;-0.124231;-0.495194
178;9.226786;2.784064;1.977669;-0.119568;-0.033103;-0.003924;-0.607914;-0.121724;-0.497329
179;9.187784;2.847629;1.861039;-0.014099;0.006822;0.027186;-0.606989;-0.119629;-0.496953
180;9.207526;2.650602;1.972363;-0.029172;-0.008675;0.066866;-0.608271;-0.117847;-0.496684
181;9.076221;2.547095;1.840124;0.015714;-0.012335;0.013875;-0.608122;-0.117323;-0.496302
182;9.256381;2.511642;2.119799;-0.011793;-0.03835;0.005884;-0.608165;-0.115445;-0.497138
183;9.085993;2.488587;1.929324;0.035024;-0.03016;-0.012639;-0.611029;-0.116423;-0.494926
184;9.25639;2.570171;1.994067;0.002798;-0.001349;-0.010797;-0.60955;-0.117;-0.496387
185;9.217257;2.611504;2.071006;0.02386;0.016481;0.003387;-0.609566;-0.117287;-0.494174
186;9.197685;2.689452;2.000882;0.026797;-0.010128;-0.007259;-0.609588;-0.116215;-0.494596
187;9.23915;2.706385;1.927855;0.026866;-0.023631;0.033353;-0.609723;-0.117009;-0.494709
188;9.197465;2.874247;1.885176;0.02919;-0.002488;0.005142;-0.610488;-0.116981;-0.494491
189;9.177972;2.701807;2.076373;0.036706;0.022008;0.031673;-0.609851;-0.117316;-0.495113
190;9.241433;2.748023;1.873564;0.03502;-0.021659;0.031605;-0.610747;-0.117283;-0.494902
191;9.22691;2.633733;1.987821;0.030058;0.015937;0.010464;-0.609027;-0.116289;-0.494191
192;9.129385;2.668267;1.966178;0.04522;-0.009317;0.012173;-0.609941;-0.117053;-0.494347
193;9.270793;2.614043;2.008391;0.042101;-0.009953;-0.008995;-0.609589;-0.118527;-0.495064
194;9.080851;2.590959;1.883645;-0.007263;-0.013697;-0.035607;-0.610356;-0.117966;-0.494861
195;9.080714;2.746686;1.729319;-0.017943;-0.0038;-0.037349;-0.608795;-0.119496;-0.494734
196;9.28549;2.667769;1.81694;-0.019057;-0.032687;-0.024998;-0.61138;-0.118729;-0.494634
197;9.129536;2.580836;1.967702;-0.018788;-0.050254;-0.037451;-0.610246;-0.119592;-0.492731
198;9.122369;2.551938;1.8605;-0.045974;-0.019225;-0.060384;-0.609271;-0.121086;-0.493933
199;9.261197;2.563233;1.935769;-0.033921;-0.025936;-0.040033;-0.60968;-0.121333;-0.494337
200;9.158731;2.643965;1.898575;-0.010617;-0.030379;-0.045334;-0.611748;-0.121011;-0.491731
201;9.260597;2.910529;1.929716;-0.03638;-0.007045;-0.012585;-0.612252;-0.121661;-0.49148
202;9.238737;2.95225;1.762373;-0.029204;0.012105;-0.014304;-0.611269;-0.121022;-0.492484
203;9.258549;2.694426;1.916328;-0.018106;0.037127;-0.033691;-0.610502;-0.121184;-0.492698
204;9.044248;2.66418;1.791337;-0.012389;0.039588;-0.049637;-0.610568;-0.121969;-0.493976
205;9.188138;2.48327;2.033868;0.015445;-0.044764;-0.010899;-0.609124;-0.123097;-0.493607
206;9.153645;2.809299;1.812478;0.027044;-0.058257;-0.010889;-0.611551;-0.123142;-0.492956
207;9.280351;2.871994;1.713047;-0.023248;-0.013798;0.002434;-0.611469;-0.123961;-0.49137
208;9.31455;2.764728;1.835256;-0.03707;0.017459;0.021027;-0.612681;-0.122571;-0.492254
209;8.973449;2.676454;1.907428;-0.025805;-0.048395;-0.001277;-0.610695;-0.121189;-0.491411
210;9.031831;2.844136;1.697538;-0.006853;-0.047754;-0.053327;-0.612931;-0.12152;-0.489573
211;9.358347;2.69121;2.062174;0.019518;-0.067263;-0.035603;-0.614228;-0.122269;-0.48962
212;9.197616;2.775174;1.762386;0.006265;0.007088;-0.04433;-0.614242;-0.123625;-0.487375
213;9.217026;2.735876;1.939431;0.035134;0.020672;-0.019541;-0.613858;-0.123906;-0.487476
214;9.124454;2.838823;1.691698;0.017356;-0.001234;-0.019619;-0.613996;-0.126835;-0.487657
215;9.268165;2.911061;1.636376;0.013875;0.040351;-0.026556;-0.613182;-0.126182;-0.48945
216;9.219522;2.794506;1.755045;0.008282;0.076194;0.02471;-0.610071;-0.126704;-0.489399
217;9.17796;2.813928;1.866564;-0.014287;0.059952;0.037004;-0.609539;-0.125235;-0.49162
218;9.090091;2.872585;1.903337;0.007784;-0.000599;0.008625;-0.610345;-0.125198;-0.492183
219;9.122346;2.629901;1.731983;0.025425;0.04713;0.019329;-0.609736;-0.125348;-0.492925
220;9.124415;2.699774;2.012017;-0.013138;-0.022279;-0.012648;-0.609333;-0.125233;-0.492647
221;9.03693;2.727589;1.672744;-0.033577;-0.002592;-0.056808;-0.608609;-0.124584;-0.493666
222;9.192625;2.794443;1.857344;-0.047973;0.044501;-0.056681;-0.60866;-0.126041;-0.494664
223;9.143728;2.833355;1.956186;-0.11267;-0.017249;-0.032163;-0.609;-0.122543;-0.496212
224;9.036417;2.926363;1.862462;-0.177538;0.037523;-0.005649;-0.608434;-0.122307;-0.495281
225;9.335985;2.948795;2.037789;-0.127707;0.045364;0.040431;-0.607374;-0.117791;-0.497303
226;8.963433;2.805122;1.95639;-0.176766;0.046053;0.042028;-0.606452;-0.112602;-0.499483
227;9.392179;2.851303;2.072128;-0.186209;0.12668;0.144752;-0.604212;-0.106109;-0.503707
228;9.104527;2.791645;2.276662;-0.096359;0.098006;0.199467;-0.603608;-0.098627;-0.507009
229;9.261183;2.502252;2.073771;-0.081579;0.104868;0.180085;-0.600781;-0.091903;-0.509911
230;9.065895;2.585418;2.274775;0.023056;0.089775;0.123603;-0.601164;-0.086928;-0.512284
231;9.217487;2.263937;2.351138;0.136081;0.135731;0.178594;-0.597897;-0.085969;-0.514215
232;9.232409;2.0573;2.420986;0.198516;0.164433;0.178708;-0.597277;-0.083562;-0.517237
233;9.218228;1.777991;2.472094;0.24321;0.161306;0.219348;-0.592528;-0.085049;-0.520575
234;9.106128;1.944352;2.134928;0.097957;0.191278;0.296069;-0.591657;-0.081315;-0.523752
235;8.944143;2.561883;2.204868;0.131604;0.097707;0.392197;-0.588716;-0.076862;-0.526971
236;9.212871;2.154825;2.274715;0.137459;0.055337;0.374486;-0.588953;-0.069893;-0.529005
237;9.891068;1.731152;2.331496;-0.162268;0.03986;0.165823;-0.588187;-0.062715;-0.529175
238;9.397884;2.077857;2.660338;-0.251836;0.003526;0.050728;-0.590233;-0.053408;-0.531114
239;9.032681;1.909851;2.584364;-0.251749;0.003624;0.048847;-0.589772;-0.047411;-0.532174
240;9.340466;1.500298;2.586376;-0.232859;0.007924;0.002997;-0.588601;-0.041586;-0.532023
241;9.296585;1.49074;2.620113;-0.23838;0.004457;0.010918;-0.588683;-0.036897;-0.533593
242;9.035849;1.497007;2.572034;-0.176033;-0.009307;0.017074;-0.587175;-0.031743;-0.534443
243;9.223132;1.65126;2.689567;-0.124434;-0.02701;0.022461;-0.589024;-0.027418;-0.532591
244;9.306101;1.675457;2.519227;-0.071072;-0.00381;-0.011848;-0.590155;-0.026046;-0.531913
245;9.315914;1.597539;2.598984;-0.034781;0.00046;0.001445;-0.588595;-0.023439;-0.531777
246;9.274427;1.626879;2.605181;-0.030961;0.027428;-0.012635;-0.590076;-0.023905;-0.53288
247;9.320552;1.677441;2.710151;0.033601;0.046751;0.011341;-0.587635;-0.02413;-0.533263
248;9.315919;1.590234;2.608893;0.04703;0.081374;0.008769;-0.58682;-0.024278;-0.535032
249;9.250025;1.626932;2.64149;0.049879;0.07956;0.042315;-0.585902;-0.024024;-0.537327
250;9.237764;1.675585;2.630677;0.065993;0.035134;0.042243;-0.583988;-0.02396;-0.537876
251;9.301367;1.534393;2.638989;0.049934;0.054981;0.042269;-0.583703;-0.025153;-0.539902
252;9.315876;1.592578;2.652868;0.06924;0.073673;0.055587;-0.581694;-0.024686;-0.541107
253;9.30119;1.602262;2.706275;0.024923;0.069293;0.041393;-0.581332;-0.023894;-0.54163
254;9.218321;1.529525;2.860344;0.054657;0.044837;0.07049;-0.580608;-0.025489;-0.545178
255;9.262424;1.471313;2.707967;0.050531;0.064428;0.05552;-0.577386;-0.02361;-0.545451
256;9.340279;1.524262;2.752242;0.024889;0.058423;0.044023;-0.57737;-0.023456;-0.547661
257;9.284364;1.422459;2.797183;0.024921;0.043881;0.043967;-0.575935;-0.023247;-0.547461
258;9.237996;1.454247;2.805708;0.010796;0.010897;0.038575;-0.573842;-0.023175;-0.549558
259;9.235564;1.464022;2.781048;0.046546;-0.006126;0.036815;-0.573556;-0.022657;-0.549039
260;9.221045;1.393623;2.804061;0.042854;-0.04322;0.045555;-0.574961;-0.021272;-0.548635
261;9.209046;1.325839;2.724361;-0.03843;-0.02848;0.00839;-0.574441;-0.021426;-0.548603
262;9.360276;1.20834;2.809396;-0.101021;-0.08156;0.018836;-0.576442;-0.019093;-0.547221
263;9.319323;1.01701;2.64582;-0.130615;-0.154319;-0.00787;-0.579884;-0.015657;-0.543611
264;9.336212;1.136007;2.602433;-0.124762;-0.123498;-0.119064;-0.583129;-0.013952;-0.541238
265;9.394836;1.057994;2.60468;-0.018251;-0.107068;-0.220466;-0.584548;-0.016458;-0.538645
266;9.029467;1.028582;2.443149;-0.003017;-0.060696;-0.267263;-0.58735;-0.022253;-0.535249
267;8.945327;1.75511;2.458574;-0.011329;-0.127753;-0.256765;-0.587858;-0.028107;-0.535105
268;9.258986;2.124915;2.549817;0.076274;-0.160156;-0.267209;-0.591003;-0.036966;-0.530859
269;9.461298;2.170288;2.420044;0.06122;-0.133211;-0.273292;-0.593008;-0.044531;-0.52711
270;9.397505;2.41345;2.427072;0.058683;-0.071695;-0.286411;-0.593806;-0.050259;-0.525038
271;9.210053;2.292957;2.433663;0.093753;0.023881;-0.262391;-0.594699;-0.059034;-0.524828
272;9.090498;2.371271;2.435379;0.188129;0.000605;-0.210248;-0.592344;-0.06807;-0.524437
273;9.207442;2.480306;2.259187;0.198792;0.02909;-0.166857;-0.591097;-0.076383;-0.525425
274;9.321538;2.724965;2.283558;0.205633;-0.024168;-0.15189;-0.591644;-0.084521;-0.523528
275;8.856376;2.459862;2.44496;0.206153;-0.102197;-0.255536;-0.591177;-0.093761;-0.522064
276;8.674069;2.325317;2.170656;0.170754;-0.123517;-0.263629;-0.593111;-0.102519;-0.519444
277;8.846845;2.450642;2.215111;0.024507;-0.165793;-0.265591;-0.594154;-0.109865;-0.514612
278;9.080806;2.595736;1.925133;-0.085337;-0.153674;-0.217036;-0.596049;-0.117964;-0.511231
279;9.022231;2.547086;2.118276;-0.19391;-0.155873;-0.231319;-0.598677;-0.11817;-0.506952
280;9.080554;2.668316;2.068143;-0.225026;-0.124326;-0.196818;-0.600659;-0.119044;-0.505215
281;9.143911;2.677732;2.056712;-0.240813;-0.106276;-0.126126;-0.603193;-0.116954;-0.504113
282;9.275442;2.652526;2.18875;-0.174896;-0.105318;-0.037698;-0.604326;-0.114648;-0.503463
283;9.260558;2.881186;2.032932;-0.11666;-0.105834;-0.007585;-0.605884;-0.112342;-0.501018
284;9.226359;2.912875;2.061206;-0.052582;-0.058615;0.038504;-0.608391;-0.110258;-0.499395
285;9.143523;2.876781;2.104595;-0.005582;-0.044231;0.050926;-0.609874;-0.107545;-0.497996
286;9.211954;2.828104;1.981766;0.01075;-0.027141;0.03863;-0.610251;-0.107266;-0.497765
287;9.131797;2.663322;2.005427;0.034604;0.014076;0.006027;-0.610358;-0.108466;-0.497346
288;9.173089;2.784704;1.920797;-0.035352;0.021199;0.022765;-0.609048;-0.106094;-0.499552
289;9.002628;2.710293;1.914618;-0.033588;-0.00592;0.026191;-0.610623;-0.104561;-0.499941
290;9.18758;2.789213;2.06277;-0.013417;-0.030175;-0.000275;-0.610506;-0.102719;-0.497653
291;9.165916;2.702158;1.927016;-0.027584;-0.005824;-0.00467;-0.610619;-0.104186;-0.497356
292;9.140995;2.920476;2.120914;-0.022414;0.007941;-0.001091;-0.609;-0.103169;-0.498598
293;8.95386;2.669035;2.027084;-0.002335;0.014982;-0.019674;-0.610831;-0.103628;-0.498941
294;9.197476;2.696851;2.076755;0.016611;-0.039714;-0.026762;-0.609923;-0.10313;-0.498907
295;9.119596;2.619469;2.108711;0.058305;-0.024512;-0.016113;-0.609943;-0.104351;-0.496796
296;9.17326;2.687563;1.920045;0.032003;-0.028889;-0.036443;-0.611007;-0.105372;-0.497342
297;9.197324;2.850102;1.946926;0.008623;-0.018019;-0.030243;-0.61043;-0.107007;-0.496225
298;9.114351;2.896596;1.981539;0.005593;-0.016886;-0.056758;-0.611139;-0.10886;-0.494911
299;9.163156;2.842852;2.01745;0.010852;0.02502;-0.054892;-0.60932;-0.109466;-0.494796
300;9.182496;2.913108;2.055646;-0.004833;0.033659;-0.031918;-0.610172;-0.109819;-0.496259
301;9.187387;2.910683;2.04109;0.036913;0.035149;-0.023034;-0.608013;-0.112564;-0.497101
302;9.075465;2.836083;1.979558;0.02435;0.015242;-0.016944;-0.609339;-0.112506;-0.497693
303;9.138679;2.950011;1.924735;0.027899;0.008005;-0.016043;-0.608041;-0.111757;-0.497646
304;9.187731;2.760292;1.948343;0.010564;0.001803;-0.03816;-0.607305;-0.113779;-0.498456
305;9.002206;2.848318;2.122511;-0.034186;-0.016583;-0.032994;-0.608503;-0.113884;-0.49657
306;9.080425;2.794804;1.963234;-0.01616;0.005186;-0.040859;-0.606388;-0.114751;-0.498249
307;9.119304;2.811417;2.061349;-0.011251;-0.014262;-0.019686;-0.608792;-0.1128;-0.497136
308;9.160369;3.022498;2.058298;-0.026043;-0.0465;0.004991;-0.608052;-0.113489;-0.497855
309;9.121572;2.988999;1.901789;0.017311;0.001422;-0.021368;-0.609658;-0.114375;-0.496357
310;9.207158;2.811237;1.925743;-0.049428;0.034436;0.01219;-0.607571;-0.114035;-0.498592
311;9.082682;2.87728;2.005849;-0.023685;0.023912;0.017468;-0.606977;-0.110869;-0.497096
312;9.165552;2.857378;2.034351;0.028258;0.013169;0.008695;-0.606238;-0.111291;-0.497823
313;9.143526;2.906044;2.042952;-0.005134;0.012445;0.026317;-0.60864;-0.112652;-0.499208
314;9.119168;2.903758;2.032841;-0.001132;0.022854;0.00514;-0.608436;-0.111315;-0.500275
315;9.046169;2.848308;2.013136;-0.036269;0.001238;0.023577;-0.60867;-0.110911;-0.49978
316;9.148559;2.845421;1.982949;0.012463;-0.04446;0.000604;-0.607977;-0.109078;-0.498889
317;9.060937;2.770541;2.002486;-0.019614;-0.052002;-0.000362;-0.609078;-0.109581;-0.497635
318;9.063399;2.775462;1.963312;-0.025209;-0.032858;-0.032122;-0.609818;-0.109026;-0.496912
319;9.153417;2.808791;2.074139;-0.005346;-0.037608;-0.044447;-0.611086;-0.110849;-0.496407
320;9.207208;2.745521;2.000248;-0.015959;-0.029614;-0.047967;-0.610657;-0.11034;-0.49562
321;9.036373;2.887259;1.990301;0.010066;-0.026636;-0.014402;-0.611105;-0.112471;-0.494284
322;9.1216;2.959808;1.926751;0.043123;-0.008278;-0.017829;-0.613414;-0.113452;-0.493858
323;9.124308;2.799491;1.936918;0.022477;0.102511;-0.01764;-0.610144;-0.113962;-0.495746
324;9.090323;2.736576;1.908153;-0.025713;0.153011;-0.019373;-0.60697;-0.113649;-0.49948
325;9.062996;2.98423;2.00858;-0.036459;0.116562;-0.018562;-0.603747;-0.114014;-0.502283
326;8.812101;2.827312;2.178684;-0.05258;0.11512;0.068767;-0.603767;-0.112918;-0.505171
327;9.240899;2.86142;2.257952;-0.048341;0.176255;0.116708;-0.59835;-0.110032;-0.508082
328;9.007256;2.726785;2.163829;-0.066592;0.078696;0.144673;-0.598695;-0.105841;-0.512246
329;8.874997;3.111193;2.147798;-0.111094;0.030037;0.139224;-0.597561;-0.100517;-0.515327
330;9.29906;3.13832;2.082838;-0.065573;0.04645;0.307233;-0.597728;-0.091296;-0.515996
331;9.470333;2.719632;2.141629;-0.079475;0.097828;0.332058;-0.597365;-0.083275;-0.518937
332;9.158459;2.514148;2.468158;0.022083;0.046219;0.340792;-0.597382;-0.07393;-0.519212
333;8.881081;2.236189;2.507916;0.130775;0.026579;0.351372;-0.597963;-0.066156;-0.52038
334;9.188519;1.977023;2.605121;0.255797;0.01558;0.348018;-0.599072;-0.062387;-0.519252
335;9.427917;1.718639;2.476306;0.333041;0.021442;0.411749;-0.598641;-0.059609;-0.518402
336;9.638246;1.451044;2.163807;0.243947;0.104577;0.491338;-0.599135;-0.054099;-0.520407
337;8.901789;1.780444;2.031977;0.186554;0.139211;0.500891;-0.596815;-0.046957;-0.523088
338;9.335684;1.73701;2.009966;0.122754;0.041755;0.487485;-0.59712;-0.039173;-0.526447
339;9.562979;1.374038;1.995275;-0.158952;-0.04462;0.232655;-0.596792;-0.029324;-0.525032
340;9.783873;1.52699;2.695339;-0.121964;-0.098457;0.080748;-0.599182;-0.022681;-0.526133
341;9.816247;1.121226;2.712673;-0.064138;0.033774;0.041312;-0.599561;-0.017731;-0.525909
342;8.802016;1.425336;2.569737;-0.081102;0.148416;0.03245;-0.595282;-0.01654;-0.528312
343;8.843499;1.352105;2.654783;-0.034795;0.009043;0.045468;-0.595203;-0.014265;-0.529283
344;9.546224;1.009108;2.37307;-0.05657;-0.029984;0.029627;-0.595554;-0.013324;-0.52855
345;9.504811;1.092248;2.187592;-0.071577;0.00537;0.063242;-0.595211;-0.010126;-0.529405
346;9.377779;1.209239;2.301008;-0.049787;0.016861;0.04207;-0.594053;-0.008035;-0.529534
347;9.214447;1.239217;2.295565;-0.041723;0.014937;-0.002125;-0.594083;-0.00656;-0.530098
348;9.362578;1.33724;2.706928;-0.00418;-0.036844;-0.007442;-0.595392;-0.005597;-0.52786
349;9.509397;1.086707;2.527665;-0.02717;-0.03721;-0.012751;-0.59508;-0.005085;-0.526821
350;9.465412;1.150056;2.535677;-0.018241;0.011885;-0.017062;-0.595284;-0.004796;-0.528267
351;9.406992;1.145633;2.463953;-0.036403;0.025798;-0.002055;-0.594828;-0.004159;-0.526964
352;9.365505;1.160344;2.499748;0.000563;0.032173;0.020953;-0.594276;-0.002562;-0.528798
353;9.336332;1.146025;2.445757;0.000885;-0.000872;0.008512;-0.594332;-0.001215;-0.529879
354;9.385115;1.09711;2.496255;-0.020531;0.00165;0.008501;-0.593902;-0.001506;-0.529069
355;9.428988;1.126154;2.432835;-0.006697;0.003219;0.029731;-0.593659;0.000356;-0.52937
356;9.404666;1.060562;2.506969;-0.004878;0.003185;0.027953;-0.59321;0.00086;-0.528193
357;9.358294;1.092342;2.520385;0.009238;-0.023738;0.036736;-0.594166;0.001041;-0.529158
358;9.385187;1.07289;2.462443;-0.01362;-0.01343;0.02084;-0.594701;0.002266;-0.529482
359;9.407167;1.065568;2.423777;0.009504;0.005022;0.02356;-0.59648;0.002862;-0.528815
360;9.355857;1.087478;2.530215;0.002419;-0.038716;0.022566;-0.594905;0.004265;-0.528383
361;9.482835;1.016688;2.386649;0.020228;-0.007623;0.024446;-0.595184;0.004146;-0.528784
362;9.336541;1.005088;2.487339;0.016723;-0.014981;0.020852;-0.594901;0.005999;-0.528304
363;9.346219;1.056078;2.467035;0.008045;-0.019899;0.009358;-0.595328;0.004555;-0.529063
364;9.438786;1.08477;2.458158;-0.001768;-0.010032;0.008512;-0.596707;0.006601;-0.528158
365;9.375566;1.014714;2.431519;-0.008549;-0.010476;-0.007418;-0.595818;0.006437;-0.528496
366;9.312168;1.046651;2.407994;-0.003725;-0.005408;-0.025079;-0.594958;0.006254;-0.526887
367;9.516898;1.038334;2.406352;-0.010917;0.009055;-0.023237;-0.596393;0.006178;-0.527091
368;9.377883;1.038812;2.521614;0.001177;0.033253;-0.007315;-0.593962;0.004488;-0.527691
369;9.365706;1.05596;2.477114;-0.010266;0.007562;-0.012681;-0.595083;0.005348;-0.529333
370;9.402214;1.072732;2.499384;-0.008918;0.033507;0.005932;-0.594078;0.005182;-0.529924
371;9.370518;1.07286;2.516019;-0.001931;0.04465;0.012136;-0.592753;0.005658;-0.529348
372;9.399792;1.053273;2.521694;-0.011573;0.03073;0.005037;-0.592585;0.00767;-0.531085
373;9.377871;1.038784;2.536286;-0.00835;0.038452;0.020947;-0.592925;0.007832;-0.532665
374;9.326777;0.995352;2.524041;-0.01209;0.03594;0.029751;-0.590343;0.008801;-0.532816
375;9.377785;1.033718;2.64397;0.008577;0.011526;0.065068;-0.588713;0.010882;-0.533829
376;9.399975;0.907403;2.602488;0.023246;0.007571;0.048291;-0.589711;0.010914;-0.533104
377;9.458348;0.936102;2.67868;0.004381;0.031121;0.051868;-0.589393;0.013317;-0.534455
378;9.385171;0.965584;2.694175;-0.012513;0.023659;0.049167;-0.589956;0.014681;-0.535304
379;9.358476;0.887957;2.719575;-0.037617;-0.012703;0.05788;-0.589196;0.017858;-0.535616
380;9.456056;0.838917;2.707236;-0.072833;-0.019042;0.036652;-0.588341;0.020345;-0.534087
381;9.317442;0.669632;2.700744;-0.08431;-0.025739;-0.009354;-0.5898;0.022544;-0.534748
382;9.349691;0.509825;2.371444;-0.170981;0.014154;-0.127721;-0.589524;0.023306;-0.531901
383;9.532532;0.504153;2.315625;-0.266937;0.036052;-0.231952;-0.588144;0.025153;-0.535256
384;9.683827;0.338043;2.42107;-0.110615;-0.042503;-0.36262;-0.589108;0.02104;-0.533888
385;8.99866;0.47727;2.54031;0.00189;-0.123984;-0.53417;-0.590726;0.01215;-0.532675
386;8.736597;1.211979;2.557786;-0.037417;-0.184257;-0.535223;-0.59415;-0.000698;-0.528846
387;9.446609;2.194591;2.448743;0.103569;-0.159562;-0.461417;-0.597302;-0.012492;-0.524775
388;9.70978;2.246817;2.383353;0.162967;-0.102198;-0.40463;-0.600666;-0.029224;-0.519791
389;9.29487;2.559632;2.452316;0.169232;-0.043819;-0.371026;-0.601173;-0.039347;-0.51965
390;9.577712;2.499998;2.41118;0.274049;-0.087132;-0.387704;-0.601866;-0.053214;-0.518112
391;9.012457;2.400801;2.438572;0.32476;-0.047425;-0.213741;-0.601811;-0.065661;-0.514629
392;8.992948;2.537397;2.181581;0.346971;-0.067357;-0.079502;-0.603124;-0.07724;-0.512542
393;9.587341;2.665466;2.217707;0.383895;-0.124749;-0.051142;-0.604551;-0.087508;-0.507645
394;9.475235;2.834251;1.882944;0.356782;-0.281335;-0.191931;-0.608967;-0.09699;-0.50293
395;9.467689;3.031241;1.759578;0.206903;-0.275697;-0.277742;-0.613113;-0.1068;-0.493
396;8.973296;2.905282;1.627116;-0.035046;-0.162835;-0.2744;-0.614614;-0.115073;-0.486997
397;9.066609;2.4968;1.635639;-0.26912;-0.051023;-0.304482;-0.616625;-0.118476;-0.485836
398;8.930557;2.269267;1.603302;-0.372635;-0.019054;-0.302827;-0.616162;-0.120619;-0.486916
399;9.190869;2.34251;1.97767;-0.31211;-0.042252;-0.299199;-0.6151;-0.121866;-0.486434
400;9.502506;2.574284;1.870764;-0.309228;-0.021152;-0.18423;-0.613311;-0.119638;-0.489389
401;8.922122;2.786093;1.85828;-0.175948;-0.013374;-0.076451;-0.612151;-0.117256;-0.491993
402;9.334003;2.676766;2.059611;-0.133917;-0.112138;-0.03323;-0.614453;-0.114503;-0.491417
403;9.051249;3.007206;1.462684;-0.07366;-0.042562;0.026999;-0.615871;-0.114473;-0.488768
404;9.036952;2.542353;2.015876;-0.069508;-0.068224;0.126697;-0.617418;-0.109877;-0.488596
405;8.890952;2.504589;1.833362;-0.047359;-0.082426;0.094857;-0.61892;-0.10369;-0.48756
406;9.032485;2.465268;1.704141;0.006388;0.025821;0.079279;-0.619831;-0.10272;-0.487637
407;9.461278;2.484739;1.817899;-0.031709;0.081451;0.104196;-0.619012;-0.097931;-0.489291
408;9.143914;2.826453;1.758234;-0.01685;0.151743;0.068977;-0.617217;-0.094904;-0.492139
409;9.309525;2.769292;1.99894;-0.046161;0.162083;0.06017;-0.613729;-0.093389;-0.497319
410;9.241124;2.842418;2.038202;-0.094866;0.125279;0.128915;-0.61029;-0.088817;-0.500904
411;9.196651;3.153355;2.110369;-0.231703;0.150264;0.22421;-0.608591;-0.081365;-0.505574
412;9.011754;3.003853;2.041697;-0.118004;0.13671;0.293137;-0.60757;-0.070168;-0.508314
413;9.713927;2.844916;2.023318;-0.227391;0.156605;0.404509;-0.604023;-0.057591;-0.512258
414;9.109636;2.570287;2.449323;0.084031;0.027394;0.365546;-0.604546;-0.047137;-0.514799
415;9.44759;1.626289;2.458648;0.088454;0.060974;0.33206;-0.601619;-0.040435;-0.515749
416;9.194455;1.306479;2.726923;0.219417;0.087205;0.212049;-0.602566;-0.036764;-0.519021
417;9.47315;1.019317;2.308204;0.043225;0.141079;0.279132;-0.601103;-0.032266;-0.520763
418;9.336224;1.357886;2.148623;0.207982;0.173197;0.373884;-0.598629;-0.027537;-0.522976
419;8.794435;1.800218;2.132712;0.201987;0.077603;0.363861;-0.595421;-0.023496;-0.526039
420;9.789188;1.435302;2.374226;-0.00511;0.052025;0.372636;-0.592857;-0.015293;-0.528998
421;9.750588;1.170636;2.451608;-0.091801;-0.02024;0.174519;-0.593515;-0.007259;-0.529139
422;9.338028;1.612454;2.364304;-0.160129;0.036744;0.107367;-0.593053;-0.001395;-0.530195
423;9.103953;1.447604;2.823355;-0.155028;-0.018361;0.11954;-0.593578;0.004765;-0.530274
424;9.633514;1.136888;2.626488;-0.052415;0.021295;0.079229;-0.593478;0.010371;-0.530823
425;8.946151;1.196209;2.629708;-0.077574;-0.020416;0.047138;-0.592734;0.014619;-0.531427
426;9.187759;1.049459;2.535664;-0.00319;-0.063805;0.036589;-0.593723;0.016517;-0.530497
427;9.472892;1.074816;2.493083;-0.007921;0.026099;0.001522;-0.593702;0.016245;-0.530099
428;9.467928;1.074642;2.595717;-0.057552;0.01506;-0.05685;-0.593556;0.015727;-0.532282
429;9.297439;1.039174;2.544842;-0.024717;0.019274;-0.048022;-0.593055;0.015177;-0.532628
430;9.360799;1.0681;2.491501;-0.00889;0.016051;-0.036508;-0.590498;0.015083;-0.533268
431;9.238416;1.282084;2.669325;-0.002307;-0.019081;-0.096644;-0.590927;0.013215;-0.531549
432;9.492114;1.174064;2.609025;-0.056062;-0.029283;-0.083419;-0.592479;0.013275;-0.531504
433;9.497561;0.819372;2.659297;-0.052744;0.00743;-0.071009;-0.592236;0.0114;-0.531825
434;9.290641;0.806307;2.421632;-0.067517;0.005186;-0.086983;-0.592761;0.011155;-0.531976
435;9.17295;1.122256;2.605088;0.040043;-0.019343;-0.156684;-0.592242;0.011135;-0.531947
436;9.26821;1.034484;2.534699;0.103867;-0.033193;-0.219327;-0.591962;0.003781;-0.531587
437;9.336092;1.308834;2.396458;0.065223;-0.061537;-0.247645;-0.593466;-0.003376;-0.530678
438;9.191998;1.364959;2.632943;0.1451;-0.104;-0.228247;-0.595047;-0.011765;-0.526233
439;9.316139;1.53465;2.468032;0.146146;-0.053347;-0.238688;-0.597654;-0.020734;-0.526628
440;9.529505;2.125988;2.544118;0.153998;-0.129959;-0.316442;-0.598881;-0.030173;-0.525378
441;9.154063;2.254374;2.438377;0.206155;-0.111339;-0.252844;-0.599894;-0.039528;-0.519966
442;9.231746;2.37764;2.540115;0.274512;-0.052149;-0.200504;-0.600819;-0.050188;-0.517886
443;9.161288;2.361415;2.324136;0.290547;-0.039683;-0.113044;-0.600904;-0.059534;-0.517097
444;8.982984;2.600354;2.302603;0.317301;-0.064851;-0.11309;-0.600883;-0.068904;-0.514225
445;9.35313;2.86113;2.115381;0.273797;-0.141144;-0.16086;-0.603863;-0.077219;-0.511804
446;9.153944;2.53935;2.00792;0.233435;-0.134858;-0.18924;-0.606041;-0.088129;-0.506408
447;9.134973;2.113972;2.254682;0.138057;-0.141394;-0.23357;-0.607684;-0.095436;-0.503167
448;9.132417;2.428217;1.76499;-0.024681;-0.150343;-0.213427;-0.610164;-0.101923;-0.498566
449;9.439292;2.448164;1.950253;-0.136203;-0.112235;-0.175417;-0.611645;-0.104014;-0.497156
450;8.96438;2.344012;1.793253;-0.292413;-0.090667;-0.212783;-0.612002;-0.104965;-0.494033
451;9.042183;2.577254;1.538499;-0.253083;-0.006868;-0.221352;-0.613335;-0.104372;-0.49477
452;9.24741;1.962988;2.175872;-0.237792;-0.026883;-0.184291;-0.611617;-0.104688;-0.496616
453;9.319921;2.422056;1.948898;-0.206969;-0.062675;-0.207226;-0.611824;-0.104289;-0.4956
454;9.30744;2.579928;1.97286;-0.215228;-0.03326;-0.157705;-0.612554;-0.104112;-0.497201
455;9.075539;2.804553;1.958099;-0.120387;-0.036205;-0.130265;-0.612746;-0.104384;-0.495906
456;9.202125;2.749958;2.229959;-0.078758;-0.016377;-0.07716;-0.610155;-0.104485;-0.495895
457;9.100127;2.648882;2.01987;-0.05155;-0.032699;-0.051585;-0.611769;-0.104568;-0.494551
458;9.124249;2.774981;2.052277;-0.071871;0.065996;-0.026659;-0.611372;-0.104028;-0.496882
459;9.290203;2.716146;1.904203;-0.038959;0.100191;0.020299;-0.609211;-0.103012;-0.500171
460;8.895746;2.370297;2.192796;-0.0037;0.050455;0.086332;-0.607017;-0.102563;-0.500327
461;8.963274;2.902287;1.944915;-0.110689;0.122071;0.07583;-0.605626;-0.099651;-0.503453
462;9.140555;3.116973;2.23242;-0.026884;0.07104;0.119164;-0.604729;-0.095122;-0.506133
463;9.158149;2.852335;2.149259;-0.102979;0.138725;0.088284;-0.601762;-0.090808;-0.508828
464;9.303946;3.182205;1.981888;-0.322935;0.070609;0.199246;-0.600648;-0.081743;-0.512279
465;9.103846;3.263096;2.116833;-0.169134;0.060945;0.265593;-0.60051;-0.072894;-0.517073
466;8.96878;2.447765;2.128976;-0.168363;0.094362;0.149851;-0.600565;-0.065009;-0.518086
467;9.232083;2.1029;2.701406;-0.070107;0.047033;0.229385;-0.598413;-0.05681;-0.518991
468;9.066641;1.931265;2.723893;0.140833;-0.027334;0.132263;-0.600593;-0.052168;-0.52106
469;9.384298;1.609705;2.40907;0.146058;-0.02447;0.314269;-0.600602;-0.048721;-0.518696
470;9.29593;1.901299;2.551823;0.193593;0.047067;0.250883;-0.598707;-0.04585;-0.519588
471;8.964344;2.080634;2.357827;0.215769;-0.056659;0.306266;-0.600604;-0.04405;-0.518703
472;9.730685;1.562343;2.136372;0.111754;0.074709;0.330423;-0.599741;-0.041273;-0.519518
473;9.203889;1.695804;2.311912;0.2313;0.077616;0.326901;-0.59982;-0.034983;-0.521004
474;9.077047;1.813217;2.207685;0.085225;0.042568;0.317807;-0.598356;-0.031154;-0.522726
475;9.503844;1.655707;2.170435;-0.012298;0.035445;0.291287;-0.597566;-0.025849;-0.52245
476;9.706016;1.552051;2.498093;-0.118072;-0.02479;0.147125;-0.598323;-0.019818;-0.522018
477;9.622721;1.809932;2.480115;-0.159089;-0.021209;0.016377;-0.598916;-0.012976;-0.523419
478;9.201546;1.557061;2.480577;-0.068777;-0.012698;-0.076375;-0.600857;-0.013034;-0.52339
479;8.770222;1.515452;2.518779;-0.049615;0.025414;-0.056967;-0.599114;-0.013647;-0.522242
480;9.506741;1.308086;2.337923;-0.08265;0.052452;-0.010841;-0.598923;-0.012574;-0.523561
481;9.433402;1.388409;2.435674;-0.09021;0.008384;0.010243;-0.598471;-0.010468;-0.522301
482;9.204283;1.44313;2.365223;-0.080127;-0.022445;0.041929;-0.598569;-0.008177;-0.52419
483;9.406487;1.44438;2.446519;-0.087228;-0.007411;-0.003919;-0.598499;-0.004566;-0.52533
484;9.320886;1.54897;2.585232;-0.068186;0.014113;-0.022415;-0.597584;-0.001;-0.525127
485;9.338338;1.403477;2.426634;-0.077052;0.034039;-0.023275;-0.597836;-0.001659;-0.524991
486;9.257704;1.422922;2.62804;-0.054148;0.034531;-0.011788;-0.597632;-0.000456;-0.526054
487;9.40434;1.296321;2.409937;-0.038509;0.029798;0.012096;-0.596112;-0.001176;-0.526731
488;9.379783;1.347228;2.521166;-0.01922;0.006717;0.027965;-0.595379;0.001606;-0.527552
489;9.355606;1.272206;2.448744;-0.051379;0.019267;0.03059;-0.595225;0.003197;-0.527071
490;9.374716;1.441904;2.553677;-0.096109;0.012597;0.034078;-0.595212;0.00693;-0.526791
491;9.506831;1.144946;2.558402;-0.108406;-0.014776;0.071992;-0.594992;0.010265;-0.527526
492;9.341306;1.029198;2.565243;-0.072422;-0.052174;0.01891;-0.595753;0.011626;-0.527217
493;9.361179;1.007995;2.177099;-0.125944;-0.043578;-0.019987;-0.597382;0.015549;-0.526121
494;9.43399;1.043522;2.451467;0.01754;-0.012754;-0.102758;-0.596993;0.015667;-0.526104
495;9.002818;0.943744;2.429549;0.090252;-0.02306;-0.24943;-0.595958;0.010957;-0.52617
496;9.199515;1.316619;2.494512;0.116754;-0.059398;-0.323573;-0.597575;0.001399;-0.524937
497;9.496513;1.504548;2.493298;0.242543;-0.136577;-0.319955;-0.600667;-0.00945;-0.522188
498;9.281327;1.928235;2.475327;0.231565;-0.122007;-0.354399;-0.60184;-0.025973;-0.519948
499;9.178259;2.38551;2.377772;0.261542;-0.133148;-0.34024;-0.60359;-0.038485;-0.5163
500;9.344024;2.414021;2.272192;0.299511;-0.157793;-0.319002;-0.605928;-0.051519;-0.5115
501;9.329419;2.592106;1.897175;0.36966;-0.088764;-0.347908;-0.607271;-0.066451;-0.507499
502;9.148927;2.621948;2.006407;0.446439;-0.150638;-0.305601;-0.60824;-0.083131;-0.503817
503;9.08505;2.850297;2.138405;0.304798;-0.24732;-0.270631;-0.610046;-0.09939;-0.498764
504;9.187304;2.937317;2.082197;0.209671;-0.35279;-0.237359;-0.615517;-0.109677;-0.489409
505;9.08511;3.018651;1.734434;0.217964;-0.273694;-0.209825;-0.620824;-0.118884;-0.481894
506;9.472811;2.914745;1.707885;-0.016072;-0.096338;-0.163708;-0.623151;-0.123513;-0.476821
507;9.012728;2.669577;1.595135;-0.098984;-0.06997;-0.249566;-0.62283;-0.127808;-0.47564
508;9.222336;2.610045;1.692273;-0.188366;-0.035205;-0.244248;-0.623243;-0.130614;-0.473633
509;8.900826;2.534071;1.632478;-0.072456;-0.073751;-0.19483;-0.623082;-0.132894;-0.473038
510;9.3587;2.721249;1.599481;-0.145389;-0.094432;-0.120626;-0.623073;-0.134231;-0.472869
511;9.12393;3.300871;1.370641;-0.161518;-0.06791;-0.079969;-0.623905;-0.132211;-0.471415
512;9.055527;3.32523;1.511012;-0.073759;-0.039282;-0.056865;-0.62485;-0.130832;-0.472155
513;9.080372;2.984845;1.646917;-0.116264;0.001031;-0.030363;-0.62495;-0.128966;-0.471566
514;9.209671;2.911348;1.640375;-0.104602;-0.045096;0.01286;-0.626146;-0.128646;-0.472158
515;9.072949;2.999264;1.744369;-0.139914;0.028589;-0.011788;-0.625073;-0.125626;-0.471411
516;9.256154;2.835934;1.586149;-0.172157;0.258234;-0.017501;-0.622243;-0.122882;-0.476792
517;9.114389;3.013701;1.70562;-0.192283;0.301692;0.084991;-0.618005;-0.119098;-0.484983
518;8.953271;3.062674;1.917518;-0.123002;0.279;0.098231;-0.612904;-0.11227;-0.493996
519;8.894374;3.164463;2.178954;-0.102812;0.127638;0.077621;-0.608567;-0.108399;-0.497772
520;8.991936;3.2129;1.993742;0.00449;0.146428;0.066335;-0.60511;-0.104608;-0.50354
521;9.219049;2.812959;2.258464;-0.042682;0.176323;0.187358;-0.601681;-0.101635;-0.507338
522;8.997315;2.726408;2.383769;-0.012525;0.133633;0.282619;-0.600244;-0.094063;-0.50956
523;9.051108;2.799668;2.036066;-0.055726;0.182878;0.300359;-0.600732;-0.087062;-0.513944
524;9.143804;2.701872;2.132097;-0.113041;0.126507;0.356716;-0.598432;-0.076713;-0.51698
525;9.021621;2.809029;2.294666;-0.031395;-0.004894;0.383011;-0.596422;-0.064479;-0.520607
526;9.249043;2.346388;2.330619;-0.026501;0.012629;0.534977;-0.598233;-0.053733;-0.520499
527;9.486363;1.552464;2.856672;0.109063;-0.055694;0.459022;-0.598502;-0.041711;-0.520607
528;9.462791;1.310567;2.425247;0.105619;-0.013862;0.457312;-0.602871;-0.030605;-0.519867
529;9.35102;1.175351;2.313419;0.140189;0.102668;0.378062;-0.602624;-0.023406;-0.520065
530;9.016479;1.465695;2.489143;0.163341;0.061848;0.335547;-0.599871;-0.018291;-0.521886
531;9.443548;1.21371;2.328826;0.151919;0.028099;0.376185;-0.599751;-0.012956;-0.522036
532;9.399668;1.126137;2.517979;0.12284;0.017567;0.400837;-0.600152;-0.007067;-0.52223
533;9.444389;0.854759;2.083212;0.028639;0.027075;0.305355;-0.599657;-0.001344;-0.522632
534;9.837857;1.425141;2.477847;0.105277;0.048797;0.213795;-0.597736;0.003814;-0.525536
535;9.282684;1.192546;2.390336;0.087917;0.110248;0.020311;-0.596306;0.006693;-0.525415
536;9.087549;1.261425;2.444868;0.045301;0.089502;-0.031935;-0.594598;0.004244;-0.527458
537;9.370243;1.179521;2.616864;0.060904;0.003588;-0.047923;-0.593455;0.001559;-0.530433
538;9.426698;0.985092;2.545297;0.037536;0.034531;-0.039057;-0.593168;-0.002594;-0.529907
539;9.526803;0.984997;2.334069;-0.017787;0.102232;-0.040719;-0.589862;-0.004313;-0.531108
540;9.328942;1.092253;2.642211;-0.03578;0.116711;-0.03899;-0.589494;-0.00203;-0.53401
541;9.243455;1.165404;2.713003;-0.018313;0.070996;-0.019651;-0.587803;0.001263;-0.536353
542;9.287271;1.299154;2.505928;-0.051511;0.008149;-0.048053;-0.585648;-0.000572;-0.534757
543;9.355444;1.249903;2.678995;-0.053108;-0.012156;-0.056916;-0.586048;-0.001331;-0.537481
544;9.31656;1.199147;2.654835;-0.051449;-0.004689;-0.050732;-0.586436;-0.001849;-0.537487
545;9.35076;1.213782;2.53283;-0.077112;-0.003309;-0.059578;-0.587422;-0.00142;-0.536514
546;9.345789;1.228218;2.615646;-0.043807;-0.057722;-0.028741;-0.588187;-0.001926;-0.53628
547;9.267924;1.180127;2.571286;-0.037915;-0.083512;-0.009382;-0.589136;0.00023;-0.534577
548;9.443694;1.08726;2.414172;-0.02897;-0.087074;-0.007572;-0.589828;0.000241;-0.532927
549;9.423994;1.14298;2.535172;-0.041449;-0.017333;-0.01451;-0.589872;0.000894;-0.531261
550;9.358068;1.203983;2.557565;-0.044574;-0.041323;0.007504;-0.592281;0.002045;-0.530255
551;9.341147;1.180001;2.445239;-0.047351;-0.041163;0.013678;-0.591184;0.003593;-0.529074
552;9.397311;1.097072;2.484214;-0.040369;-0.017324;0.019924;-0.593416;0.00582;-0.529648
553;9.38509;1.11412;2.491068;-0.036359;-0.030547;-0.000414;-0.594313;0.006521;-0.529456
554;9.438787;1.104275;2.418692;-0.006061;-0.045673;0.003137;-0.593291;0.008218;-0.529711
555;9.360829;1.085233;2.422732;-0.027951;0.004702;0.022622;-0.595273;0.007211;-0.52797
556;9.38993;1.12621;2.505603;-0.026221;0.023796;0.022674;-0.594816;0.008539;-0.529153
557;9.458205;1.091815;2.531691;-0.001634;-0.012051;0.001448;-0.593377;0.009815;-0.528854
558;9.433882;1.092043;2.47752;0.006674;0.062164;-0.01606;-0.592029;0.009776;-0.530339
559;9.34603;1.104419;2.586015;-0.00297;0.053874;0.017449;-0.591823;0.010045;-0.531374
560;9.380393;0.987765;2.539658;0.011583;0.03916;0.006836;-0.590568;0.011472;-0.532128
561;9.365525;1.111629;2.573957;-0.004578;0.048192;0.009493;-0.589974;0.012526;-0.533165
562;9.394849;1.053146;2.599874;0.000699;0.041058;0.013902;-0.587819;0.011917;-0.534071
563;9.387558;1.014221;2.654239;-0.020397;0.09133;-0.004572;-0.587564;0.011932;-0.536654
564;9.530895;1.149016;2.901049;0.040687;0.013053;-0.02316;-0.586316;0.010692;-0.537589
565;9.336714;1.076173;2.148643;-0.053531;0.054006;-0.033834;-0.585104;0.01026;-0.539199
566;9.107229;1.117894;2.521025;-0.033783;0.112051;-0.047886;-0.582558;0.01217;-0.540028
567;9.195004;1.022456;2.665849;-0.060874;0.072203;-0.030322;-0.581338;0.011336;-0.541496
568;9.32163;1.05328;2.72103;-0.029041;-0.028953;-0.011026;-0.580913;0.011737;-0.543302
569;9.292662;0.863881;2.782576;0.008796;-0.05993;-0.025204;-0.581864;0.011091;-0.541647
570;9.28757;1.014577;2.730969;-0.000462;-0.046894;-0.011043;-0.583218;0.010864;-0.540284
571;9.316697;1.067801;2.759829;0.022562;-0.042892;-0.00393;-0.584101;0.011428;-0.539829
572;9.380015;1.123452;2.701131;0.015915;-0.019954;-0.028597;-0.584019;0.010742;-0.538247
573;9.365166;1.240044;2.728221;0.003216;0.001048;-0.021496;-0.585683;0.008668;-0.537885
574;9.311698;1.189448;2.659821;0.016382;-0.012136;-0.009162;-0.58725;0.009532;-0.538124
575;9.23889;1.058843;2.572957;-0.005241;-0.01306;-0.039248;-0.585049;0.00958;-0.538138
576;9.304628;1.063248;2.635011;-0.044335;-0.030888;-0.046377;-0.584925;0.009042;-0.538245
577;9.316695;1.10193;2.69321;-0.003705;-0.060048;-0.026071;-0.586689;0.008968;-0.537299
578;9.345968;1.089653;2.686531;0.003613;-0.040237;-0.03573;-0.587391;0.007113;-0.535854
579;9.453048;1.154596;2.731041;-0.026545;-0.048042;-0.044578;-0.588609;0.00688;-0.534355
580;9.50708;0.984593;2.592987;-0.065995;-0.046238;-0.032255;-0.589439;0.007965;-0.532873
581;9.28261;1.155813;2.547478;-0.060528;-0.014491;-0.041059;-0.589946;0.008383;-0.532653
582;9.280219;1.121796;2.562706;-0.051367;-0.036498;-0.050813;-0.5899;0.008773;-0.531754
583;9.61415;1.090961;2.565859;-0.037754;-0.023353;-0.104557;-0.591643;0.008161;-0.530401
584;9.355636;1.191819;2.574857;0.037895;-0.017168;-0.139845;-0.592301;0.005786;-0.530626
585;9.282561;1.170333;2.574124;0.086831;0.0005;-0.176868;-0.591109;0.000531;-0.530149
586;9.360213;1.325223;2.648412;0.097705;0.031161;-0.189122;-0.59131;-0.004519;-0.531568
587;9.316079;1.522327;2.56117;0.155401;0.012037;-0.174957;-0.590011;-0.012043;-0.531538
588;9.237975;1.602916;2.534129;0.12948;-0.026234;-0.170662;-0.591083;-0.019601;-0.532281
589;9.244827;1.872472;2.522206;0.132977;-0.013465;-0.170604;-0.590995;-0.02696;-0.530633
590;9.283824;1.855217;2.552442;0.119736;-0.023571;-0.134421;-0.589959;-0.032605;-0.530672
591;9.262105;1.824111;2.369251;0.096801;0.009604;-0.146751;-0.590271;-0.038212;-0.529226
592;9.066821;1.941416;2.498744;0.042709;-0.075707;-0.159395;-0.592184;-0.042146;-0.528693
593;9.320333;1.923189;2.471115;0.025321;-0.12624;-0.134722;-0.592807;-0.046821;-0.525734
594;9.266511;2.057089;2.44107;-0.033818;-0.038343;-0.129312;-0.593838;-0.050918;-0.525669
595;9.249402;2.132644;2.346571;-0.057017;0.098603;-0.137886;-0.593394;-0.051747;-0.524583
596;9.151777;2.162079;2.44973;-0.055551;0.144391;-0.127217;-0.589462;-0.054262;-0.528712
597;9.159543;1.821738;2.607384;-0.036828;0.046698;-0.076204;-0.588529;-0.054947;-0.530719
598;9.320654;1.787375;2.375668;-0.005094;-0.009345;0.033275;-0.588012;-0.053499;-0.530734
599;9.115584;1.972911;2.410902;0.025897;0.017363;-0.002;-0.588289;-0.051616;-0.531063
600;9.16879;2.174078;2.479124;0.068069;-0.036057;0.029766;-0.588129;-0.053497;-0.530481
601;9.364092;1.995864;2.45095;0.06426;-0.044891;0.043911;-0.588793;-0.053625;-0.528306
602;9.261723;2.006108;2.44433;0.009264;0.019671;0.024523;-0.588847;-0.053746;-0.529344
603;9.246765;2.088329;2.662756;0.009144;0.017895;0.027171;-0.589788;-0.054237;-0.530028
604;9.281301;1.894045;2.573736;0.007379;0.034271;0.028077;-0.588471;-0.0524;-0.532088
605;9.149599;1.989572;2.496716;-0.034926;0.060578;0.001561;-0.588881;-0.05238;-0.5325
606;9.144765;2.01894;2.393426;-0.033136;0.042465;0.003295;-0.587084;-0.05178;-0.532811
607;9.305552;1.871712;2.75545;-0.011787;-0.027373;0.008501;-0.586466;-0.049263;-0.533372
608;9.269357;1.884889;2.31695;-0.066614;0.012626;-0.01268;-0.586725;-0.04952;-0.533378
609;9.281175;1.95959;2.587266;-0.0227;0.000998;0.017382;-0.586247;-0.048997;-0.534146
610;9.15964;1.787822;2.563959;-0.017491;-0.000504;0.026168;-0.586472;-0.045925;-0.53347
611;9.247222;1.862612;2.590884;-0.008929;0.002484;-0.000281;-0.585403;-0.047842;-0.532838
612;9.271611;1.860093;2.57418;0.002555;0.00726;0.005048;-0.586361;-0.046994;-0.533822
613;9.230214;1.816493;2.623219;-0.004223;0.014938;-0.012624;-0.584292;-0.045873;-0.533875
614;9.217964;1.874923;2.580445;-0.002048;-4.3e-05;-0.030313;-0.584872;-0.045705;-0.535078
615;9.278704;1.947335;2.651021;-0.0094;0.011895;-0.022326;-0.584804;-0.045854;-0.533773
616;9.203412;1.855649;2.538988;-0.005705;-0.007202;-0.025038;-0.584038;-0.046282;-0.533979
617;9.217787;1.998865;2.536714;-0.050289;0.022133;-0.07182;-0.585286;-0.046752;-0.535589
618;9.171564;1.877383;2.68485;-0.021608;0.01421;-0.035619;-0.583911;-0.04693;-0.536549
619;9.205587;1.952574;2.644931;-0.012398;0.015736;-0.049719;-0.584314;-0.047178;-0.536822
620;9.23246;1.918451;2.638596;-0.009086;-0.00662;-0.035626;-0.582665;-0.047503;-0.537504
621;9.169104;1.95292;2.561229;-0.010801;0.003316;-0.039154;-0.582436;-0.048974;-0.538097
622;9.239669;1.981573;2.630271;0.015257;-0.012003;-0.005573;-0.584284;-0.048786;-0.536254
623;9.144724;1.943273;2.590372;-0.009345;0.021891;-0.024991;-0.582335;-0.049397;-0.536133
624;9.237041;1.995792;2.818277;0.006398;-0.008603;-0.010877;-0.582636;-0.048844;-0.536944
625;9.18354;2.020697;2.63852;0.002805;-0.019409;-0.007381;-0.582507;-0.048582;-0.536945
626;9.171447;1.967328;2.639266;0.013831;-0.001534;-0.023237;-0.582269;-0.047653;-0.537349
627;9.159359;1.928598;2.605521;0.011915;-0.0286;-0.01447;-0.582328;-0.049532;-0.535999
628;9.208016;1.986676;2.585685;0.028113;-0.001419;-0.023208;-0.585232;-0.049275;-0.537069
629;9.159125;2.103612;2.52422;-0.010709;0.014084;-0.045302;-0.583382;-0.052023;-0.536371
630;9.178632;2.020646;2.677573;-0.005732;-0.008165;-0.026799;-0.583949;-0.051858;-0.537314
631;9.149508;2.050317;2.480985;-0.022363;0.003194;-0.040929;-0.58466;-0.052377;-0.536039
632;9.227336;2.054446;2.653269;-0.030667;-0.040224;-0.026877;-0.584484;-0.052126;-0.535129
633;9.142375;1.902036;2.571491;-0.032545;-0.018232;-0.021572;-0.584729;-0.052786;-0.534863
634;9.117655;2.135428;2.50592;-0.027063;-0.002018;-0.030347;-0.585097;-0.053443;-0.534474
635;9.25642;2.105138;2.735971;0.020976;-0.003404;-0.025847;-0.584598;-0.053058;-0.534848
636;9.232304;2.044878;2.565478;0.002619;0.028041;-0.001085;-0.583469;-0.053362;-0.535558
637;9.18364;2.045296;2.476699;0.010874;0.052593;0.029874;-0.583111;-0.050968;-0.536128
638;9.183553;2.018287;2.628781;0.025032;0.035544;0.03515;-0.583183;-0.051753;-0.537536
639;9.112803;2.074552;2.602276;0.002107;0.024147;0.022722;-0.582739;-0.051222;-0.538956
640;9.202652;2.270852;2.580658;-0.005743;0.016717;0.055419;-0.581212;-0.050234;-0.536957
641;9.271265;1.990975;2.708838;0.03158;0.022833;0.105807;-0.581034;-0.049425;-0.538529
642;9.222823;1.797397;2.604075;0.045271;0.067393;0.095285;-0.579772;-0.047626;-0.53971
643;8.966702;1.881082;2.696551;-0.070577;0.041593;0.046461;-0.578714;-0.045779;-0.541784
644;9.144335;1.996592;2.780376;0.03628;-0.045279;0.102105;-0.579317;-0.042026;-0.540888
645;9.237436;1.755856;2.697944;0.077001;-0.035411;0.119839;-0.580112;-0.041058;-0.541218
646;9.242461;1.658648;2.719275;0.065442;5.6e-05;0.15875;-0.580853;-0.039701;-0.540519
647;9.096441;1.588598;2.77188;0.105848;-0.007179;0.185229;-0.579923;-0.03638;-0.539501
648;9.208858;1.466823;2.658325;0.087614;0.029504;0.203851;-0.581259;-0.034186;-0.540286
649;9.335473;1.656088;2.412413;0.033516;0.010697;0.23295;-0.58284;-0.029715;-0.54076
650;9.230656;1.605372;2.538866;0.031994;-0.016883;0.221376;-0.582213;-0.024532;-0.541139
651;9.477452;1.286197;2.430784;-0.14167;-0.045583;0.086029;-0.58302;-0.021984;-0.53918
652;9.759928;1.34765;2.566047;-0.213495;-0.041109;-0.064104;-0.583996;-0.015952;-0.537981
653;9.313752;1.359241;2.759603;-0.220786;0.007941;-0.10476;-0.585334;-0.012956;-0.538789
654;8.716535;1.425362;2.778743;-0.057027;0.00746;-0.044674;-0.585328;-0.01229;-0.538679
655;9.286797;1.422437;2.802111;-0.06096;0.026725;-0.028587;-0.583673;-0.012883;-0.539222
656;9.416026;1.436552;2.701119;-0.04409;-0.03297;-0.01982;-0.583443;-0.011285;-0.539776
657;9.387244;1.237817;2.5672;-0.042801;-0.000646;-0.037442;-0.584427;-0.011924;-0.538771
658;9.257592;1.471433;2.658984;-0.036856;0.030599;-0.028553;-0.582677;-0.011446;-0.53999
659;9.335384;1.553497;2.717424;0.001813;0.041559;-0.002845;-0.582171;-0.011464;-0.540222
660;9.25012;1.522311;2.741128;-0.004568;0.019909;0.005025;-0.580836;-0.011366;-0.541971
661;9.267091;1.558597;2.770098;0.039415;0.004486;-0.007313;-0.581959;-0.011197;-0.541127
662;9.31114;1.500266;2.678857;0.036682;0.040888;-0.005468;-0.580782;-0.011645;-0.540922
663;9.23801;1.481095;2.736771;0.036338;0.054027;0.009551;-0.580075;-0.012727;-0.54228
664;9.286777;1.454085;2.762434;0.046964;0.045112;0.013971;-0.578736;-0.015031;-0.543958
665;9.323324;1.475823;2.728374;0.023463;0.05255;0.028103;-0.578027;-0.013578;-0.545261
666;9.223391;1.437293;2.820454;0.020052;0.049798;0.062505;-0.576968;-0.011998;-0.547327
667;9.233034;1.485769;2.844211;0.005167;-0.001544;0.051792;-0.575255;-0.011003;-0.546746
668;9.284413;1.364058;2.856889;-0.037283;-0.024335;-0.005708;-0.576425;-0.010423;-0.546825
669;9.389501;1.164263;2.920648;-0.058895;-0.020657;0.004881;-0.575391;-0.008061;-0.54684
670;9.414454;0.970397;2.640737;-0.101974;-0.002579;-0.021635;-0.575947;-0.006297;-0.54757
671;9.033645;1.287872;2.722363;-0.017332;-0.037301;-0.060544;-0.576618;-0.005199;-0.548027
672;9.077696;1.16616;2.754494;0.019474;-0.080139;-0.110047;-0.578476;-0.007011;-0.546386
673;9.345614;1.257087;2.756973;-0.003915;-0.061339;-0.145281;-0.578868;-0.010222;-0.543976
674;9.354889;1.529036;2.757271;0.012995;-0.059397;-0.146112;-0.580367;-0.013376;-0.542925
675;9.074337;1.737046;2.671146;-0.008259;-0.043333;-0.155874;-0.580916;-0.016576;-0.541044
676;9.154366;1.947863;2.702926;0.084954;-0.055884;-0.177831;-0.582159;-0.021074;-0.540069
677;9.249505;1.923207;2.646108;0.106933;-0.036426;-0.20512;-0.583235;-0.027855;-0.53837
678;9.276144;1.990959;2.704022;0.135742;-0.003867;-0.220904;-0.583104;-0.035466;-0.538399
679;9.12507;1.952774;2.751303;0.161152;0.004941;-0.242099;-0.582815;-0.04389;-0.537877
680;9.139877;1.850715;2.743523;0.111973;0.021749;-0.27922;-0.580748;-0.052644;-0.53803
681;9.163758;2.166438;2.67481;0.025556;0.059149;-0.24741;-0.579989;-0.059876;-0.538426
682;9.139158;2.351338;2.568514;-0.0166;0.050192;-0.194474;-0.578774;-0.065246;-0.540021
683;9.163587;2.290394;2.623743;-0.027102;0.037502;-0.118558;-0.575993;-0.06761;-0.541361
684;9.158372;2.38529;2.676009;-0.076885;0.042878;-0.039994;-0.576696;-0.06747;-0.542987
685;9.099906;2.327129;2.764169;-0.074132;0.048441;-0.002025;-0.573889;-0.065703;-0.543799
686;9.090217;2.305368;2.739947;-0.054507;0.030467;-0.000277;-0.574828;-0.064058;-0.544416
687;9.153678;2.268693;2.702421;-0.042937;0.021708;0.044774;-0.573299;-0.062778;-0.544892
688;9.129819;1.987151;2.677615;-0.027499;0.019053;0.077431;-0.572763;-0.059575;-0.547034
689;9.081036;2.011685;2.676448;-0.018325;0.020647;0.065069;-0.572481;-0.057188;-0.54657
690;9.171132;1.996432;2.793012;0.029866;-0.006285;0.065091;-0.573138;-0.056493;-0.546755
691;9.173458;2.057122;2.799327;0.02266;0.006434;0.066882;-0.573745;-0.054074;-0.54595
692;9.080749;2.118318;2.791966;0.01848;-0.015715;0.054448;-0.57443;-0.052839;-0.546671
693;9.144403;1.982115;2.731722;0.039663;0.042887;0.063429;-0.574685;-0.052163;-0.546575
694;9.022637;1.929294;2.735686;0.030293;-0.000357;0.045627;-0.574138;-0.05219;-0.546026
695;9.156727;1.894593;2.748104;0.033454;-0.023672;0.02442;-0.574755;-0.051771;-0.545422
696;9.20752;2.147026;2.685792;0.025897;-0.016194;-0.000264;-0.573566;-0.051555;-0.544976
697;9.102727;2.101239;2.775479;0.013626;-0.021096;-0.01092;-0.575512;-0.052813;-0.545042
698;9.105188;2.069588;2.810302;0.019189;-0.013144;-0.021498;-0.576299;-0.052514;-0.545222
699;9.212378;2.090891;2.816447;0.011699;0.022593;-0.007271;-0.576269;-0.054122;-0.544654
700;9.159007;1.952745;2.810706;-0.020541;-0.001082;0.001447;-0.57513;-0.05256;-0.545159
701;9.144436;1.948057;2.76166;-0.006347;0.011876;0.005019;-0.574689;-0.053363;-0.54667
702;9.073555;2.0406;2.812773;-0.01316;-0.028548;-0.009214;-0.575248;-0.051356;-0.544941
703;9.227103;2.049601;2.780709;-0.013244;-0.017594;-0.005616;-0.574973;-0.052304;-0.544639
704;9.210065;2.03023;2.79546;-0.020258;-0.012353;-0.011802;-0.575289;-0.051347;-0.545722
705;9.122242;2.096306;2.763634;-0.027402;0.000337;-0.012684;-0.576156;-0.052255;-0.544963
706;9.080967;1.982275;2.8139;-0.005007;-0.01591;-0.015364;-0.574818;-0.051514;-0.544135
707;9.132201;2.016272;2.682035;-0.04004;-0.001353;-0.003875;-0.574623;-0.050733;-0.542849
708;9.132207;1.991905;2.72403;-0.008139;-0.009912;0.00674;-0.576469;-0.049854;-0.543492
709;9.156568;2.011263;2.697164;-0.030779;-0.006246;-0.019765;-0.577251;-0.048621;-0.54357
710;9.197925;1.981634;2.840138;-0.026741;-0.041174;0.001371;-0.576377;-0.047715;-0.544199
711;9.159063;1.967497;2.717526;-0.02161;-0.020093;-0.030385;-0.577725;-0.047677;-0.542714
712;9.110255;2.021232;2.686507;-0.004032;-0.02051;-0.018009;-0.577569;-0.047421;-0.542194
713;9.207851;1.950287;2.699002;0.01201;-0.026736;-0.016217;-0.578557;-0.048168;-0.543783
714;9.200675;1.901865;2.641047;0.012183;-0.001485;-0.025003;-0.57775;-0.049006;-0.543196
715;9.258837;2.05443;2.712635;0.003196;-0.014278;-0.023244;-0.577709;-0.049015;-0.542415
716;9.100368;2.079483;2.72936;0.034934;-0.042556;-0.003876;-0.57781;-0.050351;-0.541862
717;9.219739;2.115344;2.710982;0.013618;0.018847;-0.01257;-0.577741;-0.051435;-0.540528
718;9.144183;2.127904;2.6925;-0.002817;0.010124;0.005921;-0.578587;-0.051789;-0.541861
719;9.105364;2.030971;2.686263;-0.011683;-0.000875;0.004985;-0.577862;-0.051407;-0.542872
720;9.163942;1.991863;2.663378;-0.00086;0.004517;-0.000278;-0.578386;-0.049117;-0.542967
721;9.168877;1.987095;2.604846;-0.02876;-0.009202;-0.029482;-0.57742;-0.050367;-0.54184
722;9.178163;2.10548;2.896372;-0.02186;-0.023534;-0.021544;-0.579635;-0.050545;-0.542083
723;9.202892;1.979379;2.737547;0.016564;0.002223;-0.023217;-0.579075;-0.050308;-0.541281
724;9.12489;2.084572;2.546239;-0.011182;0.014898;-0.018816;-0.579044;-0.04898;-0.54067
725;9.183287;2.015804;2.790414;0.008535;-0.03854;0.020847;-0.578836;-0.050046;-0.541665
726;9.119976;2.030873;2.698713;0.009992;0.008052;-0.008216;-0.578666;-0.049927;-0.540881
727;9.144051;2.181245;2.738032;0.031211;-0.002489;-0.000244;-0.580045;-0.050525;-0.542494
728;9.119835;2.089071;2.74416;0.03786;0.012722;0.022742;-0.57877;-0.051772;-0.542909
729;9.144196;2.037727;2.85791;0.055454;0.020394;0.033377;-0.577993;-0.050868;-0.542895
730;9.144207;2.125519;2.670534;0.058326;0.043846;0.023723;-0.577324;-0.050364;-0.542484
731;9.148862;2.234716;2.702939;0.032862;0.009682;0.047481;-0.576369;-0.051854;-0.544077
732;9.163475;2.21268;2.757343;0.013721;0.002734;0.066877;-0.575563;-0.052025;-0.54351
733;9.261529;2.025729;2.478419;-0.031005;0.053477;0.074006;-0.577354;-0.048622;-0.543056
734;9.168633;1.986554;2.883625;-0.071377;0.101601;0.119951;-0.574412;-0.044702;-0.54626
735;9.110559;1.79274;2.793194;-0.036163;0.069892;0.147271;-0.572841;-0.039136;-0.548417
736;9.06178;1.792902;2.836468;-0.004246;0.007565;0.118021;-0.572872;-0.03726;-0.548993
737;9.171455;1.74604;2.922089;0.085211;-0.039984;0.151612;-0.574006;-0.034552;-0.548354
738;9.144793;1.607535;3.031692;0.117508;-0.086777;0.231018;-0.57518;-0.031702;-0.5485
739;9.184458;1.365031;2.747959;0.193406;-0.107286;0.361764;-0.577885;-0.027086;-0.545664
740;9.284757;1.189832;2.664495;0.086643;-0.089814;0.264539;-0.580303;-0.022486;-0.542293
741;9.345215;1.520045;2.542286;0.010359;-0.061607;0.324615;-0.580923;-0.016861;-0.541712
742;9.448468;1.22896;2.098968;-0.071165;-0.075466;0.306834;-0.583507;-0.007576;-0.539007
743;9.530831;1.285945;2.554065;-0.155274;-0.122257;0.146809;-0.585518;-0.000168;-0.537774
744;9.428441;1.188874;2.784068;-0.181407;-0.038317;0.025032;-0.587879;0.006979;-0.535773
745;9.535577;1.200306;2.871082;-0.165424;0.01268;0.024302;-0.58654;0.010523;-0.534897
746;9.185334;0.852568;2.766673;-0.134143;0.051979;-0.018986;-0.58692;0.014298;-0.537234
747;9.165955;0.913876;2.510993;-0.162755;0.023241;0.072777;-0.585644;0.019056;-0.537566
748;9.463226;0.902499;2.593949;-0.142336;-0.035437;0.1231;-0.585146;0.023178;-0.53792
749;9.390042;0.927091;2.626647;-0.057964;-0.011742;0.096732;-0.585861;0.0284;-0.536684
750;9.316776;1.063646;2.530235;-0.074544;0.010399;0.077323;-0.586018;0.032282;-0.537195
751;9.428707;1.084631;2.688071;-0.04724;0.020937;0.091537;-0.585228;0.037054;-0.536904
752;9.423735;1.013737;2.941104;-0.057515;0.002981;0.070282;-0.584194;0.039683;-0.536926
753;9.392856;0.66949;2.709425;-0.040677;0.037763;0.036772;-0.584513;0.042911;-0.538076
754;9.385747;0.599277;2.617615;-0.031095;0.042727;0.04915;-0.584109;0.043717;-0.540285
755;9.297779;0.669907;2.742212;0.018864;0.03785;0.089805;-0.583255;0.046873;-0.538775
756;9.361404;0.562895;2.657005;-0.014803;0.032966;0.123326;-0.582457;0.048998;-0.540872
757;9.385597;0.606259;2.773995;0.009094;0.037873;0.130438;-0.58018;0.052656;-0.541897
758;9.356479;0.548177;2.74522;-0.005179;0.024169;0.132147;-0.579705;0.055049;-0.54272
759;9.268913;0.475858;2.696244;-0.001159;0.038244;0.110954;-0.578122;0.057408;-0.544653
760;9.337052;0.470418;2.81964;0.02442;0.043095;0.080981;-0.577613;0.059793;-0.544825
761;9.356595;0.431413;2.845069;0.019572;0.029712;0.057987;-0.576106;0.062279;-0.545727
762;9.312832;0.348976;2.889857;0.037916;0.022002;0.035009;-0.575897;0.064015;-0.546675
763;9.290895;0.363707;2.864815;0.048687;0.030199;0.031501;-0.57479;0.061314;-0.547835
764;9.332245;0.392574;2.899174;0.029706;-0.015283;0.003138;-0.574648;0.06184;-0.547583
765;9.349325;0.37303;2.914446;0.042608;-0.042929;-0.014565;-0.575123;0.059848;-0.546771
766;9.425405;0.120275;2.812401;-0.020805;-0.017157;-0.051681;-0.575399;0.061063;-0.547081
767;9.322664;0.30523;2.880986;-0.037708;0.003303;-0.100244;-0.575363;0.059854;-0.546395
768;9.239741;0.373776;2.814956;-0.018558;-0.013537;-0.161211;-0.576089;0.056536;-0.545428
769;9.274182;0.267046;2.660832;0.024442;0.00647;-0.210579;-0.575303;0.052899;-0.545279
770;9.28321;0.572579;2.875735;0.07106;0.056169;-0.272216;-0.576207;0.04802;-0.54778
771;9.199656;0.939593;2.936552;0.128556;-0.026546;-0.289972;-0.574617;0.038341;-0.547152
772;9.258239;0.912685;2.88411;0.167785;-0.101543;-0.283001;-0.578741;0.028087;-0.54681
773;9.357902;1.077387;2.850964;0.150282;-0.031343;-0.304913;-0.579751;0.016242;-0.546386
774;9.340253;1.434546;2.812691;0.091397;0.01714;-0.311034;-0.579427;0.006874;-0.545185
775;9.266811;1.553646;2.951337;0.183852;0.050038;-0.300272;-0.577181;-0.002298;-0.544407
776;9.218157;1.588217;2.783712;0.174834;0.034726;-0.293256;-0.577153;-0.012691;-0.546437
777;9.174127;1.719729;2.707394;0.172771;-0.012146;-0.277456;-0.576955;-0.023789;-0.545192
778;9.247301;1.656109;2.763409;0.149523;-0.039552;-0.27311;-0.577277;-0.033509;-0.546481
779;9.120414;1.744165;2.769735;0.156111;-0.073302;-0.245819;-0.576643;-0.044233;-0.544316
780;9.154404;1.860728;2.685078;0.095677;-0.056657;-0.215805;-0.578589;-0.050721;-0.541892
781;9.16888;1.957847;2.659154;0.034748;-0.090267;-0.159406;-0.581109;-0.056242;-0.540566
782;9.256568;1.986554;2.655093;-0.056534;-0.076913;-0.1047;-0.580874;-0.058407;-0.538543
783;9.397705;2.107259;2.660022;-0.085598;-0.046452;-0.041032;-0.582594;-0.057289;-0.53672
784;9.300169;2.117388;2.699939;-0.038096;0.000191;-0.012646;-0.582752;-0.056744;-0.537264
785;9.202894;2.035456;2.624084;-0.028772;0.028008;-0.032042;-0.581891;-0.056102;-0.538145
786;9.242003;2.045267;2.472892;-0.029573;-0.013642;0.010278;-0.581132;-0.055861;-0.538502
787;9.183863;1.870805;2.421249;0.005812;-0.00472;0.026202;-0.583883;-0.055505;-0.536581
788;9.081532;1.793372;2.543314;-0.022582;-0.016949;0.019042;-0.582123;-0.052894;-0.537603
789;9.261594;1.986866;2.481542;-0.015534;-0.024128;0.022637;-0.583259;-0.052321;-0.537031
790;9.266391;1.957413;2.62885;-0.027817;0.020857;0.008581;-0.583539;-0.05244;-0.537432
791;9.178774;1.853289;2.700249;-0.017565;0.016078;0.030628;-0.582503;-0.050745;-0.537427
792;9.205534;1.892054;2.677972;-0.051062;-0.008317;0.012887;-0.583025;-0.04979;-0.537482
793;9.222755;1.802122;2.672462;0.000608;-0.007775;0.017359;-0.582248;-0.048219;-0.537487
794;9.166535;1.909305;2.650182;0.015066;-0.018771;0.008517;-0.58285;-0.047245;-0.539105
795;9.203168;1.914166;2.552837;0.035253;-0.031975;-0.016205;-0.583802;-0.04709;-0.537473
796;9.21766;1.972313;2.58628;0.01305;-0.050477;-0.020675;-0.583589;-0.048716;-0.535856
797;9.305479;1.920856;2.593398;0.031845;-0.020452;-0.024989;-0.58341;-0.049533;-0.534914
798;9.229802;1.962404;2.655107;0.019342;-0.001482;-0.026748;-0.584204;-0.052836;-0.535249
799;9.188488;1.923865;2.598908;0.030029;0.025918;-0.026694;-0.584738;-0.052011;-0.535561
800;9.154402;1.941176;2.527174;-0.010599;0.034192;-0.04616;-0.584135;-0.052427;-0.536426
801;9.227576;1.862927;2.612788;-0.041245;0.030643;-0.031177;-0.582694;-0.051819;-0.536107
802;9.207836;2.011202;2.595236;-0.096464;0.024597;-0.036543;-0.58114;-0.051855;-0.53862
803;9.315002;1.966629;2.759031;-0.126172;-0.028805;0.020744;-0.582211;-0.049137;-0.539275
804;9.334916;1.791923;2.630323;-0.071265;0.039622;0.080993;-0.582711;-0.045117;-0.538901
805;9.095998;1.807576;2.6949;-0.004868;0.020891;0.105696;-0.581662;-0.042891;-0.538651
806;9.19332;1.87255;2.749043;0.058364;-0.076769;0.073806;-0.583445;-0.040424;-0.538039
807;9.271544;1.831236;2.560208;0.103408;-0.060524;0.05448;-0.584767;-0.040125;-0.536041
808;9.257063;1.753608;2.554003;0.095104;-0.037719;0.024478;-0.584996;-0.042258;-0.535472
809;9.24017;1.705306;2.459218;0.089901;-0.016097;0.017442;-0.58619;-0.043274;-0.536025
810;9.23024;1.748835;2.580579;0.072582;-0.030564;-0.008219;-0.58671;-0.044212;-0.533559
811;9.22056;1.749036;2.502176;0.051309;-0.049944;-0.012701;-0.587713;-0.045513;-0.532925
812;9.259201;1.947968;2.509081;0.020889;-0.031995;-0.011786;-0.587978;-0.046436;-0.533041
813;9.29577;1.962439;2.465367;-0.025216;-0.018203;-0.02593;-0.587888;-0.047791;-0.531309
814;9.227646;1.921594;2.416138;-0.040978;-0.016829;-0.039215;-0.588095;-0.047126;-0.530302
815;9.256948;1.870377;2.451709;-0.039343;-0.01483;-0.032141;-0.58946;-0.047593;-0.531658
816;9.266595;1.877415;2.554438;-0.011123;-0.010606;-0.017967;-0.589708;-0.047052;-0.531428
817;9.232402;1.904241;2.585243;-0.020216;0.009497;-0.011761;-0.588123;-0.046719;-0.530834
818;9.256989;1.797328;2.550796;-0.026828;-0.011869;0.008498;-0.589984;-0.045703;-0.531742
819;9.256592;2.069498;2.46291;-0.021332;-0.008203;0.0421;-0.589425;-0.045065;-0.530952
820;9.222581;1.972392;2.532555;-0.000573;-0.003059;-0.01176;-0.588927;-0.044414;-0.531334
821;9.081146;1.933916;2.704702;-0.007893;0.012339;-0.047991;-0.588139;-0.045381;-0.531134
822;9.193221;1.986914;2.634563;-0.01463;0.034655;-0.025837;-0.587401;-0.044868;-0.531889
823;9.227681;1.811963;2.594113;0.028201;0.0209;0.061612;-0.587856;-0.045772;-0.533184
824;9.267108;1.676202;2.369654;0.013613;0.035084;0.121681;-0.588164;-0.041613;-0.534101
825;9.371702;1.782497;2.386507;-0.038081;0.021087;0.161374;-0.587608;-0.03924;-0.533363
826;9.095718;2.026372;2.5786;0.016924;-0.040194;0.302567;-0.588126;-0.033213;-0.533308
827;9.466894;1.521476;2.739737;0.098587;-0.120241;0.457987;-0.592023;-0.023473;-0.530945
828;9.887657;0.78173;2.401964;-0.047357;-0.042609;0.276974;-0.593345;-0.015967;-0.528899
829;9.233826;1.14676;2.466397;-0.122615;0.090375;0.193998;-0.592958;-0.009817;-0.531396
830;8.98562;1.173238;1.982879;-0.298417;0.121562;0.114314;-0.592947;-0.001144;-0.53113
831;9.283321;0.889763;2.11704;-0.169186;-0.093776;0.051367;-0.591718;0.006271;-0.529855
832;9.463218;0.780584;2.8455;-0.105621;-0.10041;-0.007716;-0.594217;0.010889;-0.528047
833;9.541135;0.89218;2.702906;-0.042812;-0.019696;-0.071917;-0.594311;0.011044;-0.529873
834;9.131318;1.16401;2.603929;-0.045198;0.06397;-0.008244;-0.593351;0.009953;-0.531348
835;9.136502;0.972075;2.631802;0.034561;-0.021842;0.024332;-0.593394;0.010472;-0.529678
836;9.468168;0.89775;2.525636;0.034;-0.043008;0.0544;-0.59385;0.011946;-0.528448
837;9.536047;1.159905;2.414506;0.071859;0.002192;0.031619;-0.594312;0.010352;-0.527387
838;9.292167;1.21927;2.492918;0.107333;0.024585;0.038709;-0.593928;0.01103;-0.529982
839;9.455364;1.188993;2.652424;0.078896;0.004112;0.033375;-0.593011;0.010325;-0.529783
840;9.418955;1.179754;2.502864;0.030807;-0.005399;0.031525;-0.592418;0.010421;-0.528327
841;9.477868;0.990235;2.397014;0.027133;0.035438;-0.00549;-0.592874;0.010051;-0.529638
842;9.385011;1.087672;2.486835;0.053043;0.019239;-0.00816;-0.592541;0.008047;-0.53073
843;9.360687;1.048894;2.509149;0.028045;0.020875;-0.007313;-0.590716;0.008107;-0.530505
844;9.341269;0.990654;2.536768;0.006328;0.004734;0.008515;-0.592806;0.007257;-0.53085
845;9.348438;1.056129;2.567527;0.031438;-0.009774;0.00234;-0.593133;0.007416;-0.53217
846;9.360534;1.126568;2.529804;0.012622;-0.035261;0.007576;-0.592404;0.00804;-0.530593
847;9.4484;1.08253;2.468322;-0.00167;-0.01901;0.008496;-0.592375;0.006565;-0.530028
848;9.355778;1.053715;2.540781;-0.022247;-0.011838;0.010225;-0.592655;0.006847;-0.530441
849;9.319238;1.049062;2.530526;-0.025992;-0.042506;0.020746;-0.593261;0.008731;-0.52962
850;9.419306;1.000124;2.459534;-0.02744;-0.051099;0.006619;-0.594017;0.010225;-0.529185
851;9.42908;0.997693;2.435271;-0.034023;-0.030944;-0.020723;-0.595536;0.010811;-0.528504
852;9.385153;1.000221;2.49814;-0.041139;-0.043754;-0.021653;-0.59705;0.012198;-0.527716
853;9.42421;0.985537;2.454971;-0.029138;-0.030331;0.00136;-0.595616;0.011849;-0.525034
854;9.419353;0.975847;2.455066;0.003079;-0.008389;-0.004742;-0.597481;0.011664;-0.526036
