time index;acc_x;acc_y;acc_z;gyr_x;gyr_y;gyr_z;mag_x;mag_y;mag_z
1;-8.801572;-4.079453;-1.044924;0.000949;0.01178;0.015982;0.520539;0.621032;-0.087418
2;-8.816356;-4.064426;-1.067325;0.010981;0.009653;-0.004061;0.523652;0.620089;-0.088113
3;-8.808781;-4.04958;-1.089558;-0.014366;0.007067;-0.009555;0.520785;0.620845;-0.090436
4;-8.801528;-4.094095;-1.089793;0.020065;0.010413;-0.009524;0.519628;0.619492;-0.089096
5;-8.786369;-4.042322;-1.096804;0.009215;0.011342;-0.013187;0.522629;0.621061;-0.089262
6;-8.838599;-4.03464;-1.059838;0.00833;0.009447;-0.021392;0.520424;0.62162;-0.089492
7;-8.90567;-4.0488;-1.090288;0.021081;0.027341;-0.015076;0.519211;0.622487;-0.091613
8;-8.838492;-4.027112;-1.089638;0.011945;0.006714;-0.022288;0.519932;0.620737;-0.09102
9;-8.801297;-4.034881;-1.074481;-0.009686;0.020194;-0.032404;0.520648;0.620979;-0.090442
10;-8.801428;-4.071867;-1.089648;0.020115;0.014802;-0.016838;0.518786;0.621369;-0.089419
11;-8.786154;-3.990487;-1.089002;0.007555;0.043659;-0.010591;0.518862;0.621797;-0.09052
12;-8.860929;-4.019701;-1.044985;-0.001473;0.041792;-0.020634;0.517716;0.622164;-0.088917
13;-8.83105;-4.005122;-1.044664;0.018362;0.027368;-0.016894;0.517258;0.622723;-0.089765
14;-8.778811;-3.990724;-1.044174;-0.008952;0.006177;-0.007714;0.517334;0.622419;-0.088383
15;-8.779056;-4.020538;-0.999595;-0.0035;0.020653;0.004999;0.518523;0.622827;-0.089165
16;-8.771565;-4.020539;-1.014463;0.038243;0.035575;0.003168;0.518254;0.623623;-0.089043
17;-8.786338;-3.990782;-1.014382;-0.005304;0.013351;-0.005916;0.517388;0.622592;-0.089897
18;-8.808843;-4.034968;-1.037227;0.02912;0.013075;-0.007696;0.518889;0.622845;-0.089976
19;-8.801208;-3.990603;-1.029418;0.04002;0.028382;0.003199;0.518961;0.621681;-0.091204
20;-8.89054;-3.975006;-1.044919;0.04805;0.013227;0.016034;0.519213;0.621689;-0.091607
21;-8.801104;-3.975726;-1.044245;0.038014;0.009909;0.029723;0.519947;0.62146;-0.093228
22;-8.778748;-3.968556;-1.029104;0.001818;0.021008;0.036013;0.520755;0.621724;-0.093472
23;-8.786722;-4.035532;-0.940052;0.023541;0.037287;0.05786;0.5198;0.618944;-0.09349
24;-8.846503;-4.013238;-0.835886;0.008919;0.015935;0.061577;0.522806;0.617988;-0.093638
25;-8.905934;-3.953603;-0.806099;-0.009251;-0.007457;0.045234;0.525262;0.617968;-0.093815
26;-8.920696;-3.945896;-0.850936;-0.014829;-0.049768;0.02899;0.524368;0.615623;-0.09521
27;-8.957821;-3.93066;-0.880968;-0.020262;-0.068872;0.005349;0.524879;0.615902;-0.09588
28;-8.875514;-3.916089;-0.984723;-0.040262;-0.075744;0.018125;0.523383;0.617041;-0.098151
29;-8.845792;-3.960607;-1.029561;-0.02119;-0.066931;0.017202;0.525244;0.617182;-0.099179
30;-8.890383;-3.91591;-0.999759;-0.027524;-0.045039;0.043544;0.525263;0.616178;-0.101374
31;-8.927933;-4.019042;-1.075339;-0.071785;-0.021401;0.047933;0.526572;0.613207;-0.100061
32;-8.927889;-4.033683;-1.120208;-0.069076;-0.026856;0.044311;0.527598;0.614358;-0.098789
33;-8.928089;-4.078137;-1.120499;-0.019887;0.017417;0.028682;0.527586;0.61317;-0.099056
34;-8.875651;-4.019285;-1.119718;-0.014274;0.042303;0.013998;0.529488;0.611565;-0.099381
35;-8.890711;-4.004701;-1.030189;-0.043002;0.078105;-0.007169;0.528049;0.613072;-0.095595
36;-8.90549;-3.960244;-1.000162;-0.033972;0.074474;-0.006229;0.52938;0.614072;-0.093759
37;-8.846074;-3.946349;-0.887685;-0.057494;0.072724;-0.019012;0.5288;0.613761;-0.091852
38;-8.861012;-3.916858;-0.820445;-0.072001;0.076517;-0.011751;0.527892;0.613014;-0.088441
39;-8.897809;-3.812831;-0.820047;-0.019584;0.050981;-0.017042;0.528137;0.615348;-0.086384
40;-8.867893;-3.798194;-0.83465;-0.048741;0.00621;-0.029654;0.528992;0.614792;-0.085794
41;-8.852884;-3.783437;-0.849365;-0.0416;-0.006247;-0.018645;0.528045;0.615725;-0.085564
42;-8.860023;-3.746095;-0.908876;-0.001853;-0.021682;-0.01123;0.526291;0.61573;-0.085084
43;-8.889421;-3.686346;-0.968409;-0.00555;-0.035073;-0.007532;0.52745;0.615887;-0.086415
44;-8.524379;-3.667474;-0.861045;-0.029426;-0.038338;0.065448;0.527045;0.616021;-0.086295
45;-8.830231;-3.864054;-1.118364;0.008929;-0.018696;0.021598;0.526513;0.616219;-0.08852
46;-9.12804;-3.94206;-1.397239;0.014576;0.000617;0.004156;0.526654;0.614357;-0.088501
47;-9.245811;-4.159388;-2.406971;0.019963;0.101763;-0.051947;0.526086;0.615965;-0.088811
48;-9.474464;-4.646498;-4.2924;-0.010424;0.298405;-0.070247;0.526814;0.617197;-0.085486
49;-10.06302;-5.810888;-6.558083;-0.529462;0.707516;-0.125761;0.525423;0.6206;-0.06822
50;-9.64442;-7.150959;-9.533662;-1.023708;1.358608;-0.175822;0.523337;0.625534;-0.028552
51;-9.985462;-7.057044;-10.10278;-1.002805;2.272792;-0.154233;0.516971;0.630384;0.040545
52;-11.692005;-7.248919;-10.579639;-0.573038;3.094384;-0.115415;0.504446;0.632772;0.114644
53;-12.333225;-5.67279;-10.619026;-0.708447;3.777981;-0.275414;0.47928;0.632645;0.207942
54;-12.336209;-5.98651;-9.979322;-0.164009;4.367802;-0.268082;0.433438;0.63233;0.296281
55;-12.077231;-4.736532;-9.93938;0.222395;5.062398;-0.002351;0.375125;0.635801;0.367021
56;-10.399141;-2.566304;-9.405097;0.28533;4.934058;-0.099958;0.295987;0.642279;0.427678
57;-9.047976;-2.673993;-7.41055;0.670771;4.731225;-0.113884;0.208801;0.649958;0.466389
58;-6.764568;-1.636082;-6.573082;1.14671;3.981906;-0.335905;0.110579;0.671871;0.469033
59;-5.43477;-0.619296;-5.95193;-0.171789;3.163625;-0.528259;0.033607;0.68128;0.469179
60;-2.871534;-2.915755;-3.798252;0.223077;2.805642;-0.142913;-0.022597;0.683267;0.47572
61;-0.438661;-2.650714;-4.554169;-0.275767;2.306792;-0.135746;-0.07195;0.686713;0.469859
62;0.398894;-4.456995;-2.932759;-0.284255;1.700857;-0.182334;-0.11233;0.681337;0.472545
63;1.821975;-3.368551;-3.750679;0.111121;1.439181;-0.18781;-0.147486;0.670458;0.470388
64;2.605429;-4.13572;-2.466192;0.981723;1.179147;-0.178124;-0.170105;0.682254;0.445301
65;2.614912;-2.340475;-3.021588;-0.102228;0.505975;-0.134712;-0.188699;0.691857;0.43113
66;3.39893;-3.621618;-2.9195;0.551425;0.236614;0.032446;-0.196235;0.695655;0.421162
67;3.449916;-3.170584;-4.64746;0.137426;0.039092;0.091986;-0.196241;0.700638;0.413691
68;4.313888;-3.965512;-5.86245;0.110758;-0.17841;0.180465;-0.184777;0.704128;0.408068
69;4.272422;-3.717198;-6.734251;0.209042;-0.208543;0.277381;-0.174847;0.707313;0.404451
70;4.653831;-3.718164;-7.261197;0.173946;-0.177928;0.271754;-0.169058;0.714073;0.402844
71;4.309042;-5.812149;-7.299816;-0.101297;-0.190717;0.25674;-0.159359;0.712923;0.407372
72;4.220043;-6.288828;-8.363253;-0.155586;-0.213103;0.252151;-0.148405;0.713675;0.409871
73;4.544773;-6.524635;-7.481759;0.167714;-0.095443;0.144519;-0.134988;0.715135;0.409849
74;3.875242;-6.259795;-7.514964;-0.107232;-0.137629;0.002909;-0.131019;0.717154;0.407377
75;3.576302;-6.479371;-7.593283;-0.028816;-0.055212;-0.020177;-0.133336;0.715445;0.412528
76;3.418215;-4.80628;-6.904522;0.054936;-0.034676;-0.135918;-0.136149;0.714911;0.413659
77;3.62637;-4.897077;-6.851297;0.020079;-0.09035;-0.097404;-0.13701;0.714806;0.412936
78;3.540322;-4.420166;-7.356292;0.052369;-0.156932;-0.089784;-0.135911;0.714861;0.410502
79;3.628629;-4.525677;-7.087662;0.028643;-0.096036;0.026668;-0.133867;0.714247;0.412791
80;4.077936;-4.511156;-7.91995;-0.136848;-0.187244;0.10073;-0.13037;0.715703;0.411682
81;3.821175;-5.132364;-7.702065;-0.020438;-0.124115;0.056802;-0.124403;0.711421;0.420488
82;3.933943;-4.925751;-7.714791;0.069136;-0.119001;0.082455;-0.118645;0.714745;0.418217
83;3.722195;-5.590977;-7.698336;-0.096427;-0.112908;0.05389;-0.114463;0.712077;0.421984
84;3.418256;-5.262249;-7.765664;0.057938;-0.052519;0.030108;-0.11117;0.713436;0.419628
85;3.491537;-5.507586;-7.707005;0.001571;-0.134321;-0.020688;-0.107519;0.713354;0.42129
86;3.315327;-5.053186;-7.959108;-0.249785;-0.082864;-0.052268;-0.106204;0.710844;0.425216
87;3.481466;-4.653826;-8.104499;-0.089822;0.036242;-0.045241;-0.106233;0.709464;0.427152
88;3.403834;-5.114243;-7.690187;0.002147;-0.03967;-0.048449;-0.109077;0.704564;0.432581
89;3.169153;-4.201474;-7.566632;0.184657;-0.034155;0.061224;-0.107752;0.710547;0.426945
90;3.404309;-5.025215;-7.719454;-0.219417;-0.080779;0.050834;-0.104157;0.707307;0.432483
91;3.412838;-4.883794;-7.897568;-0.023693;-0.074308;0.03557;-0.100885;0.707015;0.432203
92;3.687177;-5.234007;-7.957464;-0.055946;-0.031441;0.002525;-0.098194;0.705948;0.436312
93;3.731948;-5.351968;-8.196689;-0.021179;0.065614;0.045013;-0.097371;0.706071;0.436344
94;3.323883;-4.727837;-7.807679;0.084595;-0.013038;-0.02109;-0.096508;0.706974;0.432104
95;3.327787;-5.498561;-7.782812;-0.152688;-0.011293;-0.012325;-0.097747;0.703669;0.436897
96;3.25721;-4.564827;-7.672801;0.171444;0.007578;0.024541;-0.098354;0.706692;0.433408
97;3.253972;-5.20995;-7.542698;-0.160877;-0.034862;-0.04141;-0.096765;0.704444;0.437344
98;3.300785;-4.964216;-7.943715;0.145202;-0.013204;0.002692;-0.094616;0.705572;0.434117
99;3.241665;-4.85995;-7.95841;-0.160834;-0.033137;-0.039594;-0.09574;0.702277;0.438502
100;3.181733;-4.992361;-8.079124;0.145198;0.016893;0.048146;-0.093373;0.704823;0.436789
101;3.28656;-4.845315;-8.002748;-0.001439;-0.008752;-0.00847;-0.093831;0.704784;0.438423
102;3.345376;-5.008913;-7.973517;-0.061047;0.011187;-0.025052;-0.092944;0.703416;0.43957
103;3.459206;-4.793238;-8.404071;-0.022001;0.04344;0.000406;-0.093705;0.702465;0.440647
104;3.50752;-5.248535;-7.667887;0.001779;0.108028;0.003817;-0.09526;0.701508;0.442244
105;3.316874;-4.815328;-8.151572;-0.013659;0.029926;-0.072492;-0.096192;0.703164;0.440267
106;3.180243;-5.274261;-7.99142;0.089838;0.128579;-0.010784;-0.09878;0.700794;0.440456
107;3.346746;-4.70514;-7.971531;0.011734;0.06241;-0.046138;-0.099684;0.703233;0.439025
108;3.419248;-5.422475;-8.468165;-0.004158;0.148773;-0.020112;-0.104463;0.702478;0.439252
109;3.583694;-5.305339;-8.443769;-0.010966;0.183825;-0.090474;-0.108802;0.702833;0.437561
110;3.540447;-4.817159;-8.142426;0.043501;0.177462;-0.144161;-0.113834;0.702336;0.438188
111;3.63449;-5.028464;-7.366996;0.126986;0.251862;-0.114249;-0.119713;0.699936;0.435767
112;3.337634;-4.126668;-6.221634;0.292902;0.111566;-0.148959;-0.125928;0.705801;0.42749
113;3.166101;-3.794475;-5.564083;-0.234454;-0.099607;-0.137817;-0.131889;0.704635;0.428636
114;3.058848;-4.188147;-5.104787;0.246061;-0.195415;0.05658;-0.128245;0.704557;0.430159
115;2.620018;-3.653569;-4.492721;0.310451;-0.543927;0.029883;-0.120047;0.709264;0.424947
116;1.878931;-3.77051;-3.402127;0.145206;-1.04321;-0.067652;-0.106112;0.711463;0.421911
117;0.374349;-2.609439;-1.667245;0.530771;-1.752675;-0.040432;-0.083858;0.717445;0.418355
118;-1.204193;-2.829669;-2.725386;1.025456;-2.191387;0.319437;-0.04572;0.731304;0.397481
119;-2.149605;-3.788474;-1.93285;1.550638;-2.717014;0.583136;0.006043;0.750508;0.360456
120;-3.96686;-2.288638;-2.772667;1.573347;-2.808711;1.181671;0.064724;0.767686;0.31216
121;-5.267402;-5.392817;-3.981777;1.329609;-2.855295;1.458524;0.137717;0.776325;0.259819
122;-7.879512;-5.475795;-5.793104;0.613444;-3.201768;1.746005;0.213894;0.772372;0.205219
123;-9.17899;-8.085454;-6.521396;-0.014979;-3.12913;1.873196;0.29991;0.754655;0.159789
124;-10.429958;-8.367746;-7.540143;-0.708658;-3.216334;1.799507;0.373157;0.728118;0.126026
125;-10.297344;-9.717342;-9.406054;-1.103126;-3.100207;1.450014;0.426665;0.695811;0.111751
126;-9.993895;-8.085639;-8.557352;-0.801958;-3.208101;1.140917;0.472112;0.668824;0.080455
127;-9.9377;-6.552346;-10.412558;-0.963028;-2.745343;0.821346;0.506881;0.644202;0.044307
128;-8.944405;-6.951568;-8.915139;-1.28893;-2.729876;0.755295;0.529815;0.623173;0.022252
129;-9.362157;-4.494789;-7.268063;-1.806342;-2.451838;-0.034483;0.532541;0.618715;-0.005692
130;-10.174717;-4.29729;-6.847583;-1.837864;-2.103571;0.133542;0.534478;0.615966;-0.007935
131;-10.295344;-4.442976;-3.506286;-1.479081;-1.570602;0.451002;0.539867;0.610846;-0.012224
132;-11.000709;-3.888675;-3.590117;-0.557642;-1.185471;0.383062;0.548616;0.605459;-0.02271
133;-8.879855;-3.737178;-4.975981;-0.517694;-0.8964;0.284471;0.551044;0.601343;-0.038553
134;-9.12656;-3.709663;-7.671603;-0.671157;-0.752566;0.42947;0.553053;0.601409;-0.031864
135;-9.135835;-3.12142;-2.787432;1.078677;0.565986;0.310506;0.565554;0.591182;-0.051526
136;-9.633208;-2.846744;-0.050713;0.798872;0.353771;0.412295;0.575589;0.579518;-0.061226
137;-9.350382;-2.761386;0.27287;0.289765;0.163707;0.189932;0.582947;0.570703;-0.067199
138;-9.55257;-3.327668;-0.389038;-0.375637;-0.114502;0.028745;0.580686;0.570956;-0.060959
139;-9.264504;-3.079428;-1.90757;-0.592256;-0.082346;-0.075657;0.580767;0.573236;-0.051886
140;-9.197503;-2.830007;-1.412921;0.10935;0.10729;-0.015297;0.583012;0.571727;-0.050958
141;-9.1536;-2.736056;-0.904534;0.385963;0.075963;0.058194;0.584359;0.570797;-0.056405
142;-9.110322;-2.966748;-0.741533;0.443956;0.059024;0.023691;0.584184;0.569426;-0.064662
143;-9.214822;-3.025003;-0.787478;0.340592;0.01277;-0.0018;0.581976;0.569326;-0.069982
144;-9.259637;-3.05422;-0.802933;0.153842;-0.010787;0.018105;0.582775;0.568136;-0.075448
145;-9.229664;-3.002714;-0.772521;0.099581;-0.001546;0.008876;0.585321;0.566679;-0.08153
146;-9.319198;-2.950661;-0.638538;0.041606;-0.001119;0.009704;0.585154;0.566696;-0.082088
147;-9.273966;-2.906065;-0.764766;0.055159;-0.035722;-0.02387;0.584043;0.566384;-0.084884
148;-9.169898;-3.032388;-0.884197;0.092163;-0.037348;0.009934;0.583058;0.566472;-0.082859
149;-9.349039;-2.96518;-0.653784;0.113266;-0.011129;-0.032111;0.581742;0.566063;-0.086901
150;-9.31946;-2.980505;-0.586497;0.030953;0.007346;-0.035946;0.58108;0.566857;-0.091477
151;-9.229577;-2.951087;-0.712485;-0.038001;0.004642;-0.004102;0.581753;0.565661;-0.091716
152;-9.303712;-2.891007;-0.764894;-0.055979;0.017076;-0.020603;0.581948;0.567091;-0.090618
153;-9.213986;-2.920685;-0.936042;0.060071;0.039552;-0.020538;0.579594;0.568785;-0.088522
154;-9.109757;-3.157082;-1.324834;0.255069;0.117494;0.018602;0.579445;0.568329;-0.091278
155;-9.300878;-3.018851;-2.161174;0.337007;0.29483;-0.068723;0.581579;0.566146;-0.094893
156;-9.131602;-2.805692;-3.934558;-0.045434;0.568828;-0.0595;0.580002;0.566725;-0.08615
157;-9.810519;-4.198866;-6.247189;0.30052;1.049801;-0.048498;0.580718;0.568886;-0.067964
158;-10.260527;-4.754134;-9.179477;-0.270138;1.525903;-0.002211;0.582765;0.569987;-0.040492
159;-10.943595;-5.318137;-11.307649;-1.423323;2.282886;-0.258886;0.580243;0.574263;0.028763
160;-12.041449;-6.011699;-11.693604;-0.234493;3.01785;-0.14383;0.566825;0.579347;0.106662
161;-12.550972;-5.058454;-11.877831;0.093753;3.76546;-0.440281;0.538516;0.589079;0.180349
162;-13.368026;-5.736114;-11.239203;-0.589523;4.420904;-0.650226;0.486502;0.598983;0.276351
163;-13.194392;-4.454097;-9.766917;0.061369;4.871386;-0.290034;0.413115;0.60333;0.379521
164;-12.076985;-4.18448;-9.017912;-0.315044;5.013022;-0.460647;0.324258;0.60691;0.457707
165;-9.85438;-3.265668;-7.920495;0.429555;4.745577;-0.217441;0.233822;0.61281;0.504561
166;-8.599427;-1.917794;-6.558979;0.408192;4.052823;-0.343792;0.136558;0.62422;0.52687
167;-6.071136;-1.045396;-5.586406;0.139211;3.304995;-0.441871;0.053084;0.633458;0.535843
168;-3.585107;-2.803932;-4.392466;0.886832;2.852829;-0.271794;-0.030041;0.643462;0.521144
169;-1.249697;-0.393927;-3.993425;0.561909;2.424323;-0.232685;-0.088496;0.662901;0.492085
170;0.271579;-2.914999;-2.878922;-0.231702;1.757722;-0.125926;-0.125287;0.664313;0.487982
171;2.102481;-3.55907;-2.988625;-0.080035;1.316116;-0.121838;-0.159073;0.660853;0.486101
172;2.515542;-3.870929;-1.793535;1.107557;0.91091;-0.069168;-0.18002;0.671955;0.461499
173;3.173977;-2.53608;-3.406666;-0.165154;0.362181;-0.201627;-0.193932;0.678113;0.445201
174;3.695664;-4.53832;-4.042573;0.517412;0.291063;-0.195859;-0.202866;0.67862;0.439607
175;3.825204;-2.985466;-5.374726;0.178995;-0.122087;-0.076869;-0.207477;0.687409;0.430684
176;4.062905;-3.584455;-6.152909;0.121825;-0.10289;0.00321;-0.207036;0.68925;0.426283
177;5.096991;-4.581458;-7.203751;0.079975;-0.320085;0.03149;-0.202021;0.68909;0.43034
178;4.471663;-4.884173;-8.076101;0.084068;-0.188537;0.116564;-0.191563;0.692214;0.423853
179;4.778333;-4.708344;-8.19203;0.133654;-0.083577;0.076086;-0.187143;0.693944;0.422091
180;4.431438;-5.454993;-7.923408;-0.240534;-0.01782;-0.028725;-0.19098;0.693185;0.427036
181;4.463577;-4.826286;-7.710128;0.319104;0.001978;-0.004307;-0.191045;0.696937;0.420948
182;3.834495;-4.796683;-6.431171;-0.1621;-0.086782;-0.070274;-0.190654;0.695282;0.423041
183;3.942872;-4.165832;-6.911304;0.273245;-0.098057;-0.00851;-0.1878;0.695332;0.420127
184;4.028567;-5.121411;-7.148202;-0.014943;-0.169995;-0.037805;-0.185116;0.694135;0.424098
185;3.898954;-4.186253;-7.277428;0.344174;-0.15387;0.089395;-0.182346;0.70259;0.414923
186;4.290553;-5.180542;-7.713744;-0.038817;-0.249732;-0.042045;-0.178671;0.701966;0.417003
187;4.120987;-4.808411;-7.787233;-0.148206;-0.189465;-0.011452;-0.175706;0.702424;0.418633
188;4.039642;-4.836147;-8.101452;0.363927;-0.077001;0.027961;-0.16991;0.702278;0.416939
189;4.123142;-4.451889;-8.008771;-0.111245;-0.074594;-0.047457;-0.16766;0.70329;0.413029
190;4.090593;-4.985635;-7.878165;0.279701;-0.081883;0.016017;-0.168671;0.704719;0.41463
191;3.748549;-4.709445;-7.699865;0.004773;-0.03754;-0.028344;-0.167451;0.709027;0.412032
192;3.613435;-5.026188;-7.896973;0.198977;-0.135633;-0.01583;-0.166641;0.708826;0.409313
193;4.103969;-5.341274;-7.910226;-0.03141;-0.055551;-0.055666;-0.163333;0.708715;0.4122
194;3.896547;-5.043347;-7.880012;0.205269;0.065646;0.020732;-0.163627;0.712048;0.406932
195;3.79153;-5.095078;-7.702047;-0.214801;0.000671;-0.103599;-0.166048;0.710193;0.407674
196;3.694176;-5.124465;-7.568653;0.13655;0.074818;-0.002215;-0.166794;0.710098;0.406544
197;3.704299;-4.524447;-7.54975;0.102973;-0.01589;-0.106729;-0.170953;0.712223;0.403195
198;3.716335;-4.926371;-7.119452;0.022125;-0.009064;-0.044854;-0.171093;0.710102;0.403067
199;3.702428;-4.777537;-7.252913;-0.220046;-0.100893;-0.065765;-0.170046;0.708123;0.407116
200;3.92516;-5.074935;-7.447181;0.000179;-0.028174;-0.006491;-0.169756;0.70685;0.40989
201;3.940397;-5.074524;-7.581386;-0.152035;-0.086999;-0.061167;-0.168056;0.706805;0.410923
202;3.67328;-4.864495;-7.68652;0.084321;-0.097772;-0.067204;-0.168484;0.703432;0.412995
203;3.82208;-4.939668;-7.71573;0.014591;-0.093616;-0.062746;-0.169159;0.704562;0.415713
204;3.661197;-4.44058;-8.056975;0.144922;-0.035934;0.041142;-0.167698;0.70676;0.412452
205;3.895673;-5.265413;-7.9337;-0.231399;-0.010924;-0.035174;-0.167382;0.704147;0.41565
206;3.808293;-4.893618;-8.088655;0.345403;0.005309;0.01023;-0.166928;0.707907;0.409032
207;4.028718;-5.577204;-8.054117;-0.338592;0.037176;-0.116693;-0.168808;0.70472;0.414625
208;3.562328;-4.656287;-7.648695;0.260311;0.133902;-0.077995;-0.173859;0.703238;0.412368
209;3.658227;-4.864611;-7.626935;-0.024359;0.00297;-0.169928;-0.17803;0.703576;0.411234
210;3.705138;-4.103841;-7.114188;0.025981;0.032925;-0.055948;-0.179625;0.70483;0.409647
211;3.666227;-4.569576;-7.304072;0.031029;-0.03231;-0.031972;-0.180622;0.703465;0.411406
212;3.676157;-4.153752;-7.547553;0.106847;-0.026509;0.045633;-0.179208;0.70635;0.407312
213;3.806553;-5.028811;-7.626878;-0.107053;-0.083592;0.02277;-0.176506;0.70395;0.411568
214;3.910774;-5.412328;-8.285274;0.030932;-0.03906;0.017276;-0.173533;0.70447;0.410858
215;3.864907;-5.634477;-8.227367;0.041548;0.057112;-0.025996;-0.17531;0.704487;0.410924
216;4.000161;-5.221888;-7.910237;0.02493;0.110804;-0.121974;-0.177141;0.705925;0.407536
217;3.854695;-4.023335;-7.164768;0.01172;-0.030612;-0.197948;-0.182278;0.704749;0.408715
218;3.374513;-4.127588;-6.064651;0.385715;-0.063167;-0.027692;-0.184832;0.70555;0.404614
219;3.069865;-3.410163;-5.122032;0.182984;-0.324282;0.036098;-0.183016;0.711092;0.395422
220;2.525658;-3.229467;-4.744401;0.141394;-0.609947;0.107453;-0.173466;0.712672;0.397308
221;1.861122;-4.260512;-3.121877;0.674011;-0.79515;0.269427;-0.155942;0.720331;0.392449
222;0.719834;-2.76977;-3.038751;1.447368;-1.398329;0.431697;-0.126799;0.739042;0.362505
223;-0.064145;-2.655399;-2.267862;0.087716;-1.923822;0.513214;-0.086931;0.750515;0.350667
224;-1.60808;-4.314505;-4.902203;0.429838;-2.446013;0.463671;-0.041444;0.752169;0.351104
225;-2.431619;-4.328562;-3.430983;1.370538;-2.612619;0.973601;0.013011;0.764395;0.325528
226;-4.281025;-5.88942;-5.932678;1.404528;-2.698686;1.0786;0.07599;0.781175;0.27066
227;-5.484504;-5.064308;-6.03345;0.160789;-3.100963;1.348485;0.141146;0.78081;0.235004
228;-8.263995;-6.847874;-6.551184;-0.51526;-3.324482;1.233269;0.21568;0.766239;0.225161
229;-7.714555;-7.28228;-6.490142;-0.246819;-2.898571;1.450722;0.281396;0.749264;0.204242
230;-9.806246;-7.069968;-7.213553;-0.052179;-2.926278;1.476424;0.341551;0.729868;0.171691
231;-9.424124;-6.451935;-6.885753;-0.130492;-2.508975;1.177281;0.395305;0.708728;0.137244
232;-11.273077;-6.496849;-6.765743;-0.245028;-3.090008;1.483133;0.444582;0.683567;0.095901
233;-9.749837;-6.88705;-8.607407;-9.3e-05;-2.349197;1.446631;0.490083;0.654304;0.045486
234;-9.141396;-6.271114;-6.345139;-0.646568;-2.459326;1.187355;0.519387;0.630264;0.004572
235;-11.185074;-3.239423;-6.243911;-0.497611;-2.513579;1.470405;0.541088;0.612106;-0.029944
236;-10.560267;-6.992381;-6.569537;-1.190395;-1.833891;0.277242;0.555354;0.597951;-0.042485
237;-10.052126;-5.721832;-4.751518;-0.43995;-1.266923;0.325212;0.560238;0.590962;-0.061099
238;-9.979678;-5.10057;-2.747003;-0.752707;-1.096565;0.327778;0.561712;0.586521;-0.074362
239;-10.293206;-4.049704;-3.65296;-1.316716;-0.839164;0.402489;0.568188;0.581923;-0.073793
240;-9.430637;-3.790384;-5.390936;-0.274679;0.061574;0.068125;0.576942;0.578451;-0.061577
241;-9.10658;-2.622387;-1.634754;0.512464;0.240198;0.365901;0.584758;0.568346;-0.064218
242;-9.436955;-2.667801;-0.727141;0.653862;0.162055;0.209557;0.593198;0.560523;-0.072909
243;-9.103979;-2.909749;-0.181433;0.505413;0.126369;0.125644;0.591237;0.559637;-0.078763
244;-9.520514;-2.963888;-0.632689;-0.050892;0.015424;0.065117;0.594892;0.555706;-0.082167
245;-9.488894;-3.020066;-1.476066;-0.289737;-0.009981;-0.003518;0.598069;0.553404;-0.081748
246;-9.362051;-2.844331;-1.205315;-0.072074;0.063956;0.001046;0.596816;0.553625;-0.079597
247;-9.302283;-2.594496;-0.800267;0.002019;0.04296;0.002173;0.59892;0.553978;-0.078689
248;-9.198442;-2.706472;-0.800207;0.203877;0.002675;-0.025643;0.594902;0.55603;-0.07446
249;-9.243325;-2.787288;-0.88316;0.311733;0.023507;-0.017387;0.594144;0.555079;-0.078338
250;-9.273438;-2.853729;-0.88382;0.298123;-0.005475;-0.047381;0.596382;0.553113;-0.090074
251;-9.340768;-2.824172;-0.727428;0.213883;0.001524;-0.038408;0.594784;0.553176;-0.096747
252;-9.251311;-2.788084;-0.666816;0.097943;-0.00032;-0.038547;0.594092;0.553121;-0.09939
253;-9.288678;-2.846791;-0.734643;0.052479;-0.017608;-0.011182;0.59181;0.554184;-0.098526
254;-9.348225;-2.816762;-0.712512;0.018059;-0.017353;-0.009411;0.591653;0.556651;-0.101303
255;-9.318249;-2.772607;-0.697072;0.018963;-0.021002;-0.014861;0.593277;0.554057;-0.104248
256;-9.400002;-2.712733;-0.682378;0.014434;-0.010043;-0.000328;0.591706;0.554636;-0.105417
257;-9.34781;-2.757253;-0.771821;0.068798;-0.017788;-0.014811;0.591643;0.555729;-0.106529
258;-9.236158;-2.84665;-0.876029;0.095977;-0.028921;-0.029312;0.590577;0.555527;-0.108497
259;-9.631165;-2.814038;-0.826576;0.081856;0.002706;-0.080576;0.588319;0.556645;-0.109698
260;-9.241369;-2.68117;-1.48691;0.13128;0.040855;-0.149957;0.586711;0.557442;-0.114036
261;-9.033481;-3.522647;-2.714641;0.045577;0.284582;-0.111031;0.586322;0.560155;-0.111043
262;-9.865821;-4.188764;-4.949083;0.614496;0.656661;-0.2935;0.580777;0.563295;-0.107158
263;-9.930378;-5.044757;-7.566982;-0.045207;1.060559;-0.277084;0.580483;0.567949;-0.092335
264;-10.730002;-5.301901;-10.231337;-0.979846;1.892846;-0.262027;0.5766;0.579409;-0.042736
265;-11.526423;-6.161722;-12.272743;-0.644703;3.143534;-0.210562;0.569833;0.584921;0.031572
266;-12.359056;-6.019213;-12.890048;-0.296074;3.728183;-0.115111;0.554575;0.588589;0.118356
267;-14.255237;-5.597052;-10.879369;-0.66651;4.254821;-0.632364;0.514381;0.596825;0.217598
268;-14.256523;-5.437298;-10.057475;-0.073274;4.840955;-0.611249;0.449342;0.605134;0.333327
269;-13.420642;-4.633095;-9.016094;0.002525;4.883151;-0.532762;0.368503;0.613907;0.413036
270;-11.481214;-3.594253;-7.718558;-0.181444;4.707406;-0.563007;0.275746;0.62208;0.470105
271;-8.795467;-2.486231;-6.691023;0.215408;4.322417;-0.24676;0.179334;0.628881;0.510379
272;-6.609982;-1.441843;-5.421435;0.393817;3.697683;-0.42777;0.091057;0.636445;0.524128
273;-4.22334;-2.044132;-4.116256;0.668805;3.030898;-0.339464;0.003548;0.647619;0.516955
274;-2.239336;-1.623734;-3.904454;0.500701;2.41068;-0.330428;-0.0573;0.659145;0.501487
275;-0.149973;-2.178135;-2.862402;-0.181576;1.799676;-0.386883;-0.102777;0.665652;0.49397
276;1.29612;-3.635798;-2.562419;-0.091121;1.642485;-0.112384;-0.140467;0.658016;0.495679
277;2.073618;-3.218956;-2.747834;0.152987;1.136043;-0.202811;-0.169847;0.661272;0.484426
278;3.072572;-3.160409;-2.717491;0.170241;0.627248;-0.187731;-0.190058;0.659661;0.472888
279;3.235865;-3.8248;-3.668299;-0.2683;0.442911;-0.105486;-0.202577;0.656232;0.471722
280;4.269342;-3.251398;-4.611921;0.012168;0.052566;-0.060465;-0.211121;0.657339;0.473299
281;4.049008;-3.214943;-5.881965;0.081027;-0.070611;0.045896;-0.211844;0.656103;0.475068
282;4.49926;-3.419565;-7.506686;0.084327;-0.19047;0.019966;-0.207441;0.65877;0.473023
283;4.59613;-3.538065;-7.71567;0.148575;-0.298873;0.131782;-0.194154;0.659762;0.475614
284;4.767857;-3.892013;-8.49276;-0.019414;-0.234344;0.122142;-0.185506;0.659134;0.475966
285;4.118179;-3.940306;-8.080106;0.108033;-0.108159;0.110774;-0.182167;0.663389;0.474554
286;4.227752;-4.393457;-8.007598;-0.057347;-0.227237;0.099203;-0.17845;0.664204;0.477451
287;3.841056;-4.344817;-8.278861;0.084471;-0.122504;0.108022;-0.169737;0.666332;0.474068
288;4.11336;-4.992516;-8.057136;-0.054264;-0.226637;0.012534;-0.160762;0.664213;0.480364
289;4.019691;-4.552591;-8.562428;0.094668;0.004931;-0.011978;-0.158331;0.665267;0.479765
290;3.994828;-4.747675;-7.899731;0.155629;-0.086488;0.010394;-0.156613;0.668533;0.476231
291;4.019713;-4.802641;-9.034186;-0.238579;-0.065617;-0.093316;-0.154521;0.667033;0.476876
292;4.025792;-4.407716;-7.740575;0.375397;-0.014463;-0.059821;-0.156732;0.666932;0.476513
293;3.650622;-3.528787;-8.140675;-0.029823;0.056899;-0.085323;-0.160095;0.673445;0.467795
294;3.809721;-4.472067;-7.891881;-0.212034;0.051527;-0.049078;-0.163087;0.665298;0.475444
295;3.380415;-3.801824;-7.875853;0.009113;-0.081658;-0.033632;-0.161818;0.667259;0.476169
296;3.797247;-3.754563;-7.558963;-0.173846;-0.090318;-0.053857;-0.159788;0.665855;0.478188
297;3.839185;-4.597908;-7.982024;-0.090503;-0.114583;-0.073737;-0.159949;0.660623;0.485103
298;3.69321;-3.73852;-7.656659;0.402875;-0.064695;0.025237;-0.159373;0.664522;0.478214
299;3.924073;-4.233485;-8.493917;-0.237497;-0.187263;-0.082737;-0.158422;0.664714;0.480592
300;3.781989;-4.519971;-8.832665;-0.028373;0.030923;0.000481;-0.156264;0.663978;0.482473
301;4.112265;-3.724467;-8.310081;0.138179;0.017176;-0.021049;-0.154936;0.663852;0.481701
302;3.961975;-4.298962;-8.874639;-0.169476;-0.008749;-0.098012;-0.157375;0.6632;0.482159
303;3.759444;-4.189097;-8.144143;0.283302;0.062755;-0.017445;-0.15875;0.660096;0.484467
304;3.45399;-3.884869;-7.637038;0.052051;-0.018526;-0.055722;-0.16063;0.663883;0.477756
305;3.460061;-4.122522;-7.511676;0.097054;-0.050733;-0.028167;-0.160589;0.66685;0.476083
306;3.454902;-3.706874;-7.680648;0.079772;-0.039417;0.008249;-0.159875;0.668488;0.474173
307;3.850058;-3.908419;-8.104319;-0.107747;-0.037787;0.034456;-0.156252;0.667625;0.475288
308;3.676007;-4.227548;-7.622658;0.105754;-0.086016;0.019435;-0.153971;0.666495;0.476902
309;3.484632;-3.972041;-8.137354;0.043906;-0.135685;0.039605;-0.150324;0.670268;0.473579
310;3.817414;-4.596783;-8.220979;-0.063448;-0.058761;0.03549;-0.147001;0.670016;0.476743
311;3.499766;-4.192457;-8.638654;-0.0054;-0.078595;0.00097;-0.146376;0.670437;0.475664
312;3.756931;-4.810989;-8.267605;0.073699;-0.007276;0.003523;-0.145245;0.668084;0.478755
313;3.567305;-4.07457;-8.607525;0.025891;0.018854;-0.003954;-0.145957;0.67116;0.473335
314;3.482274;-4.490707;-8.133282;0.007056;0.042925;-0.030541;-0.146252;0.669513;0.4754
315;3.580888;-4.157724;-8.219917;0.089485;0.038643;-0.041336;-0.146172;0.67213;0.471943
316;3.362329;-4.534998;-7.932994;0.060405;0.006322;-0.061327;-0.148301;0.673515;0.470608
317;3.401002;-4.518326;-8.477348;-0.109655;0.024273;-0.072589;-0.149383;0.672723;0.470846
318;3.600646;-4.625475;-8.021324;0.204615;0.042905;-0.068565;-0.150368;0.669493;0.472757
319;3.409619;-4.001638;-7.996329;-0.045284;0.013452;-0.123496;-0.154504;0.671739;0.469821
320;3.510313;-4.552641;-7.521554;0.000656;-0.013428;-0.106898;-0.156081;0.670661;0.471005
321;3.468505;-3.67231;-7.083327;0.186725;-0.09981;-0.11171;-0.157302;0.672395;0.466262
322;3.242315;-3.69675;-6.070313;0.074539;-0.268801;-0.15491;-0.157122;0.673699;0.467086
323;2.567586;-3.969851;-4.97277;0.666417;-0.429272;-0.051318;-0.153455;0.679587;0.459205
324;2.458281;-2.64833;-3.547147;1.413962;-0.654992;0.199711;-0.139688;0.699997;0.43111
325;1.045234;-1.967388;-0.508771;1.351438;-0.962267;0.427077;-0.120158;0.72134;0.400761
326;-0.982381;-2.841683;-2.014853;1.730269;-1.527022;0.62948;-0.084001;0.74747;0.359067
327;-1.690374;-2.652021;-1.698105;2.030026;-2.226871;0.885462;-0.035317;0.773777;0.306035
328;-3.071447;-3.65959;-2.670319;1.956737;-2.764925;1.154693;0.027777;0.79754;0.238455
329;-5.727475;-4.56205;-3.278397;0.827947;-3.138635;1.521071;0.096341;0.804586;0.187738
330;-8.651824;-6.124356;-5.109174;0.061381;-3.493967;1.730013;0.167142;0.796912;0.159934
331;-8.130568;-8.598034;-6.442154;-0.435057;-3.106119;2.091489;0.245314;0.779086;0.136355
332;-11.527931;-7.700749;-5.357646;-0.463163;-3.026186;2.201177;0.326933;0.749199;0.115343
333;-11.067595;-7.827652;-7.914587;-0.88689;-3.093563;1.928183;0.4047;0.709471;0.096176
334;-12.169796;-7.258389;-7.232702;-0.809579;-3.328196;1.292657;0.458472;0.677039;0.061674
335;-12.568753;-7.367199;-8.878165;-0.311932;-3.075103;1.558463;0.502932;0.647231;0.00723
336;-10.526752;-7.376507;-8.795579;-0.914704;-3.607511;0.980111;0.534022;0.615674;-0.046362
337;-10.535131;-6.752725;-7.261792;-1.982304;-2.976572;0.780835;0.544348;0.602745;-0.078344
338;-9.96406;-6.349965;-5.351928;-1.520782;-2.571788;0.394984;0.546882;0.599906;-0.097221
339;-9.447624;-10.047709;-10.028602;-2.853046;-2.25573;0.291305;0.543824;0.603148;-0.107968
340;-10.052469;-4.587649;-8.609673;2.240434;0.5066;0.007459;0.545594;0.601944;-0.118214
341;-10.041594;-3.412024;1.315597;0.412901;0.647027;0.337525;0.56045;0.589421;-0.127439
342;-8.478388;-2.621321;0.556503;0.351971;0.212563;0.306639;0.567632;0.579696;-0.129145
343;-8.860978;-2.813493;1.209044;0.502252;-0.022409;0.233956;0.568417;0.570814;-0.135106
344;-9.27741;-3.382343;-0.238058;0.303144;-0.110551;0.139121;0.572977;0.563917;-0.147126
345;-9.753472;-3.730064;-1.273742;-0.011316;-0.083187;0.034524;0.576515;0.56177;-0.152613
346;-9.393989;-3.185853;-0.968981;0.047496;0.052055;-0.026108;0.575966;0.561909;-0.152636
347;-9.142208;-3.013973;0.019084;0.002139;0.099894;0.021103;0.575815;0.560988;-0.15291
348;-9.083461;-2.98644;0.430141;-0.114718;0.081627;-0.008144;0.57405;0.561528;-0.147616
349;-9.194901;-2.999679;0.257575;-0.157762;-0.039494;-0.035057;0.573791;0.563978;-0.144753
350;-9.484901;-3.010975;-0.043194;-0.230266;-0.057015;-0.03147;0.575849;0.563622;-0.14219
351;-9.379846;-3.084224;-0.468231;-0.063192;0.01333;-0.040667;0.57395;0.566485;-0.139258
352;-9.216154;-3.085987;-0.355065;0.094253;0.025423;0.004202;0.573586;0.566135;-0.140922
353;-9.186994;-3.028431;0.018651;0.088768;0.012815;-0.011241;0.571313;0.566862;-0.142395
354;-9.142579;-3.088123;0.033524;-0.005563;-0.017922;-0.01397;0.571281;0.567409;-0.142951
355;-9.432837;-3.018922;-0.013001;-0.043541;-0.003293;-0.005905;0.572542;0.565922;-0.142477
356;-9.313248;-3.041402;-0.191339;-0.014494;0.008166;-0.004084;0.572235;0.567003;-0.143048
357;-9.246267;-3.071519;-0.205951;0.050659;0.010623;0.012416;0.572664;0.567057;-0.145234
358;-9.261236;-3.012658;-0.071359;0.088653;-0.001378;0.003403;0.570927;0.565992;-0.144469
359;-9.209332;-3.072351;-0.071353;0.064208;-0.001221;0.001548;0.571203;0.565789;-0.146935
360;-9.246641;-3.05741;-0.026765;-0.01276;0.002925;0.003247;0.572946;0.56433;-0.147681
361;-9.275995;-3.012302;-0.131168;0.006442;0.005833;-0.03687;0.57319;0.564475;-0.148222
362;-9.305509;-2.982159;-0.198357;0.059669;-0.001147;0.008828;0.572;0.564932;-0.149926
363;-9.291316;-3.07169;-0.071971;0.036267;0.013107;-0.013151;0.571894;0.565383;-0.151861
364;-9.351124;-3.071505;0.002201;0.043606;0.024571;-0.024138;0.570655;0.567125;-0.151923
365;-9.216676;-3.072114;-0.116182;0.013674;0.027706;-0.005943;0.571749;0.565123;-0.152002
366;-9.335844;-3.004825;-0.027099;-0.019829;0.016049;-0.024185;0.570678;0.566848;-0.151507
367;-9.291012;-3.012359;-0.086507;0.012879;0.034616;-0.026042;0.569916;0.566428;-0.150433
368;-9.261086;-3.019772;-0.146028;0.01086;0.018933;0.008679;0.570865;0.56483;-0.150659
369;-9.276264;-3.027444;-0.049182;-0.016257;0.029873;0.006772;0.571001;0.565227;-0.150656
370;-9.187;-3.09464;-0.101179;-0.021603;0.035109;-0.007844;0.572132;0.567322;-0.149938
371;-9.231731;-3.06488;-0.041625;0.04355;0.045742;0.017733;0.570725;0.565762;-0.150671
372;-9.261885;-3.12403;-0.012389;0.079739;0.031019;0.007809;0.572054;0.564972;-0.151438
373;-9.276399;-3.057081;-0.049375;0.10323;0.01463;0.001528;0.571461;0.564469;-0.152284
374;-9.157188;-3.09488;-0.100954;0.114075;0.002802;-0.007517;0.570893;0.563756;-0.155193
375;-9.276357;-3.027592;-0.011871;0.076164;0.034524;-0.000417;0.570285;0.563593;-0.158796
376;-9.246574;-3.042591;-0.026668;0.075998;-0.004106;-0.007545;0.570239;0.564014;-0.159627
377;-9.246852;-3.160724;-0.131912;0.079678;0.020307;0.013325;0.570998;0.56271;-0.160826
378;-9.172335;-3.212834;-0.221234;0.030913;0.02568;-0.013209;0.568688;0.562925;-0.162985
379;-9.261831;-3.160722;-0.102176;0.020207;0.041594;-0.037008;0.570389;0.562215;-0.161948
380;-9.544605;-3.363681;-0.665321;-0.030115;0.089919;-0.053749;0.56947;0.564197;-0.161173
381;-9.373158;-4.034361;-1.914604;0.016775;0.23939;-0.233112;0.566487;0.566466;-0.155527
382;-9.758352;-4.946868;-4.580077;0.010981;0.690126;-0.395702;0.561131;0.573229;-0.148082
383;-10.402536;-6.611881;-9.409044;-0.83514;1.301794;-0.299405;0.561468;0.584333;-0.116484
384;-11.807797;-7.735218;-12.897027;-0.885271;2.414179;-0.508803;0.556869;0.598001;-0.049859
385;-13.368098;-6.795409;-13.171394;-0.758138;3.611769;-0.191067;0.548109;0.605424;0.033166
386;-13.128272;-7.133544;-14.335911;-1.324877;4.451571;-0.97795;0.520471;0.614478;0.146673
387;-16.377916;-6.913637;-10.904028;-0.828616;5.281239;-0.667346;0.454661;0.623829;0.273377
388;-16.694086;-4.266213;-10.822048;-0.321744;5.787313;-0.422539;0.369827;0.626735;0.385047
389;-13.653571;-3.813133;-9.781157;-1.101483;5.600045;-0.501798;0.261035;0.619796;0.481509
390;-11.800258;-2.581672;-6.438321;-0.508345;5.459179;0.128281;0.153066;0.609012;0.542787
391;-8.862555;-0.406803;-5.886993;-0.520804;4.171643;-0.26254;0.047691;0.604058;0.56902
392;-6.482851;0.923592;-4.26334;-1.176116;3.33462;-0.127278;-0.03999;0.584113;0.592769
393;-3.570611;-1.020023;-3.970323;-1.182039;3.058945;0.545354;-0.121489;0.54598;0.608775
394;-0.659971;-2.760256;-2.646183;0.411999;2.414187;0.545094;-0.174911;0.544869;0.600995
395;1.444489;-3.410091;-1.858359;-0.012862;1.75054;0.372474;-0.207304;0.556718;0.587493
396;2.644592;-1.561254;-1.523814;-0.061176;1.331132;0.107186;-0.237404;0.557942;0.578015
397;3.242151;-3.238301;-2.104794;-0.439262;0.810819;-0.198441;-0.258804;0.550279;0.574596
398;3.979032;-3.17225;-1.568945;0.36007;0.599957;0.055352;-0.271009;0.553469;0.559352
399;4.062685;-0.880693;-4.105553;0.142984;0.054917;0.041914;-0.274992;0.565;0.546993
400;5.5824;-3.745299;-6.037959;-0.279675;-0.205497;-0.069707;-0.275347;0.555414;0.562743
401;5.437899;-1.606381;-6.995258;0.476824;-0.259855;0.031907;-0.270529;0.56093;0.558353
402;5.675769;-3.496974;-7.184846;0.022425;-0.291874;-0.051608;-0.266626;0.560126;0.562095
403;5.194396;-2.568705;-6.734716;0.359324;-0.340022;-0.13029;-0.252265;0.572206;0.55212
404;4.167768;-2.907761;-5.110438;0.120279;-0.572141;-0.478069;-0.24859;0.570717;0.556684
405;3.536294;-3.360104;-3.745085;1.244461;-0.920463;-0.340107;-0.242161;0.579619;0.549305
406;2.259896;-1.869816;-3.274942;1.556215;-1.480317;-0.200544;-0.221901;0.610354;0.525112
407;0.14887;-2.985797;-1.596779;1.643155;-2.02159;0.00872;-0.188413;0.638661;0.502294
408;0.623224;-1.491377;-3.837111;2.5334;-2.335723;0.350582;-0.14157;0.681074;0.458708
409;-2.491998;-3.270115;-1.163447;2.633989;-3.003025;0.597701;-0.079507;0.727312;0.40056
410;-4.123143;-3.40503;-4.937749;2.277165;-3.124336;1.043437;-0.019125;0.763699;0.33388
411;-5.006524;-5.402239;-4.002247;0.954406;-3.524658;1.125304;0.056161;0.77797;0.288612
412;-8.89928;-7.183972;-6.461175;1.203061;-3.539657;1.336784;0.128901;0.782818;0.239042
413;-8.930444;-7.244746;-6.021525;-0.030373;-3.664165;1.854563;0.221043;0.775014;0.188278
414;-12.264949;-9.252812;-8.589627;-0.406861;-3.605088;1.762138;0.303109;0.752076;0.160625
415;-11.383876;-8.477633;-7.794352;-0.366216;-3.284836;1.699846;0.368729;0.725462;0.132613
416;-12.166976;-7.680472;-9.16819;-0.420698;-3.249833;1.3621;0.424831;0.696659;0.090744
417;-10.69208;-8.348288;-10.041912;-0.701639;-3.294252;1.370218;0.465761;0.67085;0.047005
418;-9.273751;-6.914419;-8.275628;-0.613712;-2.85355;0.909033;0.496073;0.646444;0.004482
419;-11.115722;-4.594383;-6.632779;-0.08435;-2.129658;0.746979;0.512166;0.6312;-0.047352
420;-9.842405;-6.141109;-5.94664;-0.175966;-1.626469;0.480308;0.527137;0.615444;-0.084635
421;-9.975845;-4.756062;-3.677534;-0.234725;-1.363724;0.482835;0.537643;0.60249;-0.110827
422;-11.313483;-3.429711;-2.850725;-0.196618;-1.253369;0.588133;0.546649;0.591672;-0.13682
423;-9.866305;-4.174831;-4.725123;-1.215087;-1.15023;-0.022833;0.543423;0.594794;-0.133118
424;-9.331169;-4.233025;-4.214;1.306728;0.463709;0.041219;0.545829;0.588169;-0.15445
425;-9.590817;-2.946463;0.717588;1.053118;0.45596;0.115828;0.552007;0.577485;-0.169543
426;-9.057335;-3.330952;1.301201;0.268408;0.103249;-0.016821;0.554816;0.571718;-0.178475
427;-9.354966;-3.357183;1.045051;-0.379931;-0.076259;-0.027914;0.55522;0.57457;-0.176002
428;-9.000682;-3.809629;-1.417799;-0.501826;-0.084378;-0.05727;0.551693;0.574853;-0.170363
429;-8.947715;-3.455711;-1.08675;-0.122949;0.062173;0.035664;0.550795;0.576158;-0.164213
430;-9.173054;-3.736223;-0.89626;-0.075182;0.195345;0.033306;0.552803;0.580074;-0.157415
431;-9.144342;-4.473772;-1.811253;-0.278683;0.373517;-0.00426;0.553025;0.57976;-0.145839
432;-9.827486;-4.831944;-3.527655;-0.308319;0.68484;-0.301245;0.550927;0.585371;-0.126415
433;-8.971766;-4.932008;-6.178434;-0.430313;1.161127;-0.378226;0.550565;0.593438;-0.100192
434;-9.924842;-5.805504;-8.191268;-1.085227;1.748655;-0.43289;0.544577;0.604014;-0.046541
435;-11.132523;-6.215498;-8.859784;-0.782556;2.362027;-0.349537;0.533275;0.616749;0.022713
436;-12.202257;-5.620146;-9.214758;-0.343015;2.999459;-0.284286;0.518074;0.624246;0.09061
437;-11.922327;-5.365589;-10.442278;-1.348578;3.371264;-0.619214;0.486267;0.633447;0.17545
438;-12.452616;-5.399906;-10.058476;-1.048475;3.63373;-0.605385;0.439053;0.631016;0.283713
439;-12.428989;-3.422121;-9.963349;-1.269548;4.269308;-0.238085;0.380605;0.624858;0.371726
440;-11.444508;-3.428955;-10.232038;-1.848874;4.402373;0.09443;0.314462;0.607174;0.466399
441;-9.967098;-2.540741;-9.252406;-1.645666;4.594766;0.901186;0.240128;0.562947;0.558183
442;-8.507858;-2.363769;-8.255152;-0.447554;4.456324;0.914534;0.153688;0.534279;0.614398
443;-6.492902;-1.051774;-6.858256;-0.198972;3.683738;0.425088;0.055245;0.514479;0.641706
444;-4.485884;-1.010306;-4.566731;-0.370641;2.889262;0.364688;-0.01591;0.507468;0.652531
445;-2.674896;-1.002994;-4.470863;-0.422393;2.350642;0.376235;-0.071518;0.50551;0.657335
446;-0.386678;-3.399011;-2.812437;0.761254;2.061328;0.408468;-0.117631;0.514257;0.645783
447;0.997152;-1.308443;-4.012183;0.090633;1.455034;0.214257;-0.153136;0.531897;0.625643
448;2.211946;-2.852918;-3.774218;0.026534;1.045424;0.087417;-0.179071;0.525817;0.614459
449;3.38983;-3.126712;-4.378983;0.502829;0.742304;0.184309;-0.196656;0.532928;0.603651
450;3.59347;-1.678127;-5.726177;-0.03016;0.470774;-0.01403;-0.213316;0.545221;0.597385
451;3.212507;-3.137492;-5.03709;0.008589;0.180607;-0.114939;-0.221751;0.538642;0.598196
452;3.878549;-1.655348;-6.440259;-0.555595;-0.102055;-0.227502;-0.227421;0.528569;0.604375
453;4.094217;-2.283055;-7.405356;0.305267;0.014267;-0.178515;-0.222192;0.530762;0.599888
454;4.47669;-1.789501;-7.451483;-0.235517;-0.217223;-0.219244;-0.223628;0.523906;0.60346
455;3.854807;-1.174609;-8.034268;0.262453;-0.218525;-0.168457;-0.226677;0.52601;0.605388
456;4.591429;-2.75391;-7.389722;0.063232;-0.542821;-0.144496;-0.219292;0.526603;0.610223
457;3.501358;-1.265123;-6.918176;0.244406;-0.495314;-0.108022;-0.207919;0.532127;0.608023
458;3.398651;-2.060717;-6.013714;-0.075519;-0.914064;-0.377531;-0.190084;0.527018;0.613457
459;2.229678;-2.922052;-5.058067;1.650024;-0.720431;0.011464;-0.173355;0.54443;0.601886
460;0.941545;-2.840792;-2.395765;2.434394;-1.966506;-0.299538;-0.147529;0.593523;0.564842
461;-0.315799;-1.292474;-3.514592;0.988022;-2.692473;-0.48089;-0.108739;0.624251;0.538915
462;-1.874184;-4.011906;-2.200861;2.01559;-3.047736;-0.632295;-0.063832;0.648037;0.511907
463;-4.213284;-4.594341;-3.804418;3.725314;-3.279499;-0.362957;-0.012162;0.720732;0.42231
464;-4.660792;-3.887818;-5.42256;2.682449;-3.250266;0.550154;0.040771;0.770507;0.319989
465;-6.654153;-5.772265;-4.51713;1.089939;-3.486977;0.824184;0.094753;0.778595;0.270606
466;-9.101593;-7.272352;-6.187175;1.029774;-3.007567;1.6352;0.161634;0.781564;0.219025
467;-9.640696;-8.036982;-6.599206;0.250101;-3.268399;2.001787;0.242309;0.768812;0.173757
468;-12.222306;-9.256508;-7.746076;0.192816;-3.161517;1.572293;0.319958;0.747069;0.132976
469;-10.767006;-7.31121;-7.961186;-0.273219;-3.247439;1.578612;0.379555;0.724236;0.090103
470;-10.744311;-8.808678;-7.821504;-0.532605;-3.103897;1.168117;0.424138;0.699803;0.053108
471;-11.889992;-6.40089;-7.292166;0.344694;-2.490993;1.075457;0.460031;0.673899;0.0049
472;-9.529046;-6.591779;-6.909845;0.107929;-2.154162;0.878759;0.484802;0.651442;-0.048736
473;-8.597565;-6.474481;-6.610984;-0.260869;-1.705982;0.794353;0.50102;0.630755;-0.085932
474;-9.97815;-5.877788;-4.81167;-0.144194;-1.318459;0.592137;0.509564;0.618639;-0.112898
475;-11.82515;-4.551457;-2.951449;-0.295093;-1.049583;0.574266;0.522672;0.607716;-0.136523
476;-10.328944;-7.108803;-3.84476;-0.786738;-0.833648;0.155021;0.529164;0.603908;-0.14064
477;-8.956936;-3.505301;-3.504963;0.706984;0.12557;0.094828;0.530564;0.599306;-0.15776
478;-8.860934;-3.681361;-0.415942;0.804838;0.388905;-0.136822;0.527475;0.598182;-0.164208
479;-8.773437;-3.420401;0.86249;0.671826;0.274102;0.108863;0.529358;0.594334;-0.174981
480;-8.9241;-3.495328;1.375767;0.115449;-0.000483;0.055473;0.534976;0.587376;-0.185168
481;-9.19067;-4.005251;-0.286226;-0.044329;-0.136343;0.036603;0.535401;0.585707;-0.187479
482;-9.2044;-3.922332;-0.614137;-0.172022;-0.005352;-0.017036;0.535405;0.587298;-0.187353
483;-9.203626;-3.398854;0.038503;-0.084884;0.071629;0.00832;0.533458;0.58932;-0.177809
484;-9.041148;-3.520255;0.426991;0.088679;0.05137;0.050618;0.534941;0.587856;-0.178289
485;-9.011732;-3.660885;0.329288;0.302635;0.049113;-0.007452;0.536993;0.58505;-0.183418
486;-8.98192;-3.742035;0.179738;0.289808;0.016007;-0.007331;0.536302;0.582608;-0.191138
487;-9.011776;-3.727153;0.224383;0.24657;0.034668;-0.043951;0.534659;0.582228;-0.196157
488;-9.101202;-3.667573;0.328566;0.157545;0.025248;0.011595;0.533859;0.579705;-0.200852
489;-8.981306;-3.638071;0.12072;0.135653;-0.003196;0.019903;0.535984;0.578456;-0.204612
490;-9.19531;-3.802076;-1.06103;0.171348;0.065644;0.052431;0.536795;0.577591;-0.207327
491;-9.230178;-4.629086;-3.574043;-1.116807;0.315513;0.085075;0.539621;0.578511;-0.193177
492;-9.655497;-7.212887;-5.116402;-1.07683;0.704644;-0.539593;0.53594;0.594454;-0.152277
493;-10.737056;-6.534232;-9.627486;-1.436846;1.55462;-0.332356;0.530729;0.608162;-0.096828
494;-11.832617;-6.363527;-9.351112;-1.03738;2.535749;-0.478395;0.523084;0.623133;-0.018219
495;-13.04781;-4.871181;-9.522259;-0.789651;3.475251;-0.31072;0.511857;0.633703;0.062343
496;-11.863643;-5.279315;-9.896516;-1.014228;3.943083;-0.872902;0.484646;0.63983;0.16102
497;-13.927702;-5.921296;-8.259688;-0.80668;4.070651;-0.306097;0.438073;0.642925;0.261145
498;-13.088556;-3.937659;-9.419485;-1.287415;4.514279;-0.222815;0.378839;0.633102;0.362233
499;-12.155272;-4.45471;-7.982988;-1.19121;4.665317;0.101445;0.302362;0.612566;0.458164
500;-9.65715;-2.401102;-7.726816;-1.407492;4.309128;0.248007;0.227213;0.594368;0.530864
501;-7.521834;-1.838535;-8.169634;-1.360696;3.956394;0.552585;0.147068;0.558401;0.594269
502;-6.197792;-1.794554;-6.995172;-0.934633;3.543578;0.557839;0.069317;0.528559;0.636523
503;-3.467553;-1.121225;-6.679054;-1.027993;3.045226;0.587513;-0.006468;0.49795;0.65711
504;-1.658628;-2.10753;-4.530039;-1.141197;2.296703;0.236928;-0.068494;0.466109;0.678808
505;-0.599365;-2.979822;-3.453091;0.36909;2.006838;0.364368;-0.115289;0.465433;0.682029
506;1.045239;-1.749395;-3.156509;0.459411;1.45715;0.14454;-0.153354;0.481484;0.662624
507;1.484529;-1.959595;-3.35603;0.319638;0.968574;0.058931;-0.18112;0.494696;0.646131
508;3.063401;-2.386112;-3.630402;0.270802;0.58215;0.00047;-0.199903;0.496295;0.63325
509;3.212394;-0.318549;-5.869474;0.681084;0.359114;-0.010754;-0.211786;0.517446;0.611968
510;4.065166;-1.810846;-6.842824;-0.281455;0.223893;0.041422;-0.217916;0.515898;0.617515
511;4.362742;-2.395202;-7.695083;-0.00837;0.019365;-0.090487;-0.221066;0.511548;0.622377
512;4.227152;-1.391412;-8.301501;0.3459;-0.064511;0.003383;-0.219516;0.519012;0.615914
513;4.324314;-2.66892;-7.727004;-0.094084;-0.107481;-0.101015;-0.212883;0.516462;0.614409
514;4.051116;-1.875548;-7.313484;0.117854;-0.129241;-0.149871;-0.215317;0.5176;0.612513
515;3.397142;-2.261737;-5.768774;0.271693;-0.603595;-0.306346;-0.212822;0.51975;0.615627
516;2.817864;-1.363741;-4.961386;0.568753;-0.609329;-0.108936;-0.200709;0.529887;0.609568
517;2.257079;-2.47013;-3.234092;0.628598;-1.308475;-0.374932;-0.180725;0.541704;0.607255
518;0.955272;-0.795999;-4.225578;0.978988;-1.834848;-0.302068;-0.149124;0.561117;0.594752
519;-0.364131;-2.839878;-1.853442;0.869964;-2.475008;-0.388064;-0.105397;0.577847;0.588537
520;-3.284837;-3.351862;-3.229616;1.978869;-3.591214;-0.700376;-0.048559;0.604556;0.566943
521;-4.901445;-3.551011;-3.92225;3.200234;-3.580326;-0.329586;0.013368;0.663541;0.499197
522;-6.991642;-4.348669;-4.077612;3.117226;-4.112045;-0.133397;0.075738;0.720127;0.401886
523;-7.330928;-4.31813;-5.482919;2.139917;-3.644799;0.787947;0.146338;0.757442;0.306699
524;-7.805034;-7.091993;-5.7135;0.913113;-3.518261;1.133966;0.212702;0.764189;0.238273
525;-11.625763;-8.90777;-7.209453;1.388803;-3.001174;1.843266;0.278932;0.758791;0.171996
526;-11.248816;-8.124198;-7.507458;0.271726;-2.748046;1.818822;0.347149;0.737804;0.116513
527;-13.325087;-9.762067;-8.817389;0.127447;-2.836551;1.618078;0.406161;0.711811;0.067856
528;-10.484709;-8.006375;-8.866518;0.356782;-2.83986;1.284955;0.460379;0.67505;0.016333
529;-9.208225;-8.143128;-6.865263;-0.157842;-2.53086;1.203754;0.495427;0.646575;-0.02487
530;-9.273139;-6.317647;-7.421028;-0.867919;-1.731682;0.864689;0.510161;0.632198;-0.063961
531;-9.374966;-6.619016;-5.961127;-0.57719;-1.360326;0.59903;0.52447;0.619083;-0.075682
532;-10.137905;-4.376552;-3.758382;-0.242297;-1.342227;0.1307;0.530096;0.612326;-0.098261
533;-12.53184;-3.543251;-1.651793;-0.492273;-1.163266;0.324596;0.529366;0.606717;-0.106785
534;-9.166233;-6.426702;-2.57036;-0.781065;-0.843706;0.023915;0.532589;0.606053;-0.112984
535;-8.302192;-3.953714;-3.86111;0.123909;-0.261975;0.027341;0.531999;0.610331;-0.123639
536;-8.917078;-3.734132;-1.939043;1.341769;0.281156;0.031221;0.53353;0.603077;-0.145966
537;-9.438887;-2.950409;-0.460346;0.173657;0.193528;0.301787;0.54092;0.592324;-0.158945
538;-8.899543;-3.719995;0.061108;-0.759773;0.141837;0.148476;0.542457;0.593479;-0.133284
539;-9.428959;-3.649936;0.281421;-0.48313;0.18848;0.097537;0.544058;0.595335;-0.113959
540;-9.027437;-4.007752;0.013492;0.241665;0.22803;0.079226;0.550945;0.590866;-0.113375
541;-9.038484;-3.192337;-0.055913;0.147282;0.130895;0.001107;0.552823;0.590668;-0.116602
542;-9.211498;-3.487733;0.045328;-0.08292;0.056524;-0.049982;0.55097;0.590655;-0.115438
543;-9.233473;-3.442803;-0.029171;-0.03034;0.012228;-0.119034;0.548565;0.594565;-0.111708
544;-9.113638;-3.398689;-0.184686;0.138014;-0.009588;-0.120525;0.544687;0.596617;-0.112429
545;-9.255156;-3.353271;-0.140689;0.135796;-0.052895;-0.072018;0.545245;0.597138;-0.117229
546;-9.053451;-3.302644;-0.235842;0.115799;-0.051563;-0.051056;0.543414;0.598576;-0.120617
547;-8.874691;-3.377822;-0.324524;-0.03921;-0.069076;-0.034763;0.541578;0.599088;-0.124137
548;-8.845544;-3.533594;-0.340241;-0.092546;-0.043483;-0.024917;0.540932;0.598745;-0.12595
549;-9.113904;-3.502092;-0.267447;0.0164;0.032269;0.004066;0.539191;0.599539;-0.125199
550;-9.128693;-3.516495;-0.342277;0.117051;0.057574;0.006826;0.540244;0.59955;-0.125983
551;-9.143071;-3.383129;-0.311669;0.151349;0.048592;0.023331;0.541187;0.597026;-0.12634
552;-9.113947;-3.487451;-0.222578;0.086993;0.06017;0.050555;0.542226;0.596645;-0.127397
553;-9.08386;-3.443118;-0.251911;0.059982;0.09265;0.052206;0.543344;0.595097;-0.129544
554;-9.076942;-3.561724;-0.25263;0.032822;0.078238;0.032164;0.543927;0.593215;-0.128956
555;-9.12894;-3.538958;-0.282725;0.037449;0.075136;0.003907;0.545641;0.593296;-0.127648
556;-9.114209;-3.517294;-0.170537;0.058322;0.07756;-0.007926;0.545597;0.593053;-0.128474
557;-9.144142;-3.57609;-0.230845;0.094511;0.06285;-0.015115;0.545506;0.5925;-0.127648
558;-9.173648;-3.479738;-0.178206;0.110821;0.059044;-0.024195;0.544411;0.591782;-0.130165
559;-9.136503;-3.458165;-0.088235;0.043721;0.056144;-0.009676;0.542962;0.592101;-0.131602
560;-9.084372;-3.532204;-0.207719;0.005517;0.025102;-0.003211;0.545362;0.592705;-0.130271
561;-9.173979;-3.561179;-0.193663;-0.00342;0.029311;-0.027874;0.545899;0.59151;-0.130516
562;-9.129024;-3.517026;-0.207959;0.018239;0.013013;-0.029593;0.543701;0.592465;-0.130611
563;-9.009691;-3.539919;-0.281827;0.027343;0.005522;-0.050515;0.542967;0.593691;-0.131476
564;-9.091952;-3.576481;-0.237915;0.052754;0.019733;-0.045989;0.540995;0.595995;-0.132398
565;-9.233904;-3.708291;-0.344322;0.052782;0.043343;-0.016928;0.540759;0.596311;-0.134199
566;-8.980026;-3.621305;-0.371681;0.016751;0.055735;-0.053483;0.540431;0.596474;-0.135177
567;-8.979775;-3.606191;-0.446205;-0.053058;0.029151;-0.066233;0.53775;0.598198;-0.134059
568;-8.957689;-3.614164;-0.349078;0.024103;0.060793;-0.075379;0.537575;0.59762;-0.132272
569;-9.098566;-3.398543;-0.251732;0.047815;0.108339;-0.05914;0.537825;0.598558;-0.132681
570;-9.113915;-3.516821;-0.28993;0.040314;0.088295;-0.017119;0.53575;0.59839;-0.130561
571;-9.039069;-3.44336;-0.281422;0.040286;0.112089;0.019268;0.536846;0.59944;-0.130524
572;-9.024641;-3.606067;-0.386845;-0.048706;0.08074;0.04481;0.5384;0.598936;-0.127154
573;-9.025019;-3.665517;-0.34246;-0.028564;0.134549;0.057374;0.53934;0.597541;-0.125041
574;-9.009906;-3.797702;-0.671551;0.015162;0.158049;0.032698;0.540918;0.596759;-0.121255
575;-9.038722;-3.722309;-0.939926;0.004769;0.244981;0.031391;0.543219;0.596216;-0.116753
576;-9.015681;-3.765527;-1.298228;0.024973;0.308675;0.053024;0.545374;0.592892;-0.112512
577;-9.082634;-3.838339;-1.485769;0.052722;0.394972;0.022582;0.547595;0.592918;-0.104438
578;-9.201609;-3.873716;-1.665999;0.144816;0.465156;-0.040539;0.548595;0.593881;-0.096144
579;-9.431724;-4.098378;-2.467683;0.229848;0.533049;-0.131964;0.547993;0.595172;-0.08957
580;-9.033615;-4.199562;-3.91303;-0.178679;0.651978;-0.146712;0.546652;0.598619;-0.07891
581;-8.932465;-5.352975;-4.740628;-0.831196;0.806336;-0.260487;0.542112;0.605567;-0.048992
582;-9.334857;-6.158712;-6.271251;-0.637338;1.268963;-0.317035;0.535948;0.612716;-0.0062
583;-9.305178;-6.394538;-6.653142;-0.172129;1.79414;-0.48283;0.526139;0.622198;0.040147
584;-9.435083;-5.584891;-6.895122;0.051325;2.30256;-0.691725;0.507558;0.634296;0.081441
585;-9.631805;-5.742522;-5.987225;0.42794;2.654119;-0.694548;0.481248;0.648094;0.12668
586;-9.606183;-4.707702;-5.405695;0.441216;2.62849;-0.673394;0.449452;0.666068;0.161894
587;-9.068174;-4.084583;-4.808033;-0.011578;2.460516;-0.691441;0.414463;0.678786;0.201149
588;-8.004916;-4.604751;-4.713804;-0.086589;2.406262;-0.579957;0.371979;0.68718;0.24096
589;-7.168638;-4.108838;-4.40574;0.316233;2.167645;-0.398614;0.337553;0.696303;0.270351
590;-6.436077;-3.449261;-4.052625;0.125044;1.991284;-0.158162;0.310972;0.703937;0.292908
591;-5.505618;-3.591045;-3.815156;-0.203829;1.586389;-0.199639;0.286661;0.705138;0.316705
592;-4.695971;-4.175706;-3.760581;0.196931;1.170066;-0.168968;0.266663;0.706797;0.331723
593;-4.277122;-3.911898;-3.867626;0.386754;0.729415;-0.185007;0.24669;0.713827;0.324812
594;-3.709604;-4.164799;-4.767918;0.052753;0.314557;-0.2785;0.233506;0.717961;0.324253
595;-3.406197;-4.781242;-5.015886;0.088747;0.081226;-0.28018;0.224077;0.721761;0.329767
596;-3.051676;-4.416856;-6.063027;0.002309;-0.125052;-0.184544;0.219131;0.724806;0.327068
597;-2.887617;-5.271257;-7.67922;0.058741;-0.047709;-0.103684;0.216829;0.725149;0.325046
598;-2.512294;-5.12286;-8.488811;-0.124465;-0.061756;-0.032717;0.218638;0.724653;0.323057
599;-2.574018;-5.640633;-8.589658;-0.214701;-0.023894;-0.060388;0.218626;0.722135;0.327756
600;-2.724346;-5.479649;-7.776348;-0.018543;0.103998;-0.058836;0.215754;0.722691;0.332868
601;-3.007522;-5.24193;-7.359055;0.127191;0.123151;-0.02681;0.214445;0.725397;0.331557
602;-3.10622;-5.347031;-6.815731;0.033615;0.073678;-0.02946;0.21327;0.726111;0.330127
603;-3.106509;-5.398983;-6.793684;0.157839;-0.052291;0.000433;0.212559;0.724473;0.327082
604;-3.112701;-5.139457;-6.829355;0.117862;-0.102626;-0.03223;0.213823;0.726438;0.322713
605;-2.82974;-5.554051;-7.486597;-0.11943;-0.113489;-0.021564;0.213707;0.727225;0.323115
606;-2.935048;-5.775424;-7.50376;0.11072;-0.060837;0.018633;0.214828;0.726936;0.323576
607;-3.007807;-5.463051;-7.651529;0.020164;-0.050192;0.033966;0.21647;0.72732;0.318545
608;-3.024077;-5.781404;-7.683572;0.013054;-0.056954;-0.006154;0.217895;0.727278;0.319566
609;-2.949572;-5.848244;-7.795378;0.049564;-0.016211;-0.023605;0.218371;0.726114;0.318217
610;-2.962381;-5.56525;-8.129443;-0.03927;-0.033499;-0.016357;0.21932;0.728233;0.318102
611;-2.905417;-6.026039;-7.893211;0.120767;0.108116;-0.003983;0.218999;0.728791;0.317259
612;-3.067151;-5.432698;-7.711481;0.109907;0.14364;0.032337;0.217974;0.731157;0.313621
613;-2.927238;-5.752843;-7.608028;-0.207055;0.100308;-0.028094;0.215966;0.727902;0.316868
614;-3.003335;-5.865092;-7.176515;0.200479;0.14109;0.012414;0.214684;0.728137;0.318467
615;-3.024676;-5.554349;-7.017946;0.088109;0.094691;-0.035864;0.214186;0.729645;0.316922
616;-3.069909;-5.635725;-6.959119;-0.019167;-0.023492;-0.083843;0.210401;0.731319;0.315381
617;-2.907124;-5.911094;-6.982062;0.09871;0.037197;-0.041985;0.211047;0.732526;0.314709
618;-2.889424;-5.34036;-7.067765;0.276785;-0.021294;-0.033265;0.209114;0.736937;0.304549
619;-2.756463;-5.872947;-7.562739;-0.222117;-0.050781;-0.079434;0.209206;0.736228;0.30621
620;-2.861924;-5.998947;-7.340487;0.234546;0.063669;0.005503;0.205994;0.73702;0.30759
621;-2.800152;-5.628205;-7.53163;-0.026328;9.3e-05;-0.06023;0.204553;0.738664;0.301325
622;-2.727628;-6.029221;-7.451601;-0.047952;0.012651;-0.073085;0.203857;0.738875;0.303636
623;-2.86159;-5.924856;-7.340002;0.160433;0.094685;0.007095;0.202978;0.739641;0.305109
624;-2.703907;-5.747708;-7.486902;-0.078935;0.003482;-0.036598;0.202432;0.738784;0.302616
625;-2.743812;-6.251817;-7.341235;0.041853;0.055261;-0.057648;0.200501;0.739008;0.304877
626;-2.748555;-5.65897;-7.352341;0.160386;0.102136;0.026234;0.198692;0.741432;0.299417
627;-2.748806;-5.835903;-7.577365;-0.303119;0.083006;-0.035431;0.197386;0.740616;0.305566
628;-2.832684;-6.117792;-7.326113;0.103534;0.089111;-0.039473;0.195664;0.738944;0.309089
629;-2.725734;-5.540722;-7.321549;0.030996;0.11907;0.016871;0.196686;0.740099;0.305267
630;-2.801999;-5.851836;-7.189827;-0.167342;0.09405;-0.015225;0.193848;0.739311;0.310941
631;-2.765329;-6.0002;-7.220364;0.008211;0.046799;-0.039408;0.19266;0.738239;0.311727
632;-2.727191;-5.734303;-7.084022;0.064444;0.11536;0.021492;0.190784;0.738836;0.309995
633;-2.637237;-5.822457;-7.457033;-0.096819;0.038396;-0.051359;0.191425;0.737389;0.314162
634;-2.623243;-5.838754;-7.113762;-0.028269;-0.040509;-0.092868;0.188344;0.737387;0.315415
635;-2.630245;-5.617306;-6.888503;0.094779;-0.052885;-0.087163;0.186674;0.73828;0.31245
636;-2.681623;-5.174288;-6.393493;0.026324;-0.15189;-0.095929;0.186335;0.740174;0.311321
637;-3.105955;-4.55222;-5.452402;0.133126;-0.270854;-0.029608;0.188288;0.741068;0.306988
638;-3.442154;-4.013878;-4.130604;0.058662;-0.612939;0.00461;0.191956;0.74284;0.298999
639;-3.844157;-3.649479;-3.653688;0.181222;-1.009632;0.099489;0.204267;0.744054;0.288746
640;-4.84595;-3.690522;-2.489954;0.499874;-1.177043;0.35684;0.223713;0.743597;0.273697
641;-6.444253;-2.744244;-2.451147;0.607701;-1.565619;0.547312;0.249775;0.746378;0.239478
642;-7.493295;-2.490097;-2.755946;0.188895;-2.197288;0.784645;0.285656;0.741646;0.209288
643;-8.101648;-5.667575;-3.699099;0.279106;-2.567805;0.917501;0.331337;0.7326;0.16782
644;-9.241929;-3.800092;-3.329944;0.166127;-2.408219;1.288707;0.3751;0.718396;0.126175
645;-10.096212;-5.41153;-4.436413;0.005821;-2.395958;1.361231;0.420049;0.697565;0.088481
646;-10.168832;-5.650589;-5.662354;-0.332331;-2.748884;1.500863;0.466704;0.669057;0.044165
647;-11.275406;-6.956626;-6.664277;-0.443257;-2.603112;1.388646;0.504316;0.63918;0.004728
648;-10.176044;-6.385683;-7.122358;-0.240458;-2.584724;0.960326;0.537811;0.608889;-0.047399
649;-10.484398;-6.946696;-7.031334;-1.037577;-2.141301;0.650859;0.550094;0.594528;-0.08122
650;-9.526923;-6.718088;-4.962961;-0.85528;-1.756317;0.3067;0.554983;0.59006;-0.104671
651;-8.770086;-6.474871;-6.16455;-0.66705;-1.159288;0.21142;0.553003;0.589718;-0.120856
652;-10.558589;-5.989348;-5.398866;0.944486;0.681806;-0.082627;0.553293;0.586925;-0.135693
653;-9.514181;-2.156651;1.320298;0.366886;0.335355;0.108162;0.552566;0.588808;-0.126374
654;-8.322252;-2.314263;1.283538;-0.203968;-0.019759;0.182893;0.557198;0.583728;-0.126977
655;-8.222636;-3.367166;1.269983;-0.452752;-0.144594;-0.04037;0.564068;0.58033;-0.126676
656;-9.249634;-3.635939;0.126161;0.036143;-0.015642;-0.021245;0.560929;0.581882;-0.123923
657;-9.556936;-2.9181;-0.893851;-0.046227;-0.011465;0.003216;0.561932;0.58059;-0.125663
658;-9.430541;-3.419781;-1.694633;0.000404;0.043389;-0.013396;0.557584;0.586588;-0.119823
659;-9.223713;-3.380314;-0.857018;0.190435;0.085277;0.051477;0.556912;0.584532;-0.122176
660;-9.158018;-3.169768;0.100038;-0.017909;0.074923;0.019355;0.560261;0.581284;-0.126148
661;-9.114332;-3.245341;0.383449;-0.014308;0.045769;-0.021545;0.561522;0.582384;-0.123076
662;-9.053136;-3.184453;-0.145522;0.010815;-0.004581;-0.011268;0.560654;0.582283;-0.123937
663;-9.097499;-3.360052;-0.617132;-0.030931;-0.01668;0.011505;0.559111;0.582913;-0.122076
664;-9.305942;-3.203517;-0.431135;-0.009095;0.004644;0.008696;0.559101;0.584246;-0.122223
665;-9.246341;-3.152547;-0.325877;-0.054386;-0.000482;0.000459;0.560657;0.580954;-0.123927
666;-9.098149;-3.427294;-0.475788;-0.126866;-0.005284;0.006767;0.559814;0.582234;-0.121767
667;-8.800308;-3.783208;-1.013138;-0.296392;0.102065;-0.026753;0.560161;0.582325;-0.115421
668;-9.024492;-4.341369;-1.809483;-0.32443;0.335919;-0.168302;0.558684;0.588095;-0.102168
669;-9.431749;-3.689195;-4.74852;-0.091543;0.80815;-0.201116;0.555833;0.593083;-0.084008
670;-9.600498;-4.066003;-6.543228;-0.527078;1.267326;-0.03048;0.556382;0.595656;-0.056332
671;-9.5882;-4.006791;-8.415814;-1.141961;1.817838;0.031933;0.556886;0.596913;0.000538
672;-10.202649;-4.956017;-8.83708;-0.806512;2.684437;0.154417;0.55479;0.592214;0.077311
673;-11.322958;-5.274428;-8.48945;0.297489;3.27121;-0.024549;0.542626;0.589644;0.152838
674;-12.097095;-4.751731;-7.939703;0.726684;3.206845;-0.33472;0.513518;0.600707;0.206934
675;-11.016546;-4.363475;-7.137969;0.468834;3.306854;-0.542383;0.475047;0.615541;0.257735
676;-10.164363;-4.598939;-5.543545;0.350103;3.072099;-0.646297;0.428338;0.632925;0.305709
677;-9.187317;-4.076095;-4.838731;0.743476;2.817205;-0.631766;0.375934;0.650942;0.337205
678;-7.91359;-3.499125;-3.437312;1.120647;2.459316;-0.56843;0.318521;0.671645;0.3448
679;-6.591366;-2.254456;-2.344603;1.107225;1.836533;-0.541861;0.275468;0.695336;0.339594
680;-5.04806;-2.089509;-2.219891;0.774154;1.25987;-0.430237;0.246191;0.712344;0.335679
681;-3.859237;-3.061207;-2.493304;0.590084;0.680624;-0.421534;0.223474;0.725643;0.328888
682;-3.338979;-3.670889;-3.015692;0.901543;0.415104;-0.265823;0.208651;0.737828;0.311133
683;-2.710682;-3.995971;-4.520448;0.369115;0.166138;-0.101307;0.202613;0.744408;0.286061
684;-2.417126;-5.609188;-5.633149;-0.026402;-0.036368;-0.151185;0.19826;0.747092;0.286693
685;-2.467507;-5.664734;-6.469682;0.121287;-0.185803;-0.103858;0.195;0.749103;0.287236
686;-2.459983;-5.944186;-7.016199;0.048648;-0.253826;-0.124662;0.194226;0.75201;0.283191
687;-2.400761;-6.151265;-7.233506;0.040469;-0.229928;-0.079183;0.193205;0.752782;0.279565
688;-2.668931;-6.134167;-7.265278;0.179149;-0.199433;-0.066384;0.197416;0.753156;0.273949
689;-2.653373;-6.030264;-7.339108;0.019838;-0.152075;-0.023939;0.198335;0.753301;0.268202
690;-2.68369;-6.133811;-7.325087;0.047124;-0.090684;0.025988;0.197815;0.754156;0.266247
691;-2.781692;-6.35548;-7.282497;-0.179069;-0.067925;0.001854;0.199643;0.754312;0.269624
692;-2.878585;-6.428259;-7.418029;0.020309;-0.071619;-0.033441;0.199789;0.753177;0.272254
693;-2.810079;-6.132288;-7.452897;-0.081121;-0.054492;-0.012662;0.202101;0.752365;0.27194
694;-2.891827;-6.042984;-7.385774;-0.160609;0.001864;0.005224;0.202447;0.750135;0.275687
695;-2.848124;-6.236217;-7.327;-0.056494;-0.013347;-0.007337;0.202674;0.750221;0.277348
696;-2.930629;-6.221683;-7.088734;-0.059098;0.020885;0.00163;0.201417;0.749117;0.27937
697;-2.938097;-6.148093;-6.946526;-0.048294;-0.053747;-0.083755;0.201675;0.749188;0.281583
698;-2.952333;-5.882101;-6.728495;-0.005815;-0.077508;-0.100911;0.199283;0.748314;0.280392
699;-2.900052;-6.044164;-7.072423;0.022752;-0.126392;-0.046863;0.198147;0.748478;0.279657
700;-2.757286;-5.881626;-7.241919;0.038489;-0.02644;-0.002569;0.196727;0.750576;0.27628
701;-2.847409;-6.029117;-7.236099;-0.016607;0.035436;0.041764;0.200248;0.750758;0.278072
702;-2.907319;-6.087938;-7.229473;-0.019405;-0.049955;-0.047255;0.200904;0.750765;0.277548
703;-2.952397;-6.146998;-7.192887;0.002514;0.029473;0.008059;0.200555;0.749809;0.278642
704;-2.877362;-6.043813;-7.206572;-0.006566;-0.00866;-0.036466;0.200007;0.749151;0.278625
705;-2.818903;-6.230052;-7.073016;-0.011814;0.045439;-0.017551;0.198915;0.75009;0.278712
706;-2.938002;-6.074386;-6.849035;0.190929;0.047983;0.009161;0.199302;0.751625;0.275825
707;-2.922638;-6.029638;-6.953101;-0.122449;0.013871;-0.023951;0.198984;0.750853;0.274992
708;-2.908652;-6.229833;-6.946835;0.038741;0.023713;-0.007363;0.198787;0.749623;0.27637
709;-2.848378;-6.163071;-7.087729;0.033471;0.057862;-0.00204;0.198022;0.750532;0.277434
710;-2.94541;-6.133096;-6.976334;0.051283;-0.020585;-0.029044;0.198144;0.751269;0.27468
711;-2.892991;-6.191963;-7.185266;-0.13519;-0.042296;-0.072982;0.197189;0.751741;0.277254
712;-2.907856;-6.162354;-7.147875;0.070581;0.042174;-0.014697;0.196731;0.75117;0.278892
713;-2.780241;-5.985379;-7.19053;-0.011811;0.045441;-0.01663;0.194316;0.751703;0.274798
714;-2.907171;-6.050922;-7.221769;0.010024;0.081403;0.006941;0.195236;0.752309;0.276621
715;-2.83269;-6.022182;-7.146393;-0.002749;0.089096;0.037908;0.193858;0.751132;0.276436
716;-2.877696;-6.036994;-7.057282;-0.011737;0.088912;0.01783;0.194175;0.752302;0.277267
717;-2.781374;-6.163729;-7.057375;-0.071699;0.009786;-0.035713;0.194339;0.750097;0.28018
718;-2.8043;-6.252724;-6.990966;0.086041;0.064628;-0.007466;0.194336;0.751426;0.280171
719;-2.788481;-6.074848;-7.034464;-0.031804;0.013892;-0.043881;0.19286;0.750431;0.278191
720;-2.834027;-6.237636;-6.998556;0.011677;0.017189;-0.042021;0.192526;0.752653;0.279676
721;-2.818048;-6.088924;-7.161641;0.069788;0.060954;-0.02024;0.190248;0.752453;0.278072
722;-2.848325;-6.199762;-7.177516;-0.002628;0.065004;-0.022187;0.190041;0.75302;0.27682
723;-2.765915;-6.045274;-7.063951;-0.057182;-0.015021;-0.075709;0.187357;0.753021;0.277814
724;-2.639661;-6.194122;-7.15351;-0.071459;0.060966;-0.029538;0.18577;0.752278;0.281335
725;-2.654455;-6.076136;-6.981219;0.022729;0.046582;-0.054877;0.185512;0.751609;0.281605
726;-2.788733;-6.045832;-6.877567;-0.144182;-0.057074;-0.120332;0.183762;0.752474;0.284695
727;-2.759584;-6.003005;-6.526334;0.011543;-0.027099;-0.081932;0.181658;0.752054;0.286265
728;-2.817947;-5.500329;-6.113075;0.106857;-0.158656;-0.092159;0.179659;0.753642;0.282319
729;-3.034268;-5.094334;-5.29121;0.040744;-0.288393;-0.052464;0.179813;0.754297;0.277639
730;-3.175173;-4.371234;-4.242839;0.046548;-0.4333;0.095032;0.185488;0.754012;0.276217
731;-3.968711;-4.274897;-2.643812;0.5846;-0.681501;0.169756;0.195072;0.758302;0.261288
732;-5.008576;-3.157458;-2.054901;0.961767;-1.149521;0.371043;0.213412;0.762979;0.228673
733;-5.818886;-2.61064;-1.908242;0.907918;-1.402494;0.617322;0.237733;0.765164;0.187643
734;-7.023347;-3.579151;-1.8789;0.808462;-1.987008;1.001672;0.272416;0.761028;0.14556
735;-7.737487;-4.122871;-3.454957;0.392525;-1.943525;1.416656;0.315908;0.752003;0.104142
736;-9.375731;-5.25214;-3.116529;0.099842;-1.978145;1.662451;0.367293;0.728914;0.073881
737;-10.417711;-5.351741;-3.916094;-0.04979;-2.308478;1.789395;0.420312;0.700175;0.035743
738;-10.036388;-5.933924;-5.484094;-0.41777;-2.422124;1.067069;0.471096;0.667563;-0.000805
739;-11.29902;-4.931045;-5.449835;-0.721391;-2.421213;1.834451;0.51592;0.630201;-0.036318
740;-11.884294;-5.977155;-5.789423;-1.202737;-2.356045;1.361918;0.543404;0.602744;-0.068056
741;-10.868032;-7.59658;-6.799672;-1.699981;-2.304571;0.774635;0.564035;0.580996;-0.08717
742;-8.503106;-11.916819;-9.593311;-2.238353;-2.559075;-0.054886;0.56117;0.583479;-0.099419
743;-9.30512;-2.440586;-11.55262;2.268842;-0.228349;0.202244;0.551623;0.590335;-0.123532
744;-10.84128;-3.816376;-1.595974;0.634343;1.012221;-0.140877;0.551028;0.581747;-0.154745
745;-6.902108;-4.696939;1.338512;-0.29527;0.461271;-0.402904;0.551892;0.586623;-0.138776
746;-8.499434;-2.148287;0.895228;-0.11248;0.333224;-0.051078;0.547844;0.590946;-0.130021
747;-9.055728;-2.901756;1.438328;0.098002;0.099446;0.009428;0.549144;0.591629;-0.126257
748;-9.36729;-2.970432;0.704202;-0.029321;-0.047258;-0.016614;0.550892;0.590294;-0.111859
749;-9.591556;-3.102113;0.731495;0.12603;-0.275469;0.030153;0.54995;0.590165;-0.116576
750;-9.485366;-3.041142;0.090929;-0.127158;-0.404904;0.013944;0.548337;0.590306;-0.136054
751;-9.315935;-3.847459;-0.584646;-0.370913;-0.486392;-0.030751;0.546522;0.591205;-0.139162
752;-9.008329;-4.192363;-2.047189;-0.148139;-0.368561;-0.064714;0.541837;0.594188;-0.144604
753;-8.991302;-3.76246;-2.118888;0.426394;0.095849;-0.023962;0.54043;0.593492;-0.147822
754;-9.157642;-3.308918;-0.311297;0.42073;0.173818;0.079704;0.540977;0.592427;-0.152886
755;-9.098553;-3.185215;0.1377;0.264443;0.07998;0.076268;0.542799;0.58841;-0.162283
756;-8.891287;-3.299508;0.511649;0.084063;0.042575;0.056145;0.54604;0.584815;-0.163228
757;-8.981943;-3.609674;0.434321;0.18901;0.0422;0.088188;0.546062;0.582947;-0.167895
758;-9.353884;-3.473131;0.387614;0.22055;-0.017693;0.055624;0.550527;0.577885;-0.169055
759;-9.263971;-3.590774;-0.022902;0.091202;-0.060971;-0.028274;0.549479;0.577211;-0.173222
760;-9.219521;-3.731317;-0.172727;0.059486;-0.06794;-0.02738;0.548124;0.57795;-0.180441
761;-9.218483;-3.545765;-0.253599;-0.072595;-0.057442;-0.048576;0.54651;0.580075;-0.179833
762;-9.166636;-3.561416;-0.148834;-0.199253;-0.024175;-0.042501;0.545252;0.579768;-0.177816
763;-9.136901;-3.635334;-0.253563;-0.190036;0.018995;-0.024436;0.543905;0.583751;-0.172255
764;-9.278078;-3.773254;-0.68835;-0.158566;0.134136;-0.034038;0.543954;0.58399;-0.166335
765;-9.231109;-4.115703;-2.242402;-0.162576;0.335648;-0.089674;0.543951;0.586975;-0.158784
766;-8.923075;-4.717358;-4.355841;-0.27328;0.769603;-0.1045;0.543609;0.591784;-0.139834
767;-9.362323;-5.492715;-5.998482;-0.37471;1.228138;-0.148671;0.545272;0.597256;-0.111722
768;-10.199553;-4.999853;-7.135912;-0.701089;1.848481;-0.144582;0.549569;0.598762;-0.060621
769;-10.997237;-5.221782;-7.479213;-1.023294;2.323447;-0.024953;0.548736;0.604193;0.00952
770;-10.795165;-5.089656;-7.573833;-0.684467;2.646371;-0.104288;0.54161;0.607428;0.0797
771;-11.070723;-4.564871;-6.691945;-0.579214;2.981412;-0.215011;0.52332;0.609681;0.156047
772;-11.262617;-4.25871;-6.900357;-0.606981;3.219992;-0.211529;0.494249;0.610496;0.235551
773;-10.071872;-4.64624;-6.878922;-0.243759;3.264122;0.050622;0.453572;0.605107;0.312983
774;-10.319099;-3.501545;-7.291248;-0.120328;3.499634;-0.17092;0.404315;0.608482;0.374036
775;-8.518829;-3.756856;-6.346455;0.263301;3.156052;-0.105799;0.35522;0.611383;0.422984
776;-7.059082;-3.807086;-5.977516;0.509948;2.760192;-0.261382;0.298708;0.622208;0.451751
777;-5.984708;-2.872415;-4.687218;0.717985;2.272412;-0.419342;0.248549;0.636732;0.464088
778;-4.492414;-1.896091;-3.535266;0.700547;1.714502;-0.442295;0.195238;0.654414;0.458928
779;-3.290193;-2.50256;-2.515205;0.311951;1.178845;-0.456813;0.158163;0.666386;0.45749
780;-2.661057;-2.002486;-2.835528;0.308963;0.760574;-0.2306;0.136168;0.675675;0.456264
781;-1.961889;-2.93719;-3.970591;0.435509;0.382205;-0.159479;0.123452;0.683827;0.449361
782;-1.289397;-3.366448;-5.453302;0.414128;-0.028682;-0.042815;0.117973;0.691718;0.439584
783;-0.960751;-4.169686;-7.224624;0.203383;-0.201523;-0.046045;0.125858;0.694458;0.428592
784;-0.97361;-4.30603;-8.31512;0.066115;-0.270646;0.032463;0.130632;0.695615;0.423268
785;-0.443832;-4.971297;-9.785523;-0.248162;-0.193575;-0.050382;0.130767;0.696079;0.425748
786;-0.886661;-5.472901;-9.456335;-0.140784;-0.125952;-0.097089;0.132243;0.692028;0.432583
787;-1.124666;-4.933245;-8.663615;0.205137;-0.055567;-0.023947;0.131639;0.693854;0.429103
788;-1.334365;-4.844927;-8.090026;0.196925;-0.089142;-0.067593;0.13286;0.695044;0.423912
789;-1.54312;-4.688894;-7.777173;0.049003;-0.178296;-0.113019;0.133513;0.696979;0.420895
790;-1.531246;-5.341163;-7.744012;0.197004;-0.226795;-0.038756;0.136045;0.7019;0.414766
791;-1.459877;-4.628688;-8.17912;0.242209;-0.260543;-0.054946;0.139883;0.70704;0.40497
792;-1.350205;-5.177301;-8.323642;0.026111;-0.186282;-0.040979;0.141735;0.707717;0.4038
793;-1.363721;-5.160238;-8.860927;0.143299;-0.082513;0.017088;0.143182;0.706206;0.400152
794;-1.438883;-5.226851;-8.727607;-0.000699;-0.15898;-0.084017;0.145329;0.707932;0.399399
795;-1.49255;-5.37594;-8.393175;0.18506;-0.102369;-0.046617;0.144639;0.711129;0.394392
796;-1.633394;-5.072001;-8.146007;0.178499;-0.137196;-0.042826;0.145107;0.715015;0.388049
797;-1.709752;-5.339131;-7.894601;0.21237;-0.053008;-0.032208;0.145281;0.716722;0.383776
798;-1.733945;-5.430162;-7.313309;0.413082;-0.133602;-0.067146;0.147351;0.718024;0.374075
799;-2.068557;-5.109932;-7.045117;0.869886;-0.215344;-0.041564;0.147338;0.72932;0.354167
800;-2.114891;-4.86944;-5.939468;0.774679;-0.279795;0.102708;0.152451;0.741667;0.327848
801;-2.2628;-4.895809;-6.46313;0.14257;-0.506518;0.055368;0.159157;0.746982;0.315412
802;-2.606253;-6.244751;-5.668566;0.516848;-0.596413;0.094511;0.168374;0.74747;0.303664
803;-1.95109;-6.047893;-8.050289;0.571285;-0.430819;0.348329;0.183278;0.757562;0.273487
804;-1.876904;-7.034671;-9.735186;-0.525877;-0.350717;0.159465;0.195968;0.752478;0.274997
805;-1.841228;-7.625958;-10.179042;-0.322179;-0.128209;0.01649;0.198717;0.747796;0.285054
806;-2.078954;-7.174119;-9.663;0.011043;0.178765;-0.055506;0.199189;0.747296;0.288656
807;-2.353271;-6.345767;-8.726892;-0.151409;0.261682;-0.123549;0.192792;0.746212;0.291849
808;-2.534118;-6.207745;-7.667704;-0.125847;0.384586;-0.048334;0.184443;0.741908;0.306827
809;-2.52659;-5.722228;-6.798851;0.013634;0.43808;-0.012769;0.180488;0.742735;0.312169
810;-2.579026;-5.707521;-6.664829;-0.146493;0.29491;-0.012373;0.177704;0.743449;0.311364
811;-2.452247;-5.634864;-6.558921;-0.025825;0.155065;-0.022533;0.173274;0.742321;0.315462
812;-2.294958;-5.642235;-6.886123;-0.087948;0.007904;-0.065753;0.170681;0.741744;0.318116
813;-2.160877;-5.724344;-7.005038;0.004438;0.018182;-0.052896;0.1697;0.739839;0.320156
814;-2.113885;-5.426835;-7.38333;0.026955;-0.025264;-0.068178;0.16823;0.743089;0.318421
815;-2.08775;-6.036126;-7.006511;-0.017764;-0.094918;-0.077979;0.167089;0.742327;0.317555
816;-2.174269;-5.412865;-7.047889;0.196266;-0.195623;-0.055356;0.167955;0.744687;0.313442
817;-2.20503;-5.34795;-6.540256;0.035579;-0.284402;-0.085277;0.168061;0.74583;0.310409
818;-2.72939;-5.222957;-5.237498;0.296876;-0.539996;-0.108461;0.170824;0.746789;0.303354
819;-3.261715;-3.534702;-3.87986;0.191499;-0.838698;0.006713;0.175886;0.750528;0.290864
820;-4.422051;-3.357081;-1.484608;0.763152;-1.110105;0.239343;0.190367;0.755715;0.270343
821;-5.351271;-2.418922;-0.754238;0.929442;-1.687068;0.493715;0.216717;0.760745;0.231438
822;-6.745979;-2.497548;-0.526529;1.125336;-2.056615;0.883941;0.253559;0.760986;0.183903
823;-8.40729;-2.688957;-1.211989;1.076882;-2.46317;1.21375;0.29999;0.756753;0.121228
824;-9.36151;-3.064124;-1.833583;0.249469;-2.820876;1.629903;0.349483;0.740582;0.066611
825;-10.750561;-6.026338;-3.161839;-0.170707;-3.110714;1.787171;0.399615;0.715596;0.023373
826;-12.047223;-8.278412;-4.380303;-0.401616;-3.154284;2.023929;0.452257;0.679746;-0.021888
827;-13.351524;-7.064324;-5.203164;-0.792553;-3.022821;1.684373;0.495886;0.643243;-0.064202
828;-13.338715;-8.524184;-7.048313;-0.923942;-2.833509;1.315758;0.52744;0.610255;-0.099316
829;-12.540691;-10.82194;-8.460136;-1.593002;-2.862713;0.578057;0.53929;0.592858;-0.138639
830;-14.199151;-1.00008;-19.214411;-0.730889;-2.620946;0.25432;0.52495;0.613551;-0.1172
831;-8.986816;-4.167157;-4.703479;2.286734;1.275024;-1.024284;0.514188;0.613382;-0.161273
832;-8.109781;-8.830759;-0.130312;-1.061516;0.288002;0.412734;0.519484;0.609698;-0.154701
833;-9.001067;-0.414725;1.977284;0.595183;0.716791;-0.387339;0.498818;0.631129;-0.128702
834;-8.503939;-1.986349;3.037958;0.298508;0.249703;0.049307;0.49963;0.631655;-0.123855
835;-8.739569;-2.104862;1.63993;-0.315967;0.010913;0.137896;0.509543;0.620715;-0.135768
836;-9.196708;-2.826052;1.318352;-0.620455;-0.277305;0.300977;0.514907;0.619584;-0.125357
837;-9.414999;-3.754551;0.474869;-0.142569;-0.41328;0.465386;0.521927;0.613921;-0.124896
838;-9.44433;-4.003623;-0.183665;-0.241425;-0.490376;0.424516;0.527681;0.607423;-0.122552
839;-8.9006;-5.038314;-1.947399;-0.226118;-0.502867;0.253114;0.534623;0.601602;-0.131042
840;-8.984832;-4.676171;-3.408315;0.750345;0.008997;-0.023208;0.537238;0.596798;-0.151003
841;-9.287233;-4.033369;-0.473701;0.104862;0.320986;-0.001654;0.53824;0.593517;-0.157822
842;-9.367283;-3.308771;0.07516;-0.779853;0.120258;-0.070368;0.53883;0.598396;-0.141864
843;-9.173892;-3.266823;0.315696;-0.790842;0.083356;-0.096645;0.533293;0.606038;-0.117636
844;-8.847525;-3.625042;0.300917;-0.226722;0.122532;-0.024889;0.531241;0.609969;-0.104943
845;-8.742307;-3.367036;0.422791;0.11625;0.135532;0.052152;0.534862;0.609172;-0.10135
846;-8.949007;-2.795799;0.663735;0.124719;0.062613;0.099904;0.537568;0.606241;-0.102046
847;-9.233633;-3.332729;0.24019;0.050473;0.008457;0.04526;0.538166;0.605481;-0.103669
848;-9.1965;-3.487705;0.008129;0.073338;-0.147059;0.026801;0.538007;0.603571;-0.111647
849;-9.13675;-3.642448;-0.328232;0.04242;-0.172781;0.036894;0.539109;0.603028;-0.116555
850;-9.099074;-3.737709;-0.671837;0.05754;-0.080146;0.005501;0.539315;0.603325;-0.117788
851;-9.158358;-3.596928;-0.551972;-0.036117;0.020806;-0.003267;0.538405;0.601785;-0.119465
852;-9.188804;-3.619771;-0.335942;-0.085868;0.051915;0.015685;0.539804;0.602751;-0.116387
853;-9.129073;-3.487685;-0.133145;-0.052185;0.069291;-0.014424;0.537819;0.603533;-0.115096
854;-8.980343;-3.489417;0.002295;-0.025109;0.060291;-0.007947;0.537443;0.604316;-0.114428
