time index;acc_x;acc_y;acc_z;gyr_x;gyr_y;gyr_z;mag_x;mag_y;mag_z
1;2.182538;-7.63858;5.668007;-0.004496;0.022515;-0.010056;-0.480329;0.621989;-0.608906
2;2.167562;-7.645928;5.682771;-0.006358;0.015404;-0.006381;-0.47978;0.621452;-0.60888
3;2.242031;-7.676047;5.65329;0.002691;0.020846;0.002734;-0.480906;0.62148;-0.609475
4;2.256956;-7.676137;5.64594;-0.006304;0.024356;-0.008236;-0.480559;0.6225;-0.608094
5;2.227229;-7.66105;5.638351;0.006307;0.01355;-0.004527;-0.480044;0.623835;-0.608633
6;2.197481;-7.638642;5.653196;-0.000874;0.015203;-0.019138;-0.480135;0.623549;-0.60781
7;2.197392;-7.646139;5.675533;-0.010869;0.024497;0.000873;-0.480716;0.624631;-0.608391
8;2.197314;-7.675687;5.652954;-0.022706;0.008393;-0.002724;-0.479658;0.624903;-0.609037
9;2.204825;-7.683008;5.615651;-0.022709;0.01388;0.006372;-0.480358;0.624321;-0.606863
10;2.212245;-7.690477;5.615659;-0.011812;0.010057;-0.006364;-0.48115;0.624183;-0.606344
11;2.212123;-7.705384;5.637948;-0.006348;0.008092;-0.017292;-0.481001;0.6255;-0.606073
12;2.256829;-7.720473;5.615802;0.004509;0.007148;-0.015446;-0.480193;0.624968;-0.606311
13;2.22715;-7.690597;5.615771;0.00634;0.018002;-0.006372;-0.479922;0.626556;-0.606312
14;2.227165;-7.683218;5.623281;0.004487;0.00995;-0.006339;-0.479373;0.626019;-0.606286
15;2.197284;-7.690445;5.637933;-0.000917;0.011706;-0.011829;-0.480725;0.624701;-0.606056
16;2.212278;-7.683068;5.615707;-0.021718;0.02179;-0.005516;-0.480203;0.626032;-0.606457
17;2.197394;-7.690269;5.593161;-0.013622;0.013716;-0.000912;-0.480646;0.626516;-0.604554
18;2.212129;-7.720084;5.608003;-0.010844;0.031722;0.006311;-0.479849;0.627447;-0.604941
19;2.212233;-7.705206;5.593176;0.002673;0.015445;0.002751;-0.479337;0.626531;-0.605601
20;2.227069;-7.712795;5.608164;-0.002671;0.022473;-0.011876;-0.480007;0.626929;-0.605356
21;2.212111;-7.720113;5.615465;0.004436;0.011946;0.010065;-0.480345;0.627824;-0.604002
22;2.219545;-7.720203;5.622983;0.006399;0.032387;-0.002787;-0.480619;0.627827;-0.604013
23;2.212129;-7.720084;5.608003;-2e-06;0.022614;0.000893;-0.479597;0.62719;-0.605342
24;2.204743;-7.705205;5.608044;0.017226;0.016952;-0.011827;-0.4799;0.626943;-0.605902
25;2.249394;-7.720384;5.608284;0.008097;0.021822;0.012767;-0.479826;0.62717;-0.604526
26;2.227035;-7.720204;5.608116;0.004547;0.017045;-0.011843;-0.47936;0.62694;-0.606017
27;2.189819;-7.705115;5.615394;0.008174;0.020644;-0.008209;-0.478676;0.627596;-0.605995
28;2.219582;-7.720144;5.608059;0.000955;0.01879;-0.017328;-0.47848;0.627829;-0.604889
29;2.197294;-7.712495;5.593016;0.006376;0.026997;-0.002767;-0.477956;0.628365;-0.605285
30;2.241792;-7.757339;5.600523;0.003586;0.013595;-0.001798;-0.479011;0.626899;-0.604629
31;2.212047;-7.742281;5.600396;0.010047;0.035927;-0.003712;-0.478481;0.628227;-0.604892
32;2.1898;-7.705144;5.622856;0.019034;0.021502;-0.005462;-0.47857;0.627145;-0.604064
33;2.189685;-7.734751;5.6152;0.020781;0.018973;0.00823;-0.479072;0.62746;-0.605735
34;2.197223;-7.719964;5.607891;0.013601;0.026101;0.000895;-0.479591;0.627982;-0.60521
35;2.242008;-7.705506;5.608325;0.003623;0.017114;-0.007283;-0.478705;0.626948;-0.606541
36;2.212159;-7.705325;5.623024;0.006343;0.017079;-0.008194;-0.478545;0.626537;-0.606119
37;2.286789;-7.683698;5.623731;-0.00094;0.017266;0.000923;-0.478182;0.627284;-0.604461
38;2.242051;-7.720147;5.563456;-0.025272;0.024334;-0.018299;-0.477926;0.628615;-0.604736
39;2.257018;-7.690749;5.59361;-0.024333;0.04244;-0.004692;-0.47838;0.627846;-0.605573
40;2.174871;-7.734483;5.577778;-0.038896;0.033669;0.004435;-0.479313;0.629433;-0.605072
41;2.107457;-7.800683;5.591761;-0.03506;0.058443;-0.017562;-0.47899;0.631393;-0.604111
42;2.152542;-7.719544;5.59263;-0.027873;0.039445;-0.028407;-0.479495;0.632172;-0.603313
43;2.190084;-7.682622;5.548381;-0.015318;0.021549;-0.01919;-0.478932;0.632026;-0.603014
44;2.18948;-7.808634;5.562482;-0.032567;0.028198;0.000818;-0.478464;0.63345;-0.601907
45;2.159778;-7.808217;5.517486;-0.020828;0.01456;-0.006407;-0.478042;0.63556;-0.601631
46;2.078032;-7.763044;5.502235;0.000976;0.026015;-0.008258;-0.478823;0.633959;-0.600963
47;2.197023;-7.764418;5.607601;0.006342;0.021644;-0.000921;-0.478278;0.635279;-0.600951
48;2.19717;-7.764182;5.547904;-0.013549;0.031709;0.005391;-0.47875;0.635446;-0.60207
49;2.226958;-7.79388;5.503164;-0.011713;0.027978;-0.004622;-0.478878;0.634781;-0.601933
50;2.160077;-7.778316;5.450521;0.011693;0.008232;0.008256;-0.478614;0.636108;-0.60207
51;2.182133;-7.881956;5.382854;0.037274;0.054716;0.01356;-0.477062;0.636068;-0.601183
52;2.405848;-7.876201;5.347277;0.068807;0.064183;0.066479;-0.473924;0.635974;-0.603804
53;2.670802;-8.714901;5.172199;0.087835;0.1188;0.142872;-0.471398;0.637508;-0.607562
54;2.895958;-11.577407;5.334387;0.677351;0.32698;0.202906;-0.463402;0.631437;-0.616541
55;2.999094;-11.945273;8.198299;0.863322;0.494333;0.01829;-0.454781;0.609032;-0.639666
56;1.328773;-10.266213;8.569667;0.20198;0.359127;-0.100692;-0.450702;0.58463;-0.650867
57;1.684723;-12.289334;11.663526;0.724465;0.012872;-0.38663;-0.461615;0.552074;-0.649006
58;1.405933;-10.808883;12.588902;0.820675;-0.433877;-0.589732;-0.483254;0.499521;-0.64894
59;1.372237;-11.771075;12.395831;1.249317;-0.753769;-0.831311;-0.525991;0.429381;-0.637774
60;0.492053;-9.446239;10.881966;1.31766;-0.99323;-0.976156;-0.563816;0.352372;-0.619491
61;0.498882;-8.449655;9.933325;1.248442;-1.288467;-1.235801;-0.603488;0.279782;-0.587299
62;0.958096;-6.77162;8.126918;1.176991;-1.593067;-1.382276;-0.644751;0.203736;-0.544291
63;1.774882;-5.287981;6.038392;0.813262;-1.558447;-1.377373;-0.684822;0.133257;-0.491794
64;2.255163;-5.168852;4.923464;0.904088;-1.525119;-1.373721;-0.717357;0.061633;-0.438987
65;2.699271;-3.211516;3.715744;0.634762;-1.532203;-1.505308;-0.741432;-0.000795;-0.386184
66;3.815938;-1.153733;1.976491;0.483201;-1.417035;-1.478517;-0.759631;-0.052352;-0.335559
67;4.720711;0.60636;0.99485;0.224704;-1.208937;-1.331901;-0.767794;-0.104566;-0.288926
68;5.990498;0.953674;0.529151;0.317781;-0.921;-1.14137;-0.771578;-0.147682;-0.251938
69;6.843341;1.2609;-0.193689;0.242176;-0.629262;-0.872703;-0.766331;-0.186851;-0.222175
70;6.871489;0.713692;-0.525375;0.248028;-0.341987;-0.827442;-0.762797;-0.215365;-0.203414
71;7.044014;1.111276;-0.237914;0.240632;-0.101143;-0.72266;-0.759585;-0.240406;-0.190461
72;7.130081;2.404358;0.487528;0.224688;0.087196;-0.60213;-0.751408;-0.263064;-0.189144
73;8.206029;1.645158;1.04296;0.303306;0.436072;-0.362662;-0.745501;-0.275721;-0.194037
74;8.28756;2.805912;3.379364;0.304554;0.721915;0.072144;-0.739224;-0.280277;-0.209416
75;7.483675;1.443973;6.513501;0.233087;0.825862;0.341502;-0.735903;-0.274295;-0.231037
76;6.949091;-0.448116;8.265708;-0.004014;0.599457;0.434193;-0.735398;-0.262815;-0.248963
77;7.180053;-1.800808;8.848184;-0.080998;0.460569;0.244074;-0.736132;-0.252577;-0.264594
78;7.852412;-1.421179;8.91545;0.127779;0.340233;0.184766;-0.734347;-0.247296;-0.274317
79;7.943144;-1.280066;8.648413;0.056568;0.224208;0.18791;-0.733363;-0.235129;-0.283435
80;7.342443;-2.341599;8.495171;-0.017738;0.124634;0.088733;-0.733557;-0.23152;-0.289377
81;6.956099;-2.292399;8.082134;0.156185;-0.043522;-0.123758;-0.732834;-0.235588;-0.286296
82;7.189304;-0.712068;7.079307;0.087328;-0.127596;-0.207345;-0.730882;-0.242649;-0.280807
83;7.434138;0.311227;6.386363;0.006297;-0.154662;-0.119749;-0.731975;-0.245952;-0.27588
84;7.473523;0.461439;5.798116;0.026815;-0.115398;0.027846;-0.734354;-0.248419;-0.271973
85;7.362525;0.287091;5.146921;-0.007241;-0.008704;0.096619;-0.735786;-0.244996;-0.270544
86;7.178632;-0.844898;5.100853;0.043922;0.035048;0.049022;-0.735888;-0.24382;-0.269869
87;7.434841;-0.143674;5.256602;0.145548;0.076479;0.039914;-0.735131;-0.242539;-0.268474
88;7.413506;0.233273;5.534997;-0.095588;0.119942;0.14703;-0.736122;-0.240458;-0.271552
89;7.341387;-0.811387;5.661978;0.00056;0.162525;0.167004;-0.738848;-0.234272;-0.278714
90;7.167732;-0.945995;6.32393;0.038569;0.15859;0.151564;-0.737295;-0.229408;-0.282672
91;7.334598;-1.734354;6.730495;0.018174;0.186438;0.066603;-0.736575;-0.226782;-0.286922
92;7.412343;-0.714755;7.30485;0.083857;0.129852;0.077935;-0.734925;-0.224683;-0.29168
93;7.165708;-0.860983;7.309491;-0.007066;0.108898;0.147183;-0.735882;-0.221161;-0.29408
94;7.393921;-1.396972;7.479369;0.034552;0.052252;0.080006;-0.736002;-0.217657;-0.296171
95;7.208006;-1.52721;7.066686;0.065263;0.046883;0.109221;-0.737787;-0.215051;-0.298735
96;7.270887;-2.372996;7.218371;0.120574;0.006183;0.039232;-0.737069;-0.213552;-0.295557
97;7.319911;-1.366116;7.3223;0.092783;-0.087594;-0.16556;-0.737275;-0.217293;-0.294439
98;7.724432;-1.410181;6.407218;0.00403;-0.099532;-0.156494;-0.738852;-0.222079;-0.288421
99;7.489929;-0.806065;5.887008;0.071263;-0.036907;-0.116561;-0.73554;-0.227361;-0.285502
100;7.222153;-0.516192;6.200279;0.035083;0.012325;-0.073056;-0.736995;-0.23055;-0.284713
101;6.968653;-0.580507;6.115853;0.092976;0.003014;-0.062023;-0.736343;-0.233257;-0.282881
102;7.074914;-0.313472;5.827366;0.044096;0.014262;-0.047534;-0.735637;-0.23619;-0.282556
103;7.372892;-0.205771;6.091506;0.12939;0.091476;-0.002111;-0.734828;-0.237252;-0.282791
104;7.311243;-0.605732;6.177985;-0.0328;0.085611;0.012268;-0.73437;-0.236948;-0.284423
105;7.345085;-1.126404;6.615132;-0.03017;0.056679;-0.013142;-0.733666;-0.234514;-0.286474
106;7.681495;-1.120103;6.21476;0.066226;0.122205;-0.022388;-0.73399;-0.235943;-0.287438
107;7.231743;-1.201541;7.106295;-0.061513;0.128549;-0.024439;-0.732387;-0.236801;-0.290666
108;7.001132;-0.772378;7.719246;0.069594;0.082603;-0.049592;-0.730069;-0.238079;-0.293312
109;6.921893;-0.252438;7.557856;-0.033209;-0.042715;-0.089316;-0.730075;-0.242315;-0.293556
110;6.903409;0.040826;6.514901;-0.174056;-0.092847;-0.00176;-0.729436;-0.242499;-0.29188
111;7.01544;-0.114159;6.134165;-0.148281;-0.00867;0.011589;-0.731207;-0.240232;-0.291693
112;7.027271;-0.795907;6.129821;0.003744;-0.005665;0.050978;-0.7324;-0.237722;-0.290934
113;7.268491;-0.278578;5.978307;-0.004173;0.013685;0.014442;-0.732247;-0.238394;-0.290649
114;7.134164;-0.218934;6.156771;-0.06663;0.041324;0.037942;-0.733259;-0.23478;-0.29154
115;7.348216;-0.650633;6.215285;-0.057616;0.045992;0.053447;-0.73302;-0.231519;-0.294577
116;7.059066;-0.425195;6.005614;-0.064845;0.086996;0.110689;-0.73374;-0.229241;-0.295172
117;7.020472;-0.493229;6.422768;0.039557;0.139112;0.10058;-0.732047;-0.225971;-0.299113
118;6.937978;-0.500745;6.616113;-0.003349;0.104063;0.13806;-0.732906;-0.221172;-0.304678
119;7.042343;-0.633944;6.36232;-0.091375;0.126311;0.220835;-0.732577;-0.21365;-0.30843
120;6.767293;-0.821818;5.717255;-0.168365;0.126976;0.248949;-0.734009;-0.204197;-0.314327
121;6.99089;-0.164306;3.887501;-0.381291;0.180763;0.161786;-0.734339;-0.194228;-0.320047
122;6.380405;0.927587;2.576608;-0.973955;0.212772;0.342267;-0.735888;-0.177693;-0.332871
123;6.337986;1.885155;0.358748;-1.253876;0.497582;0.562244;-0.735232;-0.143501;-0.35233
124;4.861768;2.087434;0.916004;-0.826454;0.844406;1.018115;-0.730491;-0.101457;-0.384325
125;3.760386;1.00572;1.258807;-1.24669;1.042404;1.290151;-0.721233;-0.042436;-0.418186
126;3.04837;-2.262738;2.918633;-0.275912;1.485182;1.389756;-0.705849;0.012894;-0.460156
127;0.153483;1.354282;4.73354;-1.119943;1.46088;1.773442;-0.677042;0.076029;-0.511402
128;0.753942;-6.865637;6.095014;-0.646032;1.644326;1.714763;-0.638658;0.158071;-0.559378
129;-0.725432;-5.947606;9.268703;-0.989185;1.349876;1.458344;-0.592296;0.234381;-0.614139
130;0.71956;-9.735959;8.74759;-1.771717;0.96142;0.998402;-0.552658;0.327784;-0.641262
131;1.134641;-10.213734;8.807329;-0.919841;0.923391;0.794558;-0.511308;0.403185;-0.665163
132;1.226745;-8.636129;10.639088;-1.179271;0.769206;1.1014;-0.465369;0.478103;-0.68764
133;-1.283343;-29.074503;23.934204;-0.184926;-0.462589;-0.267792;-0.443194;0.545426;-0.684907
134;9.109452;-8.188874;12.686745;-0.561816;-0.492177;-0.17374;-0.464369;0.554503;-0.669332
135;3.143575;-7.904401;5.36015;-1.611515;-0.109688;0.398793;-0.464754;0.588994;-0.640194
136;0.050071;-9.013033;3.448982;-1.23919;0.000344;-0.086738;-0.467424;0.618854;-0.615511
137;0.281367;-4.057677;3.378489;-0.574058;-0.019595;-0.249723;-0.473454;0.62799;-0.597956
138;1.022336;-4.166255;4.965409;-0.649661;-0.199158;0.272712;-0.472069;0.644721;-0.584557
139;1.97285;-9.261361;6.118527;-0.86627;-0.380722;0.300516;-0.461606;0.688219;-0.554226
140;2.985345;-10.901516;6.608051;-0.881329;-0.550865;0.211001;-0.45972;0.715626;-0.528793
141;2.831535;-9.942398;4.225186;-1.141646;-0.54584;0.156773;-0.466996;0.73074;-0.501301
142;2.300942;-9.796005;2.020736;-0.867335;-0.326305;0.072197;-0.472612;0.753708;-0.465693
143;1.723652;-8.975741;1.872447;0.035115;-0.093956;0.030443;-0.474029;0.757518;-0.453961
144;2.098071;-8.380119;2.259737;0.179953;-0.073859;0.052508;-0.472175;0.757394;-0.450038
145;2.485361;-9.609329;3.150156;0.256355;-0.02632;0.005918;-0.472719;0.757135;-0.455005
146;2.385653;-9.716053;4.10388;0.426923;0.033259;-0.024191;-0.47392;0.7476;-0.469823
147;2.107781;-8.476851;4.206841;0.27698;0.074836;-0.079278;-0.474505;0.739216;-0.478305
148;2.035258;-7.994931;4.276586;0.160289;0.106162;-0.077738;-0.477168;0.733978;-0.484694
149;2.004273;-8.084839;4.589182;0.073815;0.055333;-0.039332;-0.477818;0.732445;-0.486632
150;2.093584;-8.174025;4.477345;-0.091159;0.040631;-0.016691;-0.478076;0.732175;-0.486366
151;2.181896;-8.617868;4.116939;-0.138338;0.008528;-0.023016;-0.476526;0.732932;-0.485485
152;2.25588;-8.832651;3.94447;-0.091153;0.036186;-0.004835;-0.476761;0.734968;-0.482211
153;2.315053;-8.892698;4.019151;0.041917;0.027225;-0.004609;-0.476197;0.734424;-0.48191
154;2.241044;-8.744154;4.079254;0.102486;0.011638;0.001012;-0.476291;0.736325;-0.483576
155;2.122346;-8.61727;4.086642;0.112583;0.033883;-0.00455;-0.476589;0.733293;-0.484116
156;2.129889;-8.573053;4.13176;0.09911;0.039065;-0.028299;-0.476776;0.729413;-0.487668
157;2.122422;-8.499464;4.273966;0.123426;0.022915;-0.019071;-0.477207;0.72678;-0.493162
158;2.189421;-8.492772;4.319291;0.100889;0.040956;-0.024643;-0.476928;0.724987;-0.495611
159;2.197144;-8.396781;4.387135;0.073644;0.037745;-0.011893;-0.479273;0.722107;-0.496096
160;2.182346;-8.352354;4.424623;0.02112;0.036279;-0.015606;-0.477057;0.72227;-0.49807
161;2.182208;-8.41142;4.372002;-0.024237;0.026836;-0.00651;-0.478067;0.721776;-0.499068
162;2.21165;-8.529939;4.304293;-0.017835;0.032982;-0.012002;-0.477806;0.724164;-0.499213
163;2.226432;-8.581744;4.259295;-0.013346;0.023979;-0.011959;-0.478983;0.722295;-0.498284
164;2.196642;-8.588825;4.236636;0.030098;0.023757;-0.004607;-0.476313;0.722895;-0.496945
165;2.196818;-8.5297;4.274333;0.048329;0.037807;-0.018319;-0.477491;0.722551;-0.498501
166;2.181983;-8.485332;4.326746;0.062788;0.045086;-0.002826;-0.477404;0.721515;-0.499452
167;2.167016;-8.470601;4.378963;0.058231;0.039738;-0.003721;-0.477264;0.720784;-0.501914
168;2.15217;-8.440964;4.408893;0.044605;0.039966;0.006292;-0.47596;0.720007;-0.503093
169;2.196803;-8.456171;4.416595;0.043739;0.039844;-0.004648;-0.477103;0.717526;-0.504083
170;2.151993;-8.455958;4.453568;0.019133;0.016826;0.004533;-0.478274;0.717443;-0.505503
171;2.196936;-8.426535;4.416789;0.013763;0.022128;-0.004612;-0.476479;0.717681;-0.505158
172;2.19691;-8.448644;4.386796;0.004714;0.024907;-0.001902;-0.476882;0.718278;-0.507514
173;2.166904;-8.588467;4.206563;0.001066;0.0369;0.027213;-0.474934;0.71738;-0.504407
174;2.597407;-9.190573;3.825336;-0.069928;0.042371;0.136545;-0.472736;0.721857;-0.504077
175;3.595184;-12.409022;4.364182;0.162394;0.232517;0.252788;-0.467063;0.72435;-0.505242
176;2.684402;-16.676901;6.210021;0.953386;0.610108;-0.073516;-0.46097;0.71028;-0.521796
177;0.972692;-11.280374;9.052883;1.778321;0.369728;-0.233617;-0.461413;0.657922;-0.561692
178;2.380698;-13.979391;10.433996;1.395294;0.01808;-0.509783;-0.475197;0.599174;-0.585725
179;0.930297;-13.805837;12.573268;0.573634;-0.634414;-1.107358;-0.513213;0.532069;-0.585659
180;1.046256;-12.09629;10.988333;1.196409;-0.991313;-1.457886;-0.56243;0.456587;-0.565645
181;1.202295;-8.539012;8.624713;1.224162;-1.251515;-1.432036;-0.608876;0.374896;-0.537643
182;1.043056;-8.500676;6.75818;1.166518;-1.276505;-1.486787;-0.653826;0.29359;-0.504775
183;1.632696;-6.118921;4.73347;1.6298;-1.299161;-1.3738;-0.68946;0.211053;-0.469051
184;2.421512;-5.5194;3.303127;1.704654;-1.179262;-1.339496;-0.720044;0.122307;-0.431156
185;3.233742;-4.491753;2.233936;1.489361;-1.12731;-1.318039;-0.740188;0.049131;-0.39433
186;4.076749;-3.117097;1.413491;0.919346;-1.059261;-1.359129;-0.756696;-0.009153;-0.355543
187;5.060468;-1.796507;0.862404;0.734021;-0.832259;-1.384856;-0.763377;-0.06415;-0.31941
188;5.747819;0.448713;1.300106;1.021812;-0.55057;-1.237782;-0.764254;-0.118637;-0.289643
189;6.449671;0.599574;1.075078;0.804136;-0.309324;-1.075801;-0.759111;-0.168019;-0.264619
190;6.470424;2.344702;1.914899;0.949074;-0.102877;-0.855712;-0.752389;-0.209105;-0.247974
191;6.753482;2.724649;2.688133;0.979187;0.026383;-0.775912;-0.74832;-0.242849;-0.237122
192;7.067954;1.572343;3.018828;0.235138;0.172016;-0.456532;-0.741741;-0.266638;-0.232563
193;6.616616;3.398061;5.042098;0.312823;0.31387;-0.29099;-0.733832;-0.280153;-0.235858
194;6.232609;1.441013;6.056257;0.186702;0.247396;-0.096699;-0.727968;-0.283516;-0.241232
195;6.234073;1.943526;6.387877;-0.232894;0.101178;0.008261;-0.727178;-0.284169;-0.246829
196;6.824404;0.774447;6.653394;-0.100865;0.142892;0.104959;-0.726351;-0.281662;-0.251624
197;7.198798;1.142013;6.628774;0.191222;0.186037;0.26573;-0.728475;-0.276636;-0.255318
198;7.166556;0.417528;6.280552;-0.100631;0.215432;0.381905;-0.731538;-0.266243;-0.261012
199;7.340225;-0.276315;7.128059;-0.000962;0.197162;0.321944;-0.734637;-0.252056;-0.269759
200;7.454956;-1.100974;7.451908;0.15754;0.165903;0.271217;-0.735613;-0.242497;-0.274814
201;7.436873;-1.679671;7.679338;-0.287217;0.017151;0.099782;-0.736321;-0.238304;-0.277621
202;7.764721;-1.74129;7.606801;0.010865;0.014649;0.061924;-0.736686;-0.234281;-0.279177
203;7.730111;-1.391025;7.168541;-0.019895;-0.02165;0.01826;-0.738047;-0.231621;-0.278976
204;7.093117;-2.163837;7.151222;-0.188409;-0.060364;-0.001955;-0.738537;-0.230319;-0.277906
205;7.290551;-1.674073;6.566383;-0.110359;-0.150707;-0.149182;-0.739237;-0.231166;-0.275729
206;7.493781;-0.218805;5.398345;-0.044742;-0.07221;-0.129328;-0.738722;-0.235131;-0.27142
207;7.637396;-1.229077;5.758516;0.022488;0.02869;-0.059457;-0.738124;-0.237415;-0.270555
208;7.437922;-0.680341;6.051602;0.094061;0.033461;-0.07123;-0.737526;-0.239565;-0.269691
209;7.458839;-1.028537;5.99726;-0.015147;0.049423;-0.142593;-0.735356;-0.243421;-0.270126
210;7.732583;-1.247302;6.423265;0.053242;0.077428;-0.241084;-0.734385;-0.248272;-0.272525
211;7.359042;0.222654;6.452377;0.142663;0.094786;-0.164419;-0.73139;-0.253197;-0.272918
212;7.017421;0.46274;6.39165;0.019347;0.141698;-0.06085;-0.729324;-0.257397;-0.275278
213;6.496386;0.80637;6.740661;0.013429;0.110421;0.015851;-0.727251;-0.25829;-0.277387
214;6.430576;1.014894;6.607197;0.007755;0.081192;0.043325;-0.728178;-0.258228;-0.279349
215;6.765604;0.864514;6.481901;0.016589;0.075556;0.094458;-0.728881;-0.256025;-0.282141
216;7.021492;1.543156;6.727048;0.003443;0.108161;0.242095;-0.729753;-0.250162;-0.282906
217;7.326151;-0.164529;6.994358;0.074137;0.15859;0.293028;-0.731022;-0.242312;-0.288372
218;7.331514;-1.827572;7.819361;-0.107158;0.041907;0.171044;-0.732476;-0.233974;-0.292201
219;7.287388;-1.914525;7.415497;-0.000164;-0.044905;0.038396;-0.733169;-0.231115;-0.289777
220;7.438159;-1.471658;7.538918;0.078032;-0.068403;-0.080834;-0.734033;-0.233537;-0.288145
221;7.363524;-1.647752;7.253639;-0.039867;-0.14717;-0.129012;-0.734032;-0.234399;-0.285665
222;7.407532;-0.622186;6.395015;-0.001758;-0.12572;-0.100765;-0.734505;-0.238737;-0.281943
223;7.370808;-0.679859;6.06602;0.005779;-7e-06;-0.001902;-0.733376;-0.24082;-0.278859
224;7.204805;-0.887761;6.511147;0.060034;-0.037564;-0.039982;-0.734593;-0.242073;-0.276151
225;7.743945;-0.623235;5.979671;-0.024132;-0.04432;-0.054611;-0.73586;-0.244759;-0.274396
226;7.713461;-0.844734;5.843678;0.068666;0.057536;-0.025752;-0.734045;-0.243074;-0.273648
227;7.354158;-0.88849;6.392879;0.071328;0.046641;-0.038493;-0.734351;-0.245705;-0.274328
228;7.354315;-0.991212;6.138494;0.042597;0.033294;-0.111443;-0.734027;-0.247852;-0.273475
229;7.317368;-0.960981;6.063787;0.101955;0.107794;-0.139047;-0.731091;-0.253676;-0.274964
230;7.134091;-0.138143;6.336391;0.182521;0.138226;-0.102573;-0.72913;-0.259547;-0.274293
231;7.062104;0.418192;6.324538;0.120875;0.135199;-0.092602;-0.726579;-0.263259;-0.275263
232;6.971141;0.136957;6.426492;0.035443;0.153212;0.008419;-0.725875;-0.263672;-0.279904
233;6.913335;0.669941;6.668313;0.019123;0.149677;-0.001603;-0.724286;-0.264921;-0.283403
234;6.928419;0.684816;6.62375;0.122248;0.17851;0.066814;-0.722322;-0.264036;-0.287453
235;6.851999;0.270483;6.627939;0.068646;0.175823;0.110507;-0.72205;-0.261254;-0.292409
236;6.646264;0.703509;6.218768;-0.046563;0.157262;0.148716;-0.720966;-0.258412;-0.294997
237;6.354678;1.422518;4.870556;-0.370087;0.146746;0.230359;-0.723605;-0.249817;-0.302998
238;5.973442;1.64174;2.682638;-0.87244;0.240839;0.353214;-0.725362;-0.232518;-0.314599
239;5.976536;2.791465;0.496222;-1.27199;0.586935;0.672182;-0.723355;-0.198727;-0.33936
240;5.25429;2.930798;0.45434;-0.856865;0.983786;1.105079;-0.720478;-0.155958;-0.372946
241;3.302269;3.234447;0.702692;-1.259498;1.139472;1.456622;-0.716267;-0.102057;-0.411781
242;2.224375;-0.635301;1.520055;-0.997307;1.539475;1.634711;-0.698503;-0.030018;-0.459687
243;0.795956;-2.011827;3.992679;-1.029596;1.652115;1.648651;-0.670099;0.040602;-0.513064
244;0.26307;-4.283664;4.346979;-1.369524;1.812061;1.71487;-0.627169;0.132721;-0.572611
245;-0.924875;-8.132321;7.536656;-0.718671;1.654563;1.293112;-0.58048;0.204562;-0.624028
246;-0.186821;-5.161704;9.919657;-0.724986;1.523144;1.248297;-0.52954;0.266153;-0.670529
247;-1.274622;-7.05475;9.302114;-1.207386;1.380097;1.262662;-0.471345;0.343892;-0.713833
248;-0.409656;-7.771829;10.871092;-1.824506;0.998591;1.048334;-0.406583;0.447057;-0.738647
249;-4.390378;-33.021286;31.451746;-1.465575;-1.090718;-0.529736;-0.392144;0.534962;-0.729228
250;5.308223;-1.990828;11.966919;-1.203818;-1.138994;-0.778501;-0.442671;0.545037;-0.690379
251;5.621175;-8.056252;6.870411;-2.402795;-0.266469;0.528169;-0.446024;0.604109;-0.652195
252;-0.444784;-12.84059;3.659133;-2.359139;-0.344499;0.11004;-0.446647;0.670897;-0.591287
253;0.532645;-6.906962;2.026114;-0.883194;-0.225899;-0.610504;-0.4645;0.690907;-0.549552
254;0.896345;-3.47537;2.90189;-0.182954;-0.195327;0.02523;-0.475631;0.684548;-0.525768
255;1.771976;-6.991727;4.072168;-0.409761;-0.346652;0.375777;-0.470547;0.696802;-0.519883
256;3.035838;-10.8264;4.385157;-0.752246;-0.452796;0.28093;-0.466068;0.725846;-0.506999
257;3.668486;-13.191258;3.419402;-0.732115;-0.241525;0.073903;-0.465483;0.74926;-0.48049
258;2.429711;-10.614821;2.710382;-0.020466;-0.031633;-0.057413;-0.47037;0.752733;-0.469718
259;1.66482;-8.326722;2.74931;0.378564;0.063742;-0.08464;-0.470335;0.743707;-0.469376
260;1.777681;-7.75955;3.365763;0.696938;0.073672;0.008819;-0.471674;0.730862;-0.484313
261;2.124538;-8.017967;4.2995;0.674756;0.034216;0.04184;-0.473575;0.716775;-0.507096
262;2.343402;-8.667274;5.035705;0.455861;0.063986;-0.008727;-0.473199;0.705731;-0.520604
263;2.359446;-8.2978;5.254636;0.240562;0.070128;-0.071955;-0.472789;0.698245;-0.528365
264;2.079649;-7.598629;5.145126;0.095696;0.068261;-0.081272;-0.472979;0.693109;-0.534518
265;1.945886;-7.567499;5.039842;-0.042353;0.032278;-0.022042;-0.473168;0.692606;-0.535484
266;2.078707;-7.953198;4.87417;-0.142207;0.011044;0.017125;-0.474872;0.694507;-0.531582
267;2.151806;-8.367995;4.692932;-0.180203;-0.00517;-0.006579;-0.473685;0.700476;-0.52718
268;2.24067;-8.568227;4.557982;-0.187432;-0.00331;-0.003862;-0.47342;0.702993;-0.522242
269;2.195952;-8.648776;4.407874;-0.104955;0.003201;-0.006524;-0.471776;0.707874;-0.51699
270;2.181275;-8.626222;4.355673;-0.009775;0.029575;0.006258;-0.473644;0.709195;-0.516113
271;2.13682;-8.51511;4.453068;0.073637;0.030466;-0.020078;-0.473259;0.707216;-0.516632
272;2.122094;-8.426436;4.543081;0.097057;0.02979;0.008232;-0.473276;0.705835;-0.519508
273;2.129735;-8.352643;4.603317;0.113455;0.031162;-0.017282;-0.474392;0.705395;-0.522435
274;2.122614;-8.234364;4.686118;0.090701;0.012544;-0.015404;-0.47205;0.70013;-0.524777
275;2.152473;-8.175686;4.776273;0.058956;0.012005;-0.00723;-0.472701;0.698996;-0.526718
276;2.1671;-8.249807;4.753515;0.015511;0.020439;-0.001855;-0.473507;0.698732;-0.526474
277;2.181788;-8.33854;4.678426;-0.017128;0.014433;0.002683;-0.473646;0.699794;-0.526487
278;2.196671;-8.368119;4.633573;-0.007971;0.018597;-0.016475;-0.474424;0.700312;-0.525697
279;2.152045;-8.367611;4.595927;0.021068;0.02913;-0.016486;-0.472697;0.700848;-0.526594
280;2.137328;-8.337767;4.573622;0.015692;0.061788;0.011637;-0.471542;0.701933;-0.52793
281;2.15207;-8.382281;4.55852;0.033346;0.123065;-0.023259;-0.47051;0.700231;-0.529113
282;2.122091;-8.338178;4.707825;0.035503;0.041041;0.009931;-0.470829;0.700257;-0.52995
283;2.107533;-8.212459;4.79808;0.017241;0.022509;0.020934;-0.469537;0.698426;-0.531396
284;2.03331;-8.240786;4.618238;-0.053687;-0.003343;0.068359;-0.467241;0.702058;-0.52927
285;2.165933;-8.678289;4.437303;-0.049896;0.013445;0.053695;-0.466097;0.704407;-0.528279
286;2.562904;-10.117285;4.027992;0.160456;0.118856;0.14471;-0.463712;0.706075;-0.527097
287;4.610126;-14.689835;5.715186;0.545984;0.452934;0.136602;-0.455343;0.69843;-0.54182
288;1.989835;-16.335285;7.415868;1.968765;0.615427;-0.375873;-0.453596;0.661014;-0.571157
289;1.300108;-9.658317;12.274702;1.947607;0.216912;-0.528047;-0.469743;0.576948;-0.619283
290;0.879818;-10.613166;14.742788;1.105811;-0.424293;-0.837436;-0.49317;0.510248;-0.629904
291;0.487865;-12.227923;13.54281;0.893036;-1.016398;-1.098865;-0.531676;0.440732;-0.618848
292;0.620617;-10.177121;11.818438;1.590658;-1.323533;-1.300842;-0.58161;0.353282;-0.592317
293;0.260198;-8.153823;10.552809;1.189129;-1.664645;-1.39386;-0.632404;0.264928;-0.551525
294;0.405258;-7.59309;7.13236;0.924752;-1.819246;-1.511256;-0.685853;0.19437;-0.481151
295;1.406656;-4.98366;4.783913;0.893763;-1.872702;-1.485409;-0.725843;0.11835;-0.419817
296;2.370663;-4.475077;1.64544;0.699277;-1.666726;-1.426335;-0.752154;0.052723;-0.370515
297;3.508774;-2.4263;0.264482;0.709309;-1.451075;-1.381506;-0.772035;-0.007144;-0.315912
298;4.429725;-2.162091;-0.958095;0.614904;-1.167433;-1.397377;-0.781389;-0.061617;-0.268623
299;5.605214;-1.243473;-1.428257;0.833921;-0.822585;-1.383835;-0.779804;-0.113023;-0.221192
300;5.917941;0.49406;-1.131019;0.970018;-0.530388;-1.327356;-0.776179;-0.165696;-0.191533
301;6.966374;1.589655;-1.130868;0.81588;-0.241809;-1.158127;-0.772126;-0.215265;-0.173971
302;7.705393;4.37794;0.519649;0.78934;0.074365;-0.754397;-0.76159;-0.251745;-0.162428
303;7.443891;3.145984;1.546914;0.251311;0.234503;-0.311722;-0.756827;-0.269071;-0.160874
304;7.480325;1.705384;2.269128;0.132025;0.391222;-0.187641;-0.748851;-0.273742;-0.167666
305;7.776841;2.443293;4.298458;0.536317;0.538058;-0.166641;-0.745296;-0.280928;-0.177914
306;7.110966;0.483331;4.750787;-0.131162;0.52401;0.063124;-0.742446;-0.281074;-0.193326
307;6.976105;0.909884;5.82711;-0.183277;0.500314;0.125197;-0.740997;-0.277215;-0.209235
308;7.403548;0.324928;6.729485;0.185667;0.510415;0.251557;-0.738546;-0.272063;-0.224289
309;7.337421;-1.067839;6.809474;-0.098248;0.441079;0.286074;-0.740231;-0.25546;-0.239592
310;7.69207;-1.340485;7.579007;-0.05834;0.35667;0.135147;-0.741042;-0.24843;-0.25424
311;7.973429;-2.081276;6.971878;-0.119968;0.30091;0.095165;-0.738229;-0.244254;-0.262677
312;7.954185;-1.164033;7.395585;0.052362;0.331516;0.048795;-0.735988;-0.242975;-0.271666
313;7.488147;-2.093431;7.281535;0.172172;0.32978;-0.007656;-0.73303;-0.242249;-0.280072
314;7.244782;-1.219372;7.837584;0.049764;0.234379;-0.113185;-0.729413;-0.244235;-0.286508
315;6.665802;-0.401823;8.375794;0.294877;0.129593;-0.184465;-0.725411;-0.250055;-0.288503
316;6.861765;-0.193925;7.871196;0.153212;0.040836;-0.187911;-0.72467;-0.258437;-0.287726
317;6.806059;0.533671;7.614325;0.294058;-0.001559;-0.128247;-0.72277;-0.26514;-0.285677
318;6.983872;-0.175581;6.737972;0.119221;-0.014541;-0.102009;-0.721498;-0.270142;-0.282567
319;6.904539;0.307432;6.546492;0.208036;-0.01083;-0.110109;-0.721258;-0.276886;-0.278386
320;7.064129;0.737723;6.087838;0.152914;0.009275;-0.105692;-0.721194;-0.282814;-0.274905
321;7.119001;1.308003;6.039727;0.127486;0.075304;-0.004758;-0.719766;-0.28511;-0.273869
322;6.868397;0.50813;6.457975;0.002445;0.047186;-0.029471;-0.718566;-0.284048;-0.274378
323;6.839677;0.774917;6.504266;0.399087;0.091818;0.031076;-0.717876;-0.286177;-0.274335
324;6.959045;0.832992;6.565248;0.093484;0.057069;0.087367;-0.720464;-0.287018;-0.271685
325;7.256149;0.475903;6.326385;-0.02675;0.071875;0.057968;-0.719965;-0.28541;-0.272501
326;7.505061;-0.533675;6.299321;0.254335;0.196421;0.136238;-0.719444;-0.282421;-0.275387
327;7.167211;0.756926;6.640954;0.105449;0.1949;0.212665;-0.720215;-0.280647;-0.276943
328;7.378848;-0.31121;6.508754;-0.03128;0.252107;0.057178;-0.719112;-0.27821;-0.284199
329;6.769955;-0.917841;7.50014;-0.212446;0.210502;-0.005872;-0.717632;-0.272778;-0.294484
330;6.633691;-1.008413;8.192512;-0.013879;0.059918;-0.047816;-0.714944;-0.272318;-0.297815
331;7.099941;-0.343465;7.730247;0.064063;-0.006364;-0.144039;-0.713777;-0.2774;-0.296632
332;7.204679;-0.446645;7.379642;-0.080162;-0.026375;-0.100377;-0.713329;-0.280337;-0.296043
333;6.969825;0.281949;7.233353;0.101686;-0.032559;-0.059066;-0.711831;-0.280417;-0.293647
334;7.133246;0.022317;6.979186;0.034876;0.000106;-0.062032;-0.713208;-0.284969;-0.29147
335;6.78611;0.692185;6.921211;0.0211;-0.011977;-0.027358;-0.713517;-0.287268;-0.289679
336;6.711316;0.464346;6.605746;0.067414;0.016488;-0.011024;-0.713123;-0.286072;-0.289947
337;6.608391;0.908782;6.846649;0.10892;-0.01071;-0.016312;-0.713113;-0.288264;-0.28732
338;6.736579;1.035191;6.475328;-0.124977;-0.051913;0.002705;-0.714751;-0.287453;-0.287254
339;7.176575;0.840844;6.014738;-0.061367;0.043657;0.081749;-0.71391;-0.285882;-0.28682
340;7.017279;0.249207;6.054457;-0.086671;0.101994;0.148005;-0.716262;-0.281141;-0.289697
341;6.851138;0.019019;6.514362;-0.091131;0.136356;0.164255;-0.71564;-0.275751;-0.293146
342;6.907125;-0.678705;6.711732;-0.080882;0.138064;0.090379;-0.716422;-0.270924;-0.299808
343;7.00559;-0.059106;7.216482;0.101294;0.162622;0.064116;-0.715403;-0.269241;-0.303627
344;6.774536;0.089843;7.491803;-0.004964;0.116908;0.075101;-0.714531;-0.266226;-0.307599
345;6.757692;-0.339759;7.488882;-0.093676;0.091906;0.035856;-0.715243;-0.263489;-0.310533
346;6.701331;0.533892;7.770241;-0.088828;0.019001;0.078157;-0.713983;-0.26133;-0.312422
347;6.813118;0.268185;7.284311;-0.175825;0.027201;0.119033;-0.716505;-0.256373;-0.313383
348;6.754875;0.425347;7.008786;-0.263869;0.023048;0.17273;-0.717797;-0.248843;-0.316788
349;6.509663;0.303471;6.476311;-0.350003;0.007646;0.198173;-0.719126;-0.238514;-0.320763
350;6.393717;0.523041;5.529148;-0.562016;-0.0059;0.234393;-0.721598;-0.227354;-0.325616
351;5.880438;1.563176;3.994786;-1.038838;-0.038205;0.357856;-0.725967;-0.208102;-0.329916
352;5.993943;2.033087;1.118255;-2.01551;0.096914;0.489047;-0.729755;-0.171647;-0.348058
353;5.676464;1.827183;-0.497347;-1.531938;0.409796;0.724487;-0.731358;-0.12342;-0.370871
354;4.072821;2.169069;0.61206;-1.000859;0.820923;1.140101;-0.724999;-0.070519;-0.397933
355;3.339239;1.38281;0.444675;-0.868034;1.241773;1.548764;-0.714966;-0.009099;-0.437552
356;1.468578;0.275253;1.385924;0.022947;1.884038;1.953767;-0.690651;0.049897;-0.486062
357;-0.913065;-0.614274;4.429083;-0.492682;2.283385;2.261233;-0.641713;0.124013;-0.55884
358;-2.840607;-6.582813;7.442657;-1.819961;1.976408;2.202981;-0.576621;0.227623;-0.620194
359;-2.252312;-10.574252;9.413595;-1.932233;1.301677;1.280956;-0.511647;0.345064;-0.663242
360;-1.253591;-8.020611;8.05725;-2.095265;0.833375;1.158863;-0.458255;0.452658;-0.680849
361;-0.109415;-13.291316;11.98667;-1.673278;0.358725;0.919846;-0.40349;0.561622;-0.68577
362;-5.543382;-36.536304;27.062162;-2.752021;-1.801813;-1.628624;-0.420642;0.648774;-0.626496
363;17.508299;-9.687217;7.323064;-1.370451;-0.646549;-0.546532;-0.473331;0.649384;-0.57997
364;4.516088;-7.945676;1.788387;-2.417593;-0.051989;0.587184;-0.480033;0.69381;-0.518455
365;-1.915998;-9.671432;1.564217;-0.090638;0.086953;0.51884;-0.46591;0.725298;-0.491599
366;-1.528073;-5.486781;3.071906;0.513944;0.138861;-0.327583;-0.470803;0.71666;-0.498877
367;0.722288;-4.184339;2.664628;0.587067;-0.13956;0.049706;-0.474546;0.700434;-0.515398
368;2.32698;-6.365372;3.81927;-0.407377;-0.323908;0.255369;-0.467604;0.707002;-0.515717
369;3.521131;-11.878073;5.150615;-0.79843;-0.333388;0.180069;-0.463019;0.718245;-0.511493
370;3.419563;-13.238188;4.544016;-0.500103;-0.177407;0.081242;-0.461764;0.735633;-0.487936
371;2.209356;-9.879647;2.743341;0.136916;-0.033979;-0.01341;-0.4671;0.747141;-0.470096
372;1.338994;-7.938222;2.60012;0.537933;0.08544;-0.045324;-0.468229;0.737304;-0.478589
373;1.57647;-7.721119;3.424185;0.778886;0.116239;-0.049636;-0.469656;0.720861;-0.497763
374;2.242973;-7.968747;4.726069;0.75322;0.097288;-0.040379;-0.470792;0.69388;-0.52949
375;2.566868;-8.316217;5.741138;0.385421;0.089242;-0.053568;-0.470161;0.681252;-0.543388
376;2.218596;-7.898255;5.681517;0.146327;0.074511;-0.067533;-0.470964;0.682709;-0.543018
377;2.013996;-7.169193;5.356365;-0.078408;0.055603;-0.048611;-0.471235;0.681386;-0.54302
378;1.901827;-7.316;5.235163;-0.245552;-0.00074;0.015223;-0.473188;0.68553;-0.538594
379;2.033357;-8.10096;4.857941;-0.379837;-0.026177;0.062551;-0.471269;0.690408;-0.533331
380;2.099132;-8.596397;4.474641;-0.368843;-0.040261;0.026128;-0.472214;0.698091;-0.522845
381;2.210364;-8.855639;4.227542;-0.279919;-0.027734;0.006128;-0.468358;0.709825;-0.511921
382;2.217947;-8.899622;4.092993;-0.102397;-0.010807;0.027269;-0.470046;0.714235;-0.507623
383;2.240563;-8.81848;4.138466;0.057182;0.022057;0.019144;-0.469211;0.715279;-0.507323
384;2.13633;-8.692425;4.325052;0.115231;0.034063;0.006402;-0.470085;0.711605;-0.50843
385;2.107208;-8.470416;4.453135;0.153329;0.029906;-0.019968;-0.470319;0.708543;-0.512814
386;2.048219;-8.248256;4.603378;0.155058;0.022836;-0.013547;-0.470122;0.706791;-0.516778
387;2.122863;-8.17512;4.693967;0.09704;0.020699;-0.005397;-0.470909;0.705393;-0.518723
388;2.167312;-8.190623;4.776289;0.020968;0.016672;-0.013685;-0.472456;0.703045;-0.519593
389;2.16724;-8.234871;4.723764;-0.05062;0.019158;0.00262;-0.470638;0.700689;-0.521426
390;2.152123;-8.338063;4.618506;-0.089554;0.017603;0.002566;-0.471666;0.703847;-0.520117
391;2.107299;-8.426139;4.498197;-0.09491;0.031984;0.006134;-0.47143;0.70598;-0.515726
392;2.122248;-8.4409;4.45344;-0.067749;0.015421;-0.011997;-0.471133;0.708283;-0.512708
393;2.107282;-8.470298;4.423286;-0.067872;-0.004216;-0.00462;-0.47094;0.710373;-0.511616
394;2.136893;-8.514993;4.423221;-0.046033;0.010782;-0.011949;-0.471946;0.71034;-0.510007
395;2.114648;-8.521985;4.363308;-0.027894;0.0206;-0.003763;-0.472071;0.711926;-0.509749
396;2.151993;-8.536867;4.303796;-0.01691;0.038373;-0.009295;-0.470801;0.711893;-0.509011
397;2.107355;-8.470181;4.393439;0.035553;0.021783;-0.01736;-0.470954;0.712433;-0.509296
398;2.166886;-8.426679;4.51357;0.030061;0.025651;-0.00187;-0.472375;0.711679;-0.510309
399;2.196995;-8.352888;4.529202;-0.003446;0.033173;0.006266;-0.471681;0.711137;-0.51014
400;2.137506;-8.3669;4.446575;-0.046998;0.010067;0.000825;-0.472869;0.710995;-0.509362
401;2.152309;-8.381898;4.461514;-0.064079;0.029818;-0.006577;-0.471558;0.713062;-0.507813
402;2.137264;-8.440844;4.408781;-0.042442;0.022711;0.011718;-0.470268;0.714477;-0.506672
403;2.122141;-8.529336;4.333467;-0.06048;0.040831;0.018905;-0.470593;0.716823;-0.505054
404;2.13715;-8.514579;4.318753;-0.032409;0.028798;0.004405;-0.46921;0.717463;-0.504728
405;2.152038;-8.514729;4.326327;-0.025185;0.033374;0.01534;-0.471315;0.718901;-0.503174
406;2.122375;-8.477473;4.333807;-0.020689;0.03618;0.027189;-0.468685;0.720449;-0.50253
407;2.092459;-8.49211;4.348409;-0.015241;0.036998;0.024454;-0.467637;0.721785;-0.503322
408;2.092222;-8.536623;4.363043;-0.018891;0.031648;0.024471;-0.467845;0.72255;-0.5021
409;2.047738;-8.4844;4.363045;-0.033445;0.017376;0.022685;-0.466349;0.723863;-0.502187
410;2.047611;-8.528736;4.332906;-0.038915;0.006603;0.019074;-0.466686;0.724758;-0.500833
411;2.062524;-8.543555;4.303074;-0.031485;0.042399;0.018931;-0.465216;0.727674;-0.501345
412;2.032551;-8.59506;4.272663;-0.020616;0.033203;0.008036;-0.463462;0.728925;-0.499222
413;2.062196;-8.632345;4.272645;-0.010725;0.020616;0.009929;-0.463636;0.727951;-0.497436
414;2.062226;-8.617587;4.287666;-0.007977;0.018668;-0.001002;-0.463659;0.72836;-0.497852
415;2.084913;-8.528976;4.318263;0.008337;0.018501;-0.006445;-0.464073;0.729426;-0.497876
416;2.099541;-8.647228;4.213133;0.003749;0.04428;0.046328;-0.463288;0.729436;-0.498532
417;2.132274;-10.008187;3.547849;0.169446;0.089869;0.142972;-0.459616;0.728813;-0.501403
418;4.686902;-14.28964;5.539275;0.413613;0.304296;0.217332;-0.452947;0.724391;-0.512097
419;1.771107;-18.026752;8.388233;1.445893;0.488267;-0.240205;-0.451567;0.697949;-0.530261
420;1.875504;-12.575212;12.36457;2.236221;0.157042;-0.290314;-0.466115;0.621373;-0.5814
421;1.093672;-14.518894;14.547379;2.085229;-0.495968;-0.78027;-0.487206;0.544579;-0.602159
422;-0.058866;-14.284632;13.861093;1.052636;-1.14464;-1.07632;-0.535143;0.457074;-0.589151
423;-0.41633;-12.815593;10.360655;1.569677;-1.542598;-1.705074;-0.593466;0.364166;-0.553711
424;-0.846205;-9.93768;8.600083;1.501704;-1.912526;-1.898736;-0.658894;0.248805;-0.508911
425;-1.050885;-6.031924;5.042027;0.494866;-2.088065;-2.096328;-0.712005;0.160595;-0.442929
426;0.83318;-4.628009;2.214846;0.612033;-1.868275;-2.075064;-0.747666;0.090313;-0.374731
427;1.59244;-3.740978;1.211499;1.411235;-1.546483;-1.987729;-0.770546;0.007818;-0.315687
428;2.609688;-3.022471;1.07464;1.309446;-1.427181;-1.985524;-0.781564;-0.074847;-0.259739
429;3.391525;-1.723373;0.745751;1.080344;-1.364782;-2.150151;-0.776795;-0.159626;-0.200121
430;4.896599;0.884307;-0.315373;1.053766;-1.222356;-2.118674;-0.767208;-0.239102;-0.147218
431;5.905304;4.059802;-1.555664;0.435509;-1.06991;-1.755209;-0.752474;-0.302111;-0.102199
432;5.98923;5.236436;-3.218931;0.107783;-0.818917;-1.415648;-0.733845;-0.350682;-0.067984
433;5.44239;6.028063;-3.680593;-0.183856;-0.551548;-1.046969;-0.716773;-0.385629;-0.046847
434;6.399253;6.19418;-4.53042;-0.088795;-0.141123;-0.725682;-0.695702;-0.41056;-0.039776
435;7.31871;9.255689;-3.011079;0.189847;0.426345;0.007545;-0.690738;-0.417585;-0.041724
436;7.041189;8.250078;-1.109375;-0.443936;0.804339;0.875078;-0.70058;-0.40814;-0.058951
437;6.498224;4.888173;1.349591;-0.341068;1.057967;1.252502;-0.715433;-0.373623;-0.094561
438;6.072818;2.196605;2.694462;-0.562039;1.234404;1.462016;-0.732708;-0.328235;-0.139141
439;5.393171;1.386016;4.810791;-0.735135;1.174907;1.596969;-0.751475;-0.263428;-0.190381
440;5.062566;0.148667;3.606271;-1.101921;1.134288;1.828185;-0.762005;-0.20051;-0.238528
441;4.96925;-0.945433;3.165635;-1.325986;1.357518;2.002878;-0.763094;-0.135904;-0.283975
442;3.175223;-3.518597;3.583035;-1.184253;1.518914;2.118862;-0.757223;-0.052283;-0.339036
443;2.766178;-5.810759;5.072411;-0.717755;1.66155;2.01849;-0.737236;0.029523;-0.395992
444;2.573331;-6.672953;6.139913;-0.262848;1.70251;1.740759;-0.706203;0.114874;-0.45583
445;1.36168;-6.331739;8.49103;-0.991509;1.317338;1.551678;-0.673027;0.176972;-0.504694
446;2.769744;-9.810326;8.404463;-0.762316;1.178795;1.131275;-0.638914;0.23721;-0.538942
447;1.922773;-5.656148;8.887717;-0.781339;1.073151;1.195603;-0.604211;0.292256;-0.572579
448;1.317895;-8.173388;7.747416;-1.48449;0.844501;1.056836;-0.57056;0.368151;-0.592258
449;1.52127;-7.95826;7.27277;-0.387981;0.901906;0.96143;-0.530591;0.436881;-0.614105
450;0.191097;-6.837932;7.717706;-0.769256;0.674064;0.894317;-0.489738;0.492126;-0.637741
451;1.474625;-7.84331;8.273112;-0.666323;0.55233;0.791124;-0.44758;0.553214;-0.652299
452;-1.406396;-23.034933;18.375822;-0.927179;-0.510244;0.176491;-0.423282;0.610876;-0.651059
453;6.1488;-14.294266;11.206753;-0.627242;-0.422694;-0.840403;-0.446505;0.634276;-0.624953
454;4.232455;-8.365324;7.275758;-0.675277;-0.075166;0.188482;-0.45342;0.644181;-0.606066
455;0.927183;-10.374579;4.954164;-0.613718;-0.003725;0.175042;-0.452352;0.664312;-0.585834
456;0.35894;-6.688594;3.361968;0.094233;-0.01944;-0.216969;-0.458246;0.65782;-0.583824
457;0.741574;-4.542512;3.259429;0.326735;-0.000265;-0.144584;-0.463845;0.647675;-0.589058
458;1.535975;-5.757461;5.332071;0.326105;-0.097379;0.06021;-0.463273;0.639978;-0.598873
459;2.502167;-8.713727;7.081276;-0.401169;-0.200219;0.129927;-0.459733;0.646838;-0.598918
460;3.002512;-10.618501;6.207057;-0.647099;-0.183131;0.082974;-0.460088;0.664427;-0.582297
461;2.506538;-9.111246;4.556468;-0.398036;-0.068451;0.040827;-0.461554;0.675878;-0.568699
462;1.686;-7.916897;3.990877;-0.077924;-0.027544;0.002727;-0.462228;0.678858;-0.560915
463;1.7984;-7.710877;4.127391;0.166788;0.015625;0.001985;-0.46392;0.67751;-0.564408
464;2.130106;-8.116676;4.888422;0.258215;0.024169;-0.000624;-0.462321;0.674203;-0.565282
465;2.237819;-8.727269;5.430016;0.23665;0.062901;-0.008112;-0.462117;0.669732;-0.571699
466;2.18836;-8.097291;5.485973;0.153559;0.083653;-0.044777;-0.461338;0.663653;-0.57767
467;1.945726;-7.376518;5.458972;0.104489;0.069918;-0.021075;-0.461981;0.6598;-0.582064
468;1.870923;-7.420489;5.487967;-0.009885;0.042439;0.011711;-0.460713;0.658246;-0.583926
469;1.943771;-7.850399;5.381252;-0.108662;0.023348;0.008913;-0.46057;0.661486;-0.581196
470;2.047047;-8.176586;5.215744;-0.100595;0.01542;0.026281;-0.460895;0.6637;-0.579576
471;2.098325;-8.560917;4.870367;-0.042714;0.018994;0.06372;-0.458241;0.667884;-0.578401
472;2.337935;-9.911751;4.967872;0.392476;0.213955;0.193873;-0.454272;0.666849;-0.580845
473;3.496368;-12.644031;7.764713;0.459025;0.489539;0.124477;-0.44371;0.656332;-0.598071
474;0.970932;-12.575061;10.424975;0.804592;0.245229;-0.14869;-0.442325;0.635382;-0.608443
475;2.298577;-14.755939;12.099878;0.865004;-0.141396;-0.400374;-0.457839;0.590865;-0.618633
476;1.314018;-15.276149;14.476965;1.088948;-0.660786;-0.965145;-0.486458;0.534345;-0.616345
477;0.65943;-14.160842;12.956944;1.373624;-1.122512;-1.130644;-0.533901;0.45282;-0.599101
478;0.218267;-11.745062;11.909662;1.346087;-1.476556;-1.473883;-0.591086;0.362928;-0.56776
479;-0.265049;-9.714633;9.098453;1.414561;-1.739899;-1.645988;-0.654112;0.260484;-0.516087
480;-0.50545;-7.970561;7.003603;1.435272;-1.921728;-1.795676;-0.702317;0.166804;-0.460587
481;-0.329151;-6.826705;4.079695;0.761047;-2.076683;-2.0358;-0.737845;0.089769;-0.397692
482;0.24302;-3.67196;1.485282;0.405665;-2.093234;-2.373556;-0.768608;0.005405;-0.325348
483;2.48888;-0.067854;-1.966605;0.154182;-1.797682;-2.238121;-0.78223;-0.074851;-0.254407
484;4.815228;2.792979;-3.131789;0.517055;-1.190751;-1.85326;-0.78063;-0.151637;-0.194974
485;5.819837;2.539668;-2.946723;0.981753;-0.590326;-1.351696;-0.773972;-0.207933;-0.159946
486;6.175984;4.179136;-2.299066;0.818087;-0.386596;-0.954153;-0.767116;-0.250014;-0.135868
487;7.194444;2.330584;-1.586983;0.538673;-0.08455;-0.925678;-0.756898;-0.281304;-0.119979
488;7.507601;2.931409;-0.521054;0.352397;0.141709;-0.745343;-0.747529;-0.307798;-0.114464
489;7.79949;5.532139;0.751738;0.199206;0.279992;-0.356584;-0.737644;-0.322621;-0.119181
490;7.675431;4.708929;1.193182;-0.007898;0.485844;0.063558;-0.73533;-0.326611;-0.129502
491;6.475331;3.404397;1.869591;-0.30226;0.679574;0.557388;-0.737435;-0.319404;-0.145303
492;6.468046;2.642451;3.439126;-0.052125;0.804587;0.629253;-0.740785;-0.299854;-0.171
493;6.497424;2.626802;3.588493;-0.237656;0.857727;0.895077;-0.744565;-0.273863;-0.199371
494;6.460957;1.20413;3.675975;-0.589408;0.964503;1.135767;-0.753911;-0.22604;-0.238843
495;5.074363;1.111778;3.612623;-0.838162;1.034717;1.402196;-0.755679;-0.177528;-0.277191
496;4.575576;-0.395815;3.628886;-1.069811;1.116854;1.474389;-0.752792;-0.127476;-0.315364
497;4.376973;-2.95898;3.901741;-0.648175;1.382588;1.462783;-0.744653;-0.067567;-0.362192
498;2.842414;-1.300483;3.58001;-0.590229;1.359242;1.451911;-0.728688;-0.008813;-0.408424
499;2.325801;-5.263968;6.341218;-1.050485;1.202459;1.246652;-0.708003;0.07132;-0.457645
500;2.161139;-4.778316;7.522171;-0.846587;1.183325;1.382927;-0.682099;0.132906;-0.499515
501;1.94825;-5.68074;7.566924;-1.894305;0.969278;1.322178;-0.656839;0.199045;-0.527977
502;1.774343;-7.924053;7.476394;-1.665866;0.792019;1.055037;-0.629236;0.283296;-0.545486
503;1.597081;-7.133007;8.27866;-1.159631;0.767614;1.230961;-0.598154;0.360395;-0.564589
504;1.403049;-7.70557;7.318291;-0.875464;0.657043;1.174308;-0.559673;0.44503;-0.585649
505;0.759856;-5.635152;5.953814;-1.054831;0.533664;1.063299;-0.521052;0.519591;-0.601959
506;1.571929;-8.82636;9.334566;-0.715602;0.323506;1.496098;-0.468123;0.595688;-0.621553
507;-0.015096;-46.225941;19.1385;-5.89024;-1.049167;-0.346554;-0.428243;0.72987;-0.547697
508;4.812798;-13.544388;4.201862;-0.96189;-0.32426;-0.598978;-0.449829;0.739736;-0.502053
509;2.682611;-7.484978;-0.431361;-0.398329;0.01012;-0.107308;-0.465883;0.744089;-0.470437
510;-0.399932;-2.767974;0.911688;1.130385;0.127878;0.001764;-0.471139;0.7202;-0.487375
511;-0.205429;-3.788083;1.779619;0.79136;0.125824;0.059686;-0.475492;0.701229;-0.505136
512;0.753028;-4.960075;3.898558;0.694317;-0.054265;0.027607;-0.472119;0.687514;-0.528947
513;2.607177;-8.647296;6.933259;-0.45473;-0.111262;0.048314;-0.467925;0.696371;-0.534477
514;3.910268;-13.39585;7.800274;-0.83203;-0.188509;0.082786;-0.455392;0.71991;-0.527002
515;3.064579;-10.93869;4.615976;-0.704524;-0.120444;0.07711;-0.455531;0.736727;-0.501435
516;1.725346;-8.208068;2.601295;-0.167413;-0.01995;0.013476;-0.464226;0.744265;-0.477655
517;1.163778;-7.158599;2.544162;0.055523;-0.000266;0.000904;-0.464726;0.74279;-0.47684
518;1.613027;-7.862309;3.453393;0.145746;-0.033553;0.016719;-0.465533;0.741204;-0.48167
519;2.236907;-9.596663;4.193076;0.174572;-0.021356;0.054122;-0.459643;0.735116;-0.494168
520;2.413482;-9.925427;4.52808;0.216626;0.022579;-0.000713;-0.459527;0.732742;-0.499642
521;2.106885;-8.691594;4.175589;0.209898;0.06552;-0.072042;-0.462935;0.730982;-0.497018
522;1.842306;-7.786095;4.321254;0.179274;0.101543;-0.07588;-0.464053;0.725311;-0.502655
523;1.78188;-7.801613;4.619187;0.080869;0.04859;0.000821;-0.464781;0.721963;-0.506095
524;2.077193;-8.426372;4.617364;-0.004494;0.015407;0.019097;-0.464542;0.718933;-0.511834
525;2.061799;-8.647695;4.406863;-0.064197;0.033871;0.033514;-0.463571;0.720241;-0.51153
526;2.32793;-9.28591;4.121164;0.013514;0.010302;0.057431;-0.462362;0.725933;-0.506714
527;2.772347;-9.360147;5.123999;-0.059258;0.043696;0.148454;-0.459074;0.725896;-0.506582
528;1.970712;-11.954167;5.056278;-0.551877;0.162556;0.086916;-0.454603;0.734809;-0.494513
529;2.038996;-13.185784;5.332354;0.606157;0.105723;-0.153874;-0.46014;0.722976;-0.49616
530;2.641848;-14.366171;6.553066;1.636403;0.114737;-0.320261;-0.471103;0.680585;-0.523085
531;1.750375;-12.162446;9.433621;1.690072;-0.07181;-0.483488;-0.487144;0.624279;-0.548325
532;1.798556;-14.299642;10.158856;1.612473;-0.301907;-0.863861;-0.515603;0.555431;-0.561055
533;1.441965;-13.471112;11.213724;1.511727;-0.671358;-1.08674;-0.552932;0.473348;-0.561402
534;0.930389;-11.604445;10.513065;1.456964;-0.973099;-1.35365;-0.597566;0.37421;-0.555872
535;0.498211;-9.200975;8.816551;1.326149;-1.274231;-1.598778;-0.643251;0.28777;-0.524095
536;0.733951;-7.491533;7.016117;1.179507;-1.393515;-1.729758;-0.680489;0.215031;-0.477377
537;1.04745;-4.674204;5.94732;1.057778;-1.486119;-1.7422;-0.717151;0.135514;-0.430311
538;1.657127;-2.767101;3.994298;0.854709;-1.563003;-1.747545;-0.745157;0.060657;-0.3773
539;2.848091;-1.129546;1.573807;0.364991;-1.496966;-1.669044;-0.764946;-0.013695;-0.321489
540;4.103944;-1.266;-0.186122;0.330358;-1.240959;-1.705684;-0.775524;-0.072863;-0.271741
541;5.397425;0.463402;-1.687375;0.428123;-0.979928;-1.568817;-0.780223;-0.12692;-0.231825
542;6.521515;1.707314;-1.872244;0.559837;-0.538518;-1.346952;-0.775642;-0.178146;-0.202138
543;6.838262;2.62283;-1.692255;0.399027;-0.197839;-1.021168;-0.767744;-0.218224;-0.183942
544;7.496187;3.827133;-0.291447;0.661958;0.176439;-0.671166;-0.755204;-0.252645;-0.180716
545;7.374528;3.956616;0.932289;0.247874;0.36338;-0.178215;-0.75106;-0.267146;-0.18539
546;7.120309;4.303043;1.902713;0.037875;0.49678;0.171137;-0.74961;-0.266867;-0.19138
547;6.658252;2.838424;2.218026;-0.061035;0.694986;0.483789;-0.750399;-0.254812;-0.210462
548;6.416354;2.599509;3.16235;-0.259292;0.82297;0.838634;-0.751838;-0.231968;-0.236106
549;5.937174;0.469469;3.152327;-0.229979;1.013106;1.019226;-0.752035;-0.19185;-0.273505
550;5.425282;-0.387841;3.635381;-0.669089;1.073156;1.06299;-0.749733;-0.150055;-0.31013
551;4.503807;0.653677;4.441094;-1.112796;1.030588;1.206624;-0.743962;-0.108386;-0.343317
552;4.242939;-1.533451;3.43987;-1.188583;1.114255;1.289943;-0.735857;-0.049059;-0.383273
553;3.155432;-1.126488;3.911857;-0.876966;1.24281;1.430178;-0.721183;0.013975;-0.425465
554;1.762301;-3.087562;6.112304;-0.888808;1.306527;1.490845;-0.69715;0.086556;-0.4712
555;1.712617;-4.813648;7.996127;-0.249353;1.31973;1.440576;-0.667686;0.146581;-0.515526
556;1.116329;-4.536777;8.515766;-1.637459;1.024855;1.457241;-0.637237;0.21148;-0.54913
557;1.166202;-6.55357;8.771672;-0.86922;0.917394;1.253501;-0.605682;0.287023;-0.574661
558;0.28317;-5.841448;8.486039;-0.714462;0.843938;1.431793;-0.568335;0.353476;-0.604566
559;0.310756;-6.529308;8.123585;-1.161452;0.610127;1.277123;-0.522725;0.436639;-0.627803
560;0.141596;-5.806155;5.485351;-1.818698;0.49342;1.376075;-0.475284;0.533992;-0.637055
561;-2.23827;-11.447691;20.347752;-1.530169;-0.503832;1.414455;-0.423418;0.630677;-0.63788
562;11.647649;-36.33997;13.791517;-3.547563;-0.213431;-0.878214;-0.426465;0.750906;-0.521947
563;5.353315;-11.032275;1.170218;-1.992925;-0.371599;-0.477917;-0.458776;0.768852;-0.457142
564;2.620082;-6.969615;-1.338885;-0.487404;0.115851;0.138339;-0.465398;0.788471;-0.410008
565;-1.418463;-5.50858;0.87868;1.490904;0.242655;0.160259;-0.460029;0.771518;-0.437425
566;-0.284834;-4.795638;1.906786;0.949785;0.13009;-0.148998;-0.464222;0.743532;-0.470092
567;1.123689;-5.525276;3.673825;0.600259;-0.084001;-0.037131;-0.463572;0.728779;-0.49373
568;3.452765;-10.183201;5.765564;-0.323296;-0.122273;0.040338;-0.460518;0.734422;-0.492686
569;3.66088;-13.284386;6.358884;-0.210359;-0.13213;0.096102;-0.454291;0.743134;-0.498546
570;2.652899;-10.175949;3.692489;0.0243;-0.027638;0.044834;-0.454295;0.743267;-0.493601
571;1.242292;-7.863587;2.65957;0.32366;0.014022;0.001197;-0.462237;0.740898;-0.481398
572;1.153334;-7.538465;3.063974;0.550657;0.072325;-0.089019;-0.463318;0.730906;-0.49401
573;1.871807;-7.830966;4.36596;0.718689;0.050537;-0.056682;-0.463332;0.715751;-0.512312
574;2.492194;-8.565929;5.335984;0.486598;0.056623;-0.015924;-0.460029;0.696839;-0.540073
575;2.3943;-8.699161;5.498546;0.227674;0.063613;-0.03182;-0.460344;0.690308;-0.548557
576;1.95897;-7.886826;5.194573;0.146537;0.082056;-0.09405;-0.463214;0.690137;-0.54606
577;1.701375;-7.166021;5.189845;0.033997;0.066285;-0.054011;-0.46357;0.686075;-0.547693
578;1.722281;-7.448039;5.262792;-0.136774;0.018179;0.015269;-0.465742;0.687414;-0.547378
579;2.002646;-8.227203;4.991209;-0.265534;-0.014894;0.024351;-0.464652;0.691774;-0.542282
580;2.121149;-8.53093;4.736414;-0.312438;-0.002367;0.000517;-0.46382;0.699309;-0.536807
581;2.120978;-8.722443;4.4516;-0.245359;0.007938;0.007847;-0.462898;0.706335;-0.527203
582;2.046923;-8.713725;4.272;-0.087822;0.003336;0.019014;-0.462969;0.709945;-0.523385
583;2.039386;-8.691732;4.346709;0.035421;0.024973;0.024563;-0.462088;0.710304;-0.522253
584;1.964845;-8.624953;4.473437;0.100726;0.025056;-0.004534;-0.463349;0.710001;-0.525324
585;1.943316;-8.388068;4.571824;0.147785;0.015689;-0.01263;-0.463234;0.707296;-0.528323
586;1.943565;-8.247917;4.729445;0.144116;0.01584;-0.006243;-0.461675;0.704936;-0.529892
587;2.003338;-8.130473;4.887371;0.087991;0.025251;-0.006346;-0.461842;0.702105;-0.533039
588;2.018304;-8.101075;4.917524;-0.004546;0.000927;0.002755;-0.461825;0.701169;-0.532756
589;2.010477;-8.248723;4.797108;-0.07511;0.017608;0.009875;-0.464071;0.701883;-0.533813
590;2.062304;-8.382092;4.692162;-0.075959;0.011985;-0.008344;-0.462713;0.702999;-0.531431
591;1.987583;-8.447996;4.646393;-0.031546;0.018837;-0.006499;-0.46316;0.705207;-0.529541
592;1.980426;-8.410685;4.594345;-0.00793;0.020266;-0.021066;-0.463134;0.707048;-0.529004
593;2.017733;-8.381496;4.632129;0.007393;0.024044;0.000832;-0.461714;0.704756;-0.528106
594;2.010206;-8.381554;4.661921;0.024531;0.004095;-0.008179;-0.462073;0.705596;-0.529638
595;1.987884;-8.381315;4.646829;0.004594;0.007926;0.000895;-0.463138;0.705593;-0.529131
596;2.00282;-8.366676;4.661962;0.008224;0.016989;0.009983;-0.462597;0.70506;-0.529243
597;2.002857;-8.366617;4.647038;0.013623;0.009777;0.010021;-0.462331;0.705592;-0.529374
598;1.987981;-8.351738;4.661946;0.017292;0.017796;0.008167;-0.462057;0.705191;-0.52936
599;1.988011;-8.336979;4.676967;-0.002585;0.011396;-0.012808;-0.461564;0.703093;-0.530424
600;2.003014;-8.307522;4.692197;-0.002634;0.017027;0.006323;-0.461456;0.702709;-0.530967
601;2.070042;-8.322851;4.685143;-0.018952;0.009915;0.000865;-0.461622;0.704777;-0.528927
602;2.06228;-8.411551;4.647196;-0.042407;0.024369;-0.00197;-0.461618;0.706099;-0.528799
603;2.062347;-8.396733;4.647293;-0.028008;0.009987;0.002672;-0.461093;0.706502;-0.529193
604;1.935853;-8.365958;4.616685;-0.032531;0.013636;0.00811;-0.461268;0.709238;-0.527297
605;1.898552;-8.365717;4.631328;-0.002569;0.028659;0.008083;-0.462226;0.708121;-0.524854
606;1.958194;-8.366168;4.624315;0.006499;0.031298;0.00809;-0.462007;0.709073;-0.525814
607;2.017468;-8.448118;4.616769;0.022738;0.020463;0.009986;-0.461322;0.709198;-0.525787
608;2.002225;-8.514738;4.631145;0.028251;0.021981;-0.008256;-0.460134;0.709207;-0.526564
609;1.965598;-8.381017;4.616812;0.030015;0.020297;0.001785;-0.461332;0.707547;-0.528523
610;1.958236;-8.336679;4.661819;0.03725;0.011154;-0.009108;-0.460781;0.70648;-0.528494
611;2.002858;-8.329838;4.714437;0.01549;0.011388;-0.004572;-0.461111;0.707836;-0.529479
612;2.002954;-8.33704;4.662156;-0.00797;0.031327;0.00078;-0.460258;0.707547;-0.528893
613;2.017599;-8.411132;4.631936;-0.011505;0.036536;-0.01384;-0.460564;0.70836;-0.52946
614;1.882493;-8.499845;4.854203;0.053406;-0.006734;0.001015;-0.461671;0.706391;-0.529765
615;1.762704;-8.602728;4.882475;-0.089737;-0.007371;0.0154;-0.463013;0.707585;-0.529278
616;2.457344;-9.61824;5.448273;-0.41197;-0.020203;-0.063364;-0.461834;0.711833;-0.520056
617;1.973724;-9.892515;4.59212;-0.865228;0.023491;-0.091608;-0.466007;0.720382;-0.501048
618;2.327273;-11.270225;3.764989;0.019132;-0.011465;-0.227079;-0.475303;0.720073;-0.486029
619;2.813572;-10.498838;4.4453;0.645552;0.102198;-0.274047;-0.485395;0.700692;-0.491239
620;2.307271;-10.059985;5.041298;0.676777;0.113118;-0.387159;-0.496192;0.672256;-0.504655
621;2.512457;-10.37621;5.8915;0.812589;0.037429;-0.503351;-0.510702;0.639497;-0.518601
622;2.755877;-9.399316;5.690754;0.567954;-0.047937;-0.58717;-0.52933;0.600559;-0.523048
623;2.779702;-7.413882;5.718771;0.748904;-0.022298;-0.523127;-0.547069;0.561842;-0.526224
624;2.728632;-7.367561;5.353032;0.617217;-0.019162;-0.412071;-0.563425;0.525026;-0.531558
625;2.701886;-6.626863;5.469581;0.92932;0.018891;-0.284107;-0.572555;0.487683;-0.539758
626;2.409853;-6.773823;5.749978;1.221234;0.022121;-0.36218;-0.579709;0.451814;-0.549264
627;2.516037;-5.889066;6.637087;1.443613;-0.062122;-0.401581;-0.58582;0.403574;-0.562623
628;2.638276;-5.267375;6.567434;1.089517;-0.218836;-0.375824;-0.596175;0.35922;-0.570959
629;2.999293;-4.786901;6.125559;0.582918;-0.288714;-0.368879;-0.608597;0.324364;-0.571752
630;3.446836;-5.02529;5.545343;0.437207;-0.202169;-0.266373;-0.617766;0.303594;-0.565098
631;3.611617;-4.797286;5.637623;0.290454;-0.197351;-0.255624;-0.625924;0.283915;-0.559923
632;3.630105;-4.019342;5.612973;0.131262;-0.139492;-0.236;-0.63275;0.271393;-0.555158
633;3.853024;-4.206103;5.546288;-0.011951;-0.071482;-0.11518;-0.637123;0.264413;-0.550336
634;3.968765;-4.786412;5.909045;0.27626;0.055141;-0.016834;-0.635678;0.261778;-0.551496
635;3.968213;-4.58135;6.51482;0.102081;0.085529;0.079489;-0.635413;0.260854;-0.5567
636;3.83083;-5.203305;6.681367;-0.145134;0.082645;0.070927;-0.63334;0.25963;-0.556333
637;3.886591;-5.930812;6.915852;0.151008;0.087833;0.074033;-0.6313;0.263921;-0.558893
638;3.812992;-5.428554;7.463308;-0.023944;0.06673;0.07026;-0.627611;0.262097;-0.56148
639;3.972856;-6.480921;7.196496;-0.10994;0.013541;0.004684;-0.626842;0.2694;-0.56219
640;3.991628;-5.761364;6.9476;-0.160708;-0.018727;-0.020764;-0.629278;0.272724;-0.561624
641;3.893343;-4.846087;6.161803;-0.500356;-0.028883;-0.004768;-0.630095;0.279088;-0.556345
642;4.12557;-6.432119;5.79506;7.4e-05;0.139147;0.097298;-0.628397;0.289111;-0.554976
643;3.680226;-5.44731;6.857733;0.06955;0.1429;0.13387;-0.622968;0.289739;-0.560671
644;3.602215;-6.121637;7.031851;-0.224522;0.098553;0.010516;-0.620246;0.298196;-0.560624
645;3.768412;-5.854581;6.61696;-0.14045;0.087595;0.044436;-0.619469;0.305098;-0.561193
646;3.766899;-6.004119;6.959241;-0.116756;0.126991;0.047951;-0.616824;0.307367;-0.562752
647;3.56354;-6.09418;7.65857;-0.05903;0.070727;0.016346;-0.615045;0.312316;-0.565053
648;3.687177;-6.71797;7.759923;0.017177;0.05336;-0.040935;-0.614705;0.313937;-0.566288
649;3.735241;-5.948001;7.817531;0.08386;0.001095;-0.030557;-0.613952;0.310319;-0.565132
650;3.736723;-5.93091;7.243056;-0.072063;-0.015419;0.005767;-0.614838;0.311949;-0.566278
651;3.704097;-6.619235;7.118936;0.096475;0.006823;0.019553;-0.615323;0.310864;-0.565191
652;3.742692;-6.227567;7.300871;0.167085;-0.011852;-0.005785;-0.614884;0.305746;-0.567334
653;3.660425;-6.330337;7.224956;0.067566;-0.038815;-0.062361;-0.616976;0.301349;-0.565737
654;3.868885;-6.405931;7.181271;0.167119;-0.052029;-0.063064;-0.619117;0.298434;-0.564977
655;3.756737;-6.47915;7.187407;0.079225;-0.076776;-0.08133;-0.621525;0.291742;-0.561727
656;3.817552;-6.389453;6.867572;0.022481;-0.09012;-0.169812;-0.625166;0.285063;-0.558527
657;3.859087;-5.750336;6.304909;-0.002851;-0.104549;-0.182542;-0.629829;0.278492;-0.553994
658;3.885576;-5.126034;5.771884;-0.044185;-0.055158;-0.190097;-0.634221;0.273774;-0.549464
659;3.88877;-4.547188;5.536879;-0.094935;-0.022768;-0.135574;-0.635558;0.271454;-0.546477
660;3.792645;-4.324521;5.634608;-0.079391;0.075936;-0.049338;-0.635938;0.270448;-0.543462
661;3.777333;-4.280921;5.881031;-0.17275;0.124219;0.026028;-0.636714;0.274476;-0.545034
662;3.715779;-4.563045;6.147372;-0.147548;0.181949;0.135244;-0.631612;0.281425;-0.549003
663;3.608466;-5.067138;6.426848;-0.156845;0.186437;0.199031;-0.626915;0.292616;-0.552743
664;3.567999;-5.586855;6.773889;-0.198555;0.175932;0.191712;-0.620854;0.306708;-0.556451
665;3.675294;-6.492334;6.940447;-0.01011;0.198074;0.200979;-0.615342;0.315311;-0.562888
666;3.657261;-6.732607;7.774526;0.000544;0.157575;0.179292;-0.607437;0.322001;-0.568116
667;3.665839;-7.860903;8.27469;0.017037;0.104842;0.053664;-0.603082;0.326472;-0.573333
668;3.762206;-7.84781;8.514299;0.058565;0.008345;-0.046167;-0.603425;0.327305;-0.57459
669;3.744054;-7.149472;8.08589;-0.050328;-0.066688;-0.078815;-0.605951;0.323056;-0.573423
670;3.686331;-6.962055;7.653857;-0.001397;-0.09077;-0.10419;-0.60937;0.321764;-0.568467
671;3.571023;-6.403116;7.074558;0.000412;-0.125363;-0.133231;-0.614287;0.316909;-0.563544
672;3.515769;-5.8219;6.361538;0.054798;-0.120365;-0.120415;-0.618882;0.310436;-0.557773
673;3.577785;-5.502258;5.976048;0.102052;-0.084733;-0.106817;-0.621212;0.303242;-0.555615
674;3.625475;-4.960906;5.763523;0.049527;-0.066122;-0.080505;-0.625617;0.297338;-0.551352
675;3.732946;-4.441846;5.446835;0.039728;0.02094;-0.004266;-0.625645;0.295696;-0.549417
676;3.770645;-4.345829;5.447745;-0.020997;0.10903;0.121133;-0.62414;0.297602;-0.551844
677;3.569104;-4.307931;5.640483;-0.051931;0.164363;0.225717;-0.621473;0.304033;-0.555357
678;3.391008;-4.3126;5.310761;-0.16515;0.198062;0.285583;-0.614052;0.315996;-0.559269
679;2.964775;-3.071076;5.129045;-0.5923;0.159274;0.391863;-0.604562;0.335944;-0.56508
680;2.218036;-1.498701;2.51434;-1.765006;0.109536;0.618384;-0.594903;0.382034;-0.556922
681;1.885786;-2.123522;0.067586;-2.384185;0.243739;0.806541;-0.582104;0.452728;-0.533016
682;1.155807;-2.381765;-0.596311;-1.703175;0.506977;1.182891;-0.552178;0.538401;-0.515403
683;-0.281754;-1.883337;-0.059224;-0.516698;0.851586;1.597868;-0.500428;0.620839;-0.523824
684;-1.552723;-2.918597;5.715149;0.107781;0.670681;2.008965;-0.412079;0.721147;-0.549871
685;3.423399;-52.992805;23.888981;-3.866505;-0.872228;-0.402679;-0.415449;0.824917;-0.45293
686;13.361508;-18.709591;3.919684;0.941287;-0.079197;-1.149425;-0.441725;0.796845;-0.449381
687;4.952466;-2.458847;-1.918697;-0.34664;0.218786;0.366446;-0.461286;0.77095;-0.445441
688;-1.973318;-6.627502;0.158278;0.752113;0.215112;0.575126;-0.441666;0.774695;-0.454026
689;-1.185013;-5.901083;2.221112;0.739087;0.330668;-0.194951;-0.467701;0.735647;-0.466464
690;-0.152487;-4.623094;2.968558;0.540298;-0.058997;-0.392198;-0.476701;0.718578;-0.484151
691;2.761565;-6.789073;5.148099;0.242847;-0.124121;0.009224;-0.454056;0.729642;-0.509706
692;4.457678;-12.946188;7.277526;-0.36867;-0.139565;0.235564;-0.448231;0.741729;-0.507774
693;3.120685;-12.736843;5.776289;-0.425422;-0.093001;0.044519;-0.446484;0.753313;-0.495422
694;1.843514;-8.181341;3.094876;-0.20508;0.009095;-0.060546;-0.46632;0.745961;-0.470881
695;0.986248;-6.669551;2.896724;0.14276;0.037214;-0.039258;-0.471305;0.742863;-0.472157
696;1.236093;-7.140691;3.485077;0.141609;0.031625;-0.000908;-0.458334;0.74526;-0.482373
697;2.003214;-8.586703;4.093399;0.0023;-0.046857;0.072243;-0.457055;0.745821;-0.483974
698;2.650552;-10.231207;4.550277;-0.021838;-0.014843;0.022848;-0.453871;0.751333;-0.483063
699;2.214478;-9.523042;4.357555;0.081099;0.044339;-0.049338;-0.463017;0.74294;-0.483093
700;1.886486;-8.059466;4.036244;0.110213;0.072797;-0.04303;-0.464269;0.738925;-0.486137
701;1.618867;-7.791408;4.244902;0.048242;0.027978;-0.006455;-0.459171;0.740842;-0.490343
702;1.79452;-8.482063;4.286517;-0.047944;0.004731;0.013573;-0.458283;0.741595;-0.489077
703;2.083499;-8.899014;4.211374;-0.039774;0.000113;0.004498;-0.4573;0.744486;-0.488509
704;2.135864;-8.840281;4.242002;-0.062361;0.021967;0.017149;-0.460723;0.742867;-0.486161
705;1.958367;-8.58655;4.145296;-0.029697;0.026071;0.009868;-0.459958;0.743746;-0.484625
706;1.91397;-8.563608;4.055561;-0.01163;0.018813;0.01539;-0.457209;0.746758;-0.484262
707;1.898693;-8.637637;4.069889;0.001192;0.040115;0.006192;-0.456906;0.747271;-0.483704
708;1.898087;-8.71952;4.166361;0.017443;0.02922;0.002613;-0.456616;0.746464;-0.483412
709;1.943272;-8.616154;4.167376;0.031791;0.007717;0.010029;-0.458134;0.745759;-0.486216
710;2.040238;-8.543258;4.273057;0.080703;0.025566;0.026449;-0.457612;0.743912;-0.486731
711;2.078195;-8.365919;4.319273;-0.091604;0.049446;0.115496;-0.453174;0.74675;-0.485474
712;2.206818;-9.552735;4.387153;-0.107741;0.031139;0.286983;-0.44934;0.754391;-0.485102
713;2.369346;-11.804418;3.858844;-0.219565;0.227133;0.215696;-0.438568;0.761248;-0.47785
714;1.786284;-11.920197;4.338719;0.362286;0.283085;-0.065604;-0.437916;0.756555;-0.481087
715;1.485182;-10.542464;5.054314;0.767082;0.177983;-0.225078;-0.445021;0.732256;-0.496859
716;1.87429;-10.116484;5.216743;0.933958;0.186018;-0.288667;-0.452245;0.70093;-0.517531
717;1.478386;-10.678423;7.583097;0.676182;-0.063985;-0.528706;-0.469698;0.66267;-0.527982
718;1.799967;-10.598325;7.287565;0.741246;-0.207907;-0.673889;-0.495063;0.61991;-0.530747
719;1.84198;-9.472987;7.429523;0.478175;-0.324953;-0.724772;-0.526342;0.567424;-0.534503
720;1.736628;-8.351084;6.868885;0.57554;-0.448101;-0.759666;-0.553712;0.522935;-0.526482
721;1.6001;-7.304683;6.725408;0.660212;-0.538359;-0.760058;-0.578162;0.48177;-0.514932
722;2.133179;-5.540053;5.352939;0.634458;-0.613228;-0.730513;-0.603915;0.437806;-0.502315
723;2.524122;-5.228809;4.551999;0.706726;-0.545531;-0.577463;-0.623863;0.398189;-0.490871
724;3.1337;-4.591658;3.336948;0.402174;-0.529513;-0.462987;-0.64152;0.36009;-0.482507
725;3.579297;-3.754618;2.495069;0.36649;-0.428848;-0.456123;-0.655948;0.33364;-0.469701
726;4.245342;-3.211282;2.39918;0.467264;-0.268095;-0.319798;-0.667808;0.314732;-0.462206
727;4.55609;-2.300724;1.974645;-0.01366;-0.113202;-0.105842;-0.672753;0.304856;-0.457935
728;4.669572;-3.656972;1.824902;0.124493;0.18503;0.1648;-0.671444;0.305401;-0.458986
729;4.122794;-4.757564;3.932891;0.498859;0.43155;0.344788;-0.660609;0.309188;-0.475755
730;3.804936;-6.370944;5.964659;0.326218;0.404953;0.175917;-0.64963;0.312971;-0.492381
731;4.00499;-5.844872;7.424745;0.266547;0.346779;0.257326;-0.643599;0.31304;-0.507117
732;4.012428;-7.136816;8.088007;-0.106022;0.251227;0.213429;-0.634115;0.323189;-0.518354
733;3.867879;-7.743537;8.165051;0.024036;0.151223;0.177525;-0.627051;0.331885;-0.523905
734;3.630769;-7.187741;8.622067;0.114519;0.11791;0.139494;-0.626809;0.335014;-0.531888
735;3.517066;-7.84453;8.18412;-0.152218;-0.042556;0.075026;-0.623127;0.339485;-0.53191
736;3.635586;-7.187358;6.65206;-0.396637;-0.1412;-0.037063;-0.623298;0.345661;-0.524817
737;3.916785;-6.857208;5.044482;-0.488557;-0.092585;-0.046519;-0.62903;0.353262;-0.514384
738;3.883416;-6.365198;4.360898;-0.33611;-0.01439;-0.004701;-0.631047;0.361012;-0.506002
739;3.864428;-5.852085;3.931277;-0.211571;0.088928;0.01874;-0.629668;0.369072;-0.50051
740;3.935903;-4.845237;3.998065;-0.049073;0.255946;0.124987;-0.626052;0.373378;-0.504244
741;3.709432;-6.544467;5.074793;0.240025;0.362482;0.191449;-0.617927;0.379034;-0.515501
742;3.441567;-5.73251;6.391406;0.000506;0.305207;0.185929;-0.609086;0.384004;-0.526176
743;3.277611;-7.19956;6.716426;-0.005703;0.306639;0.155763;-0.600363;0.393271;-0.533863
744;3.117948;-7.468152;7.504472;0.111865;0.295289;0.162352;-0.592923;0.399531;-0.547626
745;2.95089;-7.824854;8.105331;0.05728;0.176095;0.056987;-0.58819;0.402027;-0.553501
746;3.02826;-7.357506;7.810466;-0.051648;0.093892;0.020727;-0.582767;0.403982;-0.55426
747;2.886513;-7.45221;7.689378;0.058538;0.02303;0.012042;-0.582175;0.405346;-0.555895
748;3.075253;-7.104131;7.349807;0.062163;-0.031635;-0.053359;-0.583099;0.403684;-0.557843
749;3.2647;-6.651941;6.913909;0.111827;-0.056955;-0.040393;-0.587017;0.398467;-0.554665
750;3.332624;-6.695253;6.488791;0.080094;-0.040129;0.003262;-0.587725;0.394445;-0.55274
751;3.286492;-7.06493;6.381566;0.23965;-0.039964;-0.03302;-0.588386;0.391196;-0.554941
752;3.226394;-7.072567;6.560155;0.235192;-0.054783;-0.074915;-0.590728;0.383147;-0.555526
753;3.282438;-6.36801;6.281595;0.03226;-0.094104;-0.104186;-0.594078;0.376127;-0.55451
754;3.327125;-6.706764;5.667822;0.122227;-0.030952;-0.081556;-0.596268;0.371049;-0.552225
755;3.289805;-6.544735;5.989471;0.232814;0.000679;-0.076972;-0.598269;0.364224;-0.554041
756;3.367984;-5.752454;5.965367;0.040003;0.012668;-0.08911;-0.599958;0.360224;-0.552568
757;3.353303;-5.803459;5.778367;0.049927;0.050124;-0.024514;-0.600881;0.357567;-0.552036
758;3.310078;-5.403514;5.907499;-0.008114;0.07537;0.022733;-0.600292;0.35668;-0.553793
759;3.369483;-5.448478;5.91512;-0.106059;0.094762;0.082712;-0.598343;0.360419;-0.555528
760;3.277983;-5.804128;6.09867;-0.078834;0.124439;0.104493;-0.595273;0.366784;-0.556688
761;3.140432;-6.176271;6.796663;-0.015578;0.123433;0.120991;-0.590001;0.372125;-0.560088
762;3.196474;-6.71209;7.271191;0.068602;0.117473;0.112924;-0.586269;0.376043;-0.564227
763;3.319591;-7.285227;7.678824;-0.007608;0.069233;0.07564;-0.583627;0.380368;-0.568275
764;3.370806;-7.610817;7.468151;0.011285;0.040404;0.078515;-0.581909;0.38197;-0.569317
765;3.107732;-8.02418;7.605251;0.174396;0.053469;0.07135;-0.579805;0.38093;-0.570874
766;3.21876;-8.0778;7.822151;0.12561;-0.030451;-0.075171;-0.579699;0.377764;-0.571534
767;3.0817;-7.319111;7.363383;0.024157;-0.118958;-0.173424;-0.586056;0.370574;-0.568026
768;3.244072;-6.41361;6.64666;0.08208;-0.11187;-0.140517;-0.590885;0.363025;-0.561569
769;3.104996;-6.114191;6.162503;0.067626;-0.120954;-0.146898;-0.597505;0.353978;-0.557921
770;3.195106;-4.939653;5.014168;-0.050065;-0.108275;-0.114263;-0.601514;0.347215;-0.551437
771;3.304025;-3.126409;3.45224;-0.173221;0.004842;0.064773;-0.60392;0.35006;-0.547844
772;3.014636;-0.655982;1.399054;-0.396137;0.233075;0.444697;-0.598044;0.363912;-0.547435
773;2.351752;0.207951;-0.24206;-0.640286;0.507144;0.756829;-0.581195;0.397971;-0.553191
774;1.092049;1.384677;-1.079738;-0.92597;0.851986;1.1087;-0.545536;0.451278;-0.566854
775;-0.153718;-0.016638;-0.19536;-1.09442;1.077207;1.397367;-0.496348;0.52452;-0.582455
776;-2.088254;-0.846363;-0.051255;-1.068574;1.287865;1.800291;-0.427427;0.613968;-0.601644
777;-7.876441;-42.42025;37.572823;-3.829537;-0.862409;-0.948476;-0.35084;0.712802;-0.607816
778;0.772216;-18.751196;19.300751;0.093511;-1.360518;-2.184687;-0.427027;0.727348;-0.548042
779;12.460009;-4.258005;3.088964;-0.918193;-0.287714;-0.255142;-0.446885;0.72835;-0.518615
780;0.137747;-10.487644;1.440162;-1.141535;-0.093967;0.832993;-0.435824;0.760621;-0.480209
781;-2.179384;-9.411283;0.026678;0.240317;0.016943;-0.325875;-0.446488;0.758669;-0.462759
782;0.343498;-2.504833;2.180166;0.162843;0.039437;-0.541693;-0.466068;0.733253;-0.476686
783;1.220239;-4.102346;3.400243;0.017059;-0.186297;0.055584;-0.470943;0.732287;-0.478386
784;3.121232;-11.07634;5.578147;-0.299465;-0.28653;0.468732;-0.446425;0.759638;-0.479115
785;3.798931;-14.975607;4.684841;-0.654095;-0.192501;0.073786;-0.438926;0.77725;-0.461355
786;2.742987;-10.440413;2.937761;-0.121728;-0.05974;-0.148586;-0.454419;0.774244;-0.447251
787;1.205969;-7.670535;2.630701;0.152157;0.038856;-0.112228;-0.460127;0.766999;-0.446877
788;0.864193;-7.210038;3.04153;0.283146;0.060772;-0.011834;-0.461303;0.760828;-0.453612
789;1.709983;-7.767363;3.603992;0.274168;-0.016571;0.077941;-0.457648;0.756573;-0.464427
790;2.356342;-9.604677;4.104382;0.178082;-0.020976;0.085142;-0.455206;0.755499;-0.469818
791;2.385031;-9.724406;4.342614;0.120826;0.049962;-0.010994;-0.456567;0.752133;-0.472321
792;2.10788;-8.491404;4.139586;0.087918;0.162972;-0.017902;-0.454004;0.750469;-0.475504
793;1.626463;-7.783882;4.200235;0.00679;0.068602;-0.005775;-0.455494;0.750412;-0.477762
794;1.648344;-7.946647;4.094871;-0.109158;0.130613;0.085905;-0.451557;0.752902;-0.478172
795;1.702558;-9.154736;4.072501;-0.119304;0.058451;0.047864;-0.446394;0.757965;-0.476078
796;1.859899;-9.036981;3.955063;-0.091229;0.019089;-0.002071;-0.445583;0.758954;-0.473717
797;1.898391;-8.741097;4.002053;-0.091455;0.008892;0.039026;-0.446947;0.762211;-0.471048
798;1.853417;-8.866188;3.874039;-0.082445;0.015383;0.064535;-0.442114;0.764721;-0.467575
799;1.823717;-8.909901;3.74667;-0.067574;0.039542;0.002429;-0.44248;0.767152;-0.464172
800;1.853108;-8.954948;3.836148;0.046374;0.012831;0.006351;-0.443018;0.766094;-0.464048
801;1.771416;-8.865558;3.880884;0.109083;0.028032;-0.031937;-0.442254;0.766048;-0.46759
802;1.779196;-8.776828;3.911369;0.124539;0.031359;-0.044693;-0.442426;0.762426;-0.470868
803;1.809346;-8.629418;4.046877;0.118977;0.01722;-0.035509;-0.445053;0.760282;-0.473981
804;1.823679;-8.704013;4.143511;0.039962;-0.001528;-0.004527;-0.445412;0.757943;-0.475627
805;1.824128;-8.681225;4.001879;-0.009712;0.02118;-0.005608;-0.445704;0.759412;-0.475924
806;1.838551;-8.792451;3.993803;0.010096;0.000471;-0.001846;-0.445893;0.758313;-0.474412
807;1.883902;-8.688819;3.92766;0.008328;0.011285;0.001759;-0.446194;0.757005;-0.474964
808;1.868542;-8.740916;4.016752;0.050105;0.031543;-0.004656;-0.445683;0.75662;-0.475628
809;1.831366;-8.733118;3.994134;0.035558;0.032748;0.012643;-0.445157;0.756094;-0.476015
810;1.988321;-8.777801;3.733853;0.059149;0.049809;0.029937;-0.443406;0.756952;-0.478974
811;2.419262;-9.290939;3.338283;0.080378;0.099793;0.235876;-0.440064;0.760664;-0.480242
812;2.654223;-13.110596;3.815199;0.50968;0.237126;0.41271;-0.430127;0.758734;-0.491097
813;1.602297;-14.410396;4.865878;1.0977;0.590977;0.090852;-0.417119;0.742174;-0.516287
814;1.068786;-9.272427;6.999612;1.284768;0.451806;-0.081407;-0.414335;0.705572;-0.551634
815;1.179007;-10.979613;7.534094;1.193357;0.11077;-0.31174;-0.424513;0.664911;-0.574143
816;0.695079;-10.003979;9.118776;0.605122;-0.190028;-0.626773;-0.443289;0.61724;-0.589113
817;0.886587;-10.921247;8.353109;0.758231;-0.464564;-0.970144;-0.477002;0.57059;-0.582153
818;1.534479;-8.027304;7.839556;0.553673;-0.581676;-0.928736;-0.515602;0.516753;-0.572315
819;1.525704;-7.274447;6.72504;0.419604;-0.603254;-0.917887;-0.556702;0.466995;-0.550515
820;1.920934;-6.279627;5.436067;0.549918;-0.658348;-0.935674;-0.587438;0.419863;-0.531616
821;2.558772;-4.301861;4.289647;0.658491;-0.581154;-0.794402;-0.611361;0.374728;-0.520566
822;3.101457;-3.215201;3.830704;0.631099;-0.488074;-0.615101;-0.631369;0.33481;-0.507748
823;3.498387;-3.038767;3.379661;0.664765;-0.37207;-0.496962;-0.645871;0.301576;-0.499018
824;3.743885;-3.019407;3.605518;0.544266;-0.25621;-0.343468;-0.656989;0.273954;-0.493216
825;4.115231;-3.149543;3.905979;0.525198;-0.124658;-0.172567;-0.662595;0.254206;-0.491373
826;4.305874;-3.781341;4.022713;0.43017;-0.025722;-0.061858;-0.666523;0.240583;-0.491156
827;4.467787;-3.837447;4.762344;0.292554;0.073466;0.032407;-0.665111;0.233263;-0.495581
828;4.241825;-4.280777;4.906993;0.022878;0.133017;0.05911;-0.664469;0.233344;-0.498854
829;4.326685;-4.936116;5.56752;0.066504;0.223269;0.118977;-0.658037;0.238776;-0.506055
830;4.230376;-4.713745;5.739868;-0.189026;0.225516;0.153276;-0.653531;0.24708;-0.510882
831;4.019132;-5.186918;5.906822;-0.143598;0.27754;0.183178;-0.647239;0.253508;-0.515623
832;3.874268;-5.544066;6.575008;-0.147151;0.280877;0.153054;-0.642078;0.263809;-0.525935
833;3.784177;-5.720926;6.513476;-0.268644;0.276744;0.187545;-0.633881;0.275918;-0.530641
834;3.851503;-6.865819;7.342319;0.07206;0.379358;0.253223;-0.625513;0.292051;-0.542103
835;3.636879;-7.469461;8.65013;0.108006;0.294163;0.180671;-0.61767;0.297714;-0.553509
836;3.745276;-7.924496;9.200204;0.084393;0.17328;0.026131;-0.611075;0.298362;-0.560395
837;3.652117;-7.145415;9.115016;0.085711;0.029965;-0.03434;-0.609178;0.294974;-0.563317
838;3.675391;-7.13677;8.757058;0.051358;-0.048323;-0.140759;-0.611326;0.291797;-0.562693
839;3.653364;-5.895684;7.869486;0.093722;-0.097098;-0.133181;-0.615449;0.285887;-0.558281
840;3.575223;-5.52844;6.975806;0.150758;-0.082746;-0.083936;-0.618694;0.279211;-0.555339
841;3.488714;-5.089054;6.589968;0.203367;-0.061489;-0.067544;-0.62143;0.273941;-0.555548
842;3.654171;-4.933517;6.271355;0.167147;-0.053899;-0.052109;-0.623163;0.264994;-0.552529
843;3.714245;-4.911209;6.130172;0.044058;-0.036846;-0.045963;-0.62708;0.263288;-0.551712
844;3.847276;-5.112687;6.219418;0.134652;0.006164;-0.001328;-0.62687;0.258283;-0.553041
845;3.981546;-5.128291;6.145712;-0.017127;0.064376;-0.019102;-0.626184;0.257612;-0.553009
846;3.979461;-5.396431;6.502143;-0.076872;0.08837;-0.003783;-0.625245;0.259996;-0.553263
847;3.81561;-5.159557;6.89048;0.025385;0.107871;0.030017;-0.623247;0.259539;-0.556752
848;3.68022;-5.270792;7.187222;-0.057161;0.125254;0.07998;-0.619935;0.262869;-0.558568
849;3.558443;-5.693149;7.43727;0.033299;0.108517;0.081068;-0.618192;0.268037;-0.564032
850;3.467664;-5.812271;7.764148;0.002509;0.09045;0.049179;-0.615926;0.2695;-0.565051
851;3.513351;-5.678679;7.616117;0.004048;0.034861;0.050337;-0.613698;0.270849;-0.566758
852;3.676417;-6.04921;7.301528;0.079343;0.046742;0.04309;-0.61399;0.272451;-0.567056
853;3.796453;-6.004772;7.063934;0.129252;0.036986;0.010375;-0.612189;0.270898;-0.569171
854;3.812965;-5.693389;6.983998;0.067899;0.053972;-0.026251;-0.612864;0.266994;-0.571643
855;3.752761;-5.752683;7.110015;-0.040012;0.03787;-0.013566;-0.612343;0.269253;-0.572051
856;3.692568;-5.753118;7.340888;0.057036;0.061261;-0.027214;-0.612073;0.26753;-0.572165
857;3.545502;-5.241197;7.46996;0.100374;0.061335;0.001121;-0.610052;0.266531;-0.575237
858;3.508292;-5.240808;7.447294;0.07203;0.03236;0.034034;-0.610604;0.26495;-0.575385
859;3.443718;-4.758152;7.315621;0.093348;0.015364;0.120781;-0.609585;0.266036;-0.576726
860;3.269825;-4.138221;6.422858;-0.088848;0.012742;0.185275;-0.608971;0.270369;-0.575359
861;3.243438;-4.272229;4.772619;-0.162862;0.042773;0.212356;-0.605527;0.279528;-0.577074
862;2.936715;-2.489627;2.438723;-0.573582;0.110102;0.251602;-0.602593;0.295431;-0.577897
863;2.765665;0.037222;0.864389;-1.534968;0.365465;0.516429;-0.59288;0.335799;-0.573954
864;1.881603;-1.426809;0.019849;-1.818739;0.691891;0.831854;-0.566446;0.410685;-0.568082
865;0.552209;-1.729484;0.560009;-1.192044;0.92785;1.137082;-0.530266;0.484198;-0.574039
866;-0.988143;-2.122396;1.859138;-0.885895;1.159415;1.404495;-0.477793;0.563169;-0.591887
867;-1.538128;-11.85658;13.686569;0.417288;0.1273;1.406992;-0.400184;0.647926;-0.622373
868;-3.92029;-41.369118;27.975832;-0.783534;-0.779496;-2.093595;-0.417645;0.70927;-0.574603
869;15.973739;-10.391781;8.724682;0.06501;-0.130385;-0.609859;-0.453539;0.658343;-0.590235
870;4.619663;-4.819737;1.794575;-1.429272;0.105798;0.696491;-0.460249;0.669071;-0.562551
871;-1.438144;-6.089845;1.755302;-0.256067;0.18359;0.532045;-0.459934;0.679506;-0.546401
872;-1.469372;-6.047749;2.412021;-0.301482;0.132024;-0.452725;-0.458921;0.681521;-0.542802
873;0.205801;-4.610391;2.777338;-0.019064;-0.003148;-0.398642;-0.467476;0.680585;-0.539291
874;1.853316;-6.140204;5.914048;0.389634;0.018347;0.156503;-0.447301;0.700812;-0.544676
875;4.266787;-10.603676;7.380859;-0.937465;-0.187126;0.406505;-0.434342;0.718776;-0.542089
876;3.512608;-13.965965;4.77132;-1.370201;-0.108417;-0.119063;-0.44528;0.730734;-0.514171
877;1.380628;-8.031799;3.689322;-0.642664;-0.058781;-0.352713;-0.458054;0.740885;-0.487413
878;1.295573;-7.391484;3.080933;0.409819;-0.00958;0.15466;-0.464349;0.740222;-0.48505
879;1.411703;-8.140341;2.972471;0.138489;0.056838;0.155813;-0.446777;0.757162;-0.480622
880;2.239653;-10.001472;5.369507;0.278711;-0.001265;0.048723;-0.444455;0.755884;-0.488215
881;2.353473;-9.521024;5.433193;0.354735;-0.131704;0.118726;-0.449013;0.736353;-0.504744
882;2.094939;-8.039453;4.172276;0.509959;-0.061917;0.147812;-0.449338;0.728569;-0.515967
883;1.307211;-7.646934;3.944987;0.210876;0.001666;0.068628;-0.446606;0.721657;-0.52625
884;1.55048;-8.226936;3.972909;-0.170641;0.035033;-0.056971;-0.444512;0.728832;-0.517699
885;1.801098;-8.660057;4.315259;-0.090945;0.014411;-0.094146;-0.446088;0.731266;-0.513933
886;2.083505;-8.626858;4.713118;-0.066076;-0.022446;-0.031899;-0.449255;0.72568;-0.517042
887;2.091861;-8.471004;4.632109;-0.096341;-0.081111;-0.008885;-0.452305;0.727055;-0.512777
888;2.078496;-8.299237;4.319708;-0.115353;-0.090072;-0.013436;-0.453683;0.728927;-0.507899
889;1.824615;-8.415651;4.294639;-0.118828;-0.079623;-0.033579;-0.454878;0.736536;-0.499484
890;1.8074;-8.838494;4.455929;0.003469;-0.036873;0.010168;-0.458007;0.739672;-0.496609
891;2.059095;-9.255175;4.387968;0.0877;-0.004625;0.052106;-0.458072;0.735931;-0.500432
892;1.838503;-8.807239;3.986244;0.119657;-0.005706;-0.004407;-0.458772;0.733231;-0.503326
893;1.707323;-8.227666;3.839772;0.18051;0.015126;-0.020827;-0.458139;0.729408;-0.504372
894;1.735531;-8.340812;4.286988;0.253829;0.023783;-0.013458;-0.458577;0.726116;-0.509999
895;2.046138;-8.604655;4.795064;0.272745;0.011201;-0.020639;-0.459891;0.720211;-0.516741
896;2.210154;-8.4735;5.021029;0.202307;0.058399;-0.020912;-0.460339;0.714804;-0.522628
897;2.048183;-8.005589;5.067618;0.071945;0.062763;-0.030228;-0.461074;0.710797;-0.526201
898;1.826004;-7.788218;4.888251;-0.078575;0.029812;-0.018455;-0.460711;0.711279;-0.524541
899;1.809971;-8.142962;4.691803;-0.11847;0.023006;-0.006643;-0.459801;0.712419;-0.522864
900;1.957574;-8.499559;4.630905;-0.123934;0.014985;-0.006614;-0.460345;0.716462;-0.520167
901;2.068988;-8.633469;4.541332;-0.107642;0.014023;-0.002935;-0.461747;0.719141;-0.515708
902;1.957497;-8.654145;4.376181;-0.05701;0.00393;0.011753;-0.460573;0.721342;-0.514166
903;1.898491;-8.557053;4.301742;0.028163;0.006823;0.00638;-0.461101;0.72253;-0.513784
