time index;acc_x;acc_y;acc_z;gyr_x;gyr_y;gyr_z;mag_x;mag_y;mag_z
1;2.555764;-2.623971;9.112565;-0.006596;-0.013135;0.014147;-0.186693;0.559636;-0.555552
2;2.565606;-2.614369;9.132115;0.00241;-0.025668;-0.002886;-0.185173;0.560013;-0.554408
3;2.541151;-2.616814;9.136816;-0.001177;-0.013204;0.007877;-0.184913;0.559224;-0.554645
4;2.550616;-2.594656;9.068914;0.020432;-0.002644;0.004201;-0.183722;0.559235;-0.554711
5;2.577545;-2.59466;9.069079;-0.00826;-0.02036;-0.005434;-0.186251;0.561204;-0.554492
6;2.58036;-2.631369;9.13699;0.007984;0.004389;-0.000993;-0.186362;0.559139;-0.552063
7;2.629256;-2.614379;9.132505;0.00066;-0.01145;0.004328;-0.186858;0.562625;-0.553222
8;2.609583;-2.631181;9.098278;0.000128;0.024693;-0.006152;-0.18722;0.560487;-0.552936
9;2.585036;-2.599679;9.103132;-0.015315;0.004453;0.001871;-0.187234;0.560495;-0.553203
10;2.599787;-2.657757;9.07865;-0.007957;0.013168;-0.011488;-0.186929;0.562328;-0.552155
11;2.560474;-2.618906;9.068864;-0.006238;0.011448;-0.005288;-0.185863;0.56154;-0.552213
12;2.538975;-2.737983;9.121664;-0.005418;-6.4e-05;-0.005375;-0.185056;0.562863;-0.551794
13;2.580341;-2.677261;9.100319;0.000792;0.004449;0.004394;-0.18661;0.564286;-0.550844
14;2.541052;-2.657772;9.083152;-0.008115;0.00441;-0.000872;-0.185832;0.56483;-0.551076
15;2.521476;-2.681945;9.068336;-0.000939;0.005281;-0.000933;-0.185683;0.564029;-0.55092
16;2.550781;-2.662527;9.063744;0.009906;0.004282;-0.01347;-0.186849;0.564536;-0.55033
17;2.531418;-2.715967;9.082827;-0.002752;-0.017837;-0.01705;-0.185894;0.563735;-0.549994
18;2.56808;-2.701399;9.078257;0.006138;-0.026676;-0.017163;-0.187906;0.56307;-0.550494
19;2.609516;-2.669763;9.054348;0.004215;-0.039876;-0.012761;-0.18884;0.563992;-0.550432
20;2.607332;-2.696676;9.102826;-0.00269;-0.017001;-0.024145;-0.190379;0.563292;-0.549574
21;2.616873;-2.667363;9.059265;0.021531;-0.009052;-0.022519;-0.189462;0.563304;-0.549788
22;2.634022;-2.664965;9.064243;0.024256;-0.009983;-0.027878;-0.191244;0.56266;-0.550941
23;2.633934;-2.60444;9.083965;0.025997;-0.00283;-0.018064;-0.192041;0.563845;-0.550743
24;2.658339;-2.611598;9.059774;0.020687;-0.002868;-0.024243;-0.192531;0.56263;-0.550215
25;2.646293;-2.648089;9.083841;0.002689;-0.013442;-0.022379;-0.193497;0.561055;-0.551171
26;2.65359;-2.623866;9.088859;0.002722;-0.008138;-0.022346;-0.194055;0.56133;-0.551607
27;2.694907;-2.541332;9.070043;0.000911;-0.000986;-0.015162;-0.194754;0.561671;-0.54979
28;2.658487;-2.631117;9.083994;-0.000707;0.004179;-0.029366;-0.195833;0.560948;-0.552632
29;2.668306;-2.648068;9.079115;-0.004251;0.007713;-0.030209;-0.196589;0.561778;-0.549363
30;2.626826;-2.677232;9.093312;-0.011493;0.00957;-0.019479;-0.195556;0.561932;-0.54984
31;2.649005;-2.720919;9.10054;0.018779;0.007925;-0.001066;-0.196942;0.562879;-0.550735
32;2.656215;-2.682086;9.09347;0.002505;-0.002575;0.00791;-0.195589;0.560891;-0.550621
33;2.636578;-2.662685;9.093438;0.016885;0.028497;0.02663;-0.196594;0.560855;-0.549612
34;2.658574;-2.638476;9.100976;0.006217;0.021314;0.011571;-0.195348;0.561831;-0.550891
35;2.629359;-2.701505;9.098078;-0.002837;0.027658;0.029449;-0.193964;0.561812;-0.549881
36;2.58776;-2.701522;9.102684;0.007064;0.032922;0.027611;-0.193007;0.561476;-0.551817
37;2.590024;-2.633627;9.103008;0.02589;0.048886;0.036443;-0.190484;0.562817;-0.551567
38;2.538527;-2.643175;9.07348;0.01504;0.028537;0.032857;-0.188775;0.562044;-0.551988
39;2.501821;-2.631105;9.085464;0.0133;0.050725;0.044545;-0.187764;0.561548;-0.552986
40;2.462569;-2.589912;9.092703;0.021287;0.021395;0.027429;-0.186;0.561938;-0.552229
41;2.470017;-2.62146;9.097466;0.030475;0.027382;0.006041;-0.185406;0.561714;-0.553522
42;2.467491;-2.599612;9.092689;0.033665;-0.009615;0.020047;-0.187385;0.560107;-0.553603
43;2.511556;-2.560954;9.119874;0.029551;0.002484;-0.012742;-0.186315;0.560311;-0.555809
44;2.497045;-2.626422;9.119486;0.024134;-0.00102;-0.009171;-0.184816;0.559111;-0.555303
45;2.558416;-2.62181;9.166068;0.042855;-0.000969;-0.00131;-0.18601;0.558044;-0.555483
46;2.440946;-2.537259;9.233794;0.005923;-0.047047;-0.017261;-0.187759;0.559102;-0.555735
47;2.787858;-3.008308;9.350447;-0.083016;-0.20942;-0.006734;-0.19025;0.559597;-0.555086
48;3.508008;-3.226439;9.310116;-0.02312;-0.364062;-0.014196;-0.198598;0.561508;-0.549738
49;4.182996;-2.969536;9.320292;0.094036;-0.095154;0.115349;-0.203364;0.56041;-0.54972
50;4.422247;-2.698087;9.342445;0.108229;0.229853;0.289545;-0.198705;0.561167;-0.551734
51;3.735227;-2.867598;8.822137;0.151151;0.606407;0.314171;-0.181983;0.560499;-0.556633
52;2.527407;-2.955663;8.517774;0.212437;0.741058;0.38531;-0.15799;0.558381;-0.564688
53;2.254595;-3.322901;9.233924;0.304297;0.930551;0.465515;-0.12311;0.552906;-0.578054
54;1.461242;-2.536506;9.10625;0.356048;0.942008;0.481141;-0.090984;0.548383;-0.588266
55;0.239004;-2.491996;8.962832;0.335432;0.833233;0.496549;-0.063586;0.541879;-0.595513
56;-0.060779;-1.896064;9.090114;0.407801;0.738756;0.522168;-0.033563;0.531442;-0.604002
57;-0.985986;-1.804293;9.189379;0.401069;0.536015;0.401862;-0.009151;0.524158;-0.612601
58;-0.856762;-2.091885;9.480548;0.437914;0.200221;0.312614;0.006684;0.511231;-0.62131
59;0.446908;-1.847229;9.990398;0.57427;0.353825;0.188074;0.016229;0.49855;-0.630912
60;0.156612;-0.748266;10.389849;0.604723;0.534087;-0.004938;0.029372;0.484962;-0.640427
61;0.860554;-0.09386;9.945038;0.431845;0.861319;-0.13318;0.048653;0.472062;-0.649209
62;0.145101;-0.156459;10.363313;0.269905;0.966991;-0.173184;0.069026;0.464836;-0.651648
63;-0.931663;-0.598354;9.523372;0.268343;0.774655;-0.123767;0.089548;0.458201;-0.656087
64;-1.139559;-0.932048;9.338265;0.071726;0.585046;-0.103681;0.104766;0.453635;-0.655274
65;-1.189806;-1.312246;8.745549;0.150063;0.579441;-0.033299;0.120955;0.452361;-0.653138
66;-1.562062;-0.877015;9.007773;0.017106;0.256723;-0.161067;0.12737;0.450797;-0.652613
67;-2.012763;-1.564244;9.709217;-0.088322;0.142395;-0.082707;0.12932;0.45235;-0.650669
68;-2.073485;-1.242775;9.430778;-0.007542;0.005088;-0.115197;0.128555;0.454048;-0.649813
69;-2.3723;-0.909049;9.622498;-0.067271;-0.048679;-0.098979;0.124357;0.456506;-0.648499
70;-1.936948;-0.855447;9.559783;-0.044029;-0.141117;-0.168947;0.122003;0.45938;-0.647355
71;-1.602865;-1.059929;9.711605;-0.140607;-0.105463;-0.151929;0.117388;0.462109;-0.646337
72;-1.495012;-1.118118;9.70714;-0.079707;-0.083275;-0.13452;0.111213;0.465471;-0.64462
73;-1.793504;-1.272949;9.641401;-0.110539;-0.092662;-0.093483;0.106204;0.468988;-0.643372
74;-1.16743;-1.132094;9.582686;-0.016009;-0.095812;-0.05326;0.101592;0.470128;-0.64259
75;-1.058501;-1.467123;9.659609;-0.032129;-0.058373;-0.017388;0.101166;0.471197;-0.6429
76;-1.044019;-1.370203;9.674725;-0.011045;-0.040207;0.041239;0.100405;0.473157;-0.641915
77;-1.349801;-1.597598;9.572149;-0.016609;-0.068498;0.046386;0.099121;0.472861;-0.641184
78;-1.280867;-1.617428;9.657557;-0.023007;-0.093297;0.039203;0.09666;0.47341;-0.642398
79;-1.317389;-1.641839;9.691253;-0.001724;-0.103822;0.05319;0.095378;0.472981;-0.641664
80;-1.162402;-1.01868;9.69505;0.012253;-0.084837;-0.005397;0.093746;0.473386;-0.642296
81;-1.197457;-1.390503;9.860858;-0.021905;-0.059772;0.033199;0.093746;0.474047;-0.642175
82;-1.324132;-1.277031;9.474111;-0.03664;-0.046768;-0.003082;0.092187;0.476664;-0.641115
83;-0.980324;-1.24944;9.770466;-0.050238;-0.028824;0.022979;0.08927;0.475583;-0.641259
84;-1.098554;-1.260597;9.577661;-0.019035;-0.04203;0.032407;0.088862;0.475057;-0.641538
85;-1.007174;-1.39453;9.689424;-0.034336;-0.022357;0.057534;0.089855;0.477543;-0.639932
86;-0.94591;-1.467116;9.655437;0.016038;-0.014612;0.039374;0.091601;0.477546;-0.639568
87;-0.831178;-1.321728;9.673821;0.024959;-0.006576;0.046496;0.089282;0.476503;-0.640877
88;-1.0236;-1.547664;9.763977;0.011274;0.021224;-0.002209;0.090659;0.476355;-0.639998
89;-1.026895;-1.442687;9.621022;-0.006623;0.001704;-0.017271;0.090442;0.477323;-0.641359
90;-1.053661;-1.404222;9.689095;-0.013994;-0.02838;-0.020924;0.090212;0.478097;-0.640588
91;-1.078729;-1.243986;9.650781;0.025849;0.023627;-0.031628;0.091484;0.477404;-0.639305
92;-1.284534;-1.294492;9.571504;-0.010123;-0.012671;-0.040458;0.089033;0.477683;-0.640381
93;-1.046667;-1.183875;9.753344;0.010092;-0.025702;-0.014849;0.087968;0.479;-0.6402
94;-1.058094;-1.455551;9.771479;-0.005013;0.005374;0.002295;0.086158;0.480152;-0.639126
95;-1.044418;-1.31412;9.611779;0.000398;-0.004408;-0.008454;0.086305;0.480278;-0.638854
96;-1.078057;-1.505821;9.639866;0.005812;-0.019588;-0.022839;0.086982;0.479218;-0.638795
97;-0.897114;-1.23009;9.778358;-0.004949;-0.008919;-0.020843;0.086488;0.481116;-0.64019
98;-0.975245;-1.426081;9.694337;0.002021;-0.030061;-0.010385;0.084232;0.480438;-0.640305
99;-1.070561;-1.568844;9.634763;0.003774;-0.012206;0.012778;0.083022;0.479512;-0.640755
100;-0.838587;-1.350644;9.637182;0.023428;-0.000587;0.023415;0.083416;0.480707;-0.640622
101;-0.977328;-1.486954;9.745092;-0.001167;0.003358;-0.027973;0.083516;0.480989;-0.641154
102;-1.16379;-1.515411;9.61985;0.014516;-0.011352;0.012686;0.08413;0.479628;-0.639896
103;-0.959403;-1.117553;9.579167;0.041521;0.005403;0.003749;0.084106;0.477127;-0.640782
104;-1.136993;-1.336421;9.71077;0.003862;0.006324;0.011122;0.08406;0.477283;-0.641586
105;-0.848716;-1.050564;9.760028;0.022632;0.00724;0.009281;0.085005;0.476753;-0.641389
106;-1.035913;-1.636985;9.683279;-0.015606;0.040902;0.020331;0.086042;0.478625;-0.641499
107;-1.087776;-1.546993;9.629895;0.023689;0.014247;0.009198;0.085798;0.478612;-0.641113
108;-0.947555;-1.615535;9.756842;0.032745;0.017682;-0.001513;0.086933;0.478317;-0.639846
109;-1.083705;-1.277717;9.606843;0.052386;0.037286;0.018015;0.088155;0.478116;-0.64177
110;-0.950903;-1.360663;9.704509;0.059458;0.051609;0.039385;0.088334;0.475316;-0.64144
111;-1.059724;-1.093433;9.607831;0.045693;0.120478;0.029214;0.092561;0.475621;-0.64174
112;-1.52604;-1.626597;9.556351;-0.020738;0.056623;0.007929;0.095208;0.475644;-0.641857
113;-1.176966;-1.21941;9.58709;0.031795;0.055983;0.032505;0.097299;0.473824;-0.642769
114;-1.292954;-1.0104;9.494966;-0.075573;-0.024951;0.058754;0.099468;0.475668;-0.641617
115;-1.441912;-1.218673;9.444485;-0.167548;-0.12297;0.058046;0.098272;0.478237;-0.638805
116;-0.647706;-1.142763;9.765702;-0.201396;-0.055402;0.085505;0.097376;0.483037;-0.634954
117;-0.77428;-1.508557;9.695193;-0.218606;0.041866;-0.007276;0.098339;0.489042;-0.630887
118;-1.218786;-2.089776;9.55369;-0.310379;-0.201426;-0.039095;0.092172;0.496431;-0.625919
119;-0.741065;-1.132665;9.687391;-0.32889;-0.058439;-0.077979;0.08717;0.504833;-0.618907
120;-2.242244;-1.242291;8.846364;-0.491734;-0.328905;-0.085465;0.084759;0.515005;-0.612715
121;-0.831722;-1.122229;9.050027;-0.579858;-0.278339;-0.412342;0.069693;0.529338;-0.601858
122;-1.462232;-2.746341;9.442244;-0.544863;-0.450384;-0.441432;0.051462;0.547737;-0.589927
123;-0.64558;-3.577828;9.861546;-0.179659;-0.54856;-0.302672;0.029745;0.558792;-0.582313
124;-1.277436;-3.037854;9.544138;-0.08673;-0.680299;-0.189463;0.012866;0.56027;-0.582495
125;0.071866;-3.00234;9.683839;-0.226037;-0.894701;0.001051;-0.009343;0.566345;-0.577476
126;0.573172;-2.728002;9.114511;0.050726;-0.652759;-0.108322;-0.026269;0.564603;-0.576668
127;-0.419312;-3.529532;8.915162;-0.194719;-0.945212;-0.21217;-0.049044;0.569633;-0.57246
128;0.976275;-2.985601;8.726888;0.157731;-0.840881;-0.298701;-0.074939;0.567799;-0.570692
129;1.851937;-2.748633;9.331306;0.308565;-0.940364;-0.447893;-0.105663;0.558354;-0.573579
130;3.106438;-2.131553;10.046739;0.294303;-0.652978;-0.349906;-0.130716;0.553201;-0.57636
131;2.666536;-2.492497;9.984054;0.238544;-0.23704;-0.176626;-0.145187;0.544703;-0.580343
132;2.558854;-3.130499;9.547805;0.175419;-0.215797;0.120879;-0.151071;0.540319;-0.581923
133;2.46216;-2.19308;9.264666;0.280799;-0.221015;0.1361;-0.15297;0.534116;-0.588567
134;2.598446;-1.633203;8.825663;0.191516;-0.133774;-0.022667;-0.1555;0.530071;-0.591828
135;3.202946;-1.537073;9.47639;0.095309;-0.122695;0.014769;-0.159658;0.526757;-0.593197
136;2.379115;-2.157055;9.337243;0.064667;0.006528;0.055502;-0.160949;0.526465;-0.592599
137;2.247139;-2.266056;9.316489;0.030456;-0.027072;0.052012;-0.15963;0.52423;-0.593148
138;2.417527;-2.032866;9.231092;0.045787;0.002216;-0.040378;-0.161024;0.523858;-0.594417
139;2.437808;-1.927413;9.482066;0.054451;0.047772;-0.081084;-0.160571;0.523637;-0.595852
140;2.412108;-1.720469;9.315132;0.019433;0.069321;-0.051316;-0.160586;0.522322;-0.59636
141;1.976946;-2.076384;9.216038;-0.029091;0.037493;-0.04854;-0.160193;0.523651;-0.59623
142;2.00156;-2.062055;9.260007;0.035233;0.016172;-0.051844;-0.160952;0.523361;-0.595602
143;2.236031;-1.781087;9.318636;-0.013273;0.011055;-0.04428;-0.161197;0.522095;-0.597854
144;2.234016;-1.926625;9.327682;-0.049352;-0.011761;-0.029898;-0.16219;0.521586;-0.594307
145;2.236967;-2.077085;9.35132;-0.042498;-0.023916;-0.002474;-0.164212;0.524567;-0.59674
146;2.266645;-2.174131;9.360783;-0.035276;-0.007949;0.005545;-0.164282;0.524861;-0.593156
147;2.265941;-2.023419;9.286114;-0.031644;-0.00087;0.004683;-0.163459;0.526705;-0.592346
148;2.31972;-2.040245;9.254766;-0.008116;-0.013583;-0.03292;-0.162941;0.525324;-0.590427
149;2.359787;-2.17429;9.390522;-0.01543;-0.002774;-0.007914;-0.163685;0.525757;-0.591808
150;2.388886;-2.096616;9.374041;-0.00106;0.02209;0.006343;-0.164484;0.525753;-0.591853
151;2.253699;-2.040331;9.273808;0.000581;0.0169;0.020513;-0.164236;0.527483;-0.591872
152;2.344516;-2.07206;9.313111;-0.013854;0.001907;0.020563;-0.163676;0.526281;-0.591552
153;2.368653;-2.001551;9.27469;-0.036815;0.009644;-0.009427;-0.163167;0.528413;-0.591563
154;2.281103;-2.243925;9.253599;-0.067136;-0.027805;-0.04855;-0.164636;0.528867;-0.589259
155;2.557639;-2.328429;9.172264;-0.110989;-0.004513;-0.026695;-0.164956;0.531734;-0.587335
156;2.026937;-2.459504;9.212163;-0.165409;-0.108902;-0.032239;-0.165929;0.534855;-0.585187
157;2.755058;-2.775086;9.263804;-0.08478;-0.229908;0.073226;-0.170059;0.53787;-0.580153
158;3.247073;-2.603528;9.374559;0.022802;-0.139345;0.227647;-0.171001;0.540181;-0.577588
159;3.496062;-2.414177;9.325906;0.048044;0.097265;0.298122;-0.166459;0.540797;-0.57934
160;2.888217;-2.410757;9.139886;0.08829;0.402472;0.352669;-0.15412;0.54056;-0.581833
161;2.123973;-2.223998;9.150635;0.184811;0.554502;0.286791;-0.134302;0.539496;-0.586018
162;2.059719;-2.085484;9.092535;0.246703;0.599682;0.105133;-0.118275;0.534739;-0.59221
163;1.07736;-2.031962;9.572903;0.23428;0.653438;0.119618;-0.098073;0.528268;-0.602393
164;0.69482;-1.985182;9.439508;0.24313;0.600978;0.192123;-0.080368;0.522887;-0.609543
165;0.103242;-2.363148;9.3904;0.281182;0.338724;0.136912;-0.068387;0.517538;-0.614622
166;0.591211;-2.286902;9.651401;0.362066;0.40329;0.147354;-0.056975;0.51141;-0.620516
167;0.907904;-2.123744;9.994394;0.427977;0.627752;0.154314;-0.038499;0.502477;-0.628753
168;0.864981;-1.276294;10.250799;0.405051;0.800776;0.028392;-0.019059;0.491221;-0.639154
169;0.478553;-1.092377;9.845764;0.403023;0.934572;-0.032279;0.005089;0.483071;-0.645489
170;-0.075066;-1.147425;9.713286;0.229062;0.86201;-0.057117;0.025413;0.474945;-0.648979
171;-0.326719;-0.719618;9.511945;0.219613;0.746784;-0.09854;0.046779;0.467497;-0.652689
172;-0.866557;-0.601953;9.268526;0.101413;0.578695;-0.128769;0.060291;0.464168;-0.653726
173;-1.011635;-0.88452;9.531297;0.01143;0.41983;-0.107589;0.071024;0.464715;-0.651533
174;-1.290558;-1.314825;9.26996;0.018287;0.197705;-0.036027;0.078458;0.463974;-0.651632
175;-1.123376;-1.064421;9.62702;-0.023553;0.097702;-0.057484;0.082225;0.465032;-0.650507
176;-1.299495;-1.436726;9.40304;-0.013899;-0.00527;-0.004847;0.082431;0.465128;-0.649167
177;-1.379294;-1.375121;9.696953;-0.04658;-0.022732;-0.079359;0.080163;0.467631;-0.648943
178;-1.201864;-1.030389;9.612109;-0.024496;-0.035773;-0.059973;0.074015;0.469857;-0.649332
179;-1.405837;-1.573761;9.65699;-0.029146;-0.033822;-0.0298;0.07115;0.47285;-0.647821
180;-0.908427;-0.880191;9.634041;0.002777;-0.029941;-0.00319;0.072401;0.469391;-0.647418
181;-1.161296;-1.602465;9.570852;-0.033519;-0.030261;-0.035049;0.071606;0.471766;-0.646976
182;-0.662124;-1.172099;9.814095;0.031982;0.016662;0.075069;0.073759;0.470972;-0.646573
183;-0.951953;-1.364179;9.434672;-0.017735;-0.003166;0.024605;0.07266;0.470058;-0.647416
184;-0.924106;-1.23484;9.758724;-0.029926;-0.045464;0.041407;0.072169;0.47162;-0.646409
185;-0.973673;-1.159158;9.656674;-0.047233;-0.086067;0.043112;0.07256;0.472421;-0.646402
186;-1.361515;-1.837499;9.539382;-0.024108;-0.117959;0.049703;0.070219;0.472776;-0.645476
187;-0.58164;-0.944573;9.895843;0.018976;-0.062996;0.057015;0.069128;0.473841;-0.645824
188;-1.153433;-1.632117;9.68258;-0.036174;-0.045456;0.048477;0.068395;0.474597;-0.644549
189;-0.86877;-1.074136;9.623675;0.005168;-0.034954;0.030531;0.06695;0.472726;-0.644595
190;-0.871605;-1.56004;9.811037;-0.040801;-0.007915;-0.009914;0.067018;0.476068;-0.645187
191;-0.72145;-1.18587;9.658099;0.00381;0.026954;0.033548;0.069068;0.475919;-0.644136
192;-0.798707;-1.465122;9.738996;-0.064325;0.06182;-0.026221;0.070322;0.478278;-0.642646
193;-0.749753;-1.525535;9.695267;-0.031576;0.065752;0.022434;0.071282;0.47774;-0.642183
194;-0.997957;-1.379309;9.553428;-0.035324;0.041875;0.022316;0.072137;0.479302;-0.640833
195;-0.906199;-1.533049;9.747748;0.005611;0.007315;0.020014;0.075004;0.479546;-0.639345
196;-0.735465;-1.314793;9.74007;0.048675;0.034784;0.028755;0.07381;0.479209;-0.641802
197;-0.994776;-1.452728;9.689234;0.011685;0.051103;-0.024267;0.074998;0.480147;-0.641752
198;-0.879873;-1.500882;9.616796;0.049607;0.033892;0.030468;0.075645;0.479102;-0.642228
199;-0.990252;-1.428096;9.61159;0.011173;0.023164;0.012937;0.07721;0.479392;-0.642678
200;-1.14639;-1.573742;9.646428;0.048531;-0.008719;0.015972;0.077269;0.477378;-0.641971
201;-0.998423;-0.982405;9.710806;0.027162;-0.008864;-0.010419;0.07777;0.476868;-0.642598
202;-0.969135;-1.691014;9.819564;0.012796;-0.001646;0.010985;0.077619;0.47648;-0.642999
203;-0.921668;-1.196163;9.783223;0.048577;0.030355;0.032278;0.079741;0.476496;-0.643012
204;-1.18611;-1.701123;9.417112;-0.021091;-0.026542;-0.013813;0.079398;0.476137;-0.644489
205;-0.819349;-1.120636;9.708842;0.034143;0.01629;0.034126;0.080037;0.475159;-0.642704
206;-0.969339;-1.187451;9.493711;0.027281;-0.017765;-0.021169;0.07866;0.477292;-0.643222
207;-0.985496;-1.239427;9.707281;0.030696;0.005452;0.011823;0.077478;0.476483;-0.64314
208;-0.860123;-1.414095;9.719406;0.028442;0.013973;0.075015;0.077861;0.474642;-0.643749
209;-0.902384;-1.222371;9.688422;0.016494;0.032076;0.0201;0.08074;0.474419;-0.644514
210;-1.118338;-1.903812;9.703431;0.023432;0.026966;0.053674;0.083378;0.475304;-0.642252
211;-0.939044;-1.072613;9.807988;0.037753;0.0144;0.025185;0.083144;0.473768;-0.644366
212;-1.104512;-1.532994;9.741671;-0.024897;-0.001524;0.020187;0.085557;0.472185;-0.644199
213;-0.971875;-1.01093;9.594163;0.005507;0.00029;0.020038;0.085058;0.473223;-0.643449
214;-0.83955;-0.875785;9.721991;-0.029306;0.009097;0.009745;0.083724;0.474143;-0.643408
215;-1.04346;-1.569064;9.678681;-0.04377;0.009298;0.039965;0.084141;0.475194;-0.642872
216;-1.060174;-1.054203;9.520501;-0.022482;0.025497;0.070176;0.086504;0.476283;-0.643159
217;-1.074053;-1.120465;9.680543;-0.041839;0.046482;0.045542;0.089208;0.477202;-0.642092
218;-1.205627;-1.391882;9.649326;-0.073567;-0.001139;0.057049;0.090697;0.47898;-0.638847
219;-0.980941;-1.321164;9.563521;-0.086939;-0.033139;0.02591;0.088838;0.481349;-0.638465
220;-0.922306;-1.263025;9.57387;-0.110592;-0.071009;-0.065667;0.08822;0.483701;-0.637213
221;-0.578749;-1.375282;9.709156;-0.187932;-0.031362;0.005469;0.085945;0.488916;-0.634247
222;-1.015652;-1.141781;9.576282;-0.218202;-0.216706;-0.167812;0.081496;0.494734;-0.629684
223;-0.837338;-1.888694;9.581256;-0.17894;-0.2886;-0.197052;0.069781;0.499493;-0.627108
224;-1.333506;-2.024936;9.684543;-0.20538;-0.460909;-0.183619;0.056096;0.505153;-0.623995
225;-0.096415;-1.902254;9.362111;-0.115175;-0.085664;0.057033;0.048732;0.511016;-0.621727
226;-1.478016;-1.432101;9.453012;-0.466969;-0.59482;-0.382192;0.031303;0.518182;-0.616459
227;0.369079;-2.263508;9.83002;-0.280244;-0.364657;-0.34231;0.012109;0.528593;-0.608956
228;-1.246314;-2.630991;9.648278;-0.112576;-0.522925;-0.186567;-0.001562;0.531601;-0.606058
229;1.087128;-1.812024;9.719812;0.037456;-0.130667;-0.037622;-0.01426;0.532148;-0.605188
230;-0.641688;-2.555457;9.068954;-0.325122;-0.763996;-0.02062;-0.025636;0.536342;-0.601385
231;1.073277;-2.310889;9.586188;-0.08502;-0.281886;0.035418;-0.037517;0.542107;-0.596841
232;0.535242;-3.065457;9.195382;-0.319491;-0.679416;0.028804;-0.0482;0.546423;-0.592468
233;0.495375;-2.34136;8.897032;-0.174022;-0.797489;-0.123209;-0.069119;0.552853;-0.585653
234;1.161954;-2.170116;8.576183;-0.018608;-0.642192;-0.354735;-0.090068;0.553877;-0.580333
235;2.039947;-2.143244;9.004643;0.137403;-0.601658;-0.561946;-0.115892;0.551545;-0.57975
236;2.075048;-2.643417;10.115857;0.085653;-0.774834;-0.541136;-0.145304;0.546017;-0.579842
237;2.695526;-2.835171;9.647223;0.174091;-0.664899;-0.308253;-0.172523;0.542054;-0.578375
238;2.890417;-2.360353;9.735663;0.256183;-0.269586;-0.168006;-0.186359;0.530994;-0.580943
239;3.276785;-2.649869;9.428006;0.185695;-0.141305;0.027113;-0.192467;0.526852;-0.581742
240;3.302885;-1.683959;9.264856;0.120256;-0.117137;0.042147;-0.197173;0.524998;-0.58317
241;3.065581;-1.949946;9.118772;0.002787;-0.042011;-0.070382;-0.197783;0.524638;-0.584662
242;2.554721;-2.39067;9.009102;0.014345;0.016769;-0.002731;-0.200363;0.523787;-0.58346
243;2.487903;-2.036933;9.071076;0.038057;0.015339;0.03979;-0.195908;0.523584;-0.584536
244;2.657837;-2.159067;9.246575;-0.006078;-0.013735;-0.0578;-0.19629;0.523308;-0.584286
245;2.716673;-1.999685;9.378924;0.018959;0.042281;-0.01499;-0.198275;0.522894;-0.584257
246;2.594688;-2.164519;9.370131;-0.006159;0.055705;0.004808;-0.196501;0.523014;-0.583361
247;2.422364;-2.081123;9.182287;-0.007886;0.057452;0.002144;-0.195809;0.523338;-0.585191
248;2.332145;-2.115393;9.249639;-0.011408;0.046671;-0.014797;-0.194372;0.522434;-0.585758
249;2.432056;-2.037501;9.187407;0.000161;0.025405;-0.023872;-0.194184;0.523534;-0.586967
250;2.442123;-1.962934;9.309347;-0.016815;0.025336;-0.032609;-0.194135;0.525096;-0.585795
251;2.403278;-2.05758;9.325692;-0.004344;0.037838;-0.013991;-0.193235;0.525313;-0.583885
252;2.412861;-2.033153;9.289401;0.000946;0.024576;-0.014991;-0.194114;0.525879;-0.585277
253;2.432568;-2.088891;9.281975;-0.017251;0.015114;0.01178;-0.192466;0.525333;-0.584375
254;2.481381;-2.06938;9.258056;-0.011866;0.009774;0.006381;-0.19343;0.525609;-0.584967
255;2.481864;-2.1739;9.308627;-0.018286;-0.007877;0.009883;-0.192961;0.525972;-0.583616
256;2.50121;-2.134938;9.274894;-0.019044;0.004462;0.004628;-0.192969;0.52677;-0.583632
257;2.488775;-2.091193;9.255571;-0.014629;0.002739;0.009921;-0.193437;0.526204;-0.582583
258;2.500574;-2.037476;9.180535;0.000681;-0.032947;-0.028623;-0.194706;0.527292;-0.58374
259;2.672899;-2.282784;9.255826;-0.048381;-0.017894;-0.03348;-0.194737;0.528165;-0.581762
260;2.652553;-2.100581;9.188472;0.00097;0.002408;-0.03109;-0.195813;0.528429;-0.581961
261;2.496634;-2.463994;9.127518;-0.095496;-0.071543;-0.109017;-0.195618;0.527536;-0.578605
262;2.79127;-2.721289;9.171904;-0.195029;-0.386252;-0.038727;-0.203708;0.533489;-0.575049
263;3.59478;-2.320945;9.59432;0.061317;-0.177729;0.081398;-0.210704;0.533483;-0.571983
264;4.029351;-2.218029;9.366535;0.074729;0.111732;0.224288;-0.208635;0.533658;-0.572935
265;3.254406;-2.329786;8.93832;0.10732;0.272437;0.326985;-0.199437;0.533905;-0.574549
266;2.34292;-2.215052;8.806852;0.225679;0.468629;0.364272;-0.183211;0.532624;-0.581329
267;2.361595;-2.149321;9.244802;0.271539;0.631058;0.257191;-0.163499;0.529037;-0.590263
268;1.911325;-1.854646;9.491323;0.268007;0.75804;0.137834;-0.139344;0.523668;-0.600776
269;1.587175;-1.781491;9.907757;0.212238;0.765233;0.159645;-0.11722;0.518632;-0.609547
270;1.155886;-1.995962;9.646471;0.209106;0.775507;0.331235;-0.096501;0.514943;-0.614696
271;0.454963;-2.011793;9.433054;0.228473;0.624419;0.249236;-0.074469;0.510213;-0.620283
272;0.426838;-2.107607;9.685242;0.327962;0.741568;0.327279;-0.05195;0.503658;-0.627006
273;0.348829;-1.842184;9.953358;0.315076;0.781821;0.183583;-0.025008;0.496917;-0.635339
274;0.093463;-1.495609;9.997128;0.362316;0.918024;0.10657;-0.001094;0.487162;-0.64139
275;-0.063574;-0.924162;9.677916;0.337019;0.890726;0.107571;0.022357;0.478426;-0.646023
276;-0.669282;-1.11851;9.274669;0.263846;0.733966;-0.035068;0.046313;0.470898;-0.650916
277;-0.776651;-0.441627;9.209042;0.182986;0.5981;-0.125745;0.061917;0.465618;-0.652863
278;-1.087403;-1.164985;9.366691;0.087363;0.543697;-0.079157;0.072979;0.461774;-0.655094
279;-1.345494;-0.839813;9.32527;0.135345;0.264444;-0.068586;0.08119;0.458933;-0.655907
280;-1.712253;-0.808905;9.459283;0.06229;0.121628;-0.027891;0.084309;0.45773;-0.654909
281;-1.637927;-1.092767;9.487611;0.037536;-0.036151;0.015904;0.085677;0.455671;-0.656923
282;-1.518541;-0.594254;9.689942;0.025288;-0.065904;-0.056083;0.084289;0.456814;-0.655426
283;-1.594817;-1.295224;9.727595;-0.046648;-0.09038;-0.028167;0.078437;0.456382;-0.655748
284;-1.19239;-0.645755;9.798661;0.001532;-0.068916;-0.005172;0.076212;0.45827;-0.65724
285;-1.244421;-1.460011;9.697392;-0.08537;-0.064178;0.023896;0.076486;0.460315;-0.654335
286;-0.919387;-0.976043;9.893626;-0.046758;-0.032354;0.022984;0.076073;0.462171;-0.654261
287;-1.068712;-1.495595;9.533017;-0.075181;-0.060855;-0.006386;0.075818;0.464545;-0.653655
288;-0.907962;-0.914608;9.728686;-0.046633;-0.033304;0.011424;0.072645;0.467357;-0.65056
289;-1.063904;-1.350489;9.611493;-0.021511;-0.042232;0.009301;0.072856;0.467651;-0.651485
290;-0.912014;-1.253988;9.707665;-0.021633;-0.003851;0.05045;0.071289;0.466171;-0.65128
291;-0.741142;-1.040737;9.731565;0.013729;0.0286;0.021935;0.071871;0.467736;-0.650078
292;-1.362046;-1.423596;9.691976;-0.010434;0.030308;0.029104;0.075126;0.469046;-0.648589
293;-0.941881;-1.301699;9.549265;0.042366;0.027741;0.032291;0.075969;0.469097;-0.650139
294;-0.97718;-1.453307;9.806015;-0.00056;0.020528;0.01658;0.076159;0.467878;-0.649307
295;-0.8874;-1.33149;9.688016;0.057425;0.019831;0.041025;0.0774;0.468064;-0.650837
296;-1.255485;-1.14909;9.589361;0.019797;-0.009536;0.018025;0.07864;0.464214;-0.650694
297;-0.897699;-1.02153;9.774445;0.044929;0.016176;0.025148;0.078437;0.465175;-0.651789
298;-1.146866;-1.331486;9.693716;-0.017863;-0.003197;0.030812;0.077919;0.463842;-0.651793
299;-1.164556;-1.113296;9.704328;0.005647;0.01075;0.011159;0.079628;0.465116;-0.649458
300;-1.000536;-1.02149;9.768952;0.001684;-0.014673;0.030659;0.07962;0.465914;-0.649473
301;-1.357057;-1.457545;9.691851;-0.026556;0.02322;0.024749;0.07962;0.465914;-0.649473
302;-1.08388;-1.093838;9.690327;0.003161;0.031938;0.005972;0.081313;0.465943;-0.650044
303;-1.125204;-1.159446;9.718943;-0.008396;0.054998;0.015956;0.080895;0.467669;-0.6501
304;-0.91257;-1.16146;9.630301;-0.011868;0.056762;0.008022;0.084119;0.469128;-0.649147
305;-1.161981;-1.343031;9.576895;-0.01188;0.030053;-0.008193;0.084106;0.468208;-0.64953
306;-1.107479;-1.418762;9.688698;0.01621;-0.019293;0.013544;0.084956;0.46898;-0.648432
307;-1.343822;-1.122235;9.554912;0.010137;-0.024854;-0.015777;0.083993;0.467801;-0.649262
308;-1.124997;-1.123458;9.796892;-0.008518;-0.025024;-0.038703;0.083586;0.468463;-0.649298
309;-1.037292;-1.180935;9.648892;0.000318;-0.017708;-0.013838;0.082302;0.468167;-0.648566
310;-1.294401;-1.161484;9.644973;-0.024719;-0.029341;-0.027958;0.08056;0.469221;-0.648684
311;-1.024441;-1.283201;9.73358;0.010748;-0.045911;-0.001636;0.079207;0.471272;-0.646404
312;-1.210255;-1.353552;9.744272;-0.006658;-0.012608;-0.030697;0.078368;0.471553;-0.647122
313;-0.941889;-1.052782;9.720554;0.002103;-0.008825;-0.010213;0.077282;0.470764;-0.647701
314;-0.965545;-1.384885;9.699447;-0.022084;0.013512;0.016729;0.077584;0.471541;-0.6469
315;-1.134869;-1.311849;9.645265;-0.035242;0.020352;-0.00893;0.078661;0.472466;-0.646457
316;-0.909254;-1.365543;9.709603;-0.02649;0.019685;0.013253;0.07923;0.473245;-0.645642
317;-0.965784;-1.4305;9.606868;0.007641;0.051611;0.030905;0.079038;0.474527;-0.64408
318;-1.063603;-1.3702;9.674604;-0.010134;0.066575;0.024902;0.083012;0.473634;-0.644371
319;-0.965575;-1.409013;9.675029;0.0184;0.058671;0.032638;0.083578;0.473292;-0.646196
320;-1.220767;-1.253568;9.63042;0.018178;0.048152;0.046792;0.085516;0.473265;-0.644755
321;-1.245798;-1.071629;9.616512;0.020138;0.04084;0.018304;0.086841;0.472482;-0.644931
322;-1.36814;-1.122435;9.596084;0.006341;-0.018427;0.01274;0.087752;0.471704;-0.645397
323;-1.001684;-1.027299;9.472367;-0.086748;-0.09919;0.048712;0.084904;0.475085;-0.643493
324;-0.922705;-0.374982;9.466109;-0.143437;-0.061502;-0.002088;0.08352;0.479268;-0.641388
325;-1.012196;-0.888649;9.385429;-0.26791;-0.030101;-0.063229;0.083372;0.4841;-0.638426
326;-1.907899;-1.381855;9.110299;-0.29525;-0.650899;-0.298611;0.070261;0.491328;-0.634246
327;-1.113843;-1.566747;9.211556;-0.458771;-0.726499;-0.495858;0.042019;0.504004;-0.62916
328;-0.159065;-1.740932;9.104804;-0.378208;-0.570524;-0.255486;0.016974;0.515104;-0.619339
329;-0.461086;-2.749427;10.041475;-0.801714;-0.936137;-0.762733;-0.01828;0.533197;-0.605701
330;-0.579495;-4.110126;10.112317;-0.2318;-0.788633;-0.47164;-0.047828;0.544921;-0.595613
331;0.974623;-3.016911;10.156014;0.121615;-0.787713;-0.157591;-0.076756;0.543715;-0.593364
332;0.121179;-2.320657;9.624056;-0.046442;-0.858117;0.060335;-0.092957;0.540033;-0.594209
333;1.742075;-2.308519;9.089568;-0.000241;-0.731711;0.121333;-0.114808;0.545067;-0.585289
334;1.212546;-2.752806;9.210689;-0.156352;-0.729541;-0.039346;-0.130089;0.543839;-0.583467
335;2.174486;-3.035509;8.981947;-0.101928;-0.728173;-0.002338;-0.14925;0.549736;-0.576142
336;2.122007;-1.977455;8.821167;0.042472;-0.439433;-0.423331;-0.167055;0.547963;-0.574452
337;2.563635;-2.534564;8.68521;0.173179;-0.65299;-0.58206;-0.19107;0.543945;-0.570275
338;2.702705;-2.546735;9.18188;0.512977;-0.678107;-0.568954;-0.218847;0.530804;-0.573324
339;4.017999;-3.148422;10.193532;0.735298;-0.287072;-0.090165;-0.235355;0.514448;-0.581931
340;5.368211;-0.329939;10.005645;0.510538;-0.101482;0.429022;-0.237197;0.500154;-0.593743
341;3.961675;-0.859677;9.284818;0.066096;0.07213;0.130965;-0.232283;0.498537;-0.596363
342;2.712522;-1.706901;8.524613;-0.011526;0.043578;0.009294;-0.232089;0.499766;-0.59744
343;2.59007;-1.646405;8.553308;-0.039311;-0.053417;0.033004;-0.223045;0.49916;-0.597184
344;3.062312;-1.56951;9.173965;-0.09129;-0.119317;-0.032617;-0.225317;0.501331;-0.594692
345;3.425624;-1.6989;9.340895;-0.047249;-0.056322;-0.103737;-0.234834;0.503951;-0.591153
346;3.212876;-1.827239;9.309834;-0.043873;0.029302;-0.007328;-0.235032;0.50246;-0.590204
347;3.004157;-1.843327;9.135897;-0.043732;0.082589;0.024926;-0.233028;0.504451;-0.589596
348;2.866666;-1.825888;9.045196;-0.016741;0.059283;-0.007453;-0.230056;0.50663;-0.590667
349;2.866331;-1.62489;9.099588;-0.025959;0.011452;-0.021829;-0.229693;0.507905;-0.588675
350;2.931396;-1.781339;9.352071;-0.041951;-0.010086;-0.057385;-0.231968;0.507036;-0.58679
351;2.96079;-1.875612;9.291052;-0.02048;0.025549;-0.022704;-0.232725;0.508597;-0.585798
352;2.879268;-1.804595;9.152323;-0.024997;0.009603;-0.028982;-0.233039;0.508884;-0.58662
353;2.833233;-1.998514;9.139001;-0.025952;-0.008122;-0.032661;-0.233291;0.50967;-0.586249
354;2.896361;-1.823876;9.128033;0.019916;-0.037755;0.018411;-0.232482;0.509404;-0.586066
355;3.009499;-1.863219;9.235499;-0.01472;-0.021983;-0.002545;-0.234304;0.510959;-0.585133
356;3.018963;-1.872476;9.145577;-0.001407;-0.011162;0.022298;-0.234161;0.510093;-0.582713
357;2.957864;-1.875011;9.169498;0.004073;-0.014861;0.006218;-0.235801;0.50984;-0.583599
358;3.00412;-1.819115;9.1433;0.004963;-0.00327;0.016069;-0.235535;0.50852;-0.583825
359;3.033098;-1.777537;9.070745;0.014704;-0.025395;0.011433;-0.234728;0.509181;-0.583526
360;3.013995;-1.814387;9.167689;0.010446;-0.018528;-0.009842;-0.235407;0.510375;-0.583587
361;3.092162;-1.828684;9.114627;-0.003047;-0.016624;0.000959;-0.23834;0.510757;-0.58376
362;3.104343;-1.799612;9.119697;0.004307;-0.009707;-0.015954;-0.238632;0.509774;-0.582028
363;3.065616;-1.867825;9.184777;-0.003994;-0.011263;0.009879;-0.238993;0.508895;-0.583895
364;3.136408;-1.814418;9.170871;0.016821;0.007196;-0.000846;-0.239424;0.508444;-0.58218
365;3.074728;-1.775143;9.075872;0.023797;-0.016638;0.00252;-0.238837;0.510868;-0.583125
366;3.055728;-1.829039;9.187325;-0.010792;0.007956;-0.016634;-0.239449;0.508721;-0.582586
367;3.097432;-1.875069;9.177648;0.011604;0.021283;-0.006078;-0.238107;0.511104;-0.58189
368;2.969818;-1.843238;9.118671;0.006375;0.032709;-0.012215;-0.239562;0.510234;-0.584351
369;2.957868;-1.887099;9.162151;-0.00719;0.013264;-0.013103;-0.238377;0.509385;-0.582272
370;2.955117;-1.814222;9.135729;0.002682;0.01412;-0.015838;-0.238236;0.510043;-0.58201
371;2.960211;-1.848302;9.162343;0.008007;0.004363;-0.018605;-0.236912;0.510054;-0.582069
372;2.947932;-1.848252;9.152545;-0.004543;0.010627;-0.011357;-0.238103;0.511435;-0.584159
373;2.979654;-1.838462;9.133338;0.0062;-0.000943;-0.020393;-0.239605;0.509393;-0.582874
374;2.940425;-1.809382;9.138092;0.007105;-0.006309;-0.026656;-0.240089;0.510424;-0.581856
375;2.989585;-1.896635;9.128272;-0.004541;-0.015163;-0.031058;-0.240179;0.509872;-0.581185
376;3.053272;-1.882192;9.148174;0.003473;-0.015123;-0.026665;-0.241623;0.510646;-0.580749
377;3.111973;-1.862803;9.148623;0.003384;-0.023923;-0.024032;-0.242583;0.509862;-0.581454
378;3.134004;-1.886971;9.131633;-0.000964;-0.031152;-0.043597;-0.243744;0.509836;-0.580853
379;3.14402;-1.892086;9.185147;-0.024088;-0.038415;-0.068341;-0.245948;0.508471;-0.580153
380;3.592226;-2.124412;9.079884;0.015736;0.021806;-0.059422;-0.247868;0.509611;-0.578686
381;3.548188;-2.10994;9.096694;-0.067114;-0.080874;-0.089524;-0.249945;0.509439;-0.577868
382;3.875398;-2.312597;9.37002;-0.209111;-0.325815;-0.027386;-0.256691;0.511558;-0.574696
383;4.72295;-2.533293;9.354766;-0.049933;-0.222338;0.289399;-0.259484;0.517487;-0.568977
384;4.852999;-2.59894;9.386864;0.137811;0.309971;0.553014;-0.248051;0.520274;-0.570514
385;3.830682;-2.330451;8.567517;0.236923;0.608335;0.536748;-0.229214;0.521679;-0.577596
386;2.547702;-1.653362;8.980827;0.321819;0.948711;0.499536;-0.198462;0.518361;-0.588441
387;1.723266;-2.038832;9.474743;0.282284;0.991252;0.338084;-0.167466;0.513009;-0.602428
388;1.458503;-1.613005;9.674385;0.323916;1.067103;0.334614;-0.131042;0.508364;-0.616521
389;0.860155;-1.693794;9.354347;0.318825;0.981389;0.445235;-0.097785;0.502491;-0.625712
390;-0.216306;-2.151224;9.20467;0.377713;0.740153;0.280503;-0.072627;0.495962;-0.632686
391;0.630958;-1.885825;9.454155;0.500591;0.729171;0.338297;-0.049539;0.483905;-0.642067
392;0.535628;-1.596657;10.315376;0.736446;0.910512;0.106179;-0.023592;0.467403;-0.653333
393;0.777017;-0.350281;10.312827;0.653232;1.176612;-0.010654;0.007348;0.450107;-0.668028
394;0.677955;-0.23284;10.103712;0.345366;1.297099;-0.023486;0.041165;0.437672;-0.675465
395;-0.813426;0.716646;9.376966;0.282485;1.231357;-0.157704;0.071978;0.430009;-0.673979
396;-1.798226;-0.382552;9.057199;0.19484;0.885159;-0.220502;0.097342;0.426349;-0.674341
397;-1.840894;0.056832;8.470702;0.277797;0.571361;-0.129452;0.112799;0.418227;-0.674645
398;-1.988832;-0.160626;9.297687;0.11879;0.366145;-0.153274;0.124421;0.417283;-0.675834
399;-1.880108;-0.691142;9.186547;0.026098;0.18441;-0.132201;0.129399;0.415167;-0.674981
400;-2.792057;-0.469499;9.011812;-0.075164;0.073207;-0.112512;0.129957;0.416215;-0.674304
401;-2.063403;-0.962816;9.6995;-0.019502;-0.0944;-0.07112;0.128789;0.418838;-0.673355
402;-2.137758;-0.011284;9.504069;-0.035989;-0.085145;-0.034358;0.123583;0.418816;-0.673914
403;-2.061584;-0.674453;9.73972;-0.120933;-0.203528;-0.035254;0.115547;0.425341;-0.671697
404;-1.527638;-0.215065;9.506882;-0.046713;-0.229164;0.054838;0.110841;0.426856;-0.670128
405;-1.723933;-0.422297;9.247071;-0.21556;-0.389437;-0.005158;0.103758;0.429344;-0.670575
406;-0.895177;-0.286325;9.680589;-0.196568;-0.388757;-0.038939;0.093534;0.437076;-0.669303
407;-1.372642;-0.723536;9.349942;-0.319328;-0.66434;-0.032429;0.077387;0.443349;-0.66501
408;-1.129738;-0.492267;9.65147;-0.369605;-0.730103;-0.286597;0.052532;0.455421;-0.661185
409;-1.419776;-1.320303;9.400403;-0.660657;-0.997433;-0.372047;0.024836;0.468817;-0.653287
410;-0.346282;-0.056842;9.354423;-0.75865;-0.881059;-0.454746;-0.007597;0.488702;-0.641121
411;-0.134573;-1.414711;9.334934;-0.643047;-0.81258;-0.485729;-0.031992;0.503977;-0.628414
412;0.328468;-3.016979;10.18608;-0.600575;-1.274137;-0.492228;-0.074561;0.521428;-0.612781
413;1.335948;-2.455078;10.29692;-0.185306;-0.375425;-0.158059;-0.099145;0.532297;-0.599469
414;-0.292602;-3.626788;9.946133;-0.318896;-1.019576;-0.126144;-0.118111;0.537968;-0.59346
415;2.608884;-2.14457;9.258495;0.019377;-0.432468;0.370127;-0.132458;0.541966;-0.588223
416;0.88534;-3.292701;9.045786;-0.39607;-1.024892;0.115642;-0.145128;0.545403;-0.581551
417;2.213298;-2.191023;8.854782;0.004732;-0.633221;0.048986;-0.161955;0.548896;-0.57325
418;1.301062;-2.116431;8.50436;-0.088342;-0.428523;-0.189382;-0.1737;0.548311;-0.569776
419;2.831409;-2.712845;9.424986;0.065337;-0.56365;-0.274773;-0.191196;0.548696;-0.564516
420;2.738919;-2.882665;9.443089;0.24018;-0.687862;-0.301812;-0.211939;0.542281;-0.563968
421;3.609399;-2.678514;9.327825;0.417592;-0.372018;-0.057788;-0.226727;0.533078;-0.566625
422;3.857907;-3.035364;9.400641;0.400972;-0.304657;0.264588;-0.232452;0.526307;-0.572942
423;5.149864;-0.217497;9.338794;0.375409;-0.123414;0.317942;-0.232678;0.517164;-0.578637
424;4.138422;-1.271134;9.123593;0.050091;-0.035511;-0.058913;-0.234164;0.513728;-0.579721
425;3.772449;-1.973439;8.947988;-0.026061;0.0813;0.060438;-0.230632;0.514045;-0.580592
426;3.091688;-2.002083;8.873188;0.038621;0.099557;0.050998;-0.226186;0.515963;-0.581442
427;3.43061;-1.865758;9.247795;-0.021296;0.062089;-0.101568;-0.225493;0.514832;-0.583511
428;3.277342;-1.682622;8.994893;-0.059608;0.081589;-0.001562;-0.22612;0.517384;-0.580002
429;3.223881;-1.934436;8.920492;-0.074666;0.061019;-0.030049;-0.226549;0.518783;-0.577923
430;3.102342;-2.049081;9.060206;-0.04659;0.11043;-0.02827;-0.223241;0.519278;-0.580407
431;3.015043;-2.151608;9.200186;-0.129002;0.066008;-0.061642;-0.222328;0.520282;-0.578112
432;2.989625;-2.532903;9.319826;-0.191477;-0.043591;0.034267;-0.221957;0.525652;-0.575265
433;3.257579;-2.217116;9.201375;-0.063783;-0.09496;0.129948;-0.222073;0.529542;-0.571885
434;3.602845;-2.415442;9.088342;0.045952;0.073656;0.217995;-0.219894;0.531116;-0.570594
435;3.417677;-2.513187;9.244759;0.092513;0.346742;0.336403;-0.208026;0.532104;-0.574202
436;3.001005;-2.391664;9.199003;0.122848;0.479329;0.352816;-0.190236;0.532499;-0.578795
437;2.703671;-2.358798;8.934809;0.124582;0.479417;0.365202;-0.171563;0.531999;-0.584386
438;2.154452;-2.609623;9.163645;0.140192;0.648795;0.150674;-0.150979;0.531226;-0.593857
439;2.150247;-2.438913;9.45852;0.220854;0.721455;0.290923;-0.130496;0.526135;-0.601122
440;1.603449;-1.850493;9.640159;0.271501;0.743755;0.335088;-0.109411;0.522863;-0.60679
441;1.20341;-1.972416;9.296843;0.269686;0.770544;0.370724;-0.082468;0.518766;-0.614641
442;-0.034276;-2.096767;9.466125;0.265073;0.557605;0.308067;-0.05937;0.510603;-0.620769
443;1.48029;-2.270667;9.778467;0.425585;0.785256;0.362419;-0.033736;0.503181;-0.628897
444;0.911946;-2.132339;9.770751;0.464468;0.84162;0.054667;-0.009216;0.492736;-0.638494
445;0.071789;-0.668928;10.039663;0.323895;0.876045;-0.055944;0.012153;0.482313;-0.645076
446;0.159344;-1.209535;9.51755;0.254467;0.815512;0.077606;0.036198;0.474739;-0.648366
447;-0.391956;-0.62337;9.17411;0.28501;0.832222;-0.025715;0.057308;0.468475;-0.651713
448;-0.613144;-0.705073;9.519977;0.188808;0.70083;-0.095906;0.074995;0.461379;-0.654706
449;-1.077429;-0.234174;9.436634;0.142566;0.490398;-0.108213;0.088829;0.457626;-0.654785
450;-1.135674;-0.61179;9.303291;0.124774;0.332851;-0.137427;0.098314;0.456604;-0.653831
451;-1.299489;-1.639728;9.26356;0.098169;0.188538;-0.059901;0.103682;0.454697;-0.655488
452;-1.197985;-0.753622;9.545336;0.139873;0.055157;-0.151503;0.10285;0.450345;-0.656917
453;-1.338301;-1.190684;9.666447;0.039264;0.020878;-0.034453;0.100449;0.449345;-0.659695
454;-1.175497;-0.386876;9.916623;0.041651;0.00322;-0.037086;0.100705;0.448294;-0.66006
455;-1.499448;-1.449768;9.593783;-0.069988;-0.042126;0.025624;0.10148;0.449828;-0.657783
456;-1.498584;-0.788052;9.650288;-0.028874;-0.043095;0.018263;0.101742;0.45089;-0.657655
457;-1.662216;-1.093003;9.536076;-0.108984;-0.142206;0.096572;0.099517;0.453503;-0.656633
458;-1.206431;-0.181924;9.662141;-0.107056;-0.202912;0.011075;0.093045;0.456218;-0.655585
459;-1.175783;-1.196074;9.280931;-0.263547;-0.336127;0.013281;0.086654;0.463123;-0.652351
460;-0.904174;-0.359163;9.208635;-0.278264;-0.400698;-0.212638;0.075879;0.469868;-0.649227
461;-0.905986;-0.340629;9.383723;-0.318817;-0.549105;-0.411379;0.055868;0.478501;-0.644798
462;-0.769267;-0.857331;8.930082;-0.312215;-0.663105;-0.621958;0.031872;0.486975;-0.640457
463;-0.889174;-1.116603;9.385143;-0.670772;-0.713142;-0.824718;-0.003528;0.503557;-0.629727
464;0.062094;-2.067146;10.339491;-0.656599;-0.670338;-0.573814;-0.032944;0.519445;-0.616516
465;0.362273;-3.378884;9.815161;-0.407725;-0.531353;-0.417002;-0.055262;0.532775;-0.604986
466;0.547532;-4.413527;10.142154;-0.152383;-0.949254;-0.055093;-0.083612;0.53902;-0.598187
467;1.001117;-1.593449;9.163641;0.185917;-0.434898;0.149824;-0.095279;0.536548;-0.5984
468;0.191823;-4.194394;9.479808;-0.266617;-1.170023;0.14381;-0.115554;0.540941;-0.589912
469;2.075758;-1.533128;9.197248;0.218061;-0.432832;0.162197;-0.12715;0.539492;-0.588675
470;1.308868;-2.32066;9.103869;-0.01676;-0.589888;-0.023673;-0.141145;0.538231;-0.589974
471;1.875022;-2.406146;9.213905;-0.02064;-0.469328;0.007313;-0.154995;0.538018;-0.586094
472;1.761105;-2.153164;9.056364;0.105452;-0.46489;-0.075494;-0.167859;0.537587;-0.583617
473;1.816599;-2.142489;8.857431;0.095467;-0.638217;-0.298631;-0.180474;0.531876;-0.582358
474;2.696839;-2.99324;9.247866;0.364317;-0.745479;-0.204468;-0.202892;0.524497;-0.581088
475;3.747734;-2.510935;9.762113;0.42191;-0.401393;0.125253;-0.216601;0.517345;-0.585453
476;5.137645;-1.935265;10.021206;0.441215;-0.219278;0.406469;-0.218876;0.508943;-0.589681
477;4.105093;-0.880828;9.635629;0.130693;-0.009185;0.243846;-0.215112;0.506967;-0.593956
478;3.340259;-0.924665;8.711913;0.023737;0.043182;0.052787;-0.208768;0.503656;-0.597395
479;2.889405;-1.753625;8.651884;-0.060128;0.064364;0.0534;-0.206688;0.505546;-0.597846
480;2.861587;-1.811158;9.00877;-0.020722;-0.006166;-0.014882;-0.208147;0.507847;-0.595044
481;3.018002;-1.619944;9.076234;-0.046185;-0.019105;-0.087602;-0.207779;0.510706;-0.592681
482;3.04904;-1.810527;9.367244;-0.080184;0.009305;-0.071179;-0.209523;0.510571;-0.593044
483;3.108037;-1.984837;9.308472;-0.045234;0.066249;-0.023164;-0.208903;0.510661;-0.591413
484;2.860056;-1.921056;9.166258;-0.040772;0.048449;-0.034;-0.209214;0.512799;-0.59187
485;2.823015;-1.901315;9.09806;-0.034435;0.046608;-0.04207;-0.20927;0.514478;-0.590175
486;2.842283;-1.73901;9.130519;-0.025274;0.024999;-0.087582;-0.209764;0.513661;-0.589655
487;2.926213;-1.858309;9.225288;-0.017274;0.01258;-0.091272;-0.210531;0.51417;-0.589043
488;2.906827;-1.991467;9.183238;-0.02553;0.002135;-0.073499;-0.211307;0.514154;-0.588687
489;2.933464;-1.964522;9.127618;-0.02556;0.027115;-0.048462;-0.213389;0.516498;-0.587518
490;2.638386;-2.313893;9.172827;-0.122757;-0.0987;-0.08933;-0.214695;0.51416;-0.585152
491;3.323232;-2.042574;9.209867;-0.1212;-0.197135;0.056109;-0.220831;0.519353;-0.582402
492;3.808734;-2.251462;9.267798;-0.095228;-0.25402;0.114326;-0.224033;0.523434;-0.577204
493;4.480336;-2.252611;9.483389;0.029855;0.160917;0.275673;-0.219661;0.523998;-0.577234
494;3.935812;-2.507361;9.034058;0.083199;0.467483;0.381658;-0.203933;0.52633;-0.580383
495;3.291445;-2.559766;8.859713;0.145255;0.603222;0.363084;-0.186928;0.526916;-0.587153
496;2.961643;-2.517077;9.062067;0.226772;0.702586;0.330002;-0.16576;0.524728;-0.593503
497;2.223668;-2.216572;9.608261;0.25521;0.831372;0.232586;-0.139535;0.521448;-0.602209
498;1.757429;-1.857455;9.57301;0.282138;0.81689;0.205588;-0.111553;0.513736;-0.613526
499;1.284327;-2.013675;9.302012;0.351896;0.859615;0.258489;-0.084921;0.506355;-0.622796
500;0.557015;-1.602444;9.523057;0.401361;0.824306;0.289857;-0.062349;0.499577;-0.630976
501;0.347807;-1.669324;9.813158;0.410033;0.737183;0.243049;-0.038949;0.488026;-0.639418
502;0.179555;-1.991536;9.757177;0.495168;0.62131;0.350138;-0.015928;0.476728;-0.647487
503;-0.223233;-0.691473;9.702307;0.515544;0.728082;0.233287;0.010901;0.462109;-0.65927
504;0.263782;0.466838;9.849138;0.437594;0.815385;-0.01967;0.033424;0.448939;-0.667066
505;0.016313;-0.444561;9.782688;0.322676;0.82837;-0.157541;0.052797;0.440552;-0.671003
506;-0.472629;-0.00727;9.63098;0.199449;0.622504;-0.164754;0.069827;0.434637;-0.673656
507;-0.430704;-0.461981;9.393376;0.087538;0.50977;-0.1396;0.081669;0.430475;-0.67384
508;-1.635149;-1.007945;9.006727;0.038538;0.310153;-0.108526;0.091123;0.427617;-0.673785
509;-1.433863;-0.522926;9.484174;0.11534;0.184549;-0.109714;0.094125;0.428326;-0.67456
510;-1.352624;-0.250433;9.789761;0.036901;0.149457;-0.089632;0.098086;0.426576;-0.672839
511;-1.666162;-0.153487;9.807726;0.00462;0.025739;-0.086503;0.099587;0.425904;-0.672209
512;-1.354022;-0.894563;9.609365;-0.000635;0.038329;-0.068671;0.099337;0.427815;-0.67399
513;-1.336524;-0.16697;9.583627;-0.02445;-0.00033;-0.052569;0.095696;0.430131;-0.672243
514;-1.574575;-0.75408;9.647546;-0.095163;-0.051005;0.015203;0.092716;0.430072;-0.670946
515;-0.993145;-0.276586;9.675171;-0.136921;-0.121505;0.014442;0.093457;0.433344;-0.66897
516;-1.321844;-0.505285;9.346389;-0.236448;-0.262663;0.030422;0.088197;0.440952;-0.66675
517;-1.287646;-0.365034;9.425023;-0.33027;-0.368686;-0.08227;0.079057;0.446892;-0.662986
518;-0.999657;-1.085425;9.948542;-0.361118;-0.450201;-0.204315;0.062498;0.460443;-0.657656
519;-0.783223;-1.059481;9.59996;-0.309883;-0.508125;-0.163225;0.047539;0.46977;-0.652955
520;-1.12171;-1.868819;9.492095;-0.472975;-0.707106;-0.495675;0.028132;0.479957;-0.646924
521;0.444395;-1.416339;9.649615;-0.459342;-0.729308;-0.444018;-0.003684;0.492067;-0.636971
522;-1.764903;-0.766258;9.172326;-0.456295;-0.858252;-0.596159;-0.02733;0.502351;-0.630782
523;0.091159;-1.567631;9.359928;-0.595845;-0.734899;-0.492803;-0.060678;0.515276;-0.617205
524;1.3376;-2.25768;9.607499;-0.383118;-0.827103;-0.314437;-0.090049;0.526978;-0.606308
525;-0.480546;-3.551888;9.515079;-0.334549;-1.499624;-0.154391;-0.119767;0.535872;-0.594978
526;2.361139;-2.567474;9.461657;0.102204;-0.636082;-0.051436;-0.145288;0.538412;-0.588082
527;2.129539;-3.700269;9.542568;-0.246065;-1.115324;0.186989;-0.167064;0.537921;-0.581183
528;3.226345;-2.628673;9.065612;0.119154;-0.79141;0.148671;-0.190748;0.539426;-0.574829
529;2.630626;-1.880145;8.744517;0.004716;-0.463997;-0.220322;-0.206974;0.536015;-0.571288
530;3.052925;-2.408573;8.693649;0.034546;-0.424091;-0.309287;-0.222149;0.535791;-0.567349
531;2.828651;-2.694885;8.734718;0.191073;-0.628896;-0.354424;-0.240811;0.530535;-0.564976
532;3.639646;-2.834273;9.441544;0.332089;-0.522801;-0.232184;-0.2592;0.521246;-0.565572
533;5.548176;-1.48491;10.147319;0.207247;-0.254302;0.094455;-0.26625;0.512607;-0.567403
534;4.42961;-1.689741;9.42488;0.081476;-0.04539;0.131948;-0.266041;0.51105;-0.568692
535;4.069283;-1.524122;8.796293;-0.07945;0.026838;0.0767;-0.266415;0.512093;-0.568068
536;3.852806;-1.665352;8.429708;-0.050449;0.064838;0.080155;-0.263961;0.515648;-0.566267
537;3.643336;-1.719819;8.661526;-0.01696;0.124815;0.081944;-0.260846;0.516897;-0.567312
538;3.506607;-2.080979;9.12574;-0.036777;0.097181;0.066783;-0.252697;0.519045;-0.565961
539;3.443744;-2.265618;9.197433;-0.031479;0.088322;0.069326;-0.250552;0.521102;-0.567609
540;3.331803;-2.045876;8.896338;-0.04056;0.097437;0.095241;-0.249505;0.522704;-0.567581
541;3.199365;-1.963386;8.891041;-0.033012;0.073861;0.030133;-0.244492;0.52355;-0.567979
542;3.251728;-2.083004;9.051245;-0.020037;0.063572;-0.030499;-0.244218;0.52487;-0.56759
543;3.24412;-2.017424;9.029621;-0.005557;0.064287;-0.048391;-0.242338;0.524078;-0.567335
544;3.144266;-2.056723;9.133351;-0.001937;0.046379;-0.069875;-0.243155;0.523686;-0.567773
545;3.107968;-2.240908;9.112842;-0.010867;0.044607;-0.069843;-0.244474;0.523937;-0.567586
546;3.073201;-2.167786;9.037609;0.054968;0.039614;-0.02595;-0.24498;0.522862;-0.567328
547;3.101588;-1.915223;8.961153;0.06011;0.004245;-0.031477;-0.245628;0.520538;-0.56985
548;3.101778;-1.932377;8.997537;0.051334;-0.013735;-0.06707;-0.245085;0.520271;-0.569681
549;3.212438;-1.971684;9.097696;0.037944;-0.019108;-0.077644;-0.247652;0.519615;-0.570612
550;3.185484;-1.969231;9.092681;0.025057;-0.031205;-0.047374;-0.249445;0.517187;-0.569868
551;3.249087;-1.983682;9.071129;0.031554;-0.018956;-0.062471;-0.25047;0.516966;-0.571652
552;3.297664;-1.884127;9.042712;0.052639;-0.014118;-0.013692;-0.252617;0.516433;-0.572163
553;3.331733;-1.808962;9.043264;0.040208;-0.004414;-0.018857;-0.252878;0.513916;-0.572529
554;3.306903;-1.750522;8.994764;0.033041;-0.000832;-0.015219;-0.25331;0.513534;-0.573212
555;3.319433;-1.787137;9.043289;0.017866;0.000909;-0.019533;-0.253088;0.512827;-0.571722
556;3.331713;-1.801688;9.043298;0.017286;0.018401;-0.040776;-0.253923;0.512778;-0.574829
557;3.280285;-1.808906;9.033226;-0.006136;0.007887;-0.032645;-0.254851;0.513099;-0.572359
558;3.327134;-1.8625;9.081883;-0.017023;-0.00086;-0.023709;-0.254456;0.512839;-0.572465
559;3.312537;-1.959275;9.037599;-0.020553;0.013361;-0.01473;-0.25515;0.513379;-0.572913
560;3.280573;-1.901098;9.04253;-0.009979;0.015281;0.004759;-0.254972;0.513357;-0.572104
561;3.317507;-1.923119;9.081548;-0.002853;0.001061;-0.003374;-0.253892;0.514677;-0.571536
562;3.292894;-1.913284;9.054704;-0.004603;0.017049;0.005614;-0.254185;0.515748;-0.571839
563;3.258344;-1.874265;9.010917;-0.013533;0.018823;0.004807;-0.25424;0.51604;-0.572779
564;3.302936;-1.882183;9.139983;-0.04202;0.004413;-0.028815;-0.253705;0.516571;-0.572626
565;3.279205;-2.08128;9.192405;-0.053028;0.008246;0.006833;-0.253583;0.518228;-0.570122
566;3.165678;-2.031781;8.992613;-0.015537;0.006581;0.022505;-0.251793;0.518207;-0.568956
567;3.258056;-1.90532;8.915974;0.006161;0.029524;0.017143;-0.251242;0.518598;-0.568533
568;3.287417;-1.948803;8.881925;0.000835;0.02061;0.006467;-0.251094;0.520575;-0.567896
569;3.239554;-2.114501;9.046165;-0.006154;0.010593;-0.022899;-0.251473;0.51871;-0.567882
570;3.312905;-2.133731;9.010066;0.031011;0.008347;0.026586;-0.250113;0.519433;-0.569549
571;3.190486;-2.061195;9.05583;0.029257;0.002916;0.015004;-0.249452;0.518513;-0.569761
572;3.204903;-1.940028;9.071056;0.023525;-0.000293;0.050622;-0.249547;0.519155;-0.56898
573;3.209903;-1.964325;9.0807;0.018348;0.00486;0.032906;-0.248969;0.519002;-0.568146
574;3.1855;-2.056249;9.036376;0.009553;-0.000605;0.013369;-0.248804;0.518791;-0.569996
575;3.268968;-2.100053;9.065858;0.007915;0.011718;0.006342;-0.248001;0.519058;-0.569822
576;3.322701;-2.13857;9.007673;0.007633;0.028064;0.054449;-0.247687;0.520162;-0.571157
577;3.307827;-2.056172;9.017681;0.070384;0.051027;0.062067;-0.245913;0.517504;-0.57074
578;3.09463;-1.874624;9.087694;0.025668;0.043815;0.044608;-0.243937;0.518124;-0.573302
579;3.161711;-2.163442;9.137833;-0.135034;-0.148649;0.043988;-0.24357;0.519661;-0.571181
580;3.491276;-1.98109;9.031303;-0.002586;-0.127297;0.067982;-0.244569;0.523193;-0.569441
581;3.208949;-1.992126;8.818046;0.005558;-0.107791;0.079527;-0.246687;0.52337;-0.566902
582;3.680047;-2.049123;9.054028;0.048077;-0.027266;0.091237;-0.24544;0.522954;-0.566025
583;3.744741;-2.110859;9.277771;0.079404;0.237869;0.20266;-0.24271;0.524925;-0.569103
584;3.465038;-2.042368;9.164554;0.050662;0.326084;0.184657;-0.23251;0.524151;-0.571973
585;3.240112;-2.236031;9.103951;0.026196;0.365563;0.255251;-0.218817;0.524641;-0.576266
586;2.828644;-2.213976;9.067497;0.048227;0.400507;0.221404;-0.204618;0.527458;-0.57818
587;2.391257;-2.282596;9.22493;0.055309;0.418216;0.240929;-0.189566;0.527348;-0.584382
588;2.393222;-2.115246;9.218413;0.081939;0.36143;0.217312;-0.17749;0.526844;-0.586885
589;1.889625;-2.019387;9.461267;0.079172;0.318558;0.18148;-0.163139;0.527208;-0.591273
590;2.08549;-2.111274;9.403711;0.068307;0.250244;0.245244;-0.15329;0.527466;-0.593117
591;2.070449;-1.77734;9.546128;0.109079;0.346621;0.156551;-0.140888;0.525546;-0.597172
592;1.539145;-1.960824;9.396185;0.065015;0.123421;0.104038;-0.131885;0.524633;-0.600107
593;2.086843;-1.935905;9.246522;0.054472;0.127877;0.090006;-0.127532;0.52362;-0.600774
594;1.668878;-1.779582;9.519346;0.022662;0.01512;0.039837;-0.123737;0.524205;-0.601635
595;1.825471;-1.984913;9.356509;0.021874;0.036504;0.054175;-0.122417;0.52316;-0.60194
596;1.668334;-1.839314;9.339195;0.007179;-0.03792;0.032555;-0.122084;0.523857;-0.603
597;1.645125;-2.188896;9.420101;-0.028991;-0.099822;0.027136;-0.125841;0.523782;-0.601347
598;1.841073;-2.198722;9.440704;0.027288;0.068489;0.077394;-0.124308;0.525676;-0.602095
599;1.736838;-1.880355;9.300536;0.025829;0.030775;0.006095;-0.121093;0.523832;-0.601878
600;1.884227;-2.05259;9.310376;0.054852;0.078479;0.006108;-0.120796;0.523755;-0.603723
601;1.899051;-1.828019;9.501092;0.007185;0.043053;-0.007875;-0.119094;0.522324;-0.604399
602;1.879725;-2.036168;9.422238;-0.005008;-0.016852;0.012323;-0.117461;0.522447;-0.603643
603;1.898857;-1.953438;9.364395;-0.025065;-0.057389;0.020288;-0.120647;0.522292;-0.603687
604;1.904201;-2.048248;9.41261;-0.025025;-0.07969;-0.002072;-0.121981;0.523873;-0.603526
605;1.928423;-1.970596;9.40096;-0.032034;-0.075381;-0.017093;-0.123637;0.525148;-0.602047
606;2.026599;-2.144924;9.344858;-0.019499;-0.04685;0.011398;-0.124321;0.52482;-0.600083
607;2.036239;-2.081903;9.350067;-0.006705;-0.061374;-0.031455;-0.127108;0.526784;-0.599745
608;2.045857;-1.975356;9.379782;-0.021081;-0.036404;-0.008067;-0.128943;0.525436;-0.599557
609;2.046376;-2.244249;9.32508;-0.017268;-0.027687;-0.020541;-0.131031;0.526328;-0.59876
610;2.036489;-2.058052;9.430392;0.013341;0.00052;-0.023282;-0.128759;0.526866;-0.598376
611;2.026907;-2.205725;9.381044;-0.004744;-0.000133;0.000848;-0.129496;0.527359;-0.597229
612;2.132082;-2.140379;9.403865;-0.000925;0.045027;0.009086;-0.128159;0.528157;-0.596902
613;2.055862;-2.081954;9.35991;-0.002783;0.04331;0.015312;-0.127201;0.527821;-0.598838
614;2.065581;-2.048032;9.364986;-0.013425;0.05746;0.014592;-0.127194;0.527817;-0.598705
615;1.98233;-2.076997;9.340035;-0.008031;0.039623;-0.001571;-0.126098;0.52913;-0.597869
616;2.065933;-2.05089;9.452482;-0.020568;0.031601;-0.011271;-0.124217;0.530189;-0.597251
617;1.933764;-2.22248;9.339073;-0.031419;0.016626;-0.005086;-0.124276;0.53022;-0.598319
618;1.786666;-2.17869;9.314063;-0.012857;0.00435;0.011573;-0.124468;0.53018;-0.596999
619;1.931098;-2.096544;9.371232;-0.015622;-0.000906;0.013382;-0.124543;0.530943;-0.595819
620;1.894762;-2.242017;9.367914;0.004044;0.015129;0.032842;-0.123772;0.531491;-0.596186
621;1.874878;-2.251305;9.285104;-0.003631;0.030808;0.004527;-0.123227;0.533075;-0.595653
622;1.889982;-2.225246;9.409284;0.01057;0.029083;0.013303;-0.123315;0.532257;-0.594976
623;1.890111;-2.276156;9.406621;0.003094;0.003601;0.029227;-0.122218;0.532776;-0.594259
624;1.911565;-2.062774;9.407727;0.015993;0.043254;0.016028;-0.119683;0.53365;-0.596262
625;1.836494;-2.329614;9.430356;-0.011924;0.018532;0.018744;-0.119374;0.533762;-0.595448
626;1.831312;-2.351004;9.342719;0.031174;0.025511;0.013085;-0.118918;0.532677;-0.594603
627;1.904537;-2.270996;9.343534;0.038052;0.016894;0.037014;-0.119126;0.532715;-0.595946
628;1.938666;-2.147575;9.392922;0.027775;0.043118;0.001694;-0.117657;0.532985;-0.595736
629;1.904087;-2.062604;9.373652;0.002676;0.03071;-0.006162;-0.115771;0.532984;-0.59523
630;1.836135;-2.271166;9.379575;0.006045;0.048724;0.036548;-0.115054;0.532369;-0.596775
631;1.889422;-2.043299;9.393096;0.007341;0.062545;-0.002472;-0.113971;0.533424;-0.596201
632;1.806802;-2.251883;9.40379;0.001649;0.035278;0.015171;-0.113084;0.533452;-0.59695
633;1.733403;-2.232593;9.427735;0.011425;0.035308;0.022196;-0.110857;0.53269;-0.597609
634;1.728382;-2.18652;9.427916;0.02053;0.042259;0.009715;-0.110907;0.533245;-0.598421
635;1.614918;-1.93169;9.38706;-0.002609;0.043001;-0.009635;-0.108328;0.532704;-0.597466
636;1.517434;-2.072388;9.400404;-0.049213;0.025294;-0.016494;-0.108793;0.533989;-0.596053
637;1.517349;-2.048115;9.395653;-0.058343;0.00323;-0.014755;-0.108932;0.53452;-0.596071
638;1.644279;-2.137085;9.240458;-0.066842;-0.008679;-0.069876;-0.109376;0.537249;-0.594018
639;1.609571;-1.800628;9.363318;-0.048713;0.015895;-0.187222;-0.114169;0.537355;-0.594291
640;0.991939;-2.431013;9.361511;-0.131344;-0.165386;-0.19303;-0.116363;0.538428;-0.590575
641;2.014638;-2.820155;9.570191;-0.152852;-0.207847;-0.016908;-0.124908;0.543414;-0.585828
642;1.410172;-2.471676;9.237493;-0.089247;-0.166185;-0.088399;-0.12879;0.546773;-0.583449
643;2.026489;-2.526607;9.051425;-0.069677;-0.366119;-0.230036;-0.144283;0.545976;-0.578186
644;1.842132;-2.051982;9.188583;-0.045997;-0.19403;-0.148354;-0.151561;0.54459;-0.578039
645;2.351653;-3.007676;9.233528;-0.133421;-0.423654;-0.149803;-0.163861;0.548044;-0.571878
646;1.879181;-2.24331;9.139322;0.077189;-0.33084;-0.111886;-0.174985;0.546031;-0.569406
647;2.427378;-2.603255;8.849351;0.009012;-0.394411;-0.132089;-0.18628;0.546152;-0.567251
648;2.471657;-2.284541;9.125753;0.036328;-0.333632;-0.250193;-0.195764;0.543666;-0.566408
649;2.888296;-2.517186;9.085924;0.179701;-0.39255;-0.408157;-0.212508;0.53952;-0.565146
650;3.788058;-1.848935;9.26951;0.341167;-0.370744;-0.339772;-0.228352;0.530174;-0.567726
651;4.636011;-1.345159;9.860394;0.260996;0.004473;-0.102142;-0.236816;0.522299;-0.573378
652;4.068637;-1.860528;9.645514;0.068698;0.244854;-0.014082;-0.234;0.519067;-0.57582
653;3.403877;-1.773512;8.737595;0.000986;0.242154;0.069929;-0.229553;0.515499;-0.580027
654;2.576834;-2.104962;8.604608;0.089824;0.121571;0.057704;-0.224395;0.514556;-0.582912
655;2.77995;-1.54667;8.975447;0.071036;0.042198;-0.029583;-0.219567;0.514634;-0.584371
656;3.102219;-1.708188;9.265945;-0.051795;0.03449;-0.121943;-0.221965;0.513431;-0.58475
657;2.929163;-2.032933;9.231801;-0.066928;0.065583;-0.099497;-0.223267;0.515525;-0.583931
658;2.902251;-2.119947;9.175331;-0.010694;0.025659;-0.007715;-0.224388;0.514552;-0.582778
659;2.848049;-1.964845;9.195153;0.007332;0.046839;-0.007736;-0.223909;0.513393;-0.583927
660;2.809116;-1.960302;9.258135;-0.006195;0.057599;0.010213;-0.22257;0.51538;-0.583357
661;2.762287;-1.921233;9.204549;-0.018809;0.052361;0.015621;-0.22054;0.516432;-0.582464
662;2.695868;-1.894237;9.141066;-0.006437;0.015131;0.004642;-0.219258;0.516201;-0.583318
663;2.759321;-1.828752;9.136892;-0.017226;-0.010612;-0.012282;-0.220076;0.515942;-0.583759
664;2.796977;-2.032925;9.23342;-0.021756;-0.00344;0.001111;-0.220768;0.51694;-0.581687
665;2.887654;-2.069311;9.23381;-0.004782;0.001051;0.009896;-0.218942;0.519086;-0.581891
666;2.828418;-2.017948;9.146175;0.027582;-0.006228;-0.009976;-0.218878;0.518657;-0.580815
667;2.81314;-1.906043;9.07367;0.01401;-0.054118;-0.033227;-0.21977;0.517705;-0.580315
668;2.696193;-2.249883;8.976583;-0.122995;-0.216748;-0.052598;-0.223528;0.517763;-0.578665
669;3.579263;-2.28607;9.407216;-0.186676;-0.328651;0.063961;-0.231953;0.521893;-0.571898
670;3.621467;-2.225743;8.975078;-0.041197;-0.200924;0.129246;-0.236265;0.525329;-0.567682
671;3.557073;-2.331128;8.71168;0.092161;0.006434;0.211026;-0.234215;0.527297;-0.566272
672;3.447986;-2.143968;9.11537;0.144955;0.17084;0.23194;-0.227066;0.526834;-0.57145
673;3.260042;-2.127722;9.267428;0.131152;0.261013;0.241404;-0.218772;0.526601;-0.575103
674;3.478537;-2.011878;8.882809;0.131187;0.460546;0.206049;-0.205736;0.524834;-0.579658
675;2.731714;-1.946966;9.505657;0.081973;0.526884;0.134694;-0.189616;0.525125;-0.585674
676;2.481391;-2.153973;9.201762;0.10878;0.596417;0.209459;-0.173227;0.52383;-0.591911
677;2.389321;-2.031914;9.529906;0.085894;0.600333;0.156328;-0.155289;0.522234;-0.596591
678;1.830859;-2.02903;9.45114;0.068861;0.567346;0.234454;-0.135684;0.523723;-0.601768
679;1.69319;-2.069366;9.275097;0.055791;0.453123;0.207245;-0.118481;0.523016;-0.605176
680;1.332432;-2.070605;9.044388;0.077615;0.37978;0.114134;-0.105134;0.521291;-0.606519
681;0.861919;-1.518942;9.301681;0.057527;0.14494;0.049039;-0.097475;0.520906;-0.609673
682;1.090886;-2.095753;9.232389;0.00609;0.076133;0.052604;-0.093105;0.520942;-0.609826
683;1.011869;-1.514909;9.463048;-0.035983;-0.029022;0.0498;-0.093724;0.520121;-0.60918
684;1.059486;-1.985118;9.417439;-0.03787;-0.075126;0.033503;-0.094752;0.521418;-0.608331
685;1.238511;-1.954128;9.52077;-0.0362;-0.06967;0.04867;-0.094445;0.52378;-0.607161
686;1.255021;-1.902596;9.397139;-0.046782;-0.103591;0.005012;-0.09433;0.524118;-0.605031
687;1.424597;-2.089527;9.436217;-0.073507;-0.108986;-0.01169;-0.098802;0.525916;-0.603987
688;1.48836;-2.183926;9.399716;-0.064387;-0.080642;-0.004505;-0.100928;0.528283;-0.603619
689;1.635376;-2.162365;9.449331;-0.045184;-0.097961;0.036175;-0.103736;0.532173;-0.600924
690;1.581777;-2.331843;9.397182;-0.030887;-0.127297;0.019861;-0.104292;0.530922;-0.599201
691;1.787396;-2.254521;9.447412;-0.019825;-0.073315;0.025437;-0.106864;0.532051;-0.597504
692;1.804816;-2.257296;9.517999;-0.012827;-0.091876;0.027063;-0.109263;0.532304;-0.597644
693;1.811823;-2.343871;9.371801;0.008538;-0.074798;0.060752;-0.111381;0.535328;-0.597023
694;1.88292;-2.353678;9.391639;0.035558;-0.064303;0.050815;-0.111935;0.535203;-0.597451
695;1.918879;-2.009573;9.437184;0.044837;-0.025524;0.037663;-0.110669;0.531737;-0.596781
696;1.923939;-2.101609;9.414918;0.036283;0.00348;0.018313;-0.11157;0.531583;-0.596297
697;1.850526;-2.101634;9.42176;0.016757;0.020226;0.012327;-0.110826;0.531155;-0.599707
698;1.786857;-2.1016;9.416508;-0.000435;0.007065;0.02217;-0.110201;0.530847;-0.598069
699;1.72337;-2.21779;9.376696;-0.006572;-0.013516;-0.006371;-0.109136;0.532175;-0.597768
700;1.806675;-2.229975;9.386874;-0.015657;-0.016914;0.006146;-0.110196;0.533092;-0.597579
701;1.68918;-2.290385;9.346986;0.013894;-0.018744;0.005864;-0.110669;0.53372;-0.59642
702;1.870167;-2.087208;9.446254;-0.009986;-0.000335;-0.018678;-0.111473;0.533587;-0.596596
703;1.846061;-2.23267;9.44058;0.000762;-0.001231;-0.017018;-0.11095;0.533726;-0.596702
704;1.752618;-2.120969;9.411348;-0.004431;0.018156;-0.023096;-0.112305;0.532541;-0.597421
705;1.775007;-2.273665;9.396203;-0.02406;0.023483;-0.022924;-0.112671;0.534241;-0.596543
706;1.723548;-2.290511;9.371503;-0.007191;0.001351;-0.024082;-0.11125;0.535525;-0.594623
707;1.831261;-2.268776;9.386847;-0.008152;0.010336;-0.009778;-0.111504;0.535782;-0.594377
708;1.796802;-2.179124;9.40163;0.024121;0.001326;-0.024311;-0.11336;0.535043;-0.596863
709;1.816425;-2.179175;9.411473;0.001507;0.004259;0.004348;-0.112796;0.533442;-0.596535
710;1.718762;-2.348646;9.359055;-0.000251;-0.001096;0.000736;-0.113014;0.534474;-0.595502
711;1.841113;-2.213271;9.440639;0.015048;0.002347;-0.010001;-0.112788;0.534761;-0.59616
712;1.801791;-2.213072;9.401506;0.032856;0.01133;0.009455;-0.112468;0.535264;-0.595087
713;1.794048;-2.140074;9.350746;0.020344;-0.002906;-0.004737;-0.113171;0.533296;-0.596154
714;1.767937;-2.276425;9.464209;0.016582;-0.014331;0.005883;-0.113226;0.532858;-0.594817
715;1.823618;-2.123405;9.411773;0.032737;0.01678;0.025508;-0.112126;0.533047;-0.596489
716;1.791742;-2.164418;9.370067;0.011339;0.009613;0.011406;-0.112529;0.534766;-0.596278
717;1.784115;-1.975568;9.42922;0.007958;0.009369;-0.016994;-0.112914;0.532111;-0.596516
718;1.767378;-2.147645;9.411317;-0.000162;0.011245;-0.004496;-0.113141;0.533941;-0.595499
719;1.784521;-2.150072;9.411411;-0.00626;0.021769;-0.015058;-0.113223;0.533983;-0.596968
720;1.80649;-2.147578;9.396973;-0.002843;0.020159;0.002693;-0.112528;0.533972;-0.596396
721;1.840893;-2.135664;9.43856;0.002318;0.009672;0.01683;-0.11238;0.533965;-0.596122
722;1.772805;-2.392386;9.376202;0.002493;0.023776;0.015076;-0.111091;0.534524;-0.596725
723;1.777424;-2.205962;9.435419;0.014108;0.038872;0.024871;-0.110739;0.532762;-0.595474
724;1.733061;-2.145166;9.401395;0.02917;0.020316;0.027317;-0.110502;0.532645;-0.595991
725;1.657005;-2.147363;9.357164;0.021336;0.026333;0.007837;-0.109747;0.533995;-0.596506
726;1.728447;-2.164852;9.459614;0.009719;0.013842;-0.007238;-0.108437;0.53322;-0.59695
727;1.625479;-2.215398;9.385829;0.025679;0.020218;0.018426;-0.108202;0.534031;-0.597351
728;1.639468;-1.968031;9.379753;-0.001383;-0.024069;0.000666;-0.109011;0.534296;-0.597535
729;1.624745;-1.965567;9.372381;-0.065455;-0.017256;-0.037897;-0.10792;0.536008;-0.596707
730;1.653373;-1.780972;9.310201;-0.068274;0.008701;-0.105285;-0.110027;0.535916;-0.594029
731;1.594899;-2.003639;9.226179;-0.08852;-0.075242;-0.206978;-0.114897;0.537579;-0.593005
732;1.447438;-1.973894;9.099011;-0.077352;-0.152214;-0.315985;-0.121233;0.53943;-0.589671
733;1.714661;-2.596135;9.389499;-0.223464;-0.442876;-0.223003;-0.137678;0.540491;-0.584497
734;1.684596;-2.609766;9.204515;-0.169228;-0.294755;-0.257351;-0.151873;0.545405;-0.578737
735;1.908915;-2.6425;8.952944;-0.151117;-0.445238;-0.293847;-0.166127;0.546975;-0.572251
736;2.285267;-2.954139;9.196904;-0.055141;-0.388553;-0.267639;-0.180869;0.550572;-0.56703
737;2.203364;-2.711066;9.080836;-0.031305;-0.527086;-0.14051;-0.196186;0.549823;-0.563355
738;2.696792;-2.748451;8.78228;0.000182;-0.635619;-0.236429;-0.212902;0.547905;-0.556409
739;3.028165;-2.108562;8.830989;0.049236;-0.40143;-0.342144;-0.226419;0.546273;-0.553947
740;3.429317;-2.502769;9.099032;0.042848;-0.428871;-0.451596;-0.245014;0.541644;-0.550251
741;3.954376;-2.31759;8.906209;0.106933;-0.376764;-0.362823;-0.261835;0.53641;-0.548173
742;4.069899;-2.473508;9.54063;0.198511;-0.28034;-0.327482;-0.275537;0.529381;-0.547615
743;4.530943;-1.296405;9.320346;0.304583;0.150851;-0.242239;-0.283258;0.517043;-0.555004
744;4.410308;-1.488859;9.012452;-0.067926;0.313511;-0.088973;-0.279462;0.51558;-0.558622
745;3.554837;-1.816006;8.500113;-0.107169;0.181732;0.008265;-0.275532;0.517354;-0.559233
746;3.177598;-1.805984;8.444368;-0.138529;-0.049688;-0.076353;-0.275002;0.520268;-0.558726
747;3.290458;-2.25887;8.817327;-0.146438;-0.117547;-0.048232;-0.279235;0.523267;-0.553165
748;3.613581;-2.029318;8.973495;-0.085621;-0.138936;-0.066543;-0.280067;0.526316;-0.548479
749;3.525787;-2.051476;9.043347;-0.124955;-0.147892;-0.082288;-0.285189;0.529356;-0.544566
750;3.680525;-2.281715;9.014076;-0.110152;-0.105592;-0.096421;-0.290441;0.529484;-0.541139
751;3.68501;-2.249785;8.931604;-0.06166;-0.046133;-0.062711;-0.295103;0.529655;-0.539009
752;3.738619;-2.210816;8.89565;-0.077603;0.002694;-0.041855;-0.296305;0.531433;-0.536449
753;3.777251;-2.079652;8.850302;-0.118507;0.032744;-0.050227;-0.295629;0.533214;-0.533516
754;3.784918;-2.367633;8.732357;-0.116631;0.052319;-0.035065;-0.294983;0.536333;-0.530877
755;3.516065;-2.52038;8.734872;-0.055387;0.007329;-0.009197;-0.297086;0.537233;-0.530347
756;3.650185;-2.31675;8.743917;-0.043421;-0.030385;0.020787;-0.296381;0.539068;-0.529278
757;3.708932;-2.36025;8.712479;-0.06037;-0.064216;-0.012152;-0.299048;0.540838;-0.5268
758;3.748489;-2.464656;8.738983;-0.082118;-0.072818;0.011981;-0.299826;0.54168;-0.523932
759;3.866149;-2.503532;8.751681;-0.043837;-0.072623;0.037467;-0.300291;0.544949;-0.522157
760;3.900494;-2.52296;8.756664;-0.028125;-0.039304;0.009063;-0.301256;0.545289;-0.520354
761;3.915222;-2.622092;8.697964;-0.006977;-0.048744;0.043504;-0.301883;0.545794;-0.519601
762;3.995914;-2.559155;8.718193;-0.01771;-0.030044;0.056163;-0.301912;0.547132;-0.519894
763;3.956768;-2.609927;8.688552;0.00218;-0.010674;0.051642;-0.30085;0.547404;-0.519839
764;4.023678;-2.797034;8.765891;-0.022407;0.000458;0.109688;-0.29761;0.548721;-0.518616
765;3.82758;-2.907849;8.623199;-0.186632;-0.276616;0.13619;-0.299792;0.552169;-0.51428
766;4.253485;-2.808762;8.679741;-0.073515;-0.213807;0.149902;-0.300961;0.557633;-0.510457
767;4.468178;-2.544464;8.677403;0.036259;-0.109436;0.270556;-0.300394;0.559931;-0.507008
768;4.53332;-2.971666;8.760928;0.108088;0.147522;0.361983;-0.292368;0.563199;-0.507681
769;4.2038;-2.703933;8.5681;0.202717;0.381724;0.380217;-0.277071;0.562969;-0.514267
770;3.9144;-2.635561;8.47913;0.202614;0.532199;0.311624;-0.260283;0.563067;-0.522637
771;3.50527;-2.807349;8.903647;0.180518;0.585089;0.312901;-0.24111;0.560804;-0.531494
772;3.133131;-2.671921;8.987059;0.198194;0.625205;0.264027;-0.220794;0.560163;-0.540983
773;2.927793;-2.623933;9.095402;0.208919;0.655371;0.286307;-0.200386;0.55928;-0.55126
774;2.483143;-2.51866;9.394567;0.145736;0.65305;0.33123;-0.179661;0.556387;-0.560949
775;1.988718;-2.658851;9.31554;0.143155;0.635081;0.410194;-0.158954;0.55654;-0.565639
776;2.022736;-2.13897;9.612245;0.17759;0.762612;0.245287;-0.136842;0.554088;-0.571798
777;1.871464;-2.671233;9.370672;0.203068;0.683975;0.354813;-0.113589;0.552728;-0.578711
778;1.078714;-2.279498;9.122091;0.275037;0.551673;0.204055;-0.09025;0.54822;-0.587024
779;0.648999;-1.924973;9.033567;0.242661;0.294532;0.208268;-0.077408;0.543176;-0.593257
780;0.97812;-1.91188;9.320045;0.18402;0.150815;0.031985;-0.068303;0.53765;-0.597563
781;0.825827;-1.72997;9.31508;0.106677;0.059529;-0.006987;-0.066127;0.53619;-0.601671
782;0.807926;-2.034152;9.532348;0.046802;-0.066952;-0.021435;-0.067492;0.533819;-0.602768
783;0.949864;-1.966447;9.567558;0.050269;-0.082851;-0.023294;-0.073611;0.533385;-0.603105
784;0.973871;-1.946524;9.460843;-0.018777;-0.109308;-0.029976;-0.076714;0.532394;-0.601798
785;1.101353;-2.154599;9.363445;-0.039123;-0.118335;-0.058324;-0.076924;0.532628;-0.600749
786;1.29576;-2.18973;9.59783;-0.021907;-0.024261;-0.009915;-0.079884;0.534215;-0.601213
787;1.420299;-2.264271;9.466992;-0.048057;-0.05243;-0.006288;-0.079235;0.535746;-0.598809
788;1.385456;-2.236968;9.340505;-0.039284;-0.019293;-0.057763;-0.083914;0.537512;-0.596711
789;1.508406;-2.136177;9.550764;-0.018902;-0.001376;-0.026674;-0.084384;0.537213;-0.595667
790;1.420544;-2.460322;9.393176;-0.03044;-0.061012;0.025502;-0.085226;0.537759;-0.596391
791;1.434962;-2.314991;9.425529;-0.01954;-0.082571;-0.013804;-0.086618;0.539963;-0.594781
792;1.377115;-2.519112;9.514178;-0.020003;-0.099938;0.026086;-0.088601;0.540077;-0.594629
793;1.454701;-2.445683;9.374006;0.031833;-0.089163;0.047965;-0.090747;0.539475;-0.592742
794;1.638007;-2.21576;9.458827;0.039625;-0.043534;0.007305;-0.09177;0.538987;-0.594521
795;1.581759;-2.300404;9.414342;0.029025;-0.026738;0.007459;-0.092054;0.539259;-0.594808
796;1.605915;-2.152589;9.434611;0.025351;-0.011528;0.027159;-0.092331;0.538205;-0.595203
797;1.517818;-2.09462;9.48295;0.006638;-0.00986;0.015758;-0.092208;0.537745;-0.593058
798;1.625527;-2.169542;9.429792;-0.011247;-0.000901;0.02396;-0.092266;0.537643;-0.594124
799;1.571215;-2.033635;9.408203;-0.061037;0.000578;-0.016514;-0.091731;0.540157;-0.593609
800;1.420097;-2.450094;9.286267;-0.105222;-0.095119;-0.047869;-0.093892;0.542341;-0.59151
801;1.551799;-2.190922;9.341736;-0.049673;-0.095251;-0.058938;-0.098142;0.544094;-0.588855
802;1.366532;-2.445621;9.363743;-0.116875;-0.241104;-0.06634;-0.103084;0.545593;-0.586767
803;1.550535;-2.711973;9.28101;-0.094289;-0.324891;-0.048312;-0.113118;0.548864;-0.58287
804;1.632009;-2.860261;9.353755;-0.051798;-0.276392;0.047624;-0.119635;0.551665;-0.58023
805;1.959358;-2.552538;9.39363;0.057854;-0.157659;0.090131;-0.123007;0.550938;-0.578943
806;2.071289;-2.382541;9.339186;0.054241;-0.008067;0.01097;-0.122879;0.548693;-0.579425
807;2.157629;-2.554958;9.387543;0.026059;0.059167;0.015108;-0.123468;0.549777;-0.580278
808;2.07666;-2.571631;9.328632;0.059101;0.102829;0.062179;-0.118984;0.546851;-0.583696
809;2.027055;-2.425821;9.265795;0.089525;0.101913;0.061935;-0.116486;0.547675;-0.583969
810;2.041941;-2.343907;9.373213;0.081231;0.064727;0.053819;-0.113962;0.546899;-0.584078
811;1.953663;-2.292959;9.370473;0.073818;0.002657;0.030424;-0.111933;0.544582;-0.586183
812;1.928769;-2.193357;9.334314;0.045095;-0.001686;0.034204;-0.111512;0.543319;-0.588398
813;1.850625;-2.222587;9.36287;0.01747;0.006204;0.025566;-0.110379;0.542497;-0.587253
814;1.889639;-2.154734;9.370711;0.002411;0.013182;0.011516;-0.111131;0.543595;-0.588647
815;1.791687;-2.224763;9.313884;0.006369;0.053751;0.004559;-0.109234;0.543986;-0.587882
816;1.757482;-2.200677;9.347815;-0.018759;-0.004927;-0.038229;-0.109653;0.545051;-0.588059
817;1.676862;-2.283037;9.332359;-0.034937;-0.019089;-0.040864;-0.109881;0.544236;-0.587524
818;1.693737;-2.207798;9.318222;-0.068521;0.005441;-0.071566;-0.112445;0.546817;-0.585455
819;2.1984;-2.063335;9.514007;-0.074577;0.15034;-0.085755;-0.112256;0.547053;-0.584384
820;1.576444;-2.321626;9.292675;-0.044931;0.228492;-0.125737;-0.110472;0.549681;-0.582869
821;1.590533;-2.33296;9.13228;-0.037577;0.120662;-0.231302;-0.111004;0.548222;-0.583138
822;1.41857;-2.259684;9.029469;-0.112143;-0.13266;-0.306749;-0.116608;0.550113;-0.580961
823;0.677445;-2.910432;8.735121;-0.17697;-0.705387;-0.307706;-0.132145;0.552645;-0.575897
824;2.236062;-2.474685;8.843904;-0.109901;-0.722026;-0.421856;-0.160575;0.555353;-0.566374
825;1.49807;-2.913633;8.871401;-0.132501;-1.107323;-0.605297;-0.189685;0.553965;-0.557876
826;2.853406;-2.929641;8.64143;0.125732;-1.062216;-0.500277;-0.227069;0.550293;-0.5506
827;4.89057;-2.357698;9.147552;0.206393;-0.610033;-0.36296;-0.252343;0.542262;-0.545885
828;3.912616;-2.537969;9.34005;-0.035867;-0.468867;-0.395064;-0.276278;0.534966;-0.543238
829;4.285678;-2.105348;8.639398;-0.056305;-0.323581;-0.38335;-0.290533;0.531113;-0.537714
830;4.346417;-3.205634;9.004218;0.441209;-0.098784;-0.259234;-0.298656;0.526572;-0.539018
831;5.288379;-0.700205;9.366608;0.271066;0.342758;0.050922;-0.297013;0.516913;-0.54939
832;4.472505;-2.045933;8.879028;0.105541;0.438261;0.256976;-0.287945;0.516238;-0.555919
833;3.833241;-1.588042;8.488278;0.065288;0.241534;0.193971;-0.272128;0.515091;-0.562857
834;3.412145;-1.781267;8.343829;-0.068016;0.080479;-0.044192;-0.267127;0.51634;-0.563397
835;3.433831;-2.011067;8.719678;-0.021302;-0.032012;-0.058534;-0.268732;0.518451;-0.563262
836;3.625804;-2.019632;8.976046;0.031176;-0.062946;-0.051092;-0.271974;0.514552;-0.562572
837;3.519078;-2.173101;9.120535;0.041757;-0.055747;-0.028056;-0.273025;0.515333;-0.562247
838;3.449716;-1.973905;9.050528;0.032504;-0.059004;0.001362;-0.278395;0.514728;-0.561075
839;3.546402;-1.718628;8.913733;0.048492;-0.032142;0.036989;-0.277517;0.514232;-0.56208
840;3.673426;-1.624055;8.910084;0.01707;0.009836;-0.022071;-0.275573;0.51427;-0.562903
841;3.805679;-1.539567;8.984203;-0.064432;0.057132;-0.085135;-0.275658;0.513319;-0.562224
842;3.537865;-2.097189;8.97029;-0.062692;0.083884;-0.046894;-0.275087;0.514492;-0.561283
843;3.435254;-2.215846;8.93995;0.020492;0.077631;0.061725;-0.275684;0.516374;-0.562151
844;3.444165;-1.89092;8.941488;0.039123;0.052821;0.054374;-0.272481;0.514272;-0.562196
845;3.487569;-1.759601;8.864571;-0.003234;0.022023;-0.041451;-0.271502;0.516041;-0.563372
846;3.400183;-1.932099;8.933739;-0.002296;-0.017215;-0.077272;-0.272709;0.514188;-0.563938
847;3.48888;-2.031904;9.00918;-0.002701;-0.034611;-0.045349;-0.274182;0.513586;-0.56188
848;3.53267;-1.983233;8.973209;0.01328;-0.036257;-0.031249;-0.276825;0.513164;-0.561755
849;3.552266;-2.005;8.961077;0.021342;-0.043379;-0.036689;-0.277585;0.513669;-0.561009
850;3.625524;-1.905701;8.983856;0.04305;-0.015148;-0.041137;-0.279514;0.514221;-0.562193
851;3.662045;-1.842625;8.977077;0.020832;-0.002818;-0.050655;-0.279559;0.512921;-0.563236
852;3.615588;-1.905519;8.947335;0.013669;0.031913;-0.020195;-0.279682;0.511989;-0.563225
853;3.546957;-1.873986;8.947058;0.026158;0.041713;-0.007804;-0.27972;0.509364;-0.564375
854;3.519598;-1.764696;8.913359;0.028547;0.002839;-0.007131;-0.278663;0.509373;-0.564449
