time index;acc_x;acc_y;acc_z;gyr_x;gyr_y;gyr_z;mag_x;mag_y;mag_z
1;1.243138;9.493564;-2.181623;0.008666;0.019274;-0.007088;-0.415856;-0.88939;0.175575
2;1.213256;9.486336;-2.166972;0.018553;0.012159;0.002985;-0.416708;-0.889631;0.174993
3;1.220898;9.516;-2.189108;-0.000352;0.020122;-0.015313;-0.417608;-0.889517;0.176056
4;1.228332;9.51591;-2.18159;-0.006764;0.015852;-0.002535;-0.416109;-0.888867;0.175974
5;1.250557;9.486094;-2.181616;0.006813;0.0249;0.011126;-0.416931;-0.888858;0.175941
6;1.220809;9.508503;-2.166771;-0.002221;0.017591;-0.004361;-0.417516;-0.889496;0.175234
7;1.235545;9.478687;-2.151928;0.010427;0.017602;0.002953;-0.417226;-0.889772;0.175523
8;1.228232;9.493684;-2.181736;0.021292;0.0066;-0.009753;-0.416387;-0.890452;0.175836
9;1.235892;9.523377;-2.211334;0.015908;0.022883;-0.00071;-0.417082;-0.88938;0.175663
10;1.220675;9.478867;-2.166965;-0.011226;0.024776;-0.008053;-0.415398;-0.890213;0.176424
11;1.205836;9.493805;-2.16698;-0.005841;0.024899;0.004721;-0.418132;-0.889921;0.17645
12;1.235474;9.471219;-2.137053;0.012251;0.017546;-0.000692;-0.41763;-0.889373;0.175641
13;1.235551;9.463987;-2.181873;0.017653;0.015798;0.006618;-0.41649;-0.88901;0.176509
14;1.235825;9.508559;-2.211431;0.014075;0.015678;-0.00433;-0.416079;-0.889015;0.176526
15;1.213448;9.50871;-2.204137;-0.002966;0.034382;-0.022675;-0.417418;-0.889545;0.177026
16;1.235633;9.486185;-2.174266;-0.022091;0.02667;-0.00625;-0.417471;-0.889121;0.176058
17;1.228232;9.493684;-2.181736;0.001387;0.015794;-0.002524;-0.417203;-0.889784;0.175936
18;1.220809;9.508503;-2.166771;0.006908;0.026397;-0.011682;-0.416412;-0.889247;0.175414
19;1.235758;9.493741;-2.211527;0.00414;0.026595;0.002905;-0.415476;-0.889976;0.177519
20;1.235722;9.493683;-2.196603;0.008602;0.015847;0.005694;-0.416641;-0.889532;0.176232
21;1.220712;9.478926;-2.181889;0.017729;0.030124;0.005643;-0.415805;-0.888753;0.176535
22;1.220779;9.493744;-2.181792;0.00691;0.026393;-0.011683;-0.416003;-0.889053;0.177904
23;1.220801;9.486423;-2.204226;0.023122;0.01382;-0.004311;-0.417115;-0.888767;0.177582
24;1.250542;9.478715;-2.189126;0.015904;0.015603;-0.009798;-0.417223;-0.88825;0.178124
25;1.243023;9.463957;-2.189279;0.021288;0.00844;-0.006113;-0.417599;-0.887468;0.178791
26;1.250561;9.478745;-2.196588;0.042175;0.019039;-0.007041;-0.415854;-0.888465;0.180655
27;1.220348;9.390076;-2.197394;0.069347;0.019747;-0.006101;-0.416648;-0.887807;0.181168
28;1.20616;9.509036;-2.271351;0.059399;0.019776;-0.007938;-0.41674;-0.888293;0.184467
29;1.183845;9.494575;-2.316388;0.02683;0.020811;-0.013463;-0.416994;-0.887372;0.184863
30;1.235942;9.494037;-2.286147;-0.011302;0.014113;0.001112;-0.416193;-0.887901;0.184486
31;1.243432;9.494036;-2.301015;-0.0167;0.016768;-0.004378;-0.417511;-0.888044;0.185397
32;1.250811;9.493857;-2.271111;-0.023951;0.020483;0.001069;-0.416793;-0.888399;0.183504
33;1.220852;9.493861;-2.21164;-0.002139;0.032816;-0.004428;-0.416701;-0.888245;0.182681
34;1.206464;9.568367;-2.285887;0.026729;0.017499;0.006621;-0.415842;-0.887742;0.1834
35;1.305064;9.849838;-2.462405;-0.068318;0.056334;0.04829;-0.418909;-0.888213;0.182318
36;1.055341;10.416796;-2.923276;-0.263075;0.081587;0.106264;-0.422837;-0.886665;0.17555
37;0.782985;10.939361;-3.354758;-0.69028;0.085616;0.060044;-0.42809;-0.885055;0.157044
38;1.413643;13.454569;-3.617188;-1.256344;0.109538;-0.144979;-0.428903;-0.885767;0.124573
39;0.981487;17.351217;-2.557862;-2.147707;0.087973;-0.167881;-0.424086;-0.885348;0.072524
40;0.52477;17.572191;-1.306217;-0.114952;0.325499;0.43395;-0.43958;-0.863231;0.05497
41;0.399484;20.117758;-0.223501;0.743335;0.292569;1.104756;-0.475281;-0.821459;0.083753
42;-0.85799;18.751123;-0.585191;0.66569;0.28499;1.766606;-0.527707;-0.750606;0.112755
43;-1.604149;16.85339;-0.715126;0.538074;0.329712;2.062497;-0.588098;-0.664744;0.139127
44;-1.393567;15.761489;-0.459448;0.09871;0.397419;2.41545;-0.64473;-0.572854;0.161895
45;-1.404701;13.022125;-0.977322;-0.484703;0.372005;2.931757;-0.699998;-0.472219;0.154822
46;-1.521457;10.149149;-1.22076;-0.149199;0.334328;3.267878;-0.749588;-0.359282;0.146925
47;-0.568213;6.688618;-1.206186;0.379516;0.345996;3.338756;-0.786813;-0.233108;0.130491
48;0.132607;3.628888;-0.855115;0.611816;0.398578;3.290491;-0.80814;-0.110229;0.127091
49;1.549167;0.453469;-0.805323;0.40369;0.524064;2.947714;-0.820705;0.002084;0.128518
50;3.177331;-1.703901;-0.060773;0.082751;0.539837;2.565197;-0.81606;0.097075;0.116464
51;4.871161;-4.356888;0.345247;-0.223582;0.516009;2.114453;-0.801943;0.1785;0.102139
52;6.388729;-6.276062;1.038272;-0.100984;0.399015;1.617286;-0.779409;0.239661;0.083487
53;7.362452;-6.670613;1.401281;0.06145;0.258911;1.099283;-0.766198;0.284289;0.076405
54;8.716153;-5.386731;1.88256;0.172834;0.163982;0.706964;-0.759057;0.315879;0.077973
55;9.584458;-4.799232;1.452688;0.010122;0.08041;0.521151;-0.752321;0.335677;0.07425
56;9.227922;-4.662014;1.20462;0.211714;0.00606;0.295536;-0.746865;0.347955;0.074379
57;9.609367;-2.81205;1.040447;0.221497;-0.05024;0.024113;-0.742441;0.346498;0.067693
58;9.632597;-1.379217;0.288784;0.140565;-0.072501;-0.139118;-0.743111;0.343317;0.067827
59;9.92292;0.255454;0.413551;0.098125;-0.048981;-0.158345;-0.746614;0.345512;0.071382
60;9.270222;0.780698;0.076212;-0.049671;-0.082015;-0.141133;-0.749293;0.341271;0.072268
61;9.603978;1.964268;-0.107581;0.059276;-0.100093;-0.240247;-0.751047;0.333587;0.077478
62;9.695777;2.34982;-0.358097;-0.062386;-0.069002;-0.116501;-0.753537;0.322824;0.079106
63;9.517112;2.381015;-0.389098;0.015547;-0.093436;-0.158258;-0.753138;0.319643;0.083819
64;9.89435;3.371;-0.424573;0.008349;-0.120886;-0.215537;-0.75736;0.316959;0.086557
65;10.029787;3.622062;-0.481612;-0.041086;-0.102338;-0.056067;-0.757423;0.313145;0.090294
66;9.624521;3.157414;-0.204139;0.097173;-0.144301;-0.033858;-0.757068;0.313166;0.094294
67;9.598187;3.597207;-0.813389;-0.029794;-0.139083;0.035253;-0.755953;0.309962;0.099586
68;9.422441;2.355938;-1.345157;0.096079;-0.101544;0.112712;-0.755702;0.313085;0.101773
69;9.816422;2.306973;-1.006683;0.181143;-0.085532;0.135605;-0.754045;0.320548;0.10481
70;9.730037;1.270812;-1.126011;0.06433;-0.037293;0.206328;-0.750086;0.327204;0.107394
71;9.690439;0.899599;-0.860081;-0.017778;-0.04049;0.11867;-0.748021;0.33314;0.107846
72;9.494043;0.389435;-0.738029;0.01862;-0.044077;0.071279;-0.746561;0.33361;0.109551
73;9.376194;0.591236;-0.939093;0.022645;-0.049091;-0.03267;-0.745728;0.335451;0.109846
74;9.863016;1.223713;-0.729805;-0.037058;-0.023383;-0.032789;-0.746222;0.334303;0.113271
75;9.630638;0.885084;-0.815855;-0.022732;-0.050276;-0.018098;-0.745651;0.333158;0.116189
76;9.7058;1.032605;-0.799401;0.06258;-0.069724;-0.092668;-0.745505;0.331759;0.118817
77;9.603663;1.360623;-1.096536;0.019221;-0.065212;-0.107345;-0.749459;0.32828;0.121434
78;9.771233;2.049139;-1.29227;-0.056886;-0.03811;-0.063757;-0.748823;0.325844;0.122989
79;9.802199;2.219926;-1.447634;-0.015138;0.005065;-0.027401;-0.750421;0.325309;0.123754
80;9.81601;2.041517;-1.329292;0.064475;0.008414;-0.004509;-0.748792;0.325696;0.123541
81;9.937797;2.603643;-1.324713;0.04277;0.021212;-0.000915;-0.749585;0.325823;0.124059
82;9.683499;2.39094;-1.357874;-0.035338;0.046205;0.094596;-0.748172;0.328107;0.122449
83;9.674364;2.086729;-1.233062;0.026379;0.076301;0.09728;-0.748391;0.331066;0.121044
84;9.590334;1.613359;-1.274089;0.031651;0.064063;0.128322;-0.746176;0.334874;0.121655
85;9.499067;1.353701;-1.007826;0.00662;0.088631;0.070717;-0.744895;0.337819;0.120172
86;9.690587;1.061653;-0.620232;-0.115558;0.087375;0.035919;-0.744732;0.340522;0.118235
87;9.570979;0.841376;-0.883753;-0.047564;0.084868;0.025054;-0.743458;0.340025;0.116502
88;9.548637;1.047533;-0.509465;0.026668;0.055203;-0.018479;-0.743699;0.338554;0.117053
89;9.828149;1.654475;-0.913827;-0.042067;0.073672;-0.013143;-0.741787;0.338403;0.116993
90;9.670239;1.491675;-0.647439;0.051781;0.050388;0.038142;-0.744145;0.338113;0.113877
91;9.662416;1.498494;-0.483283;-0.050303;0.036572;-0.049485;-0.745119;0.337998;0.113563
92;9.850952;1.89038;-0.658401;-0.050327;0.046707;-0.029438;-0.745488;0.335994;0.114251
93;9.723343;1.786966;-0.480945;0.013559;0.029371;0.050967;-0.745009;0.33642;0.11303
94;9.461372;1.654879;-0.274845;-0.027831;0.003189;-0.054793;-0.744744;0.337217;0.112897
95;9.897424;2.363578;-0.498262;-0.156486;-0.007509;-0.056686;-0.745655;0.335148;0.116175
96;9.731781;1.8032;-0.853892;0.02149;-0.004528;0.074827;-0.746359;0.33576;0.118342
97;9.44007;1.553782;-0.895037;0.259605;-0.040651;0.050645;-0.744523;0.339492;0.117013
98;9.876155;2.350799;-0.968633;0.065698;-0.033441;0.078688;-0.74241;0.341628;0.115708
99;9.58889;1.066744;-1.695545;-0.134108;0.03626;0.116332;-0.740418;0.346076;0.117267
100;9.826638;1.25486;-1.035834;0.015495;0.054581;0.070904;-0.739;0.348688;0.118267
101;9.779665;0.633747;-1.264099;0.035261;0.042271;0.107433;-0.737425;0.35268;0.117202
102;9.695323;0.321693;-0.878727;0.013979;0.082776;0.034262;-0.736816;0.354104;0.113366
103;9.82165;0.334782;-0.698588;-0.060156;0.073751;-0.016854;-0.737043;0.353288;0.114188
104;9.462819;-0.024493;-0.927515;-0.043738;0.051384;-0.062387;-0.738906;0.352686;0.112606
105;9.532883;0.810918;-0.600671;-0.027241;0.040501;-0.143443;-0.739316;0.348714;0.112481
106;9.464878;0.545176;-0.71485;-0.114178;0.047511;-0.129018;-0.7409;0.344858;0.113408
107;9.630163;1.082914;-0.254898;-0.027067;0.029837;-0.215417;-0.746359;0.337618;0.113379
108;9.731694;0.305247;-0.542753;-0.085013;0.033938;-0.200944;-0.748842;0.330164;0.115259
109;9.311833;-0.195559;-0.459646;-0.015851;0.010419;-0.312066;-0.750594;0.323542;0.115512
110;9.993523;-1.222525;-0.714874;-0.012859;0.021488;-0.361328;-0.754687;0.311385;0.115299
111;8.450003;-3.032748;-0.745813;0.110122;0.010831;-0.530956;-0.761047;0.298494;0.113626
112;9.110031;-1.758867;-0.075839;0.098636;-0.011398;-0.902843;-0.770751;0.273077;0.110398
113;9.060936;-2.486362;0.366797;0.118593;-0.036299;-0.951973;-0.781706;0.240855;0.109094
114;6.674642;-2.726731;0.414299;0.004992;-0.141358;-1.192683;-0.790528;0.206648;0.111739
115;7.127839;-1.27902;0.643557;-0.073949;-0.173749;-1.683203;-0.801843;0.156246;0.115777
116;5.823114;-0.006792;0.104649;-0.132903;-0.275238;-1.769588;-0.809515;0.092841;0.123493
117;5.292707;1.147583;-0.309757;-0.131555;-0.316268;-2.158853;-0.813711;0.020094;0.131966
118;4.727057;3.114595;-0.047536;-0.138484;-0.377628;-2.334599;-0.811697;-0.061489;0.141165
119;1.892128;3.76281;-0.818514;-0.249467;-0.465018;-2.502459;-0.803546;-0.143724;0.152539
120;2.483627;7.684824;-0.751212;-0.255902;-0.384258;-2.873807;-0.780061;-0.245007;0.161092
121;2.530085;9.552839;-1.05213;-0.775694;-0.326363;-2.345757;-0.749128;-0.340826;0.160969
122;0.749605;8.129482;-1.000264;-0.201436;-0.269811;-2.268831;-0.714062;-0.431598;0.159049
123;1.316291;11.665257;-0.644632;0.120728;-0.271455;-2.249966;-0.671113;-0.513812;0.161507
124;0.691967;12.077619;-0.60191;0.02663;-0.312509;-1.856899;-0.63118;-0.58446;0.159224
125;-0.508258;12.922647;-1.99351;-0.320253;-0.272244;-1.513854;-0.589481;-0.653197;0.154247
126;1.002708;14.574244;-1.135531;0.106121;-0.19937;-1.661103;-0.545259;-0.719404;0.147979
127;0.051755;15.116383;-1.392936;-0.586198;-0.222626;-1.102072;-0.494967;-0.779133;0.130359
128;-0.545908;12.797289;-2.069234;-0.376058;-0.074902;-1.109866;-0.455709;-0.83035;0.096288
129;3.403998;12.208844;0.053807;-0.340786;-0.220398;-1.158015;-0.410359;-0.876962;0.071226
130;1.803355;26.410995;-1.843491;1.148055;-0.319924;-0.604468;-0.364982;-0.913852;0.064515
131;-1.389461;20.884052;-4.851264;1.795595;0.109635;0.811225;-0.370101;-0.910015;0.121195
132;0.900781;8.205235;-1.722471;0.291279;0.272237;0.304046;-0.396627;-0.887558;0.144576
133;1.231612;6.094265;-0.711351;-0.047324;-0.145603;-0.051216;-0.401079;-0.879131;0.158496
134;1.078143;6.438762;-1.322185;0.341372;-0.082671;-0.231549;-0.400854;-0.882293;0.162515
135;0.693121;10.748155;-3.535779;0.284059;-0.035732;-0.060331;-0.392469;-0.887108;0.175671
136;0.499692;14.172512;-3.440354;0.073786;0.183052;0.243138;-0.395375;-0.888387;0.175014
137;1.114368;8.946965;-2.350325;-0.239473;0.201534;0.238904;-0.399668;-0.886393;0.166579
138;0.867997;7.582851;-1.659606;-0.376718;-0.02862;-0.174386;-0.398087;-0.888497;0.155385
139;0.834246;9.998672;-1.674001;-0.222911;0.00713;-0.104945;-0.403375;-0.888397;0.148711
140;0.872345;10.146818;-1.73991;-0.029421;0.093404;0.088295;-0.404134;-0.888285;0.144831
141;1.038419;9.077682;-1.529195;0.100016;0.051732;0.050335;-0.40709;-0.887751;0.145808
142;1.055657;9.449076;-1.795293;0.158874;-0.027018;-0.044085;-0.395995;-0.89218;0.148484
143;0.968814;9.895282;-2.031845;0.200496;-0.014425;-0.013076;-0.3945;-0.891397;0.15335
144;0.922281;9.436696;-2.139652;0.140846;0.002941;-0.015078;-0.401143;-0.886126;0.162119
145;0.967349;9.436896;-2.281093;0.076546;0.002515;-0.011515;-0.401646;-0.88674;0.165402
146;0.953938;9.748343;-2.316481;-0.007673;0.030434;0.022914;-0.400645;-0.885181;0.166256
147;0.945097;9.525513;-2.161289;-0.047399;0.045787;0.008198;-0.39806;-0.889374;0.163366
148;0.981982;9.509892;-2.034251;-0.051022;0.050357;0.010003;-0.398149;-0.890125;0.161718
149;0.967222;9.554379;-2.011687;-0.003953;0.033689;-0.006276;-0.402145;-0.886889;0.161259
150;0.981642;9.450502;-2.004791;0.032122;0.006597;-0.002464;-0.403059;-0.887166;0.16205
151;0.967409;9.547323;-2.101279;0.036716;0.016378;-0.004325;-0.401714;-0.886706;0.164162
152;0.968052;9.629266;-2.212676;0.026742;0.01377;-0.001591;-0.400092;-0.886315;0.163812
153;0.982148;9.510159;-2.101409;-0.006714;0.028404;0.001037;-0.399266;-0.888049;0.163858
154;0.98219;9.539647;-2.063905;0.008691;0.02279;-0.00986;-0.401432;-0.886978;0.164313
155;0.967534;9.55488;-2.138541;0.047527;0.015585;0.010285;-0.402742;-0.886993;0.16536
156;0.982306;9.525124;-2.138622;0.024978;0.027291;0.001996;-0.401102;-0.884888;0.165411
157;0.967519;9.547501;-2.146051;0.014149;0.032704;-0.000779;-0.401373;-0.886079;0.165408
158;0.967985;9.614448;-2.212773;-0.042045;0.019591;-0.004446;-0.400435;-0.886742;0.165039
159;0.835372;9.868085;-2.3763;-0.116343;0.005657;-0.008145;-0.402545;-0.885897;0.163985
160;0.564693;10.746401;-2.835306;-0.386145;-0.060127;-0.101263;-0.399976;-0.888092;0.155856
161;0.952344;12.34422;-2.956297;-0.530693;-0.036599;-0.172609;-0.394326;-0.890683;0.141529
162;1.527518;14.707417;-2.145561;-0.814852;-0.037889;-0.041513;-0.393978;-0.88727;0.12296
163;0.459291;16.048065;-1.734516;-0.811096;0.16039;0.40446;-0.409792;-0.874338;0.101748
164;0.265294;18.897795;-2.47115;0.195903;0.309252;0.61774;-0.432654;-0.848648;0.102157
165;0.241371;20.672777;-1.594159;0.600487;0.269838;1.519579;-0.47748;-0.795537;0.132004
166;-1.066194;18.341677;-1.544611;0.507004;0.327336;2.140976;-0.541405;-0.717007;0.161038
167;-1.963235;16.287754;-1.221503;0.64939;0.362352;2.380726;-0.610157;-0.617401;0.187526
168;-1.539041;14.638405;-0.960368;0.232633;0.370812;2.66648;-0.668313;-0.517464;0.197664
169;-1.635641;11.107084;-1.521352;-0.011855;0.38483;2.951401;-0.717374;-0.41546;0.196604
170;-0.720007;9.166178;-1.601653;0.304721;0.401424;3.079465;-0.759207;-0.303247;0.193009
171;-0.257876;5.843267;-1.664532;0.535029;0.468344;3.113173;-0.789693;-0.1877;0.189433
172;1.351212;2.583371;-1.255638;0.691434;0.52279;3.011076;-0.80353;-0.067264;0.175353
173;2.115628;0.294497;-1.100555;0.703137;0.536486;2.815874;-0.809474;0.04032;0.162645
174;3.677372;-1.647973;-0.228251;0.290058;0.559382;2.377574;-0.804282;0.131793;0.152975
175;4.936314;-3.208408;0.211426;-0.218242;0.49773;1.877463;-0.791456;0.204579;0.139761
176;6.767963;-3.902743;-0.301562;-0.3585;0.39901;1.487513;-0.777117;0.259585;0.131137
177;8.217184;-4.737503;-0.13183;0.137332;0.324873;1.258808;-0.75597;0.301084;0.119034
178;8.940064;-6.138261;0.364519;0.452877;0.224791;1.015296;-0.741089;0.338326;0.109736
179;9.083923;-7.118723;0.680114;0.219426;0.191769;0.683148;-0.733518;0.370633;0.104167
180;9.756708;-6.539817;0.9427;-0.082981;0.151159;0.126691;-0.726608;0.380869;0.100795
181;9.220746;-5.029276;0.411171;-0.074506;0.046059;-0.080797;-0.729146;0.377948;0.101815
182;9.264652;-3.577259;0.383635;0.138598;-0.036664;-0.269793;-0.7307;0.368778;0.098108
183;8.900438;-1.780712;0.250771;-0.015778;-0.091988;-0.470385;-0.736165;0.35657;0.100315
184;9.316069;0.723308;-0.49095;-0.191298;-0.111328;-0.537925;-0.742867;0.344508;0.10742
185;9.006939;1.217541;-1.176615;-0.074353;-0.120713;-0.559645;-0.752454;0.325789;0.111571
186;9.88327;3.730325;-1.325262;-0.024624;-0.119884;-0.559417;-0.757094;0.307804;0.116191
187;10.094469;4.225492;-1.432375;-0.012361;-0.065699;-0.384498;-0.763631;0.287909;0.118548
188;10.065519;4.513975;-1.251623;-0.11048;-0.065828;-0.311662;-0.767611;0.27543;0.120404
189;9.139563;3.915415;-1.650578;-0.105295;-0.041347;-0.189675;-0.769277;0.270023;0.124776
190;8.787675;3.466995;-1.835259;0.126721;-0.030808;-0.208609;-0.77306;0.264537;0.127964
191;9.486387;4.772277;-1.68715;0.095583;-0.010296;-0.113778;-0.774449;0.260255;0.124915
192;9.773863;3.94101;-1.914245;-0.094699;0.080821;0.039692;-0.772419;0.258257;0.124461
193;9.956821;3.536913;-1.281188;-0.028517;0.098283;0.025136;-0.772756;0.259219;0.123341
194;10.015204;3.394687;-1.035413;0.006401;0.103;0.127314;-0.772624;0.262004;0.123326
195;9.681052;2.070729;-0.949547;0.049523;0.070147;0.183983;-0.770655;0.267923;0.119512
196;8.825749;0.935757;-0.754469;-0.004249;0.07039;0.049731;-0.769464;0.270316;0.118855
197;9.33692;1.968436;-0.617017;-0.116111;0.042369;-0.115283;-0.769668;0.269954;0.117612
198;9.515858;1.658177;-1.214664;-0.018701;0.044957;0.008861;-0.770152;0.268205;0.118705
199;9.195284;1.82978;-0.86525;0.042733;0.028513;0.017206;-0.770847;0.269145;0.118533
200;9.560272;1.922122;-0.6007;0.053808;0.017709;-0.062941;-0.770981;0.267554;0.11854
201;9.413043;2.183701;-0.868759;-0.135464;-8.6e-05;-0.07864;-0.772925;0.265203;0.117929
202;9.491156;2.961167;-0.89296;-0.031073;0.001976;-0.144137;-0.773342;0.260372;0.120147
203;9.328882;3.244709;-1.06398;-0.022679;-0.006809;0.020058;-0.77402;0.260641;0.120255
204;9.350948;3.199928;-1.026793;0.098432;-0.025086;0.057695;-0.773366;0.260317;0.122208
205;9.478285;3.420588;-0.875145;-0.054473;-0.008104;0.034637;-0.77294;0.260305;0.122501
206;9.673252;3.553334;-1.111598;-0.066575;-0.02327;0.104015;-0.772416;0.263955;0.124695
207;9.384495;2.399275;-0.986971;0.137742;-0.038115;0.182725;-0.769056;0.270046;0.123822
208;9.380838;1.540182;-1.082133;0.169608;-0.053435;0.128085;-0.76681;0.27702;0.125099
209;9.755617;1.952499;-1.181082;0.025818;-0.049417;0.076849;-0.765893;0.278421;0.126913
210;9.514978;1.325775;-1.470551;-0.044524;-0.02252;0.05105;-0.765695;0.281305;0.128137
211;9.320893;1.275354;-1.442502;0.024641;-0.018693;-0.029147;-0.763642;0.281746;0.13069
212;9.547076;1.880857;-1.37715;0.028368;-0.027285;-0.075572;-0.76557;0.279122;0.130357
213;9.443126;1.911747;-1.48221;-0.014953;0.008073;-0.06394;-0.766847;0.277765;0.131966
214;9.34754;2.282389;-1.331278;0.015236;0.019552;-0.133253;-0.767753;0.274038;0.132781
215;9.656214;2.902758;-1.4443;-0.020486;-0.007991;-0.069296;-0.768371;0.271428;0.131401
216;9.538931;3.274642;-1.562169;0.021048;0.004878;-0.018226;-0.768107;0.271628;0.133747
217;9.621013;3.421247;-1.329261;-0.025212;0.012709;0.001759;-0.768508;0.270567;0.133876
218;9.642844;3.081875;-1.74173;0.033531;0.037396;0.080145;-0.768225;0.270029;0.134029
219;9.603712;2.740829;-1.609923;0.062321;0.05696;0.153047;-0.767184;0.274816;0.133211
220;9.51809;2.088373;-1.331246;0.056238;0.077998;0.110975;-0.765029;0.279119;0.130241
221;9.366434;1.570529;-1.231292;-0.060483;0.067531;0.072528;-0.764122;0.282581;0.129428
222;9.470793;1.613847;-1.155595;-0.022228;0.067437;0.012403;-0.763546;0.284218;0.127514
223;9.110653;1.142138;-1.056921;-0.027601;0.058125;-0.011324;-0.763852;0.285032;0.126946
224;9.425978;1.746448;-0.871504;-0.034542;0.049843;-0.113385;-0.764669;0.282521;0.126932
225;9.62164;2.049484;-1.076995;-0.057597;0.046874;-0.008501;-0.765122;0.280956;0.1261
226;9.33752;1.98411;-0.833318;0.017514;0.022765;-0.029295;-0.765652;0.279893;0.126362
227;9.652478;2.381883;-0.880579;0.013991;0.006074;-0.081169;-0.766961;0.279082;0.127415
228;9.622191;2.131278;-1.151082;-0.026098;0.012686;-0.000103;-0.767384;0.277502;0.127134
229;9.234124;2.045315;-1.10981;-0.018695;0.017526;-0.031161;-0.767138;0.27685;0.126599
230;9.392425;2.399983;-1.180927;-0.022177;0.020739;-0.064898;-0.76629;0.27537;0.127056
231;9.527888;2.592245;-1.357745;0.013935;0.01178;-0.044731;-0.768291;0.274306;0.127946
232;9.795001;2.632295;-0.788322;-0.05412;0.021761;-0.018377;-0.768533;0.273232;0.128494
233;9.64265;1.863252;-0.869102;-0.080448;-0.002413;-0.023823;-0.767986;0.273757;0.128512
234;9.621066;2.100048;-0.748328;0.08981;-0.017324;-0.048142;-0.768567;0.270796;0.130298
235;9.371738;1.118341;-1.189418;0.028209;-0.01127;-0.012752;-0.769161;0.270361;0.131927
236;9.169752;0.920154;-1.251937;0.025176;-0.027809;-0.180518;-0.769292;0.267708;0.131941
237;9.838319;0.337496;-1.414827;-0.039719;0.015489;-0.202637;-0.771928;0.260529;0.133537
238;9.114588;-1.347002;-1.177551;0.228542;0.001957;-0.258875;-0.774021;0.253546;0.132542
239;8.962805;-1.666456;-0.658416;0.243666;-0.047747;-0.498506;-0.77807;0.24276;0.130671
240;8.996181;-2.254076;-0.154546;0.115418;-0.08634;-0.650819;-0.783036;0.222088;0.131723
241;7.384222;-2.612267;0.009996;-0.178414;-0.193653;-0.902633;-0.790396;0.194447;0.136303
242;6.8811;-1.969709;-0.317983;-0.517279;-0.203185;-1.328077;-0.798317;0.151378;0.142624
243;6.121304;-0.406271;-0.656845;-0.439133;-0.214133;-1.634385;-0.805716;0.094994;0.150574
244;5.294845;1.055398;-1.355066;-0.362128;-0.230615;-1.875025;-0.809003;0.035119;0.158577
245;5.085363;4.169109;-1.366255;-0.072446;-0.255526;-2.127976;-0.807985;-0.039079;0.164796
246;4.79397;5.800493;-1.104137;-0.208957;-0.23363;-2.176562;-0.801659;-0.117427;0.170432
247;3.590994;6.589614;-1.473782;-0.652674;-0.173601;-2.322534;-0.788269;-0.209604;0.169716
248;3.464224;8.595856;-0.782625;-0.779794;-0.114677;-2.426859;-0.764794;-0.299016;0.165947
249;3.20981;10.167638;-0.513152;-0.864374;-0.084474;-2.078693;-0.738268;-0.37847;0.155767
250;1.932745;9.67356;-0.391727;-0.417044;-0.100994;-1.841035;-0.709685;-0.450591;0.143416
251;1.522536;11.365443;-0.197278;-0.173886;-0.130517;-1.774895;-0.674277;-0.518269;0.13598
252;2.321946;12.274196;0.710173;-0.049244;-0.130992;-1.499173;-0.63668;-0.583252;0.126138
253;0.795511;11.891612;-0.617259;-0.419312;-0.210863;-1.162096;-0.606754;-0.636356;0.116452
254;2.424197;12.693929;-0.704164;-0.639302;-0.033792;-1.205836;-0.577122;-0.685136;0.099024
255;2.108338;12.375619;-0.141492;-0.572104;-0.02801;-0.790843;-0.548648;-0.728899;0.068041
256;0.512091;10.130957;-0.750255;-0.307228;0.016997;-0.792744;-0.526773;-0.76529;0.041688
257;1.748432;9.22494;0.999413;-0.228872;0.078571;-0.895819;-0.495252;-0.803271;0.01161
258;1.183352;6.486124;1.462368;-0.232473;-0.176688;-1.222262;-0.452241;-0.846607;-0.011096
259;2.046968;25.289927;0.091271;0.664886;-0.616491;-2.087615;-0.385343;-0.901693;-0.030009
260;-0.137004;31.063007;-1.36529;2.479809;0.065856;1.144846;-0.362024;-0.915499;0.020929
261;0.119209;7.33317;-0.71173;0.453269;0.402511;1.185516;-0.422488;-0.881757;0.051803
262;0.37006;4.02248;0.305906;0.332322;-0.328955;0.120506;-0.432618;-0.870198;0.084581
263;0.560131;4.232947;-0.83302;0.416192;-0.243076;-0.810889;-0.416101;-0.875984;0.091334
264;1.275727;11.709066;-2.263979;0.591829;-0.344776;-0.476151;-0.40264;-0.882983;0.114745
265;0.323012;14.854167;-3.079069;0.829468;0.100924;0.255479;-0.397789;-0.885986;0.135857
266;0.88937;8.931794;-1.807381;0.510588;0.280488;0.507702;-0.418804;-0.87182;0.154708
267;1.062239;7.611457;-1.792269;0.354333;-0.093423;-0.078247;-0.407776;-0.876352;0.166181
268;0.908049;9.452608;-2.385913;0.282246;-0.201689;-0.304023;-0.39715;-0.878962;0.180373
269;0.862946;10.773636;-2.832867;0.35269;0.0081;0.023512;-0.40693;-0.87181;0.194363
270;0.908117;9.261478;-2.767735;0.222414;0.119839;0.14137;-0.411575;-0.86693;0.202115
271;0.980645;8.889895;-2.635279;0.041366;0.031548;0.004703;-0.414416;-0.864334;0.205282
272;0.948132;9.927578;-2.658627;-0.049181;0.013858;-0.028146;-0.400377;-0.872337;0.201641
273;0.938624;9.512437;-2.586775;-0.049304;0.035243;0.03194;-0.401024;-0.872016;0.199826
274;0.966799;9.230063;-2.439152;-0.081765;0.048665;0.009948;-0.410093;-0.868192;0.199159
275;0.982974;9.511486;-2.437199;-0.061018;0.026908;0.000961;-0.409862;-0.868637;0.195872
276;0.990591;9.555821;-2.421928;-0.038362;0.050388;0.026429;-0.409968;-0.868319;0.193941
277;1.004274;9.333076;-2.333725;-0.040136;0.035691;-0.003609;-0.406059;-0.871975;0.190275
278;0.982557;9.459328;-2.362918;0.017781;0.022663;-0.008945;-0.405826;-0.873414;0.18947
279;0.967785;9.489084;-2.362836;0.02312;0.007444;-0.004313;-0.409934;-0.869197;0.192024
280;0.99751;9.437217;-2.422647;0.046711;0.004407;-0.017948;-0.410481;-0.869854;0.192007
281;0.983088;9.504313;-2.496943;0.019635;0.026169;-0.011696;-0.409789;-0.8696;0.192171
282;0.975394;9.467211;-2.467393;-0.01109;0.045302;-0.004525;-0.407434;-0.870433;0.192684
283;1.004749;9.422103;-2.362992;0.008744;0.029958;-0.004428;-0.405781;-0.870986;0.192891
284;0.990153;9.466854;-2.407585;0.005098;0.027329;-0.000775;-0.409065;-0.870025;0.19289
285;0.982807;9.474442;-2.437441;0.004135;0.013859;-0.002543;-0.410459;-0.869732;0.19242
286;0.990093;9.437336;-2.437627;-0.002182;0.013833;-0.008024;-0.41046;-0.869202;0.192416
287;0.982707;9.452214;-2.437586;0.014174;0.019002;-0.01532;-0.407332;-0.871876;0.192011
288;1.005085;9.452064;-2.44488;0.021364;0.020959;0.001099;-0.408462;-0.871118;0.193885
289;0.982677;9.437455;-2.452607;0.016004;0.028042;-0.008062;-0.409681;-0.870449;0.194106
290;0.982829;9.467121;-2.459875;-0.013122;0.003217;-0.002522;-0.408554;-0.870742;0.194703
291;0.982585;9.437307;-2.415297;-0.002162;0.023789;-0.000771;-0.41026;-0.870162;0.193531
292;0.997473;9.437158;-2.407723;0.024978;0.013665;-0.007073;-0.409149;-0.869917;0.193848
293;0.989983;9.437159;-2.392855;0.027716;0.01175;-0.015269;-0.409466;-0.871085;0.193019
294;0.968008;9.482088;-2.467353;0.026898;0.035166;-0.005342;-0.409173;-0.870237;0.195912
295;0.967982;9.459979;-2.497346;0.019608;0.01897;-0.013492;-0.407918;-0.869864;0.196372
296;0.982836;9.452421;-2.48982;0.00872;0.020937;-0.006218;-0.406998;-0.86979;0.198195
297;0.982817;9.452392;-2.482358;0.014147;0.019097;-0.007114;-0.408436;-0.86974;0.1969
298;0.982928;9.452568;-2.52713;0.003282;0.019173;-0.006218;-0.408529;-0.869496;0.197719
299;0.990167;9.437454;-2.467475;-0.002185;0.013849;-0.006201;-0.407857;-0.869894;0.197474
300;0.96799;9.482059;-2.459891;0.003201;0.010318;0.001117;-0.408353;-0.869782;0.198416
301;0.967808;9.437634;-2.467643;0.017726;0.021039;0.006561;-0.409002;-0.868533;0.196594
302;0.982817;9.452392;-2.482358;0.030491;0.022487;-0.01349;-0.40811;-0.869372;0.197873
303;0.953219;9.467686;-2.542182;0.01419;0.02443;-0.008965;-0.406944;-0.870214;0.199163
304;0.997827;9.467148;-2.497073;-0.011201;0.022894;-0.004427;-0.4083;-0.870074;0.199382
305;0.954098;9.719179;-2.436067;0.023247;0.069905;0.04467;-0.408521;-0.8695;0.197857
306;0.557587;10.629333;-3.194313;-0.194341;-0.033452;-0.006283;-0.410305;-0.868684;0.19778
307;0.481779;12.976236;-4.425834;-0.798961;-0.09585;-0.150896;-0.407147;-0.869777;0.18293
308;0.415917;18.693155;-3.486215;-1.408981;-0.005096;0.271243;-0.411267;-0.867198;0.152639
309;1.471426;15.677123;-1.796413;-1.184963;0.407839;0.678393;-0.435366;-0.847708;0.112627
310;0.301387;19.211891;-1.409183;0.894018;0.220659;1.198224;-0.475574;-0.802775;0.129109
311;-0.384635;19.496361;-0.755851;0.869533;0.249902;1.929435;-0.529075;-0.729872;0.176061
312;-1.567522;16.109175;-1.831574;0.647633;0.281208;2.277124;-0.599006;-0.6318;0.195914
313;-1.73579;13.973212;-0.98111;0.630879;0.301024;2.40919;-0.653775;-0.535133;0.217896
314;-1.317993;10.90136;-0.736737;0.060127;0.35605;2.542186;-0.696865;-0.441787;0.230748
315;-1.217038;8.080659;-1.522934;0.074003;0.184183;2.519132;-0.73283;-0.346991;0.231365
316;0.73753;7.048237;-1.11186;0.331601;0.228612;2.446504;-0.760496;-0.255506;0.233576
317;1.133248;5.210035;-1.747648;0.232847;0.213569;2.698107;-0.781668;-0.155896;0.222241
318;1.934808;2.700007;-1.951913;0.386466;0.269147;2.63788;-0.793828;-0.057699;0.220625
319;3.834448;1.097215;-1.470341;0.540202;0.326128;2.510316;-0.796925;0.034688;0.224502
320;5.539916;-0.769442;-1.3203;0.498927;0.338151;2.416386;-0.790324;0.12533;0.215582
321;6.404114;-4.074164;-1.178528;0.55639;0.326282;2.070857;-0.776345;0.20278;0.206092
322;7.559111;-5.456592;-0.574311;0.427332;0.264435;1.620511;-0.756404;0.269001;0.187712
323;7.857095;-7.052644;-0.418259;0.273441;0.246569;1.116944;-0.74117;0.314815;0.180153
324;8.133361;-7.031989;-0.580201;-0.023708;0.146404;0.549738;-0.732136;0.345006;0.178782
325;9.115946;-6.088341;-1.365082;-0.065644;0.149953;0.16674;-0.73088;0.353;0.176987
326;9.769909;-4.753327;-1.149959;0.117707;0.071589;-0.064205;-0.72891;0.355208;0.173063
327;9.076873;-3.30127;-1.563662;0.096761;0.048965;-0.285781;-0.731198;0.344479;0.168376
328;9.550039;-0.977613;-1.783757;-0.040236;0.049531;-0.468251;-0.737532;0.329985;0.167128
329;9.186189;1.27555;-1.219652;-0.059351;0.020591;-0.509142;-0.744855;0.321811;0.167994
330;9.11928;2.634423;-1.823233;-0.140181;0.009194;-0.454463;-0.750788;0.304334;0.168983
331;8.879742;3.948599;-2.017987;-0.080652;-0.015999;-0.425076;-0.755312;0.290535;0.170827
332;9.949753;4.785321;-2.176065;-0.211374;0.066284;-0.250378;-0.761032;0.269904;0.170611
333;9.715493;4.134745;-2.070137;-0.068888;0.063633;-0.095176;-0.763844;0.264404;0.169026
334;9.08059;3.858099;-2.024514;0.003843;0.069405;-0.152628;-0.764759;0.265055;0.169809
335;9.977787;4.730738;-1.549372;-0.237213;0.109915;-0.089163;-0.766314;0.259131;0.168691
336;9.434427;2.98101;-2.042459;-0.311891;0.141103;0.091052;-0.7668;0.258046;0.169779
337;8.714152;2.272969;-1.410766;-0.094372;0.116068;0.008388;-0.766696;0.257665;0.164149
338;9.612144;3.095398;-1.353834;-0.154087;0.104505;-0.038039;-0.76715;0.256366;0.163316
339;9.424322;2.586975;-1.686907;-0.082875;0.124306;0.088696;-0.768426;0.258787;0.16256
340;9.295742;2.474647;-1.128938;-0.071182;0.114372;0.081457;-0.767263;0.260001;0.16136
341;9.160824;2.25384;-1.228407;0.005014;0.064209;-0.009445;-0.767269;0.260071;0.158747
342;10.00103;3.565156;-1.019488;0.160739;0.088766;0.009032;-0.768943;0.260702;0.155651
343;9.368786;2.059761;-1.287791;0.084045;0.06956;0.169401;-0.767846;0.264732;0.153329
344;9.039615;2.038346;-0.827762;0.08187;0.058542;0.005267;-0.765493;0.268605;0.15147
345;9.495676;2.169374;-1.159256;-0.127427;0.056801;0.032389;-0.766589;0.268352;0.151428
346;9.264174;2.008679;-1.273992;0.022947;0.035548;0.001647;-0.765424;0.267908;0.152715
347;9.652696;2.470496;-0.805378;0.122185;0.017836;0.054819;-0.766595;0.271006;0.151409
348;9.671895;1.692928;-0.952073;0.093114;-0.008934;0.053044;-0.765783;0.272327;0.151294
349;9.456254;1.776376;-1.005402;-0.071346;-0.009916;-0.038395;-0.765029;0.273016;0.150082
350;9.38426;2.104685;-1.436628;-0.06022;-0.004436;-0.085834;-0.766595;0.271006;0.151409
351;9.626131;2.931985;-1.280167;0.064626;-0.024975;-0.091905;-0.766942;0.268393;0.154988
352;9.433265;2.949722;-1.624781;-0.029821;-0.008813;0.0091;-0.765049;0.266529;0.154528
353;9.223201;2.669683;-1.583422;0.044553;0.000289;-0.005458;-0.768089;0.26737;0.153987
354;9.61343;3.259283;-1.576628;0.06804;0.010363;0.014652;-0.767892;0.267869;0.155091
355;9.566049;2.483053;-1.925302;0.106967;0.02298;0.051092;-0.765915;0.269476;0.153784
356;9.652115;2.006177;-1.427775;0.061843;0.050074;0.03268;-0.766665;0.271504;0.152639
357;9.418668;1.511368;-1.365602;-0.004164;0.033778;-0.011153;-0.765219;0.272181;0.151593
358;9.398598;2.05952;-1.287566;-0.061734;0.047422;-0.099735;-0.765869;0.269785;0.152134
359;9.400304;2.393251;-1.367469;-0.063913;0.024968;-0.03397;-0.767349;0.267535;0.152503
360;9.169136;2.306647;-1.48172;0.03211;-0.004972;-0.072954;-0.767866;0.266996;0.153037
361;9.777473;3.25073;-1.620214;-0.056524;0.06549;-0.020395;-0.767469;0.266335;0.152782
362;9.624764;2.539956;-1.446898;0.049064;0.065969;0.076383;-0.767127;0.263847;0.151439
363;9.340581;2.327375;-1.450436;-0.043845;0.062633;-0.01861;-0.767179;0.266922;0.15059
364;9.773816;2.597584;-1.333458;-0.082673;0.120879;0.01762;-0.767459;0.266995;0.147966
365;9.265201;2.13537;-1.459718;-0.072757;0.106365;0.0231;-0.766751;0.267838;0.145927
366;9.667551;2.337899;-1.029997;0.009484;0.093562;0.031532;-0.766812;0.268001;0.144823
367;9.308718;2.066883;-1.09418;-0.069364;0.066954;0.019637;-0.768356;0.267373;0.144078
368;9.27951;2.193135;-1.108505;-0.065614;0.047354;-0.03864;-0.768269;0.266337;0.143127
369;9.473195;1.992829;-1.436681;-0.00235;0.062916;0.024311;-0.768752;0.268233;0.141857
370;9.365855;1.466625;-1.187198;0.064781;0.062031;-0.009358;-0.76924;0.269071;0.140456
371;9.62017;1.642578;-1.228899;-0.070582;0.083284;-0.108099;-0.769809;0.265178;0.137438
372;9.737074;1.093555;-1.283819;-0.050502;0.120947;-0.095473;-0.771207;0.260834;0.136726
373;9.581057;-0.107986;-0.66598;0.153968;0.09277;-0.08964;-0.773584;0.258963;0.133207
374;9.795698;-1.705561;0.041642;0.2299;0.036182;-0.140376;-0.775128;0.255619;0.129871
375;7.803692;-3.874693;-0.129354;0.150785;-0.078306;-0.396531;-0.77609;0.246618;0.129485
376;7.300178;-3.379873;-0.570232;-0.191465;-0.084032;-0.873986;-0.784239;0.225997;0.129859
377;7.499799;-2.033374;-0.462952;-0.219875;-0.074242;-1.255212;-0.794204;0.184734;0.133885
378;6.790928;-0.398805;-0.159205;-0.170267;-0.139132;-1.533031;-0.802748;0.135546;0.1361
379;6.739211;1.467924;0.061487;-0.109141;-0.174009;-1.712399;-0.810106;0.078414;0.142271
380;5.815687;1.586741;-0.004442;0.006485;-0.229542;-1.6975;-0.813925;0.018869;0.148051
381;4.565889;2.269869;0.289016;0.095818;-0.36632;-2.024287;-0.812959;-0.049803;0.156014
382;3.425128;3.790852;0.215633;-0.206786;-0.469054;-2.353551;-0.803164;-0.134839;0.167337
383;2.379838;6.115186;-0.836829;-0.709936;-0.447968;-2.627979;-0.783714;-0.229686;0.174856
384;1.824757;8.182765;-1.663374;-0.842441;-0.345233;-2.636819;-0.756967;-0.322706;0.175782
385;2.322813;9.80687;-1.163984;-0.372996;-0.241013;-2.385717;-0.721815;-0.416368;0.167838
386;0.232335;10.006399;-2.402361;-0.265815;-0.313381;-2.035289;-0.683663;-0.497202;0.165145
387;0.455658;11.55347;-2.472692;0.053831;-0.181867;-2.098275;-0.634564;-0.586431;0.15979
388;0.527974;11.733195;-1.232229;-0.240519;-0.07478;-1.760746;-0.587487;-0.661272;0.147925
389;-0.954349;11.672913;-1.713989;-0.637827;-0.111821;-1.611724;-0.545811;-0.728202;0.125063
390;0.095442;12.265847;-0.150008;-0.912127;0.070706;-1.698448;-0.488277;-0.803697;0.079254
391;-0.057728;11.436647;-0.007315;-1.284721;-0.341612;-1.89877;-0.414686;-0.87626;0.01702
392;-0.348814;54.162098;-0.007786;2.278987;0.151828;-0.392652;-0.330557;-0.932055;0.0131
393;-0.119834;10.488978;-3.797348;-0.862762;0.706775;1.464217;-0.379344;-0.909582;0.019504
394;1.890676;0.706009;0.213785;0.146454;-0.105393;0.240627;-0.409087;-0.889565;0.01143
395;-0.171183;2.565689;2.538488;-0.595322;-0.160708;-0.573724;-0.406981;-0.884377;0.010102
396;1.502172;-1.202104;0.108882;0.190889;-0.043226;-0.606004;-0.380424;-0.895391;0.005198
397;2.200861;9.89175;0.096776;-0.01596;-0.176493;-0.532331;-0.383575;-0.894162;0.000114
398;-0.412999;18.464502;-0.210564;0.907407;0.055721;0.77755;-0.38092;-0.903759;0.00084
399;0.168118;11.203099;-1.357803;1.040879;0.31823;0.87307;-0.385367;-0.908265;0.036987
400;1.318319;8.922969;-0.453504;0.290788;-0.129163;-0.13827;-0.395769;-0.901339;0.059616
401;0.686014;7.06442;-1.35094;0.5379;-0.262802;-0.465818;-0.381277;-0.905069;0.07947
402;0.867687;10.59269;-2.057926;0.473949;-0.085523;-0.096288;-0.401931;-0.889558;0.102449
403;0.828108;10.221505;-1.799458;0.437631;0.141062;0.216402;-0.405009;-0.886318;0.116324
404;0.755963;9.110602;-1.784842;0.35075;0.103241;0.159861;-0.38787;-0.896059;0.126843
405;0.826312;9.762589;-1.914391;0.267377;-0.029056;0.001655;-0.390226;-0.894168;0.136358
406;0.894239;9.954653;-1.905164;0.187635;-0.070265;-0.042039;-0.388667;-0.892291;0.14493
407;0.943768;9.33214;-1.975998;0.151549;-0.043084;-0.03675;-0.407546;-0.882424;0.15015
408;0.907195;9.429171;-2.080117;0.169559;-0.055624;-0.023907;-0.407005;-0.880705;0.155108
409;0.90797;9.584878;-2.108948;0.205892;-0.003379;0.01605;-0.390962;-0.889837;0.163104
410;0.885665;9.548368;-2.198902;0.178633;-0.02019;0.020639;-0.392141;-0.888659;0.169097
411;0.863207;9.482191;-2.281589;0.142527;-0.013938;0.001405;-0.392253;-0.888142;0.174587
412;0.848777;9.527208;-2.39334;0.094644;0.000614;-0.006021;-0.401534;-0.879842;0.180204
413;0.863347;9.497128;-2.31134;0.105507;-0.009485;-0.020552;-0.401505;-0.880454;0.183234
414;0.856127;9.512271;-2.378457;0.098184;-0.011896;-0.001402;-0.391529;-0.882276;0.188046
415;0.863386;9.453056;-2.408636;0.080063;-0.020846;-0.009598;-0.391895;-0.882758;0.191334
416;0.885553;9.430502;-2.371303;0.072832;-0.019932;-0.013258;-0.390679;-0.882831;0.193583
417;0.848236;9.423364;-2.36417;0.102578;-0.049759;-0.015829;-0.39643;-0.879722;0.198554
418;0.84093;9.42366;-2.423922;0.162288;-0.068199;-0.022054;-0.395079;-0.879332;0.203279
419;0.848561;9.394465;-2.550914;0.223915;-0.059648;-0.018362;-0.390583;-0.87957;0.210472
420;0.797087;9.440137;-2.75249;0.184151;-0.052331;-0.023928;-0.38878;-0.877682;0.218504
421;0.775169;9.441026;-2.931746;0.142623;-0.026017;-0.017721;-0.389788;-0.878511;0.225068
422;0.775109;9.411508;-2.961788;0.053829;-0.020681;0.001285;-0.38989;-0.874618;0.228335
423;0.774858;9.396394;-2.887265;0.016021;0.022563;-0.003511;-0.390682;-0.875022;0.228856
424;0.789544;9.39592;-2.797609;-0.031141;0.025851;0.015566;-0.387787;-0.875725;0.229252
425;0.804206;9.365987;-2.752918;-0.036566;0.015833;-0.000812;-0.389033;-0.876168;0.226456
426;0.818898;9.350812;-2.693207;-0.009363;0.022808;-0.002627;-0.388215;-0.87432;0.226476
427;0.804066;9.35105;-2.723167;0.030461;0.011671;-0.009823;-0.389934;-0.875259;0.227513
428;0.819319;9.39562;-2.78246;0.033128;0.006359;-0.002499;-0.390634;-0.875376;0.227211
429;0.789495;9.381131;-2.805168;0.026852;0.015306;-0.006198;-0.389942;-0.876117;0.229856
430;0.789617;9.396038;-2.827457;0.001536;0.024463;-0.004448;-0.389422;-0.876175;0.226853
431;0.789447;9.366343;-2.812726;0.001563;0.029843;-0.004472;-0.389335;-0.874362;0.228493
432;0.819274;9.373482;-2.804991;0.008876;0.036856;-0.013608;-0.389339;-0.875951;0.228367
433;0.796771;9.366076;-2.760436;-0.000264;0.028078;-0.004464;-0.39;-0.876751;0.228759
434;0.789318;9.366137;-2.760493;0.011571;0.033255;-0.013591;-0.389515;-0.875532;0.227669
435;0.819326;9.38092;-2.812405;0.006946;0.024506;0.001034;-0.388727;-0.876849;0.227023
436;0.79704;9.381219;-2.842422;0.001623;0.031467;-0.017246;-0.388487;-0.875245;0.226471
437;0.796893;9.380982;-2.782726;-0.006575;0.023472;-0.017221;-0.389783;-0.875002;0.227792
438;0.774778;9.410976;-2.827472;0.012495;0.034103;-0.015419;-0.389422;-0.875777;0.22685
439;0.775089;9.455607;-2.871953;0.008957;0.06393;0.002688;-0.389628;-0.87594;0.22808
440;0.819192;9.351284;-2.812599;-0.052621;0.071643;0.009869;-0.389496;-0.876668;0.225479
441;0.804139;9.351169;-2.753015;-0.070863;0.043029;0.004495;-0.390195;-0.876321;0.222699
442;0.804097;9.402589;-2.640746;-0.039079;0.05343;-0.008269;-0.390628;-0.87584;0.219791
443;0.811499;9.39509;-2.633276;-0.011003;0.044112;-0.020958;-0.39071;-0.876794;0.220757
444;0.83352;9.32817;-2.61862;0.034131;0.027881;-0.004411;-0.389957;-0.876371;0.219547
445;0.804333;9.410322;-2.72278;0.057686;0.0204;-0.013469;-0.390113;-0.875234;0.221732
446;0.789913;9.43329;-2.879448;0.04416;0.026705;-0.015343;-0.389531;-0.876848;0.222317
447;0.848927;9.358276;-2.767554;-0.007509;0.035426;0.004619;-0.391773;-0.874943;0.221388
448;0.834055;9.365806;-2.767618;-0.023781;0.041822;0.00548;-0.391618;-0.876279;0.221679
449;0.826277;9.350635;-2.663303;-0.039245;0.028473;0.002781;-0.390382;-0.87689;0.219259
450;0.803937;9.350843;-2.670933;0.018695;0.022661;0.001059;-0.390917;-0.876095;0.219507
451;0.804284;9.395535;-2.730339;0.026008;0.025123;-0.011709;-0.389748;-0.874553;0.220917
452;0.834014;9.373096;-2.737721;0.022356;0.015224;-0.017142;-0.391712;-0.877955;0.219901
453;0.804547;9.425377;-2.782379;0.001546;0.020777;-0.013548;-0.390213;-0.877835;0.219822
454;0.790443;9.603313;-2.781329;-0.000364;0.022937;0.013804;-0.391048;-0.876031;0.222113
455;0.526224;10.156341;-3.436421;-0.174411;-0.036295;-0.000796;-0.390955;-0.875546;0.218814
456;0.160554;11.229726;-4.312768;-0.723021;-0.09865;-0.108914;-0.388314;-0.878571;0.206981
457;0.369968;14.783849;-4.123896;-1.18641;0.034738;-0.042493;-0.386962;-0.880952;0.176534
458;0.189642;18.940723;-1.934157;-1.5503;0.218168;0.524559;-0.399614;-0.873354;0.135417
459;0.889665;18.46344;-2.573712;-0.154223;0.388435;0.862292;-0.430039;-0.846898;0.115034
460;0.023374;18.585291;-1.654161;0.965366;0.245756;1.529211;-0.47892;-0.792577;0.14581
461;-0.943552;19.008148;-1.696055;0.860888;0.317963;1.950012;-0.540062;-0.713242;0.188284
462;-1.517885;17.102333;-2.003835;0.38243;0.42113;2.419374;-0.610355;-0.611016;0.211666
463;-2.248504;13.494381;-2.510427;0.21808;0.477685;2.651263;-0.667925;-0.509511;0.217555
464;-1.766224;11.341918;-2.550616;0.129337;0.496676;2.683869;-0.712871;-0.41617;0.216448
465;-1.202017;9.232836;-2.48543;0.193904;0.562308;2.939021;-0.751816;-0.310222;0.207928
466;-0.774537;6.797066;-1.975665;0.539785;0.587511;2.984961;-0.782723;-0.199768;0.201485
467;-0.12971;4.61158;-1.492474;0.335929;0.651953;2.851262;-0.802636;-0.084541;0.181151
468;1.919752;3.273604;-0.828948;0.31498;0.651478;2.614296;-0.808557;0.016737;0.166153
469;3.30504;-0.168713;-0.676657;0.081761;0.681144;2.544571;-0.806687;0.106474;0.153201
470;4.820298;-3.077214;-0.870638;-0.024253;0.648394;2.291999;-0.793788;0.188636;0.136622
471;6.330797;-6.397904;0.119174;0.35177;0.611243;1.937065;-0.77556;0.261336;0.119639
472;7.432474;-8.002419;0.781241;0.283054;0.477172;1.479806;-0.752056;0.319037;0.096102
473;8.855868;-7.609548;1.593059;0.151433;0.427505;0.984805;-0.73681;0.357558;0.08351
474;9.253802;-8.49535;1.814186;0.01129;0.253399;0.4619;-0.729012;0.383922;0.076894
475;9.723131;-7.075211;1.491176;0.185927;0.129347;0.101609;-0.724139;0.392646;0.071252
476;9.670968;-5.687294;1.007292;0.144791;0.069558;-0.104272;-0.725157;0.393019;0.067634
477;9.463262;-5.61049;0.745035;0.175731;0.011136;-0.441438;-0.729677;0.374845;0.064424
478;8.98362;-2.909493;0.721651;-0.097851;-0.062768;-0.76065;-0.73834;0.355802;0.065453
479;9.498492;-1.407477;0.21296;-0.253361;-0.065199;-0.830076;-0.748796;0.338044;0.068737
480;8.008207;-1.277279;0.292053;-0.267596;-0.103501;-0.932215;-0.762045;0.308081;0.073099
481;9.650838;-0.21919;1.072548;-0.129691;-0.143589;-1.097619;-0.77481;0.272909;0.078617
482;6.978097;-1.396599;0.701356;-0.082741;-0.282166;-1.192118;-0.787658;0.225582;0.087246
483;7.796782;-0.069047;0.5968;-0.240707;-0.304909;-1.602508;-0.799321;0.175283;0.097456
484;7.026628;-0.640589;0.542469;-0.112631;-0.348779;-1.511042;-0.807369;0.130421;0.106396
485;4.002769;-0.451089;-0.016517;0.041592;-0.535132;-1.772078;-0.812141;0.072537;0.119824
486;3.709764;2.410727;0.134193;0.108808;-0.568052;-2.352713;-0.813708;-0.003501;0.136262
487;3.684525;4.8429;-0.282997;-0.333306;-0.613623;-2.371295;-0.808748;-0.097943;0.153921
488;1.995952;5.214819;-0.964993;-0.44477;-0.612074;-2.546727;-0.791608;-0.190325;0.169304
489;1.720693;8.301737;-1.558917;-0.668464;-0.564369;-2.715898;-0.76753;-0.281166;0.179042
490;2.705884;10.271964;-1.508784;-0.493106;-0.402251;-2.445334;-0.730911;-0.376286;0.180379
491;0.787494;9.333784;-2.074183;-0.215495;-0.403519;-2.062151;-0.694374;-0.456984;0.178169
492;0.146575;10.822112;-2.397707;0.200655;-0.360733;-2.120158;-0.648908;-0.541901;0.181573
493;0.653493;12.580818;-2.225717;0.193097;-0.292852;-1.740963;-0.604005;-0.613619;0.187607
494;-1.465718;11.755248;-2.754595;0.259038;-0.298948;-1.427374;-0.567174;-0.670341;0.191559
495;1.06038;13.607077;-2.12641;-0.435928;-0.211014;-1.515013;-0.521629;-0.733887;0.17955
496;-0.749251;11.942296;-2.792719;-0.740779;-0.136811;-1.22325;-0.476651;-0.794891;0.142206
497;0.233979;10.965234;-1.299151;-0.300677;-0.081566;-1.1936;-0.424651;-0.851351;0.110883
498;3.088994;27.760033;-0.839942;0.61338;-0.487557;-1.715991;-0.356166;-0.907487;0.090942
499;-1.607765;29.641174;-6.049643;1.64675;0.011847;1.214769;-0.33986;-0.920532;0.11616
500;0.933796;8.886832;-1.770024;0.039234;0.555061;0.972819;-0.391709;-0.891309;0.124317
501;-0.246929;5.059798;1.554181;-0.673192;-0.104894;-0.024096;-0.406104;-0.87637;0.126656
502;1.421392;-0.422521;-1.991037;-0.455482;-0.070793;-0.411638;-0.405978;-0.869007;0.119184
503;1.686055;9.159477;-1.046163;0.239271;-0.070692;-0.076548;-0.392718;-0.879806;0.116219
504;-0.298613;17.452726;-3.141508;0.354557;0.32287;0.395255;-0.390974;-0.893123;0.102639
505;0.898976;13.958216;-2.528316;0.289698;0.351219;0.799988;-0.419533;-0.878073;0.116095
506;1.434383;7.5488;-1.692844;-0.176874;0.023281;0.197808;-0.440491;-0.863731;0.118449
507;0.858019;5.661788;-1.134887;-0.169539;0.068145;0.001444;-0.451528;-0.854033;0.12701
508;1.30541;8.65415;-1.768719;-0.115402;-0.053995;-0.343475;-0.442998;-0.860637;0.122725
509;1.144529;12.369521;-2.253217;-0.09968;-0.006714;-0.141105;-0.428893;-0.871121;0.107695
510;1.156448;10.454889;-1.526807;-0.018856;0.040548;0.085845;-0.430384;-0.87078;0.105433
511;1.211313;8.066311;-0.9524;0.078233;0.010098;-0.004235;-0.432524;-0.867601;0.106424
512;1.158888;9.424384;-1.384243;0.175178;-0.050894;-0.08954;-0.429211;-0.868781;0.119488
513;1.128679;10.612874;-2.07074;0.224002;-0.018116;-0.01299;-0.426808;-0.86984;0.12839
514;1.175577;9.508037;-1.958172;0.191277;0.00262;0.048864;-0.427466;-0.86852;0.128904
515;1.174544;9.351915;-1.824873;0.144219;-0.009936;0.02058;-0.427012;-0.865765;0.134814
516;1.091235;10.399582;-2.393291;0.064383;-0.054442;0.010642;-0.428553;-0.865601;0.13915
517;0.780808;11.87467;-3.781507;-0.440906;0.001949;0.107274;-0.43342;-0.862133;0.140304
518;2.672883;13.899944;-2.63464;-0.598517;0.047156;0.337878;-0.442579;-0.857066;0.122991
519;1.614394;16.43309;-3.999262;-0.882961;0.034212;0.611084;-0.463256;-0.841396;0.100465
520;1.055105;21.59251;-3.477438;1.428113;0.217317;0.825152;-0.486116;-0.81141;0.128612
521;0.64654;23.919592;-2.778869;0.72675;0.466734;1.920293;-0.542258;-0.738861;0.184809
522;-0.699495;19.677143;-2.727117;0.813505;0.55276;2.353879;-0.615725;-0.638841;0.202581
523;-1.259927;18.04174;-2.122629;0.206578;0.583334;2.665638;-0.673821;-0.529325;0.216638
524;-1.988887;14.78951;-2.649282;-0.320561;0.584095;2.962033;-0.722626;-0.421815;0.212936
525;-2.516259;10.192881;-2.757797;-0.007739;0.550997;3.093726;-0.76451;-0.304205;0.201052
526;-1.780532;8.266463;-2.391629;0.492199;0.588471;3.127099;-0.793282;-0.187185;0.191347
527;-1.055169;4.131505;-1.87573;0.695621;0.750318;3.195944;-0.809882;-0.060342;0.166937
528;-0.051125;0.65364;-1.331058;0.508799;0.813189;2.874402;-0.811607;0.052979;0.14652
529;1.927517;-1.469477;-0.591089;0.230691;0.819601;2.407205;-0.805946;0.146937;0.133002
530;3.645171;-3.50244;0.363894;0.095733;0.795853;2.113592;-0.791171;0.226318;0.110608
531;5.689598;-5.981229;0.975188;-0.297197;0.740798;1.755933;-0.77142;0.28912;0.091145
532;7.122838;-8.447804;1.611777;-0.052017;0.558375;1.330322;-0.747065;0.336259;0.070332
533;8.34494;-8.038701;2.47441;0.137147;0.430397;0.917244;-0.731752;0.37203;0.056388
534;9.385536;-8.713625;2.403289;0.020375;0.337024;0.544564;-0.723153;0.400714;0.051986
535;9.664556;-7.872102;2.634748;0.041057;0.164763;0.110376;-0.717837;0.409021;0.046915
536;9.737028;-7.121084;1.819325;-0.014758;0.011017;-0.155328;-0.718228;0.407227;0.044713
537;9.375336;-4.599662;1.99715;0.066555;-0.041351;-0.42489;-0.721883;0.390613;0.04235
538;8.982435;-2.852553;1.311536;-0.332721;-0.132769;-0.556368;-0.731275;0.373521;0.045123
539;8.970173;-0.747235;1.078877;-0.117672;-0.195906;-0.75182;-0.741415;0.358653;0.054311
540;8.647814;-0.058948;0.066032;-0.321645;-0.214644;-0.692774;-0.752967;0.335603;0.062402
541;9.642337;0.659151;0.078243;0.086255;-0.221432;-0.812448;-0.761893;0.308935;0.070899
542;9.16221;-0.371791;-0.558937;-0.010184;-0.247425;-0.70039;-0.769811;0.278455;0.077678
543;8.406601;-0.958744;-0.493861;0.070504;-0.255032;-0.955696;-0.781054;0.250283;0.083756
544;7.541853;-0.429871;0.547746;0.130362;-0.35173;-1.12943;-0.789768;0.220992;0.091044
545;5.642727;-0.596214;-0.370679;-0.21505;-0.437109;-1.56112;-0.799512;0.173918;0.103919
546;6.657276;3.010608;-0.152972;-0.233072;-0.425826;-1.844599;-0.808928;0.111837;0.117329
547;5.78053;3.330968;-0.687362;-0.194244;-0.448239;-1.58736;-0.814946;0.04231;0.130105
548;5.126073;3.397354;-1.154558;-0.03078;-0.505597;-1.756594;-0.814079;-0.017767;0.14405
549;5.231964;3.913876;-0.829516;0.165253;-0.503894;-1.876681;-0.808876;-0.078795;0.157214
550;3.595382;4.358639;-1.301699;0.035289;-0.574772;-2.053638;-0.799374;-0.146458;0.17376
551;2.759725;7.263889;-1.662259;-0.226316;-0.592932;-2.340279;-0.781097;-0.229594;0.19022
552;3.42703;9.682184;-1.850418;-0.706132;-0.44335;-2.206464;-0.752118;-0.32213;0.197005
553;2.276338;9.098295;-1.758468;-0.530948;-0.383762;-1.984999;-0.723129;-0.401678;0.194348
554;0.595493;9.838363;-1.870875;-5.5e-05;-0.430314;-2.079067;-0.690162;-0.474117;0.197159
555;2.276685;12.565221;-1.579211;-0.0136;-0.389938;-1.849177;-0.648712;-0.547373;0.202517
556;0.728928;12.449276;-2.837911;-0.185804;-0.523451;-1.465081;-0.612374;-0.60743;0.202349
557;1.759576;13.128466;-2.430175;-0.458323;-0.281419;-1.431704;-0.56995;-0.665589;0.193475
558;0.503872;12.198639;-2.706926;-0.969499;-0.242771;-1.249419;-0.529782;-0.72289;0.163334
559;0.686312;11.720156;-1.999733;-0.769204;-0.142682;-1.179333;-0.491271;-0.776587;0.128014
560;-0.206651;7.714263;-0.86097;-0.587285;-0.132744;-1.136453;-0.449851;-0.822576;0.091105
561;1.856894;15.413209;-1.42209;-0.124151;-0.466617;-1.951088;-0.389253;-0.875204;0.057074
562;-1.929523;37.917786;-5.45351;1.625796;-0.157025;0.725066;-0.353894;-0.895545;0.060289
563;0.65228;10.566182;-2.410461;-0.042595;0.656356;1.431923;-0.416234;-0.861133;0.071837
564;-0.249483;4.040658;0.711754;-1.38825;-0.027109;0.010108;-0.434577;-0.849669;0.056859
565;0.787167;-0.33031;-1.540045;-1.048834;0.052939;-0.448595;-0.425247;-0.853871;0.012172
566;1.308225;10.070898;-0.296869;-0.462378;-0.06115;-0.143198;-0.411696;-0.865535;-0.013045
567;0.281458;17.367783;0.280084;-0.001333;0.217608;0.375298;-0.428612;-0.858815;-0.039616
568;1.203066;10.577944;0.974226;-0.003942;0.146784;0.502257;-0.450429;-0.847426;-0.040574
569;0.850777;6.699289;0.700075;0.17294;-0.151756;-0.153014;-0.444742;-0.852034;-0.024228
570;1.252699;7.91349;0.128957;0.288677;-0.139427;-0.317914;-0.435685;-0.856319;-0.016273
571;1.123185;11.56492;-1.109413;0.379725;-0.030199;-0.052799;-0.430366;-0.862002;-0.004195
572;1.103992;10.719645;-0.921034;0.230996;0.017129;0.061681;-0.438229;-0.852085;0.004903
573;1.213225;8.797561;-0.380493;0.08448;-0.013455;-0.033271;-0.439619;-0.85266;0.012
574;1.121529;9.836432;-0.583378;0.095379;-0.022783;-0.053261;-0.431666;-0.858118;0.014695
575;1.174161;10.035347;-0.402589;0.142365;0.026428;0.03051;-0.432904;-0.857707;0.019592
576;1.127213;9.480473;-0.518489;0.215739;-0.017865;-0.023943;-0.432777;-0.858368;0.024413
577;1.129039;9.792331;-0.68808;0.249257;-0.04;-0.052068;-0.433419;-0.8556;0.030279
578;1.085385;9.919441;-0.889068;0.221987;-0.012101;0.016168;-0.434567;-0.855831;0.039308
579;1.091311;9.556517;-0.936157;0.185887;0.004166;0.008741;-0.432187;-0.856879;0.047796
580;1.115098;9.771935;-1.121134;0.120718;-0.013699;-0.019538;-0.431979;-0.85579;0.051646
581;1.086034;9.905775;-1.180182;0.008496;0.023302;0.010245;-0.432681;-0.855974;0.053819
582;1.114256;9.60141;-1.0924;-0.036831;0.016487;0.012032;-0.436118;-0.853743;0.051053
583;0.686459;10.354976;-1.538483;-0.292204;-0.06379;-0.081935;-0.435169;-0.854741;0.048349
584;0.398623;12.212733;-2.312129;-0.843537;-0.273807;-0.389112;-0.4248;-0.860197;0.035194
585;0.279375;15.797747;-1.774819;-0.806035;-0.04407;-0.225774;-0.411772;-0.863452;0.013195
586;1.766103;18.701591;-0.879032;0.35659;0.351096;0.274143;-0.416513;-0.855277;0.016794
587;0.613661;20.978121;-0.872967;1.359589;0.387404;1.362401;-0.447661;-0.824513;0.068523
588;-0.137967;19.855946;-0.378526;0.745693;0.41523;2.300691;-0.517083;-0.755265;0.114314
589;-1.291686;16.916162;-0.361618;1.069446;0.398082;2.428676;-0.584491;-0.67038;0.159934
590;-1.637256;14.806229;-0.109316;0.444809;0.404747;2.617393;-0.645924;-0.567103;0.185313
591;-1.019766;12.676447;-0.536374;-0.055562;0.381833;2.728054;-0.698162;-0.465584;0.188666
592;-1.041907;10.546604;-1.520494;0.018868;0.33207;2.897903;-0.751113;-0.347074;0.177019
593;-0.94079;7.895337;-2.059331;0.341356;0.322425;2.896472;-0.782887;-0.239573;0.177161
594;0.697094;6.013694;-1.730805;0.677632;0.392204;2.896741;-0.799573;-0.141325;0.180313
595;1.979917;2.891514;-1.756305;0.797414;0.513596;2.766907;-0.80994;-0.032416;0.174292
596;3.213397;0.671649;-1.268873;0.498678;0.563191;2.320389;-0.808096;0.062105;0.161029
597;4.603231;0.124609;-0.664905;-0.058937;0.624432;2.072352;-0.798963;0.147854;0.140699
598;5.569382;-3.589335;-0.301151;-0.216721;0.647129;1.924284;-0.786888;0.216042;0.126114
599;6.393815;-5.407316;0.566371;0.093656;0.478722;1.514171;-0.773632;0.268999;0.115123
600;7.833659;-6.296595;1.422212;0.430325;0.372036;1.16411;-0.757282;0.31095;0.102825
601;8.497413;-7.578388;1.93381;0.279903;0.23917;0.766888;-0.745119;0.345827;0.088761
602;9.960145;-5.809715;1.39673;-0.050267;0.140742;0.296464;-0.737395;0.359635;0.085396
603;9.920274;-6.549138;1.093126;0.192957;0.097261;0.121846;-0.73383;0.367682;0.080806
604;9.539815;-5.004701;1.040586;0.084047;0.004539;-0.1752;-0.734554;0.368106;0.080087
605;9.2946;-3.430175;0.601226;-0.064867;-0.05814;-0.383052;-0.737772;0.35936;0.080984
606;9.301698;-1.96977;0.401831;-0.232538;-0.057761;-0.5857;-0.745971;0.343002;0.085586
607;9.291757;-0.917214;0.319053;-0.071691;-0.1489;-0.616978;-0.753917;0.318966;0.089567
608;8.937375;-0.13662;0.38114;-0.131353;-0.199968;-0.714431;-0.763297;0.295571;0.09486
609;8.923421;-0.208524;-0.141796;-0.279178;-0.180208;-0.851532;-0.771828;0.27328;0.103204
610;8.043426;-0.467101;-0.418795;0.10066;-0.236172;-1.002265;-0.78017;0.241752;0.109699
611;8.285306;0.095421;-0.756569;0.100264;-0.274284;-1.178993;-0.790465;0.204561;0.115331
612;7.171644;0.868915;-1.103252;0.222251;-0.312008;-1.373012;-0.798699;0.157736;0.123316
613;7.818846;2.624355;-0.392932;0.073946;-0.322742;-1.48338;-0.806848;0.106628;0.13271
614;6.357435;2.510081;-0.38237;0.024735;-0.378032;-1.459646;-0.811349;0.058419;0.141404
615;5.433564;2.42239;-0.68844;-0.161067;-0.428515;-1.699637;-0.810291;0.002358;0.153953
616;5.393313;3.194883;-1.086687;-0.240821;-0.43441;-1.917674;-0.807364;-0.065629;0.165289
617;3.741224;3.587312;-1.410081;-0.37543;-0.480279;-2.036378;-0.796876;-0.144315;0.177006
618;2.712973;5.152676;-1.691267;-0.625538;-0.424033;-2.379926;-0.779505;-0.227994;0.184361
619;3.228876;8.749942;-1.790822;-1.273677;-0.276489;-2.28917;-0.7559;-0.311772;0.183168
620;2.530458;9.053275;-2.12995;-1.335367;-0.06974;-1.9774;-0.727406;-0.39584;0.161278
621;1.798128;9.438526;-0.640533;-0.602224;0.013615;-1.803504;-0.697487;-0.470408;0.14075
622;1.562824;10.754827;0.485591;-0.076696;-0.05021;-1.762339;-0.661065;-0.54594;0.124064
623;0.914593;10.524969;-0.028258;0.037287;-0.113172;-1.554064;-0.626382;-0.609483;0.116019
624;-0.616858;11.176107;-0.438602;0.151207;-0.102545;-1.466545;-0.590844;-0.667816;0.11127
625;0.334228;9.298188;0.339942;0.218392;-0.114452;-1.547515;-0.546778;-0.731161;0.102225
626;-2.445634;7.234513;-0.537801;-0.348486;-0.349449;-1.792054;-0.490813;-0.800123;0.080501
627;-4.638756;9.96517;-0.835168;-0.721516;-0.714419;-2.738683;-0.388286;-0.887074;0.039328
628;-5.911784;62.599789;-10.711002;2.656672;-0.461045;-0.163879;-0.30883;-0.929845;0.100563
629;-1.027699;12.773355;-6.259408;-1.196293;0.89977;1.852272;-0.373341;-0.900455;0.107249
630;0.632179;2.907075;0.778229;0.646949;-0.364039;0.201342;-0.413074;-0.872186;0.106825
631;-0.310596;-0.866593;1.380837;-0.88518;-0.037819;-0.339508;-0.422214;-0.862357;0.090028
632;0.867566;-1.404719;0.169913;-0.383014;-0.128221;-0.544474;-0.451783;-0.838981;0.085235
633;0.519392;6.759905;-0.831821;0.095588;-0.456604;-0.867787;-0.416294;-0.865677;0.073105
634;1.661592;24.53895;-2.200007;0.413529;0.08788;0.198889;-0.36692;-0.903482;0.059413
635;-0.12598;11.256094;-2.911852;0.236337;0.459286;1.195966;-0.400619;-0.886819;0.078974
636;1.146447;7.543495;0.222756;0.341042;0.063373;0.220249;-0.422462;-0.871115;0.090219
637;0.588469;5.80906;-0.359891;0.303602;-0.359341;-0.445684;-0.440714;-0.858384;0.117027
638;1.09828;9.121715;-1.54338;0.586637;-0.328239;-0.520087;-0.417952;-0.86594;0.137928
639;0.885824;12.455985;-2.978462;0.66421;0.03323;0.053065;-0.393216;-0.878313;0.149732
640;0.745591;9.735856;-2.482314;0.673153;0.224987;0.33488;-0.403498;-0.869987;0.169605
641;1.035996;8.176436;-2.206684;0.473966;0.005722;0.036405;-0.412932;-0.861615;0.18745
642;0.969308;9.616572;-2.750037;0.322944;-0.152519;-0.216626;-0.417412;-0.857287;0.210747
643;0.838936;10.197447;-3.224837;0.191554;-0.036464;-0.034914;-0.409957;-0.85667;0.219564
644;0.907559;9.113475;-2.813475;0.106547;0.048491;0.037546;-0.403123;-0.858327;0.219438
645;0.914664;9.068725;-2.754014;0.030574;0.031375;-0.01173;-0.404145;-0.858353;0.220772
646;0.910878;9.780789;-2.93597;-0.043782;0.020362;-0.000823;-0.403907;-0.858735;0.220097
647;0.893946;9.424597;-2.766781;-0.075453;0.041454;0.017274;-0.410822;-0.854784;0.218828
648;0.922137;9.186382;-2.544247;-0.061851;0.021226;-0.019099;-0.412553;-0.856578;0.217122
649;0.923531;9.438703;-2.647068;-0.010266;0.013694;-0.018078;-0.406171;-0.859071;0.213685
650;0.908912;9.453995;-2.736627;0.022226;0.010196;0.008425;-0.407405;-0.858792;0.213633
651;0.952534;9.275346;-2.618061;-0.002088;0.035424;0.002813;-0.406758;-0.85878;0.212972
652;0.953379;9.438521;-2.661767;0.006948;0.019933;-0.011695;-0.408735;-0.857936;0.216873
653;0.945604;9.379221;-2.639825;0.043127;0.015271;-0.006156;-0.409833;-0.856995;0.216822
654;0.915794;9.335332;-2.722422;0.045016;0.026858;-0.008034;-0.406427;-0.857951;0.216553
655;0.886663;9.454352;-2.781568;0.019603;0.016285;-0.006199;-0.407051;-0.859367;0.220113
656;0.908675;9.409482;-2.721994;0.003279;0.020119;0.002884;-0.406536;-0.857898;0.219573
657;0.908453;9.372349;-2.69985;-0.003889;0.024467;-0.011737;-0.407999;-0.857042;0.217858
658;0.938554;9.42406;-2.721673;0.012329;0.010053;-0.008913;-0.407989;-0.857974;0.218003
659;0.953137;9.364579;-2.699562;0.010628;0.031571;-0.00992;-0.405941;-0.857595;0.217945
660;0.916061;9.394604;-2.722035;0.013316;0.012507;-0.026253;-0.406495;-0.858382;0.217791
661;0.908748;9.4096;-2.751842;-0.00023;0.024326;-0.019939;-0.406299;-0.857883;0.218895
662;0.908544;9.372496;-2.73716;0.001512;0.028193;0.002845;-0.407813;-0.858658;0.218702
663;0.908534;9.394546;-2.692243;-0.009423;0.020284;0.008338;-0.40647;-0.856406;0.218327
664;0.916128;9.409422;-2.721938;0.01141;0.006456;-0.009813;-0.40616;-0.858946;0.218908
665;0.938316;9.379547;-2.707039;0.006894;0.009185;-0.00983;-0.406845;-0.858938;0.218881
666;0.90856;9.379875;-2.72965;0.001444;0.019302;0.008356;-0.406763;-0.857852;0.217914
667;0.893695;9.409484;-2.692258;-0.003976;0.013817;-0.003484;-0.407868;-0.857703;0.217731
668;0.938213;9.36467;-2.692212;-0.009368;0.022838;-0.002615;-0.40712;-0.85867;0.218868
669;0.93842;9.394423;-2.721866;-0.001281;0.008412;-0.004365;-0.407317;-0.85877;0.217761
670;0.908553;9.394575;-2.699705;0.010633;0.035193;-0.006291;-0.407928;-0.857407;0.216626
671;0.893702;9.394784;-2.722203;-0.006626;0.019997;-0.011723;-0.406225;-0.856925;0.217791
672;0.938517;9.424001;-2.706748;-0.018333;0.035354;-0.009975;-0.406332;-0.859257;0.215742
673;0.923233;9.364672;-2.662476;-0.005763;0.028335;0.00831;-0.407298;-0.85964;0.215568
674;0.938236;9.394129;-2.647246;0.014114;0.015587;0.002922;-0.407818;-0.858986;0.216092
675;0.923471;9.409184;-2.67711;0.014196;0.022606;-0.008053;-0.407506;-0.859141;0.216793
676;0.923514;9.394544;-2.721978;0.007866;0.026271;-0.004431;-0.407457;-0.857442;0.217745
677;0.93828;9.379488;-2.692115;-0.002123;0.023697;-0.001696;-0.4061;-0.858246;0.217531
678;0.931034;9.409302;-2.721825;-0.000309;0.020033;-0.006238;-0.408059;-0.856879;0.216755
679;0.915847;9.37955;-2.662436;0.021409;0.026305;0.004707;-0.408018;-0.858225;0.217454
680;0.908608;9.394664;-2.722091;0.005073;0.011049;-0.004371;-0.406412;-0.857959;0.216829
681;0.93096;9.409184;-2.691978;0.001456;0.022903;0.008344;-0.406433;-0.858478;0.216419
682;0.923367;9.394308;-2.662282;0.015892;0.002926;-0.004318;-0.407219;-0.857957;0.217071
683;0.93848;9.423942;-2.691824;0.018634;0.022879;0.015665;-0.407047;-0.857049;0.217759
684;0.908752;9.40225;-2.766814;-0.002083;0.031773;0.001001;-0.40687;-0.857732;0.218458
685;0.908471;9.372377;-2.707312;-0.014785;0.031933;0.005544;-0.406451;-0.857409;0.216136
686;0.930853;9.401657;-2.662178;-0.008471;0.019207;-0.006245;-0.406444;-0.85728;0.216273
687;0.923303;9.37214;-2.677352;0.001478;0.011891;-0.011674;-0.409101;-0.857092;0.215202
688;0.938328;9.394277;-2.684556;0.014264;0.020558;-0.028107;-0.408124;-0.858172;0.215524
689;0.923514;9.394544;-2.721978;0.023167;0.017365;0.008396;-0.406975;-0.85821;0.216533
690;0.938487;9.409242;-2.721769;0.010463;0.004781;-0.001597;-0.406961;-0.85782;0.216806
691;0.908712;9.409541;-2.736918;-0.002124;0.017324;-0.008056;-0.407321;-0.85678;0.217746
692;0.894681;9.587596;-2.765716;-0.020201;0.045581;0.019161;-0.40769;-0.858055;0.215953
693;0.924688;9.602381;-2.817628;-0.039283;0.040471;0.030103;-0.408018;-0.857893;0.214977
694;0.997454;9.275311;-2.699806;-0.07114;0.038505;0.066547;-0.410693;-0.85637;0.213621
695;1.026142;9.118802;-2.528973;-0.11613;0.056063;0.00987;-0.41116;-0.857198;0.210034
696;0.983526;9.593281;-2.511286;-0.068998;0.048274;-0.013733;-0.412505;-0.857061;0.205443
697;0.975632;9.511724;-2.482027;0.012363;0.049096;0.024675;-0.414447;-0.856763;0.20495
698;0.982274;9.311768;-2.520588;0.041292;0.030848;0.016579;-0.415183;-0.855207;0.206559
699;0.968601;9.512463;-2.653709;0.053919;0.004507;-0.001529;-0.414886;-0.855354;0.206984
700;0.866287;9.825486;-2.906168;-0.043831;-0.016854;-0.037144;-0.41456;-0.854853;0.207956
701;0.855643;10.523855;-3.356909;-0.188928;-0.035182;-0.000774;-0.414666;-0.854535;0.206025
702;1.036323;10.915152;-3.367919;-0.502812;0.040555;-0.001498;-0.416758;-0.85555;0.195226
703;0.975784;11.230442;-2.41115;-0.706055;0.061337;0.09301;-0.417368;-0.856103;0.176509
704;0.768769;12.014469;-1.646464;-0.727162;0.120574;0.214957;-0.424835;-0.851674;0.157619
705;1.311394;11.948925;-1.165187;-0.536357;0.070933;0.202726;-0.437424;-0.840668;0.137788
706;0.740487;12.370225;-1.614516;0.201597;0.115341;0.311102;-0.449618;-0.823439;0.142947
707;0.966428;12.901785;-1.586959;0.163219;0.068742;0.564822;-0.471966;-0.795621;0.152847
708;1.156214;11.687534;-2.197864;0.272321;0.110758;0.767216;-0.496546;-0.765111;0.167036
709;1.388992;10.426019;-2.189378;0.408363;0.197627;0.834497;-0.521643;-0.729708;0.186943
710;1.514819;8.675699;-2.02071;0.241826;0.182143;0.79417;-0.545931;-0.693179;0.199176
711;1.922291;7.97707;-2.305732;0.118089;0.189317;0.726495;-0.567223;-0.660449;0.208531
712;2.329923;7.492004;-2.261021;0.093015;0.170376;0.626249;-0.589568;-0.628058;0.211112
713;2.67127;7.17053;-2.260077;0.15253;0.18424;0.47214;-0.60322;-0.604162;0.214269
714;3.3445;7.742795;-2.191551;0.188792;0.185718;0.451294;-0.612418;-0.58576;0.219266
715;3.882035;7.982676;-2.111291;0.127584;0.190698;0.584402;-0.625156;-0.564347;0.222174
716;4.154823;7.482867;-1.813979;0.211529;0.22659;0.693819;-0.640199;-0.539538;0.223041
717;4.377614;5.849571;-1.457257;0.302276;0.22173;0.637399;-0.655684;-0.51544;0.225819
718;3.594104;5.545434;-1.651735;0.045262;0.142687;0.504146;-0.668657;-0.497423;0.226818
719;3.84158;5.781317;-1.812943;-0.086012;0.157806;0.284171;-0.678759;-0.481491;0.22544
720;4.163671;7.764592;-1.842377;0.008394;0.104391;0.142354;-0.683111;-0.478011;0.220978
721;4.629243;8.428449;-2.02855;0.051085;0.100976;0.10145;-0.685633;-0.473582;0.22002
722;4.901808;9.418743;-1.930495;-0.024261;0.097522;0.130607;-0.685508;-0.474173;0.21728
723;4.634858;9.629036;-2.102785;0.008201;0.108686;0.188035;-0.691777;-0.46915;0.215342
724;4.697319;8.738439;-1.861846;0.0228;0.120078;0.172485;-0.696808;-0.462419;0.213579
725;4.525944;8.806087;-1.758234;0.097602;0.066045;0.194695;-0.700452;-0.454056;0.214747
726;4.627395;8.043002;-1.986296;0.091266;0.047021;0.180156;-0.703454;-0.44621;0.21512
727;4.685669;7.775561;-1.927895;0.042603;0.059331;0.133525;-0.706745;-0.442063;0.215095
728;4.951982;7.306808;-1.973698;-0.013475;0.037675;0.088864;-0.708483;-0.437227;0.213478
729;4.935408;6.929127;-1.991204;0.026416;0.029971;0.070698;-0.70933;-0.433429;0.215616
730;4.904778;6.707391;-2.067502;0.048369;0.029107;0.017824;-0.711146;-0.431536;0.214979
731;4.888652;6.396627;-2.144268;0.045054;0.013542;-0.076973;-0.711403;-0.432735;0.215253
732;4.785491;6.671513;-2.120876;0.07794;0.028737;-0.131714;-0.708083;-0.439811;0.215712
733;4.572034;7.332186;-1.998801;0.059235;0.00952;-0.242916;-0.704437;-0.446785;0.217147
734;4.600508;8.606949;-2.139542;-0.037487;-0.010483;-0.319528;-0.701176;-0.455091;0.218987
735;4.688752;9.925597;-2.257157;-0.091943;-0.015205;-0.301295;-0.695498;-0.46731;0.217379
736;4.775655;10.955235;-2.361737;-0.100528;0.011807;-0.159114;-0.690459;-0.476628;0.216687
737;4.595749;10.682866;-2.446958;0.033583;-0.000953;0.043556;-0.690503;-0.48025;0.213275
738;4.654713;10.556285;-2.410022;0.166317;0.004896;0.151329;-0.692373;-0.475814;0.216742
739;4.70451;9.993044;-2.480469;0.125291;0.02802;0.256949;-0.696187;-0.466572;0.219821
740;4.676827;8.837238;-2.443421;0.067357;0.068494;0.309552;-0.700919;-0.454888;0.221196
741;4.626121;7.526083;-2.422482;0.08187;0.05652;0.296809;-0.705296;-0.441722;0.221612
742;4.756341;6.672816;-2.389732;0.115629;0.049108;0.225739;-0.711023;-0.430804;0.222265
743;4.769048;6.249909;-2.272989;0.046369;0.05349;0.108882;-0.714345;-0.423794;0.22428
744;4.948843;6.441191;-2.292768;-0.110819;0.056956;0.010182;-0.715312;-0.422917;0.221623
745;4.876185;6.856697;-2.290617;-0.045331;0.026348;-0.104501;-0.714879;-0.425119;0.219457
746;5.127384;8.091493;-2.146361;-0.018102;0.027723;-0.133586;-0.711192;-0.429262;0.219223
747;5.137672;8.691771;-2.194615;-0.021994;0.026811;-0.067905;-0.711925;-0.435195;0.218137
748;4.870108;8.7981;-2.307888;0.008691;0.028755;-0.03233;-0.709777;-0.438643;0.217286
749;4.86957;8.767816;-2.143918;0.017819;0.0503;-0.027847;-0.711426;-0.436767;0.217206
750;4.87042;8.960421;-2.135196;0.005763;0.01304;-0.004897;-0.710848;-0.436655;0.217778
751;4.870048;8.768582;-2.337929;-0.035123;0.022931;0.049712;-0.710417;-0.438923;0.218087
752;4.988144;8.508336;-2.346189;0.046208;0.019322;0.090881;-0.711704;-0.435039;0.217182
753;4.926834;8.130985;-2.35657;0.071612;0.037226;0.105412;-0.713131;-0.430689;0.218743
754;4.961219;7.589118;-2.180737;0.056337;0.011415;0.038918;-0.716238;-0.427097;0.219554
755;5.000216;7.944657;-2.230365;-0.062305;0.008619;0.035134;-0.715021;-0.426308;0.219322
756;4.97135;7.968482;-2.573696;-0.060347;0.030039;0.035946;-0.716391;-0.423244;0.219383
757;5.12085;8.173937;-2.369744;0.07538;0.005746;0.025318;-0.717419;-0.422802;0.218101
758;5.174892;8.588423;-2.366638;0.089752;0.02152;0.072712;-0.717684;-0.42075;0.220825
759;5.077792;8.485889;-2.472514;0.08242;0.029165;0.110045;-0.718613;-0.417573;0.221452
760;4.927867;8.368015;-2.340096;-0.003446;0.039204;0.07795;-0.719765;-0.413359;0.223025
761;5.114379;8.440368;-2.278512;-0.044071;0.029958;0.028709;-0.721302;-0.412995;0.219936
762;5.137196;8.485055;-2.382521;-0.060673;0.02745;0.105305;-0.723034;-0.408494;0.220934
763;5.196389;8.380908;-2.397674;0.022646;0.032337;0.111784;-0.723848;-0.405308;0.221153
764;5.240689;8.328389;-2.323057;0.004462;0.041815;0.139995;-0.725282;-0.40049;0.220098
765;5.328758;7.935639;-2.489114;0.0116;0.038532;0.170106;-0.727262;-0.393613;0.221618
766;5.28136;7.438886;-2.313608;0.075954;0.047;0.165581;-0.729506;-0.387466;0.220796
767;5.203385;6.764616;-2.154413;-0.013586;0.010785;0.088983;-0.732083;-0.382414;0.221343
768;5.230056;6.067927;-2.158741;-0.045766;0.025128;0.003131;-0.734051;-0.380778;0.220427
769;5.226855;5.503778;-1.89379;-0.060065;0.001789;-0.080703;-0.732707;-0.38237;0.219943
770;5.04696;5.16523;-2.106301;-0.188256;-0.005929;-0.184845;-0.731398;-0.388716;0.218667
771;4.89628;4.928457;-1.885114;-0.163934;0.005847;-0.372748;-0.726127;-0.401925;0.214575
772;4.772446;5.662263;-1.702185;-0.262174;-0.02975;-0.549639;-0.718488;-0.422867;0.211048
773;4.542569;5.849881;-1.83703;-0.235487;-0.055072;-0.686311;-0.708928;-0.45112;0.207375
774;4.29006;6.316743;-1.343396;-0.115527;-0.062912;-0.819262;-0.695475;-0.477589;0.204945
775;3.55775;5.885583;-1.37414;-0.173122;-0.091123;-0.937864;-0.679437;-0.512161;0.201991
776;2.781985;5.5083;-1.822753;-0.103441;-0.141868;-1.198479;-0.658683;-0.554965;0.197498
777;2.127629;6.325094;-0.94185;0.031191;-0.191559;-1.44251;-0.626144;-0.60837;0.198092
778;1.46663;8.464534;-0.992648;-0.504433;-0.256156;-1.661838;-0.583638;-0.669487;0.190618
779;1.15048;10.788326;-1.517221;-0.806475;-0.205412;-1.704389;-0.534749;-0.734153;0.169678
780;1.213753;11.58073;-1.541438;-0.591733;-0.13229;-1.409809;-0.480563;-0.794611;0.138198
781;0.000867;10.257658;-1.768185;-0.472615;-0.093468;-1.2212;-0.430922;-0.845266;0.108938
782;0.316861;16.283255;-0.965447;0.234111;-0.325432;-1.210787;-0.368525;-0.897859;0.082815
783;-1.461502;29.093861;-2.86568;0.483719;0.081138;0.330159;-0.348087;-0.916058;0.095864
784;-0.392001;9.999487;-3.130986;-0.031556;0.381696;0.603072;-0.373759;-0.903561;0.104505
785;0.852042;5.137311;0.339198;0.361091;-0.128532;-0.045302;-0.383193;-0.892867;0.114909
786;0.56909;5.007618;-0.014521;0.175666;-0.159533;-0.59539;-0.370514;-0.89616;0.124102
787;1.544377;8.748605;-1.781218;0.537279;-0.218712;-0.256123;-0.369867;-0.891915;0.143618
788;0.575286;12.933246;-3.119497;0.481411;0.020655;0.238896;-0.368962;-0.892301;0.15768
789;0.366062;11.340627;-2.803098;0.44602;0.250837;0.558813;-0.366561;-0.896872;0.168944
790;0.730262;8.208062;-2.0894;0.095235;0.104661;0.210538;-0.383015;-0.888337;0.173447
791;0.68428;9.321726;-2.560095;-0.088995;-0.117236;-0.202781;-0.379785;-0.888609;0.172478
792;0.733883;10.388384;-2.582632;-0.177635;-0.005824;-0.093904;-0.392999;-0.883398;0.171086
793;0.883924;9.332266;-1.886903;-0.139712;0.096329;0.051624;-0.393622;-0.882292;0.164729
794;0.769623;8.858398;-1.741605;0.019493;0.076668;0.073791;-0.382173;-0.890009;0.161258
795;0.75248;9.845219;-2.048735;0.108144;0.02442;0.034943;-0.383186;-0.890436;0.162732
796;0.819567;9.822629;-2.093148;0.128084;-0.008575;-0.011394;-0.384584;-0.889613;0.167207
797;0.817074;9.237552;-2.15667;0.122823;-0.018193;-0.062452;-0.394967;-0.882624;0.172651
798;0.834813;9.720081;-2.422041;0.086627;0.011154;-0.027049;-0.39313;-0.880883;0.176286
799;0.849713;9.734661;-2.391984;0.076593;0.064328;0.05935;-0.383953;-0.885953;0.178891
800;0.8486;9.512213;-2.348665;0.040447;0.086198;0.067408;-0.38731;-0.883299;0.180111
801;0.849352;9.638462;-2.422462;0.006694;0.034399;0.064851;-0.391196;-0.882504;0.1816
802;0.924229;9.76346;-2.331533;-0.032913;0.053914;0.023688;-0.399901;-0.877866;0.180117
803;0.96736;9.451626;-2.25861;-0.056612;0.031816;0.033778;-0.401014;-0.876719;0.177315
804;0.83352;9.570897;-2.169302;-0.092805;0.020082;0.008236;-0.396828;-0.878855;0.176261
805;1.04613;10.237504;-2.536471;-0.253702;0.054889;-0.020371;-0.398316;-0.878381;0.169049
806;1.135557;10.339743;-2.341108;-0.302889;0.048869;0.03706;-0.399317;-0.877618;0.160755
807;1.012994;9.864636;-1.867538;-0.305193;0.040445;0.142868;-0.407937;-0.87461;0.150765
808;0.940369;10.287552;-1.865338;-0.586011;0.005288;0.114371;-0.415612;-0.870743;0.138056
809;1.210685;10.884399;-1.575839;-0.529708;0.036228;0.098864;-0.419767;-0.86941;0.119596
810;0.792101;10.650437;-1.520836;-0.271106;0.012925;0.1777;-0.425005;-0.863237;0.109031
811;0.991089;11.731125;-1.646621;0.06297;0.050986;0.247354;-0.435575;-0.85284;0.111143
812;1.009264;12.265842;-1.993735;0.253611;0.074852;0.399823;-0.452365;-0.834464;0.119822
813;1.509374;13.981512;-2.165344;0.354545;0.125928;0.582239;-0.473222;-0.811893;0.136831
814;1.521122;13.240785;-2.244695;0.378012;0.186526;0.921244;-0.499581;-0.780836;0.156031
815;1.471057;11.974792;-2.402554;0.385887;0.213904;1.04147;-0.533596;-0.736779;0.173181
816;1.62884;10.808747;-2.028362;0.462025;0.248706;1.064211;-0.566522;-0.689816;0.190352
817;1.891375;9.708721;-1.697719;0.364287;0.258312;1.053092;-0.602217;-0.638697;0.202021
818;2.137084;7.855485;-1.976551;0.239544;0.234877;0.980934;-0.628437;-0.594782;0.211648
819;2.778103;7.960749;-1.79191;0.147476;0.239099;0.894223;-0.647321;-0.554097;0.215269
820;3.305314;7.475254;-1.880617;0.12034;0.238366;0.885104;-0.667001;-0.517855;0.21669
821;3.728417;7.123371;-1.819998;0.064055;0.217399;0.888797;-0.683539;-0.482502;0.215495
822;4.29298;6.770111;-1.698617;0.074283;0.231079;0.830433;-0.699277;-0.449533;0.20885
823;4.617875;6.085897;-1.715527;0.089959;0.211869;0.734788;-0.713649;-0.419759;0.207095
824;4.323674;6.771287;-2.056568;0.086553;0.174699;0.640081;-0.725993;-0.391651;0.207357
825;5.3543;7.376889;-1.77617;0.230288;0.178849;0.455255;-0.733337;-0.369331;0.208825
826;5.504356;7.53175;-1.893423;0.086789;0.142987;0.515421;-0.740688;-0.350121;0.207565
827;5.739436;6.707898;-2.016395;0.141126;0.185525;0.577321;-0.745874;-0.331119;0.20337
828;5.722763;6.388899;-1.884274;0.166395;0.172876;0.581962;-0.753402;-0.307116;0.201518
829;6.242013;5.887937;-1.794046;0.065186;0.200262;0.555296;-0.762721;-0.286004;0.199341
830;6.299251;5.390816;-1.737146;0.050524;0.183646;0.57905;-0.770562;-0.264562;0.194197
831;6.342332;5.108322;-1.58941;0.134137;0.131018;0.431648;-0.776632;-0.246185;0.193819
832;6.432099;5.108133;-1.723052;-0.00872;0.093004;0.325832;-0.779964;-0.235257;0.188245
833;6.624998;4.935987;-1.677935;0.017082;0.080419;0.192786;-0.783765;-0.227346;0.186523
834;6.521742;5.137167;-1.752033;-0.05687;0.051642;0.077893;-0.784351;-0.220163;0.186034
835;6.449698;5.656635;-1.8089;-0.014905;0.009279;-0.056834;-0.785644;-0.22065;0.184886
836;6.603363;6.69258;-1.771148;-0.067027;0.008259;-0.171761;-0.783225;-0.227083;0.186405
837;6.665613;7.225904;-1.856756;-0.130567;0.018309;-0.122623;-0.782959;-0.236292;0.183458
838;6.539798;7.382809;-1.931313;-0.034586;0.017668;-0.117027;-0.780618;-0.241493;0.18359
839;6.541425;7.848811;-1.73425;0.07091;-0.039919;-0.08196;-0.78042;-0.241922;0.184701
840;6.638404;7.730489;-1.988003;-0.006837;-0.006955;-0.066704;-0.779806;-0.244214;0.185842
841;6.534513;7.871806;-1.913249;0.051797;-0.028503;-0.037352;-0.779497;-0.246488;0.186421
842;6.490046;7.806371;-2.137881;-0.027983;-0.031263;-0.011013;-0.778189;-0.246739;0.190324
843;6.579062;7.554894;-2.429872;0.024434;-0.011151;0.052804;-0.778225;-0.24407;0.189753
844;6.592618;7.287813;-2.371808;0.116719;-0.006035;0.082086;-0.779365;-0.24238;0.191483
845;6.710695;7.152575;-2.14046;0.093278;0.022017;0.08377;-0.779528;-0.237926;0.193643
846;6.649875;6.87163;-2.172597;0.015445;0.030614;0.085435;-0.780664;-0.23352;0.193016
847;6.499642;6.620865;-2.160442;-0.002634;0.022419;0.069008;-0.783244;-0.230256;0.190964
848;6.573009;6.427158;-2.041749;0.026485;0.020835;0.028019;-0.782625;-0.228309;0.192349
849;6.647786;6.44902;-2.100738;-0.006123;0.002873;0.007082;-0.782763;-0.227512;0.192338
850;6.647992;6.441995;-2.197792;-0.044039;0.017337;-0.002154;-0.782451;-0.227799;0.19304
851;6.587738;6.412043;-1.996961;0.014027;0.012891;-0.040361;-0.781146;-0.228709;0.191861
852;6.64957;6.812299;-2.158061;-0.060137;0.011279;-0.065976;-0.77927;-0.230499;0.193599
853;6.739859;6.960054;-2.231038;0.001552;0.037843;-0.058698;-0.780665;-0.233122;0.193013
854;6.807522;7.247315;-1.937626;0.033743;0.006128;-0.0056;-0.780351;-0.234471;0.193722
855;6.666265;7.168108;-2.230243;-0.011704;0.017977;0.063575;-0.781418;-0.233943;0.194226
856;6.620317;6.960543;-2.112544;0.057305;0.058794;0.068045;-0.781156;-0.23182;0.194083
857;6.43927;6.568656;-1.952295;0.127908;0.006434;0.009061;-0.783119;-0.22886;0.193296
858;6.544678;6.812254;-1.934986;0.055653;-0.01832;-0.076639;-0.782192;-0.228524;0.195255
859;6.589268;6.686649;-2.114561;-0.09091;-0.004976;-0.091492;-0.78115;-0.231757;0.196695
860;6.559069;6.568581;-2.175256;-0.07641;0.000367;-0.084208;-0.778902;-0.235718;0.195164
861;6.498001;6.265172;-2.147843;-0.002204;-0.027315;-0.104067;-0.779704;-0.238967;0.197905
862;6.5611;7.035231;-2.142357;0.03036;-0.04932;-0.12852;-0.776875;-0.244608;0.199435
863;6.59944;7.139631;-2.387644;-0.099883;-0.002434;-0.104275;-0.777956;-0.248315;0.199556
864;6.412558;7.081353;-2.291984;-0.050969;-0.000114;-0.107913;-0.774574;-0.252126;0.19892
865;6.504155;7.54749;-2.310645;0.000607;0.010599;-0.085978;-0.77452;-0.25613;0.199776
866;6.505192;7.733041;-2.391516;0.006799;0.009229;-0.048568;-0.774256;-0.258514;0.199529
867;6.415049;7.629651;-2.295861;0.008568;0.025743;-0.017639;-0.774526;-0.260635;0.199534
868;6.354961;7.599964;-2.162188;0.039337;0.011903;-0.033045;-0.774814;-0.261022;0.19925
869;6.45255;7.666549;-2.303246;-0.018675;0.020719;-0.002117;-0.77368;-0.2611;0.19982
870;6.399707;7.526138;-2.289635;-0.011526;0.0219;0.025238;-0.774488;-0.260833;0.200061
871;6.398448;7.303454;-2.18662;0.006489;0.028473;0.057149;-0.774857;-0.258529;0.19838
872;6.531372;7.013539;-2.217347;0.05085;0.033708;0.069046;-0.774292;-0.256026;0.198796
873;6.440072;6.665564;-2.100905;0.062815;0.046642;0.036158;-0.775393;-0.25389;0.198737
874;6.527043;6.219563;-1.916587;-0.013246;0.036208;0.016035;-0.774947;-0.25272;0.199433
875;6.626149;5.195273;-1.668778;0.043868;0.0256;-0.014866;-0.774963;-0.252049;0.199153
876;6.514751;3.52247;-1.881984;0.03403;0.027177;-0.0259;-0.776864;-0.253362;0.199361
877;5.343788;1.591409;-2.089979;0.219503;-0.022143;-0.244495;-0.775686;-0.259777;0.200693
878;5.223483;1.855465;-1.171308;0.142863;-0.069678;-0.654769;-0.771853;-0.276651;0.205231
879;4.702764;2.229027;-0.896722;-0.271692;-0.193675;-1.110827;-0.761914;-0.30642;0.208458
880;4.370718;4.507216;-1.100832;-0.622781;-0.247265;-1.494074;-0.74413;-0.360015;0.206812
881;3.679367;6.418014;-1.354831;-0.828669;-0.226045;-1.616666;-0.718889;-0.424454;0.201145
882;3.404265;8.198609;-1.382649;-0.683647;-0.234884;-1.667472;-0.686852;-0.498748;0.189361
883;3.064512;9.10368;-0.976374;-0.445145;-0.195574;-1.481265;-0.656001;-0.560194;0.17881
884;1.655674;8.791037;-1.496529;-0.420304;-0.193169;-1.311775;-0.625655;-0.613107;0.166802
885;1.307997;9.518881;-1.225789;-0.195614;-0.203398;-1.358852;-0.5918;-0.669679;0.156337
886;0.981703;9.965474;-1.076113;-0.391169;-0.155806;-1.316475;-0.551486;-0.728714;0.141336
887;0.309884;9.851507;-0.873003;-0.387061;-0.153004;-1.436016;-0.50082;-0.791543;0.120454
888;0.468447;8.870601;-0.475214;-0.437296;-0.187062;-1.611045;-0.442054;-0.851086;0.092725
889;3.148229;24.101322;-1.355799;0.690607;-0.657001;-1.727138;-0.366304;-0.911612;0.075443
890;-3.38197;33.765797;-7.439192;1.676231;-0.222317;0.351175;-0.344013;-0.925037;0.11259
891;0.505523;9.433682;-2.404014;-0.310197;0.534011;0.696973;-0.389176;-0.897334;0.125425
892;-0.895467;4.858867;1.219614;-0.055029;-0.184582;-0.011133;-0.394345;-0.883183;0.133913
893;0.478535;1.135628;-0.629911;0.053417;-0.103745;-0.480123;-0.382613;-0.885407;0.133299
894;0.907497;6.397253;-1.719253;0.171659;-0.240017;-0.561271;-0.369344;-0.895153;0.135552
895;2.148085;16.512333;-2.644018;0.226746;-0.072697;0.10973;-0.354481;-0.906283;0.139391
896;0.015024;13.734736;-4.170722;0.245064;0.419719;0.783993;-0.375908;-0.898006;0.145483
897;0.944282;8.578042;-0.533207;-0.103771;0.242694;0.277232;-0.388715;-0.896374;0.138909
898;0.45456;6.999424;-1.308344;-0.112592;-0.147995;-0.25017;-0.386704;-0.895644;0.135685
899;0.7007;10.118416;-1.704085;0.055851;-0.187519;-0.311671;-0.388834;-0.893664;0.136822
900;0.809028;10.734472;-2.19177;0.157055;0.024035;0.030482;-0.38428;-0.895587;0.142518
901;0.732766;8.932907;-1.771249;0.182359;0.118838;0.166852;-0.390452;-0.891541;0.147327
902;0.831058;9.162396;-1.918258;0.146184;0.033272;0.044978;-0.377024;-0.895867;0.155183
903;0.792431;10.327332;-2.254242;0.100995;-0.001359;-0.020573;-0.377567;-0.898846;0.157657
904;0.77411;9.66734;-2.079577;0.072178;0.020178;-0.035315;-0.388294;-0.889896;0.159362
905;0.838207;9.022097;-2.053438;0.046804;0.002216;-0.051702;-0.389038;-0.891517;0.160719
906;0.796808;9.689771;-2.17627;0.05572;0.015365;0.001163;-0.387052;-0.891307;0.162034
907;0.80434;9.719258;-2.153634;0.019556;0.051873;0.031967;-0.378995;-0.895691;0.164176
908;0.788022;9.467029;-2.043463;0.005095;0.039112;0.00646;-0.379804;-0.895025;0.164414
909;0.803829;9.630173;-2.109443;0.008667;0.00189;-0.028026;-0.387898;-0.891618;0.164064
910;0.795901;9.541206;-2.080232;0.021318;0.015563;-0.003447;-0.386787;-0.891107;0.16438
911;0.840248;9.466698;-2.065456;0.015918;0.019139;-0.008027;-0.386726;-0.891668;0.165486
912;0.84834;9.600059;-2.079452;0.052197;0.04422;0.010159;-0.382927;-0.894607;0.164835
913;0.825536;9.525971;-2.035333;0.080217;0.017766;-0.010668;-0.383766;-0.894657;0.167002
914;0.818511;9.55614;-2.154587;0.07832;0.004411;-0.002408;-0.38581;-0.890466;0.169776
915;0.803825;9.556614;-2.244243;0.093754;-0.001287;-0.016958;-0.385948;-0.890663;0.172246
916;0.789355;9.608922;-2.326098;0.037652;0.017195;-0.002524;-0.384884;-0.890727;0.174214
917;0.819194;9.630791;-2.295881;0.010482;0.035617;0.020164;-0.382568;-0.891608;0.176513
918;0.746751;9.936313;-2.585474;-0.083702;0.041772;0.035508;-0.383105;-0.889155;0.174274
919;0.689721;10.419059;-2.754401;-0.273774;0.042754;0.011538;-0.387558;-0.888607;0.17038
920;1.241257;10.708852;-2.211046;-0.346235;0.062407;0.015081;-0.389808;-0.887226;0.159282
921;0.498201;11.159781;-2.310759;-0.304106;-0.010351;0.040925;-0.394692;-0.886131;0.150005
922;0.845245;13.669271;-2.42613;-0.30701;0.04492;0.143849;-0.398128;-0.87926;0.142393
923;2.004037;13.205003;-1.674129;-0.214793;0.160876;0.534837;-0.418595;-0.863434;0.133759
924;0.417652;12.932706;-2.665494;0.28154;0.216723;0.877078;-0.449861;-0.834452;0.143155
925;1.056189;12.710348;-2.072574;0.554467;0.208486;0.989731;-0.48831;-0.794566;0.164144
926;1.350286;11.848264;-2.016252;0.716922;0.252102;1.190404;-0.527068;-0.746575;0.189735
927;1.56947;10.8979;-1.968533;0.481914;0.282685;1.34863;-0.57516;-0.684755;0.212652
928;1.950762;9.421001;-2.131955;0.336033;0.293221;1.392148;-0.614342;-0.626411;0.223304
929;2.480123;7.816269;-2.123451;0.396104;0.290102;1.315638;-0.64441;-0.573633;0.230375
930;3.088896;7.285305;-2.122288;0.470498;0.25094;1.227488;-0.671927;-0.520726;0.236585
931;3.621841;6.495418;-2.071147;0.409411;0.246156;1.091569;-0.694729;-0.471542;0.241361
932;4.128383;6.461493;-2.01529;0.243334;0.250985;0.947278;-0.714284;-0.428867;0.240266
933;4.603491;5.866197;-2.336438;-0.020662;0.249669;0.839329;-0.728193;-0.394152;0.237119
934;5.182713;5.490354;-2.155394;0.18165;0.281725;0.779326;-0.741568;-0.363147;0.233607
935;5.067996;4.920198;-2.018187;0.38629;0.214748;0.701436;-0.751764;-0.331463;0.233243
936;5.609763;4.478151;-1.882632;0.372448;0.205445;0.515455;-0.759775;-0.306957;0.232606
937;5.758281;4.373106;-1.852339;0.208788;0.109143;0.322317;-0.765414;-0.29025;0.230058
938;5.849692;4.802168;-1.86378;0.070532;0.065346;0.183718;-0.767036;-0.279639;0.230741
939;5.658854;5.212996;-2.310296;-0.112;0.015185;0.027718;-0.769804;-0.274161;0.230315
940;6.095454;6.091749;-2.443054;-0.167756;0.008824;-0.088085;-0.769385;-0.277881;0.230359
941;6.045035;6.40391;-2.583191;-0.056649;-0.04114;-0.076773;-0.768703;-0.283321;0.230151
942;6.085025;6.922861;-2.736222;0.008657;-0.063812;-0.131289;-0.765196;-0.291948;0.228979
943;6.057198;7.249925;-2.943251;0.041377;-0.045285;-0.133145;-0.762779;-0.297319;0.23049
944;6.163891;7.782446;-2.916592;-0.052897;-0.048894;-0.120462;-0.762147;-0.298494;0.234511
945;5.984899;7.724851;-2.978023;-0.194134;-0.023424;-0.093426;-0.759742;-0.304587;0.233277
946;6.061123;8.124161;-2.930074;-0.383894;0.038471;-0.126761;-0.75941;-0.309854;0.231679
947;6.022374;7.666046;-3.172141;-0.257376;0.035795;-0.049995;-0.758556;-0.318425;0.22449
948;5.992913;7.784535;-3.096971;-0.01129;0.006594;-0.027643;-0.758239;-0.319973;0.222726
949;6.06131;8.198015;-2.869894;0.080974;0.052743;0.049829;-0.757961;-0.318653;0.222865
950;5.915513;7.383336;-2.667352;0.039487;0.085268;0.048685;-0.760454;-0.316756;0.222339
951;5.922465;7.35305;-2.51825;-0.005786;0.076423;0.030425;-0.761092;-0.313789;0.22078
952;5.94458;7.323057;-2.473503;0.010415;0.052032;0.023258;-0.761736;-0.311084;0.219085
953;5.875525;6.982073;-2.297148;-0.082832;0.064415;0.028537;-0.76341;-0.311582;0.218471
954;5.972397;7.018043;-2.221556;-0.045722;0.032318;-0.01139;-0.761139;-0.312108;0.217466
955;5.920176;6.966895;-2.296908;0.026519;-0.000298;0.003432;-0.762303;-0.311929;0.216181
956;5.94198;6.89227;-2.20768;0.025088;0.019394;-0.071435;-0.761988;-0.313411;0.216892
957;5.882179;6.877756;-2.163454;-0.080012;-0.019818;-0.110631;-0.760268;-0.317311;0.218227
958;5.830711;6.908727;-2.394975;-0.098019;-0.023661;-0.135272;-0.7587;-0.323255;0.216683
959;5.816571;7.086605;-2.379001;-0.049072;-0.031456;-0.157967;-0.757015;-0.328065;0.217336
960;5.878347;7.530902;-2.435342;-0.049105;-0.038642;-0.160653;-0.755418;-0.334488;0.218821
961;5.768631;7.851424;-2.695271;-0.012855;-0.020743;-0.136976;-0.753317;-0.338245;0.21962
962;5.868063;8.40638;-2.705833;0.021373;-0.020378;-0.093128;-0.750477;-0.345482;0.221299
963;5.763494;8.259748;-2.886675;-0.007508;0.026915;-0.049615;-0.749979;-0.346656;0.220365
964;5.749704;8.555875;-2.795306;-0.000413;0.040097;0.001419;-0.75012;-0.348243;0.220234
965;5.79358;8.30408;-2.916008;0.093584;0.053769;0.072617;-0.749837;-0.3456;0.220501
966;5.851321;8.035783;-2.641209;0.124379;0.079945;0.098086;-0.753086;-0.343197;0.221178
967;5.916803;7.782598;-2.455801;0.05207;0.118261;0.106946;-0.75587;-0.336451;0.217993
968;5.666831;6.924895;-2.403575;0.064783;0.065195;0.036005;-0.75641;-0.333534;0.218225
969;5.803628;7.420869;-2.563484;0.05728;0.040608;0.070782;-0.756568;-0.330738;0.217923
970;5.681279;6.879908;-2.299286;-0.015154;0.041951;0.065182;-0.758194;-0.328144;0.215777
971;5.688528;6.761835;-2.43432;-0.000385;0.01633;-0.035012;-0.757755;-0.330415;0.216223
972;5.892743;7.397567;-2.473412;-0.027605;-0.005183;-0.054981;-0.756864;-0.333573;0.214907
973;5.787766;7.257636;-2.475117;0.016016;0.028634;-0.047786;-0.755033;-0.335738;0.215821
974;5.743566;7.413291;-2.399817;0.055777;0.019501;-0.040394;-0.75534;-0.33426;0.215248
975;5.834705;7.753651;-2.464074;-0.016597;0.032527;-0.044178;-0.753982;-0.335595;0.215038
976;5.76651;7.502314;-2.473688;-0.027534;0.023727;-0.035051;-0.755911;-0.337822;0.214702
977;5.773759;7.46515;-2.45895;0.017607;0.007471;-0.020328;-0.753916;-0.338279;0.21616
978;5.744138;7.531894;-2.413966;-0.005748;0.037973;-0.031434;-0.753972;-0.339974;0.21507
979;5.803688;7.531296;-2.383669;-0.025844;0.003145;-0.034041;-0.753451;-0.341424;0.214551
980;5.804919;7.776;-2.434305;-0.017868;-0.002709;0.003393;-0.75292;-0.341224;0.216771
981;5.685342;7.651392;-2.533032;-0.02312;0.004019;-0.029493;-0.752018;-0.342531;0.215717
982;5.77541;7.798792;-2.516466;0.024736;-0.012252;-0.016576;-0.752918;-0.344869;0.214186
983;5.745655;7.754992;-2.621449;0.010288;-0.007716;-0.017534;-0.752424;-0.344782;0.215717
984;5.730117;7.60699;-2.637454;0.00132;0.014845;-0.009442;-0.751586;-0.345197;0.216028
985;5.758501;7.317556;-2.608826;-0.002326;0.012228;-0.009471;-0.751072;-0.343964;0.21552
986;5.621627;6.747905;-2.553869;-0.047476;0.018494;-0.031477;-0.751806;-0.345921;0.214542
987;5.557478;5.858474;-2.351194;-0.02352;0.033363;-0.117265;-0.750399;-0.348605;0.215168
988;5.416506;4.39224;-2.279713;-0.129891;0.027041;-0.243296;-0.749678;-0.357181;0.213059
989;4.962831;3.267396;-1.715868;-0.074719;0.016482;-0.47671;-0.744124;-0.368678;0.214191
990;4.291156;3.241924;-1.407709;-0.384629;-0.086843;-0.797767;-0.734997;-0.39679;0.210087
991;3.661717;3.886164;-1.871405;-0.52649;-0.1319;-1.151642;-0.719477;-0.437882;0.202457
992;3.693492;5.990029;-1.827633;-0.495907;-0.13182;-1.346694;-0.696037;-0.492881;0.196648
993;3.560927;8.153456;-1.523539;-0.469487;-0.108996;-1.379523;-0.668014;-0.546634;0.187166
994;2.723074;9.344061;-1.111722;-0.273471;-0.138077;-1.298911;-0.639173;-0.598141;0.177699
995;2.666266;10.231707;-0.621329;-0.259171;-0.197823;-1.347847;-0.604408;-0.650856;0.171503
996;1.979169;10.249658;-0.021975;-0.402006;-0.220317;-1.220319;-0.569501;-0.703838;0.160366
997;0.501323;9.331314;-0.874934;-0.631248;-0.316716;-1.266014;-0.528247;-0.756246;0.140269
998;0.121258;7.763071;-0.753693;-0.512694;-0.291131;-1.433852;-0.477589;-0.810521;0.116987
999;0.830775;6.813586;-0.053028;-0.595048;-0.279173;-1.689314;-0.418265;-0.863514;0.08717
1000;4.508426;33.701149;-3.37997;1.543725;-0.474757;-1.046025;-0.344533;-0.916422;0.088311
1001;-1.567859;25.869823;-8.014071;1.093078;-0.039131;1.319857;-0.349387;-0.915756;0.124679
1002;2.243787;6.245615;0.177863;-0.157152;0.354837;0.854948;-0.392381;-0.888788;0.119598
1003;-0.305624;3.063795;0.52588;-0.115472;-0.106296;0.05683;-0.408378;-0.873392;0.135204
1004;0.939193;2.52445;-0.512913;-0.034593;-0.219272;-0.605507;-0.405133;-0.876122;0.131917
1005;1.402923;10.549374;-1.561635;0.174384;-0.33625;-0.259712;-0.381621;-0.890936;0.136266
1006;0.152791;16.700987;-3.202672;0.47195;0.162845;0.276652;-0.380199;-0.895352;0.14213
1007;0.504225;9.335978;-2.05393;0.43905;0.359338;0.617584;-0.385759;-0.891082;0.153148
1008;0.85403;7.944892;-1.373789;0.402187;-0.053276;-0.001747;-0.395723;-0.883972;0.168781
1009;0.846386;7.71663;-1.718598;0.436123;-0.280927;-0.394716;-0.403717;-0.875716;0.185447
1010;0.73684;10.7609;-3.10255;0.463247;-0.147843;-0.187267;-0.389319;-0.877543;0.203634
1011;0.755857;10.019818;-3.107225;0.428733;0.051474;0.101819;-0.389656;-0.874797;0.220097
1012;0.786077;8.64746;-2.765191;0.30195;0.047819;0.094333;-0.376968;-0.878625;0.229432
1013;0.826523;9.255409;-2.940026;0.213334;-0.031301;-0.042226;-0.37594;-0.877811;0.238266
1014;0.732974;9.879404;-3.153085;0.18433;-0.021908;-0.020413;-0.3899;-0.868987;0.24589
1015;0.744258;9.189418;-2.948542;0.166274;-0.003737;-0.013236;-0.388879;-0.867572;0.252107
1016;0.744137;9.049473;-3.158398;0.150005;-0.012806;-0.025997;-0.388292;-0.866141;0.257894
1017;0.746349;9.44286;-3.334918;0.108342;0.000273;-0.005126;-0.376893;-0.870853;0.261135
1018;0.760216;9.301318;-3.171563;0.079479;0.032883;0.002904;-0.37758;-0.870912;0.263582
1019;0.744705;9.175426;-3.157574;0.054062;0.015035;-0.004355;-0.385324;-0.864697;0.267213
1020;0.745221;9.293941;-3.149337;0.076717;0.004792;-0.022516;-0.385812;-0.865119;0.268296
1021;0.7376;9.220177;-3.217036;0.110231;0.016399;-0.006109;-0.383702;-0.862983;0.27194
1022;0.730123;9.190777;-3.262058;0.111931;0.005828;0.010351;-0.379677;-0.866035;0.275423
1023;0.760246;9.235168;-3.306314;0.112913;0.011954;-0.000614;-0.377401;-0.866366;0.277028
1024;0.752769;9.20577;-3.351336;0.094865;0.01643;-0.009781;-0.381884;-0.861964;0.282728
1025;0.730482;9.169288;-3.448753;0.083054;0.011185;-0.003396;-0.381434;-0.859935;0.286031
1026;0.730533;9.176695;-3.478109;0.052257;0.016896;0.002891;-0.381595;-0.860512;0.2891
1027;0.730581;9.191483;-3.470551;0.03953;0.006208;0.001097;-0.378898;-0.861051;0.288387
1028;0.730478;9.176606;-3.455723;-0.000175;0.029709;-0.005443;-0.378894;-0.862511;0.288398
1029;0.730508;9.191365;-3.440702;-0.002981;0.011795;-0.006281;-0.381156;-0.859603;0.289661
1030;0.730319;9.16164;-3.41851;0.014213;0.020829;0.008295;-0.381929;-0.860877;0.287989
1031;0.730354;9.169082;-3.396519;0.019677;0.01704;-0.001683;-0.380111;-0.860193;0.29021
1032;0.745367;9.176489;-3.426206;0.043182;0.016105;0.008386;-0.379736;-0.860974;0.289543
1033;0.730382;9.147061;-3.448898;0.042284;0.012446;0.002926;-0.380004;-0.860909;0.292144
