time index;acc_x;acc_y;acc_z;gyr_x;gyr_y;gyr_z;mag_x;mag_y;mag_z
1;-0.697377;-0.356795;9.744756;0.009198;-0.004617;0.013856;0.362958;0.248996;-0.5271
2;-0.692159;-0.398284;9.798077;0.00925;0.007776;0.017475;0.360714;0.247774;-0.526936
3;-0.687293;-0.330579;9.837309;0.017305;0.005965;0.013854;0.361142;0.246699;-0.526624
4;-0.682664;-0.376161;9.737465;0.026239;0.009581;0.022683;0.361199;0.246936;-0.525556
5;-0.741164;-0.424806;9.768485;0.002184;-0.017231;-0.012845;0.362207;0.247106;-0.526572
6;-0.702359;-0.363937;9.717954;0.005754;-0.0083;-0.003922;0.362489;0.247764;-0.526167
7;-0.655467;-0.337835;9.832609;0.024481;0.009513;0.015596;0.361926;0.246979;-0.526853
8;-0.687438;-0.354564;9.78372;0.031792;0.01293;0.003096;0.363226;0.246872;-0.527445
9;-0.755942;-0.349776;9.797907;0.031768;-0.004871;-0.009457;0.36271;0.246594;-0.527202
10;-0.687481;-0.373843;9.759323;0.003113;-0.011913;-0.012809;0.362902;0.246634;-0.528528
11;-0.621349;-0.378727;9.764568;0.006737;0.000514;-0.007428;0.362067;0.246312;-0.526832
12;-0.662897;-0.344976;9.805792;0.004131;0.007527;-0.012705;0.362298;0.246199;-0.527485
13;-0.682564;-0.388369;9.754426;0.013866;0.00409;-0.000365;0.362238;0.247558;-0.528316
14;-0.701863;-0.35006;9.854146;-0.004177;-0.008262;0.001501;0.363519;0.247259;-0.526901
15;-0.677462;-0.415212;9.788366;-0.012247;-0.007309;0.006901;0.362971;0.245802;-0.527439
16;-0.658072;-0.36422;9.774133;0.001415;0.004017;-0.010925;0.360693;0.247652;-0.527336
17;-0.68249;-0.366713;9.788557;0.015644;-0.000367;-0.003956;0.362553;0.247333;-0.525086
18;-0.689839;-0.386039;9.773838;0.012087;0.00763;0.000557;0.361157;0.247356;-0.526235
19;-0.706827;-0.37414;9.819974;0.00654;-0.007343;0.006748;0.362861;0.246984;-0.5268
20;-0.670196;-0.386115;9.788544;0.01395;0.003994;-0.011034;0.362593;0.24778;-0.526696
21;-0.672747;-0.383569;9.764231;0.003106;0.002337;-0.000283;0.36075;0.247224;-0.526389
22;-0.648173;-0.378855;9.791142;0.00207;-0.001087;0.012161;0.361744;0.247268;-0.52767
23;-0.680195;-0.366522;9.749679;-0.005881;-0.010076;-0.006499;0.360931;0.247668;-0.527858
24;-0.687385;-0.373963;9.783632;0.010377;0.007547;-0.009208;0.360961;0.248317;-0.5272
25;-0.691991;-0.417827;9.827158;0.008428;0.013034;0.013062;0.361023;0.246691;-0.526364
26;-0.692082;-0.39838;9.817523;0.008519;-0.001297;-0.009243;0.361225;0.247258;-0.527432
27;-0.709419;-0.37396;9.783497;0.022763;-0.001227;0.000421;0.360814;0.248191;-0.527473
28;-0.621439;-0.373781;9.745144;0.008263;-0.015237;0.01026;0.361235;0.247651;-0.527172
29;-0.594468;-0.332754;9.78439;-0.002177;0.016501;-0.000144;0.361492;0.246595;-0.527538
30;-0.643196;-0.398291;9.798377;0.0229;0.0209;0.003213;0.362003;0.247407;-0.527792
31;-0.755913;-0.395729;9.773389;0.015711;0.010238;-0.002138;0.362558;0.248197;-0.527241
32;-0.679474;-0.403676;9.907517;0.002911;-0.03135;-0.009353;0.360983;0.248306;-0.526798
33;-0.672942;-0.378491;9.718067;0.015817;0.034206;0.006895;0.361222;0.246861;-0.527559
34;-0.638353;-0.364391;9.808285;0.020249;0.018192;-0.003887;0.36138;0.24738;-0.527025
35;-0.71403;-0.352567;9.871077;0.016344;-0.018908;0.000385;0.360839;0.247248;-0.527187
36;-0.676556;-0.418766;10.016853;0.020386;0.026866;-0.017188;0.359473;0.24792;-0.527678
37;-1.223795;-0.531284;10.226895;0.070492;-0.033902;-0.068705;0.359231;0.246311;-0.527527
38;-1.087917;-0.145529;10.185737;-0.082784;-0.061109;-0.076404;0.358584;0.247694;-0.529328
39;-0.984816;0.168925;9.85235;-0.220036;-0.220739;-0.070736;0.354766;0.252628;-0.530039
40;-0.689926;-0.034859;9.371923;-0.130373;-0.312373;-0.143096;0.346746;0.258833;-0.534221
41;-0.128878;-0.432464;9.830546;-0.121072;-0.244208;-0.130317;0.339546;0.26344;-0.538326
42;0.120825;-0.584743;9.724426;-0.093501;-0.227918;-0.08954;0.33177;0.269058;-0.540612
43;0.136314;-0.766998;9.801476;-0.126269;-0.116092;-0.037123;0.327216;0.27203;-0.542931
44;0.192497;-1.044766;9.576915;-0.095187;-0.119302;0.000802;0.325193;0.274419;-0.542958
45;0.289344;-1.261582;9.775846;-0.109864;-0.122526;0.037353;0.325338;0.276078;-0.544853
46;0.264166;-1.081871;9.723035;-0.141622;-0.058877;0.033528;0.322397;0.278187;-0.544659
47;0.041029;-1.105557;9.614601;-0.037314;-0.101299;0.051964;0.322255;0.279716;-0.542156
48;0.200628;-1.067504;9.761604;-0.084044;-0.134024;0.040649;0.321299;0.281581;-0.542246
49;-0.235932;-0.839279;9.716213;-0.15508;-0.207602;0.215089;0.317927;0.283039;-0.542732
50;0.268678;-0.834892;9.797115;-0.11064;-0.133376;0.209865;0.317562;0.285214;-0.544131
51;0.382415;-1.375231;9.707835;0.000183;-0.00504;0.14644;0.317658;0.281843;-0.542992
52;0.155562;-0.976826;9.569706;0.018042;-0.072703;0.091709;0.315854;0.279742;-0.544658
53;0.376672;-0.690255;9.968597;-0.067734;0.057928;0.061188;0.313443;0.278934;-0.545047
54;0.511978;-0.912777;9.358272;0.075109;-0.285996;-0.051222;0.311926;0.277755;-0.54618
55;-0.163881;-0.494377;9.60155;-0.157612;-0.059093;0.111922;0.31103;0.279589;-0.545196
56;-0.144568;-1.155096;10.320608;-0.149066;-0.09898;0.016424;0.310068;0.281988;-0.545297
57;-0.180687;-1.104443;9.885499;-0.127968;-0.068193;-0.004938;0.308813;0.286791;-0.545459
58;-0.251051;-0.814571;9.623861;-0.111308;-0.013514;-0.020766;0.307065;0.289178;-0.545337
59;0.06807;-1.139534;9.619473;-0.007309;-0.03593;-0.048415;0.305904;0.290079;-0.544484
60;0.244437;-1.313686;9.524958;0.016111;-0.015529;-0.041386;0.306412;0.291159;-0.544743
61;0.546174;-1.319339;9.679925;-0.018574;-0.055755;-0.002139;0.303101;0.292523;-0.546561
62;0.562215;-1.0908;9.559526;-0.072757;-0.041845;-0.040712;0.300653;0.292265;-0.547497
63;0.838248;-1.291319;9.890897;-0.038067;-0.064855;-0.038429;0.300408;0.295706;-0.546507
64;0.858367;-1.509491;9.875439;-0.032868;-0.109157;-0.050296;0.299127;0.298131;-0.547561
65;0.867394;-1.431199;9.734863;0.014662;-0.066521;-0.021997;0.296142;0.299466;-0.548291
66;0.675652;-1.478514;9.500111;0.015761;-0.000804;0.015647;0.295976;0.300412;-0.548719
67;0.592733;-1.391901;9.640986;0.028237;-0.006191;0.011962;0.296551;0.29601;-0.548736
68;0.420451;-1.192564;9.546038;-0.157915;0.031338;0.033257;0.295574;0.297089;-0.549347
69;0.264297;-1.161785;9.700793;-0.034152;-0.029664;-0.046353;0.29457;0.299972;-0.547721
70;0.36722;-1.227177;9.681679;-0.008936;-0.036925;-0.067045;0.293983;0.299996;-0.54869
71;0.59796;-1.256984;9.819085;0.012508;-0.019106;-0.050196;0.292479;0.301132;-0.546793
72;0.563207;-1.210461;9.729144;0.010792;0.000427;-0.041187;0.290714;0.302268;-0.549587
73;0.608157;-1.402492;9.820914;-0.024265;-0.007404;-0.030287;0.290098;0.304364;-0.548326
74;0.725016;-1.471776;9.607401;-0.027516;-0.032522;0.021181;0.29113;0.303591;-0.549054
75;0.695501;-1.435349;9.597663;-0.005987;0.006565;0.047889;0.290428;0.304668;-0.549516
76;0.724982;-1.44515;9.617246;-0.015027;0.001323;0.053274;0.289939;0.304642;-0.548741
77;0.50503;-1.33926;9.786539;-0.015508;0.001664;-0.000976;0.290487;0.305498;-0.545919
78;0.583404;-1.435981;9.728238;-0.082907;-0.030877;0.004738;0.291041;0.305029;-0.548018
79;0.617736;-1.373227;9.787075;0.023055;-0.013552;-0.020035;0.291241;0.305793;-0.546684
80;0.524261;-1.377485;9.669802;0.055129;-0.013409;0.001024;0.289568;0.305288;-0.548106
81;0.529459;-1.489032;9.669324;0.039219;0.005111;-0.004986;0.289826;0.304763;-0.548349
82;0.644386;-1.459879;9.655578;0.034434;-0.004334;0.02259;0.287341;0.305189;-0.549834
83;0.749019;-1.35518;9.566757;0.006836;0.016958;0.02296;0.287629;0.302656;-0.549903
84;0.683115;-1.367498;9.60762;-0.001248;0.008062;0.017633;0.290461;0.303057;-0.549216
85;0.773808;-1.324152;9.666715;0.044635;0.002432;-0.014764;0.289692;0.30277;-0.548719
86;0.519465;-1.396944;9.681838;0.056403;-0.008454;-0.038088;0.290078;0.30278;-0.548965
87;0.769025;-1.232462;9.759476;0.049478;-0.043379;0.00364;0.28831;0.301457;-0.549842
88;0.693061;-1.367692;9.646574;0.034591;-0.008937;-0.000534;0.288134;0.301212;-0.550649
89;0.285316;-1.427003;9.882023;0.058682;-0.017087;-0.004398;0.288219;0.3017;-0.54905
90;0.441473;-1.286203;9.847162;-0.045682;-0.05735;0.01941;0.286788;0.302804;-0.550622
91;0.627252;-1.256881;9.797388;-0.032832;-0.034478;0.003452;0.287361;0.30199;-0.55004
92;0.65627;-1.391767;9.612206;-0.012678;0.004302;-0.008977;0.287536;0.304361;-0.548872
93;0.76892;-1.348328;9.65199;-0.029175;-0.018432;0.014182;0.28607;0.306742;-0.548466
94;0.783789;-1.450057;9.627308;-0.012007;0.019688;0.030237;0.286581;0.307554;-0.54872
95;0.672024;-1.629938;9.718172;-0.165227;-0.005849;0.024209;0.286846;0.309151;-0.548468
96;0.646955;-1.493864;9.66273;-0.041552;-0.00791;0.007187;0.284737;0.310585;-0.547813
97;0.644975;-1.649117;9.674164;-0.043258;-0.022223;-0.01157;0.286366;0.31098;-0.547193
98;0.735321;-1.491753;9.724053;0.022987;-0.009856;-0.004899;0.285294;0.311905;-0.547138
99;0.604492;-1.270466;9.602719;-0.242769;-0.055945;0.041513;0.285583;0.313357;-0.546481
100;0.803404;-1.464597;9.624931;-0.012957;0.002839;0.023042;0.283994;0.314004;-0.546182
101;0.721875;-1.180907;9.633019;-0.063752;-0.074818;0.02841;0.282661;0.315058;-0.546011
102;0.795222;-1.935447;9.707809;0.017464;0.024195;0.049515;0.283786;0.31477;-0.545006
103;0.49533;-1.619707;9.61504;-0.027282;0.025947;0.044553;0.285407;0.314504;-0.544642
104;0.871392;-1.367239;9.550437;0.015343;0.020991;0.078058;0.286509;0.313563;-0.54416
105;0.521958;-2.168568;9.780423;0.059638;0.083605;-0.012834;0.289174;0.313582;-0.544143
106;0.792994;-1.560487;9.400792;0.078533;-0.03117;-0.01615;0.28791;0.313076;-0.545408
107;0.314666;-1.634805;9.730542;0.053906;0.048282;-0.010265;0.287549;0.310795;-0.545118
108;0.730114;-1.517946;9.626668;0.037348;-0.038351;-0.029185;0.287343;0.310565;-0.546462
109;1.103641;-1.212202;9.576879;0.024661;-0.011401;0.006732;0.286598;0.310797;-0.545439
110;1.009011;-1.479082;9.60668;0.025304;0.044915;-0.016144;0.287241;0.310415;-0.54593
111;0.964828;-1.263848;9.726502;0.10177;0.016779;0.013336;0.288491;0.310132;-0.545052
112;0.858129;-1.485026;9.831794;0.152462;0.112241;0.029387;0.288859;0.30497;-0.546536
113;0.433818;-1.59031;9.556457;0.109449;0.109688;0.040309;0.292373;0.302711;-0.546027
114;0.726481;-1.519531;9.947509;0.374515;0.168825;0.070519;0.295924;0.297112;-0.545451
115;0.89557;-1.473194;9.399389;0.216623;0.375211;0.087164;0.302644;0.290886;-0.545486
116;0.327828;-1.173727;9.662235;0.320733;0.466219;0.117875;0.312728;0.283933;-0.542643
117;-0.024256;-0.688489;10.111996;0.318179;0.454199;0.172101;0.324779;0.276411;-0.538074
118;-0.484495;-1.072679;9.844887;0.204159;0.444908;0.11239;0.33812;0.26759;-0.534476
119;-0.919485;-0.931008;10.139427;0.248367;0.297411;0.042733;0.346217;0.262478;-0.531113
120;-0.749063;-0.806595;9.985467;0.268053;0.2067;-0.02812;0.350431;0.257283;-0.530508
121;-0.495429;-0.848914;9.709715;0.076492;0.138559;-0.078452;0.35421;0.255293;-0.529988
122;-0.454471;-0.408261;9.848106;0.06844;0.056586;-0.056519;0.355075;0.252873;-0.529225
123;-0.360285;-0.367987;9.547444;-0.038524;0.086659;-0.077696;0.355475;0.255001;-0.528842
124;-0.655446;-0.668942;9.60746;-0.033678;0.008787;-0.078238;0.356602;0.257236;-0.52735
125;-0.367083;-1.036324;9.845774;0.04004;0.031541;-0.092952;0.356885;0.259222;-0.526704
126;-0.319658;-0.476155;9.843761;-0.036906;0.074266;-0.074219;0.357341;0.260993;-0.527781
127;-0.571436;-0.771425;9.733912;0.151614;0.083323;-0.116712;0.356134;0.264107;-0.524968
128;-0.562861;-0.922804;9.942324;0.035924;0.007059;-0.057493;0.357679;0.263349;-0.526069
129;-0.437048;-0.574715;9.181404;-0.001292;0.039074;-0.060524;0.356559;0.2633;-0.524661
130;-0.403127;-1.002681;9.417879;0.304629;0.010423;-0.051687;0.356554;0.260981;-0.527558
131;-0.327797;-1.082391;9.843373;0.281056;0.017719;-0.022098;0.357299;0.25384;-0.529785
132;-0.663847;-0.68277;9.952524;0.159774;0.016342;0.012692;0.35536;0.24988;-0.531825
133;-0.470846;-0.288382;10.125669;0.129545;-0.009705;0.057353;0.355611;0.246568;-0.532683
134;-0.58355;-0.283419;10.105553;0.075297;-0.042058;0.0914;0.357477;0.244323;-0.533069
135;-0.612821;-0.414047;10.041574;0.04419;0.006742;0.109675;0.3572;0.241803;-0.533705
136;-0.653831;-0.228066;9.701856;-0.004915;0.029033;0.118212;0.357768;0.240061;-0.533372
137;-0.915047;-0.032544;9.399723;0.002333;-0.021755;0.070733;0.358672;0.238887;-0.5341
138;-0.469427;0.083314;9.497788;-0.014259;-0.014978;0.024756;0.358154;0.238743;-0.53386
139;-0.276379;-0.045009;9.94323;0.026175;-0.025982;-0.01029;0.357985;0.237166;-0.534775
140;-0.221562;-0.215386;10.069191;0.064221;-0.012254;-0.049667;0.356934;0.236885;-0.534562
141;-0.506319;-0.204705;9.877888;0.060602;-0.017542;-0.045268;0.355485;0.236935;-0.53665
142;-0.58276;-0.136339;9.785359;-0.018501;-0.01444;-0.00548;0.354109;0.238542;-0.537159
143;-0.481858;-0.344848;9.775303;-0.038001;0.027273;0.010894;0.354116;0.238539;-0.537025
144;-0.441839;-0.587585;9.823056;0.015697;0.017449;0.008594;0.355001;0.238501;-0.535504
145;-0.52525;-0.449605;9.874222;0.034388;-0.019014;-0.013087;0.355043;0.238745;-0.534705
146;-0.594567;-0.28188;9.794345;0.051377;-0.011896;-0.006064;0.354851;0.236579;-0.533738
147;-0.526206;-0.18499;9.814654;0.023309;-0.017779;0.022615;0.354997;0.236111;-0.535993
148;-0.462511;-0.250304;9.780715;0.010023;-0.002737;0.021026;0.354916;0.236684;-0.537346
149;-0.435344;-0.267523;9.829419;0.008398;0.004208;0.006852;0.352919;0.236005;-0.537446
150;-0.447637;-0.240871;9.834328;0.020849;-0.000183;0.012063;0.35477;0.23576;-0.537737
151;-0.467558;-0.194531;9.780939;0.028001;-0.000169;0.013785;0.354538;0.234545;-0.537326
152;-0.482164;-0.189799;9.805179;0.028229;-0.002192;-0.014683;0.353612;0.235066;-0.537121
153;-0.513901;-0.19474;9.824409;0.028084;-0.001172;0.002213;0.355621;0.234676;-0.537
154;-0.491892;-0.199545;9.814798;0.028153;0.005889;0.000475;0.355582;0.234829;-0.537673
155;-0.447624;-0.214305;9.856326;0.019226;0.00498;-0.003897;0.354959;0.234802;-0.536906
156;-0.45704;-0.328358;9.872764;0.017315;-0.007355;0.001371;0.355853;0.233766;-0.537771
157;-0.482466;-0.24742;9.688234;0.004553;-0.048883;-0.003189;0.35449;0.233507;-0.538378
158;-0.398498;-0.137185;9.951782;-0.007922;0.002597;0.023012;0.353187;0.233216;-0.537912
159;-0.368806;-0.231832;9.966118;-0.020163;0.006782;-0.005328;0.354501;0.2339;-0.538118
160;-0.602076;-0.202579;10.43154;0.003625;0.054942;-0.038187;0.355417;0.234377;-0.535937
161;-1.489279;-0.138384;10.222199;-0.086277;0.110469;-0.151992;0.354449;0.236583;-0.538573
162;-1.021082;0.057193;9.890511;-0.167958;-0.025163;-0.13061;0.354082;0.242409;-0.536967
163;-0.521734;0.013707;9.844759;-0.091557;-0.359182;-0.129392;0.349273;0.244841;-0.539158
164;-0.161128;-0.105024;9.326231;-0.228547;-0.164658;-0.257025;0.342103;0.253551;-0.542002
165;-0.299912;-0.434621;9.289842;-0.08322;-0.26391;-0.262378;0.336399;0.25981;-0.542846
166;0.122252;-0.334546;9.638068;-0.057986;-0.217872;-0.15199;0.328801;0.265475;-0.546726
167;0.008516;-0.732525;9.698753;-0.149243;-0.064734;-0.027786;0.322262;0.268692;-0.548762
168;0.346181;-0.969185;9.490693;-0.128735;-0.076047;0.085816;0.321149;0.271365;-0.549144
169;0.222522;-1.086666;9.713034;-0.135643;-0.002526;0.11291;0.322666;0.273209;-0.54789
170;0.545049;-1.349999;9.995787;-0.117015;-0.063804;0.08044;0.321072;0.276383;-0.547239
171;0.188969;-1.247065;9.785021;-0.111212;-0.046451;0.048426;0.320697;0.278158;-0.544086
172;0.282513;-0.998154;9.465861;-0.226485;-0.076656;0.003018;0.319512;0.280603;-0.545804
173;0.341575;-0.689217;9.759335;-0.191431;-0.056503;0.091819;0.316898;0.284145;-0.544282
174;0.234852;-0.922447;9.849987;-0.232732;-0.076844;0.090224;0.316684;0.288765;-0.542511
175;-0.102185;-0.889575;10.076568;-0.217989;-0.097037;0.120187;0.315775;0.291866;-0.539147
176;-0.239945;-1.115885;9.748957;-0.253855;-0.133297;0.211813;0.314989;0.29451;-0.53844
177;-0.156679;-1.246435;9.666223;-0.270305;-0.138212;0.251039;0.313447;0.298455;-0.536731
178;0.40563;-1.18273;9.519252;-0.219895;-0.172183;0.196295;0.312355;0.300586;-0.536834
179;0.689636;-1.443799;9.344782;-0.127826;-0.074087;0.100027;0.310423;0.30346;-0.535127
180;0.227082;-0.948495;9.723416;-0.070664;0.003085;0.055517;0.310953;0.303864;-0.535104
181;0.055693;-1.408265;10.021688;0.041417;0.12014;0.030235;0.312626;0.303705;-0.533804
182;-0.045559;-1.649468;10.253325;0.066851;0.039545;0.022439;0.31432;0.30287;-0.532221
183;-0.395492;-1.576448;9.716728;0.045145;-0.054426;-0.017067;0.314839;0.301552;-0.532701
184;-0.281679;-1.645637;9.974779;0.05806;-0.134998;-0.030036;0.312445;0.301204;-0.535103
185;0.254362;-1.33802;9.541923;0.029044;-0.160129;-0.001361;0.308011;0.301261;-0.538162
186;0.508832;-1.217055;9.592653;0.072605;-0.107339;-0.028056;0.306464;0.301495;-0.541997
187;0.764017;-1.275821;9.700908;0.115235;-0.050957;-0.045857;0.301624;0.300021;-0.543045
188;0.774831;-1.441437;9.846067;0.223154;-0.026692;0.020055;0.300593;0.295086;-0.548088
189;0.99869;-1.21742;9.653997;0.228332;0.02167;0.083465;0.301857;0.290747;-0.550073
190;0.650902;-1.154342;9.657013;0.101347;0.028714;0.070277;0.304893;0.286001;-0.551414
191;0.397007;-1.561194;9.553933;-0.036571;-0.062719;0.010359;0.304585;0.285685;-0.549821
192;0.577457;-1.424995;9.468152;-0.084741;-0.100151;-0.040083;0.301766;0.28548;-0.552651
193;0.878879;-1.546251;9.462155;-0.001839;-0.002796;-0.017987;0.301229;0.288401;-0.552202
194;0.800542;-1.357745;9.593801;-0.014281;0.028187;-0.010588;0.300122;0.289141;-0.550408
195;0.628007;-1.204662;10.02613;0.03314;0.06441;0.007006;0.3009;0.289955;-0.550646
196;0.509069;-1.079604;9.748857;-0.003797;0.04607;0.02321;0.302295;0.288737;-0.549742
197;-0.004335;-1.206076;9.837501;-0.021812;0.038043;0.027666;0.303745;0.287889;-0.547773
198;0.304521;-1.424113;9.787352;-0.021757;-0.013517;-0.014386;0.304101;0.287915;-0.548555
199;0.446258;-1.136232;9.923232;-0.01342;-0.06014;0.008483;0.302514;0.290421;-0.547891
200;0.552544;-1.255284;9.476067;-0.020892;-0.009756;-0.001871;0.301112;0.290979;-0.54905
201;0.448063;-1.236925;9.689424;-0.01637;0.007878;0.000846;0.300805;0.291991;-0.547215
202;0.804209;-1.434191;9.851142;-0.014268;0.032527;-0.014124;0.299853;0.292064;-0.549944
203;0.397362;-1.32964;9.805368;-0.090625;0.020329;0.003285;0.301802;0.293097;-0.548249
204;0.548351;-1.275499;9.641246;0.008604;-0.006252;0.002352;0.301832;0.292417;-0.547834
205;0.623545;-1.351967;9.410428;0.027677;0.038078;0.015763;0.30184;0.293077;-0.547578
206;0.158255;-1.470788;9.912644;-0.000238;0.013042;0.000668;0.303584;0.292419;-0.547467
207;0.47093;-1.40714;9.783588;0.004724;-0.055857;-0.00591;0.301598;0.293461;-0.547065
208;0.758942;-1.149929;9.742776;-0.025692;-0.050443;-0.007328;0.300447;0.296154;-0.548117
209;0.759219;-1.382276;9.651775;-0.025281;-0.016968;-0.019638;0.299122;0.29654;-0.547932
210;0.773663;-1.232138;9.693873;0.001721;0.007746;-0.019704;0.299665;0.295741;-0.547886
211;0.4559;-1.404293;9.69843;0.000191;0.060832;-0.003477;0.300182;0.298676;-0.547646
212;0.260235;-1.43108;9.726277;-0.019114;-0.025924;-0.018041;0.298383;0.295573;-0.54702
213;0.305135;-1.470799;9.911115;-0.047984;-0.038189;-0.007191;0.297418;0.297576;-0.547247
214;0.546509;-1.513091;9.630425;-0.056024;-0.055817;-0.014309;0.297183;0.300082;-0.546238
215;0.519504;-1.612076;9.542297;-0.084604;-0.038008;-0.003329;0.296453;0.300306;-0.544948
216;0.646975;-1.547055;9.630887;-0.034282;-0.011569;-0.006239;0.296266;0.302458;-0.545534
217;0.576337;-1.644161;9.654318;-0.003752;0.006978;-0.000191;0.295191;0.302986;-0.545605
218;0.678743;-1.377822;9.73395;-0.020157;-0.01144;0.010573;0.293366;0.304881;-0.546947
219;0.86148;-1.309088;9.560365;0.017726;0.020383;0.008685;0.294982;0.303822;-0.546836
220;0.77863;-1.391726;9.600803;0.01632;0.052015;-0.008942;0.296457;0.303359;-0.544337
221;0.759539;-1.479344;9.665918;0.028749;0.03962;-0.007346;0.297763;0.303382;-0.544798
222;0.573846;-1.586107;9.683739;0.015562;0.048254;-0.026798;0.297025;0.304408;-0.543523
223;0.432135;-1.513938;9.80474;0.006875;-0.007272;-0.00569;0.296993;0.303893;-0.544183
224;0.325064;-1.703232;9.83725;0.03732;-0.001106;0.001163;0.298785;0.301616;-0.543504
225;0.207283;-1.596542;9.841877;0.014547;-0.061253;-0.006086;0.297686;0.302289;-0.54398
226;0.626303;-1.36444;9.480883;-0.021929;-0.020266;0.007859;0.296747;0.303349;-0.54392
227;0.587538;-1.362525;9.585179;-0.027248;-0.022146;-0.00278;0.295352;0.303239;-0.545066
228;0.769241;-1.459898;9.656343;0.009649;0.007905;0.000649;0.295343;0.30404;-0.545082
229;0.671832;-1.460532;9.787008;-0.009276;0.009755;0.012363;0.294967;0.304557;-0.544578
230;0.730187;-1.481788;9.670589;-0.009104;0.000747;-0.010803;0.294664;0.307098;-0.544777
231;0.495606;-1.566888;9.722239;-0.015991;0.024444;-0.023116;0.294449;0.306405;-0.543975
232;0.565786;-1.483707;9.572338;0.008683;-0.017847;-0.010188;0.295718;0.305119;-0.545348
233;0.749847;-1.60755;9.602072;0.035754;0.012215;-0.007572;0.293644;0.30534;-0.544267
234;0.623725;-1.70568;9.834209;0.076642;0.011451;0.020515;0.293972;0.305247;-0.545583
235;0.544415;-1.552202;9.693436;0.044912;-0.043276;0.021379;0.294797;0.303778;-0.545375
236;0.647169;-1.498966;9.713757;0.006659;-0.011418;0.018332;0.293485;0.302163;-0.545285
237;0.729881;-1.474153;9.597697;0.003143;-0.030994;-0.002182;0.293613;0.302635;-0.547692
238;0.748814;-1.219589;9.608699;0.020371;0.007902;-0.000299;0.294166;0.302363;-0.547389
239;0.779416;-1.368546;9.817258;0.087713;0.04672;0.006456;0.293769;0.30196;-0.547403
240;0.822912;-1.580503;9.524857;0.064315;0.054147;0.038668;0.294204;0.300218;-0.547078
241;0.736211;-1.384122;10.025974;0.057964;0.084251;0.054915;0.296804;0.29874;-0.546101
242;0.691268;-1.349181;9.82653;0.125845;0.10842;-0.00421;0.298042;0.29554;-0.54597
243;0.475935;-1.489444;9.754073;0.133151;0.182137;0.044083;0.302725;0.292242;-0.546176
244;-0.086642;-1.267646;10.03118;0.104024;0.158344;0.065489;0.306972;0.290219;-0.544426
245;-0.202745;-1.34849;9.709229;0.018634;0.152669;0.007437;0.309188;0.289926;-0.542958
246;-0.299026;-1.270133;9.558285;0.069076;0.122067;-0.050059;0.311656;0.288313;-0.541986
247;0.029286;-1.183512;9.687098;0.117482;0.120182;-0.062849;0.316256;0.287911;-0.540782
248;0.54384;-1.304982;9.71887;0.232048;0.207418;0.014985;0.319191;0.282217;-0.54171
249;0.886305;-1.133107;9.770373;0.129604;0.183942;0.035346;0.323675;0.280212;-0.540481
250;0.455265;-1.082081;9.760669;0.104929;0.133635;0.049448;0.327066;0.277016;-0.539961
251;0.036244;-1.178195;9.592362;0.064699;0.115805;0.033595;0.330092;0.275926;-0.538432
252;-0.250521;-1.052067;9.59361;0.04938;0.082017;0.013952;0.333724;0.272347;-0.538425
253;-0.248972;-1.078178;9.97028;0.111171;0.053286;-0.021382;0.335386;0.271794;-0.537385
254;0.136513;-0.93883;9.732628;0.036783;0.104367;-0.067551;0.336892;0.271917;-0.536633
255;-0.147595;-0.921715;9.711516;0.090726;0.136052;-0.067869;0.338353;0.271462;-0.534403
256;-0.09271;-0.744179;10.096736;0.2579;0.229371;-0.079374;0.341076;0.266802;-0.53416
257;-0.195339;-0.784832;9.493074;0.23542;0.279567;-0.111861;0.346021;0.262711;-0.534604
258;-0.600115;-0.745058;9.306028;0.337716;0.179495;-0.115078;0.350015;0.260015;-0.532722
259;-0.323679;-0.960582;9.729706;0.082859;0.072636;-0.03972;0.350637;0.256721;-0.534094
260;-0.534616;-0.677304;9.824508;0.032673;0.072628;-0.042853;0.351853;0.25619;-0.533881
261;-0.732795;-0.873174;9.717872;0.057388;0.067627;-0.000464;0.354234;0.255084;-0.531988
262;-0.279813;-0.774256;9.808613;-0.033964;-0.030956;0.021192;0.353258;0.254764;-0.530433
263;-0.328348;-0.622536;10.022921;-0.065418;-0.075419;-0.010777;0.351383;0.256419;-0.532709
264;-0.088851;-0.583379;9.944352;0.024506;-0.036678;-0.021941;0.35105;0.256382;-0.531525
265;-0.348993;-0.372288;9.926704;0.074732;0.011154;0.002787;0.350467;0.256006;-0.532486
266;-0.746379;-0.349489;9.739627;0.133652;0.032588;0.043255;0.352026;0.252647;-0.531398
267;-0.712167;-0.414666;9.678768;0.155877;0.013176;0.048298;0.350713;0.250439;-0.533836
268;-0.47717;-0.373588;9.702275;0.081657;-0.001016;0.025758;0.351215;0.247934;-0.534829
269;-0.393163;-0.432567;9.858094;0.026135;-0.025002;0.004756;0.353247;0.247533;-0.534306
270;-0.270252;-0.505718;9.936301;0.036725;-0.042659;0.007253;0.350739;0.247306;-0.536315
271;-0.420253;-0.345363;9.877773;0.008273;-0.022377;-0.000409;0.350949;0.245743;-0.53761
272;-0.472443;-0.300877;9.709929;0.022688;0.00961;0.019198;0.349967;0.245958;-0.536065
273;-0.359414;-0.407747;9.741735;0.015689;0.026392;0.015792;0.351223;0.243812;-0.535419
274;-0.37366;-0.444551;9.828989;0.041748;0.011096;-0.009407;0.351443;0.244104;-0.536214
275;-0.397821;-0.457032;9.90171;0.037796;-0.004585;0.018103;0.350188;0.24339;-0.534935
276;-0.500869;-0.430149;9.862307;0.002119;-0.015365;-0.005682;0.349782;0.244522;-0.537251
277;-0.476559;-0.444438;9.808912;0.034243;-0.015271;0.008281;0.351767;0.244342;-0.535131
278;-0.378634;-0.514536;9.760576;0.063072;0.005926;0.008161;0.351373;0.242279;-0.537787
279;-0.364352;-0.364194;9.761351;0.022947;0.021823;-0.000292;0.350961;0.241884;-0.53807
280;-0.447343;-0.335491;9.84362;0.044192;-0.007393;0.00026;0.352901;0.241062;-0.536875
281;-0.437303;-0.398636;9.862841;0.049435;-0.00994;0.013534;0.352102;0.240791;-0.536915
282;-0.452426;-0.315922;9.809647;0.01727;-0.004614;0.010279;0.350814;0.240429;-0.538585
283;-0.400784;-0.408053;9.804682;0.033536;0.014821;0.011132;0.351317;0.239253;-0.539336
284;-0.428242;-0.339719;9.717315;0.019306;0.023668;0.008632;0.352597;0.23829;-0.538042
285;-0.444843;-0.340389;9.853336;0.010105;-0.011736;0.004074;0.353638;0.237444;-0.53623
286;-0.418063;-0.306372;9.839071;0.008239;-0.01877;0.006728;0.351103;0.237099;-0.538773
287;-0.386609;-0.281744;9.76159;0.013871;0.002361;-0.003869;0.350622;0.236271;-0.537982
288;-0.415794;-0.296481;9.800238;0.005916;0.020049;-0.001937;0.351241;0.236699;-0.538757
289;-0.45239;-0.286968;9.838949;0.037228;0.013776;-0.005788;0.352199;0.238021;-0.53806
290;-0.464591;-0.301515;9.838808;0.015552;0.00687;0.010355;0.351906;0.237634;-0.538604
291;-0.432819;-0.306286;9.821965;0.026419;0.005858;-0.003963;0.351638;0.23564;-0.538982
292;-0.41822;-0.262676;9.829547;0.029891;-0.008283;-0.004058;0.351015;0.235549;-0.540619
293;-0.398479;-0.369207;9.79515;0.045204;-0.010145;-0.0131;0.351875;0.237783;-0.539143
294;-0.433068;-0.260056;9.790574;0.002208;-0.004746;-0.008261;0.35229;0.235785;-0.539215
295;-0.425571;-0.252999;9.834408;0.032656;0.007651;-0.000439;0.352552;0.235523;-0.539329
296;-0.422987;-0.359503;9.795044;0.037253;0.012893;-0.00669;0.352007;0.234463;-0.53974
297;-0.432578;-0.251006;9.921884;0.00473;0.004261;0.014002;0.351244;0.233641;-0.539233
298;-0.50158;-0.238342;9.814562;0.037193;0.009353;-0.005813;0.351229;0.232321;-0.539744
299;-0.501705;-0.262351;9.765834;0.012007;-0.004715;-0.002128;0.35289;0.233894;-0.538343
300;-0.374145;-0.202276;9.873848;0.012877;-0.010052;-0.007468;0.353085;0.233667;-0.539664
301;-0.384568;-0.145901;9.7525;0.024692;0.013831;-0.005656;0.35276;0.232101;-0.540989
302;-0.442887;-0.211689;9.817474;0.013783;0.011306;0.010409;0.352107;0.23209;-0.540759
303;-0.482072;-0.192332;9.827045;0.013675;-0.007293;0.006751;0.352843;0.231995;-0.541918
304;-0.447795;-0.22134;9.807676;-0.008667;-0.007285;0.003379;0.352235;0.232625;-0.540762
305;-0.388738;-0.202394;9.898067;-0.005955;-0.024252;-0.016282;0.351406;0.233697;-0.541096
306;-0.770169;-0.186021;10.029497;0.017923;-0.039273;-0.101975;0.350881;0.232892;-0.541111
307;-1.134992;-0.416139;10.478342;0.041041;0.158192;-0.13498;0.352675;0.234403;-0.542107
308;-1.48949;-0.060787;10.222553;-0.50109;-0.380914;-0.216983;0.349144;0.243048;-0.541804
309;-0.716277;0.598237;9.33576;-0.316197;-0.477246;-0.130798;0.337963;0.253197;-0.544636
310;0.144495;-0.268908;9.113444;-0.294081;-0.103684;-0.074745;0.332738;0.261879;-0.546034
311;0.579478;-0.691557;9.245447;-0.07754;-0.14914;-0.092766;0.329075;0.267535;-0.548621
312;0.92702;-0.849231;9.737887;0.020069;-0.120908;-0.081815;0.321659;0.270185;-0.549761
313;0.427739;-0.697082;9.876508;-0.067417;-0.115899;-0.012651;0.31659;0.27341;-0.551714
314;0.332795;-0.907985;9.865238;-0.053413;-0.085328;0.053152;0.317471;0.272311;-0.55044
315;0.652504;-1.562351;9.781563;0.05084;-0.030492;0.068544;0.31743;0.271269;-0.551358
316;0.133402;-1.5694;9.749176;0.064812;-0.063203;0.08151;0.318704;0.270113;-0.5526
317;0.594747;-1.101358;9.732266;-0.024884;-0.094896;0.067102;0.314294;0.268696;-0.555496
318;0.344498;-0.464409;9.41277;-0.054505;-0.164199;0.116815;0.311837;0.270038;-0.556329
319;0.323567;-0.688121;9.538024;-0.166436;-0.043913;0.116568;0.311227;0.270137;-0.555297
320;0.184936;-0.940578;9.59436;-0.19711;-0.095295;0.104042;0.311508;0.271656;-0.552369
321;0.129902;-0.721595;9.446742;-0.007219;0.004087;0.175051;0.312447;0.272722;-0.552069
322;0.223663;-0.97386;9.458319;-0.10317;-0.030303;0.169413;0.312504;0.272959;-0.551001
323;0.235342;-0.836064;10.035128;-0.247091;-0.104464;0.166685;0.312373;0.275544;-0.548117
324;0.119334;-0.346696;10.133884;-0.331355;-0.084796;0.080397;0.312402;0.277655;-0.54722
325;-0.045698;-0.744811;10.223425;-0.325333;-0.087268;0.009118;0.310906;0.285561;-0.543981
326;-0.297486;-0.824985;10.260407;-0.068933;-0.102253;-0.042919;0.308321;0.289024;-0.544327
327;0.461426;-1.306002;9.927411;0.033484;-0.007123;0.015471;0.305694;0.293041;-0.545354
328;0.019052;-1.646954;9.25223;-0.022171;-0.059209;0.013736;0.306923;0.291307;-0.545118
329;0.151835;-1.285209;9.653354;0.00577;-0.089869;-0.050596;0.305247;0.291733;-0.546424
330;0.595536;-1.677512;9.532743;-0.008007;0.030853;-0.001813;0.303718;0.291756;-0.54758
331;0.456662;-1.562332;9.782792;-0.032966;-0.116233;-0.042403;0.301999;0.2934;-0.549447
332;0.866294;-1.313818;9.536064;-0.026552;-0.098411;-0.041379;0.299961;0.294469;-0.549984
333;1.229228;-1.510388;9.55684;0.003235;-0.061207;-0.034284;0.297018;0.29532;-0.552439
334;0.913564;-1.46944;9.620723;0.035968;0.012907;-0.0342;0.295943;0.295849;-0.55251
335;0.783203;-1.304322;9.579353;0.046446;-0.008235;-0.023726;0.297088;0.29369;-0.551468
336;0.750864;-1.26984;9.472356;0.024979;0.03453;0.011354;0.297982;0.294843;-0.549568
337;0.752157;-1.324629;9.763813;0.018598;0.032756;0.015844;0.296911;0.293579;-0.552278
338;0.22617;-1.325004;9.852956;-0.008231;0.059299;0.030354;0.299468;0.294647;-0.551619
339;0.139031;-1.473654;10.002454;0.027379;0.004202;0.006617;0.300238;0.292207;-0.550192
340;0.4047;-1.4118;9.746698;0.008282;-0.036257;0.013716;0.300015;0.292183;-0.549402
341;0.636951;-1.285765;9.753561;-0.002417;-0.05138;-0.005785;0.297863;0.293506;-0.54955
342;0.741699;-1.374542;9.559331;-0.022996;0.030633;-0.034524;0.297453;0.294306;-0.549588
343;0.475438;-1.450153;9.654586;-0.03248;-0.000963;-0.001763;0.296784;0.297092;-0.549145
344;0.744786;-1.314929;9.763812;0.048164;0.009552;-0.005864;0.297457;0.296695;-0.549099
345;0.236014;-1.36857;9.835802;-0.050195;-0.006614;-0.035457;0.296856;0.297257;-0.550213
346;0.368319;-1.368722;9.863352;0.019326;-0.038413;-0.026397;0.296867;0.296986;-0.550074
347;0.759966;-1.383213;9.84138;0.017602;-0.045493;-0.037922;0.294756;0.297226;-0.549663
348;0.819687;-1.279863;9.535933;0.015722;-0.03993;-0.01652;0.294127;0.298334;-0.55119
349;0.813017;-1.416041;9.613057;0.039204;0.00966;0.001316;0.293812;0.297294;-0.552257
350;0.676073;-1.247045;9.768562;-0.007603;-0.004385;0.010526;0.291915;0.296899;-0.552892
351;0.509179;-1.169158;9.714417;-0.032412;0.004262;-0.012359;0.292828;0.296979;-0.550837
352;0.687291;-1.5195;9.942407;0.008715;-0.01177;-0.018135;0.294108;0.299407;-0.551345
353;0.431978;-0.964505;9.522841;-0.123781;0.018708;0.006267;0.293058;0.298328;-0.551251
354;0.367871;-1.435827;9.702607;-0.18141;-0.039672;0.000133;0.294324;0.302819;-0.54926
355;0.578349;-1.455115;9.674641;-0.118686;-0.046861;-0.010174;0.291075;0.304549;-0.549878
356;0.899923;-1.838083;9.631109;-0.037838;-0.031078;-0.018764;0.290656;0.307676;-0.547288
357;0.830477;-1.626698;9.549001;0.042901;0.018495;0.001303;0.290959;0.307791;-0.546605
358;0.801425;-1.627101;9.631469;0.046803;0.04661;-0.014587;0.290864;0.307574;-0.548343
359;0.578615;-1.426448;9.762283;0.021086;0.015119;0.025469;0.291987;0.30742;-0.547341
360;0.28324;-1.53622;9.900958;0.008789;0.01656;-0.002934;0.292499;0.306106;-0.547956
361;0.465323;-1.415914;9.59634;0.012138;-0.018657;0.001333;0.292469;0.30745;-0.54825
362;0.71508;-1.355595;9.651626;0.012383;-0.05892;0.040291;0.292;0.304889;-0.54756
363;0.977304;-1.484059;9.633202;0.015209;0.020233;-0.009084;0.291215;0.305344;-0.549618
364;0.715073;-1.500585;9.548869;-0.029499;0.004186;-0.026631;0.290368;0.30609;-0.547942
365;0.691836;-1.509393;9.859833;-0.016209;-0.013628;-0.033945;0.290362;0.308086;-0.547713
366;0.570153;-1.867948;9.794247;0.005309;-0.004749;-0.021698;0.289997;0.310191;-0.546705
367;0.605356;-1.624382;9.5768;0.046341;0.006994;0.006515;0.290318;0.309368;-0.545869
368;0.544634;-1.537977;9.759134;0.017168;-0.077103;-0.00969;0.290792;0.306745;-0.547396
369;0.680631;-1.473785;9.524471;-0.006218;-0.07506;0.010099;0.28765;0.30756;-0.548659
370;0.558408;-1.425664;9.604158;-0.05718;-0.082254;-0.007313;0.286008;0.309696;-0.54906
371;0.847456;-1.561252;9.554265;0.04262;-0.025733;-0.004253;0.285417;0.310121;-0.550038
372;0.534758;-1.736036;9.600165;0.021276;-0.022365;-0.016581;0.283197;0.309417;-0.549348
373;0.989101;-1.440005;9.550827;0.017078;-0.050125;0.027878;0.282579;0.308926;-0.550978
374;1.269956;-1.741276;9.169533;0.070134;0.109151;0.046952;0.28346;0.307827;-0.549704
375;1.195783;-1.50659;9.770566;0.080902;0.169345;0.072121;0.286866;0.305952;-0.548673
376;1.25456;-1.088544;10.066967;0.087709;0.151734;0.08183;0.292869;0.302867;-0.54667
377;0.221796;-1.552824;9.82758;0.045742;0.172042;-0.003314;0.296946;0.301393;-0.545475
378;0.193487;-1.679827;10.01157;0.166997;0.090435;-0.015435;0.299121;0.300057;-0.544925
379;0.509937;-1.63894;9.58101;0.312324;0.18901;0.044401;0.30217;0.294109;-0.546243
380;0.761763;-1.305063;9.72993;0.403791;0.330231;0.133411;0.310966;0.284803;-0.545433
381;0.76816;-0.948628;9.736459;0.313164;0.406162;0.109717;0.319627;0.274832;-0.544752
382;0.154578;-0.688011;9.519972;0.286009;0.491842;0.008965;0.330836;0.268255;-0.540783
383;-0.7175;-0.748271;9.959188;0.263328;0.469525;-0.09069;0.340161;0.262206;-0.537065
384;-1.111406;-0.821016;9.968594;0.131807;0.254126;-0.073042;0.349773;0.259735;-0.532329
385;-0.743808;-0.528476;9.646453;0.110881;0.128287;-0.133915;0.352079;0.259331;-0.531656
386;-0.789919;-0.673975;9.647937;0.076736;0.093746;-0.145406;0.352769;0.260121;-0.531098
387;-0.344953;-0.35188;9.722632;-0.075073;0.069565;-0.114822;0.350646;0.262758;-0.530466
388;-0.365813;-0.444526;9.333147;-0.104137;0.112903;-0.121493;0.353491;0.266739;-0.528911
389;-0.728081;-1.195016;10.071332;0.115755;0.083283;-0.112936;0.355315;0.268432;-0.526968
390;-0.088925;-0.88295;9.716915;-0.023887;0.138004;-0.065121;0.356354;0.27111;-0.52696
391;-0.503769;-1.609563;9.550616;0.052919;0.1239;-0.037548;0.357213;0.271414;-0.523442
392;-0.080438;-1.684297;9.450777;0.132798;0.080144;0.011408;0.358625;0.27132;-0.52443
393;-0.385045;-1.024963;9.019232;0.046415;0.059362;0.042277;0.358628;0.266934;-0.525148
394;-0.167426;-1.119569;9.511163;0.044935;0.078493;0.011303;0.361249;0.266242;-0.523649
395;-0.033064;-0.59064;10.430828;0.207671;0.070963;-0.006849;0.363188;0.262764;-0.522939
396;-0.509688;-0.770357;10.497577;0.196345;0.044733;0.038355;0.364607;0.259275;-0.52199
397;-1.029032;-0.365616;10.065982;0.190318;0.019594;0.095145;0.36483;0.253719;-0.523742
398;-1.554771;-0.184398;9.720836;0.143667;-0.096843;0.219331;0.367141;0.248133;-0.523906
399;-1.518362;-0.420843;9.476896;0.043129;-0.137257;0.227911;0.365588;0.243384;-0.526309
400;-0.95396;-0.303526;9.276705;-0.099203;-0.169824;0.101854;0.365181;0.241861;-0.52911
401;-0.307208;-0.164015;9.490362;-0.069293;-0.090964;0.015902;0.363629;0.244551;-0.530185
402;0.107634;-0.250707;10.338441;0.036705;-0.031171;0.003864;0.359981;0.244153;-0.531186
403;0.367151;-0.255597;10.340012;0.095682;0.060601;-0.009431;0.360495;0.241908;-0.531916
404;-0.784339;-0.331669;10.060346;0.042871;0.056943;-0.007435;0.361756;0.240689;-0.531019
405;-1.442151;-0.411587;9.564916;0.007918;-0.030148;-0.061091;0.360139;0.241219;-0.531255
406;-0.691175;-0.435112;9.399258;0.03743;-0.037019;-0.055927;0.358592;0.242844;-0.532443
407;-0.297356;-0.76166;9.713759;0.087264;-0.018089;-0.007307;0.358983;0.240328;-0.533041
408;-0.279282;-0.794256;9.930066;0.06762;-0.013749;-0.015121;0.35753;0.238716;-0.533093
409;-0.602596;-0.644174;9.991969;0.046324;-0.023824;-0.050594;0.356468;0.23944;-0.535305
410;-0.670156;-0.330582;9.837414;0.026329;-0.076;-0.061348;0.355652;0.23931;-0.535616
411;-0.424086;-0.101959;9.694118;0.028213;-0.036839;-0.039746;0.353764;0.239574;-0.535996
412;-0.264775;-0.179544;9.687449;0.022782;0.002442;0.001424;0.352304;0.239231;-0.538344
413;-0.330301;-0.218921;9.805978;0.038944;0.016554;0.004911;0.355056;0.238807;-0.536843
414;-0.417952;-0.255762;9.902505;0.034529;0.00932;-0.010224;0.354674;0.239194;-0.536472
415;-0.484438;-0.219017;9.82934;0.031789;0.005828;-0.005781;0.353009;0.239349;-0.537638
416;-0.501844;-0.28151;9.71713;0.028283;0.011147;-0.005739;0.353023;0.236685;-0.537854
417;-0.503778;-0.415071;9.755401;-0.012898;0.016535;-5.4e-05;0.353913;0.236113;-0.536322
418;-0.486725;-0.398051;9.74586;0.001428;-0.00306;-0.016277;0.353913;0.236113;-0.536322
419;-0.442315;-0.338072;9.87524;0.029756;-0.025076;-0.002382;0.353308;0.23774;-0.537323
420;-0.393691;-0.340072;9.788019;0.019262;0.002329;-0.005701;0.353319;0.236741;-0.539709
421;-0.445147;-0.291674;9.809802;0.024592;0.005008;-0.000396;0.353035;0.238273;-0.537349
422;-0.445249;-0.257714;9.807526;0.012026;0.011283;0.007748;0.353193;0.237401;-0.539462
423;-0.452503;-0.308576;9.795095;0.01562;0.010384;0.006816;0.353174;0.236411;-0.537573
424;-0.462302;-0.267483;9.821961;0.015515;-0.004659;0.004964;0.353548;0.23749;-0.537839
425;-0.445348;-0.291422;9.758755;0.021001;0.004153;0.001406;0.353072;0.235597;-0.537162
426;-0.462245;-0.298971;9.814526;0.031794;0.004063;-0.005799;0.352463;0.236961;-0.538292
427;-0.427894;-0.306323;9.829288;0.011828;-0.022341;0.003121;0.352766;0.236413;-0.53773
428;-0.442629;-0.282095;9.83417;-0.002233;0.002327;-0.007301;0.353262;0.235107;-0.538612
429;-0.43298;-0.281917;9.797768;0.001525;0.003943;-0.025106;0.352946;0.236921;-0.536793
430;-0.462291;-0.289247;9.809709;0.019161;0.002399;0.004078;0.35284;0.236444;-0.538795
431;-0.476935;-0.291718;9.81933;0.013824;0.003254;0.000568;0.352677;0.235725;-0.537053
432;-0.464642;-0.296617;9.829107;0.019215;0.000557;-0.003936;0.353677;0.235899;-0.538203
433;-0.452621;-0.272178;9.790399;0.026367;0.000574;-0.002212;0.353977;0.235618;-0.537646
434;-0.428047;-0.228798;9.844226;0.010166;0.00244;0.006835;0.352361;0.234685;-0.538121
435;-0.437901;-0.262553;9.805119;0.012086;0.018347;0.006897;0.353646;0.233922;-0.539102
436;-0.437971;-0.257631;9.790555;0.003083;0.002392;-0.000227;0.35407;0.234577;-0.538556
437;-0.467272;-0.257722;9.809822;0.004985;0.016505;-0.00195;0.353129;0.235106;-0.53862
438;-0.467265;-0.267398;9.804916;0.038905;0.005885;0.001269;0.352235;0.233352;-0.538236
439;-0.46021;-0.238036;9.751615;0.08193;0.00936;-0.000842;0.352554;0.234061;-0.539568
440;-0.42535;-0.22911;9.907443;0.010081;0.002499;0.014841;0.354507;0.233365;-0.538107
441;-0.474713;-0.165767;9.84909;0.040767;0.011121;-0.005817;0.35369;0.232704;-0.538542
442;-0.49674;-0.252772;9.790216;0.008275;-0.01169;0.008538;0.353149;0.233236;-0.538583
443;-0.418132;-0.161286;9.922382;0.006618;0.011275;0.006925;0.352298;0.232327;-0.539683
444;-0.377111;-0.194377;9.747462;0.039023;0.016486;-0.003099;0.353441;0.233029;-0.540567
445;-0.477177;-0.209247;9.814844;0.042526;0.006717;-0.004085;0.355662;0.232201;-0.539089
446;-0.503725;-0.117889;9.975533;0.085453;0.007516;-0.00442;0.354075;0.230058;-0.539272
447;-0.487001;-0.218873;9.800155;0.024524;-0.00829;-0.004909;0.353526;0.229265;-0.539689
448;-0.502117;-0.061252;9.800782;0.035344;-0.004841;-0.013851;0.353855;0.229038;-0.541002
449;-0.45262;-0.202096;9.839335;0.046256;0.011009;-0.018314;0.354445;0.229411;-0.539907
450;-0.462668;-0.160691;9.803;0.008444;-0.002965;-0.005625;0.354705;0.229417;-0.540026
451;-0.448007;-0.083325;9.84963;-0.009607;0.004299;0.01414;0.35557;0.22906;-0.541307
452;-0.43288;-0.224043;9.863665;-0.004079;-0.002972;-0.007303;0.3533;0.230242;-0.541191
453;-0.452885;-0.15343;9.805525;-0.009677;-0.015188;0.008689;0.35501;0.23;-0.541624
454;-0.428008;-0.112847;9.934697;-0.011353;-0.004672;-0.00012;0.354016;0.229955;-0.540342
455;-0.544415;-0.080381;10.237986;-0.012854;0.033156;-0.01147;0.353854;0.229236;-0.5386
456;-1.086666;-0.473348;10.276618;-0.046108;0.123109;-0.122007;0.355606;0.232628;-0.540036
457;-1.36778;0.080235;10.143726;-0.408252;-0.167104;-0.214793;0.35457;0.239779;-0.538226
458;-1.248563;0.425624;8.947635;-0.349294;-0.545722;-0.279506;0.343051;0.251026;-0.542168
459;0.065437;-0.488566;9.401225;-0.255482;-0.323795;-0.168749;0.332383;0.261056;-0.54537
460;0.428754;-0.755698;9.470297;-0.218302;-0.168469;-0.193105;0.325885;0.269432;-0.545764
461;0.579886;-0.370655;9.572647;0.01294;-0.086286;-0.062889;0.319987;0.273001;-0.550577
462;0.199466;-0.601392;9.165741;-0.06095;0.020301;-0.008464;0.317684;0.273137;-0.551245
463;0.084116;-0.957574;10.091985;-0.114363;-0.08711;0.053605;0.317372;0.275214;-0.549298
464;0.47524;-1.130906;9.8262;-0.124309;-0.115257;0.053565;0.318295;0.278414;-0.548905
465;0.317456;-1.32832;10.030951;-0.246905;-0.165991;0.104942;0.314751;0.280025;-0.550073
466;0.376791;-1.057736;9.743282;-0.19659;-0.148327;0.101994;0.311605;0.284625;-0.548334
467;0.330693;-1.324083;9.663997;-0.097443;-0.125031;0.154606;0.308833;0.286255;-0.549992
468;0.280925;-0.764162;9.223837;-0.219477;-0.081766;0.222592;0.308273;0.287195;-0.550309
469;0.410342;-1.328154;9.99506;-0.039286;-0.071782;0.193557;0.310627;0.287166;-0.548705
470;1.204146;-1.415381;9.46961;-0.102994;-0.124541;0.185005;0.309438;0.286621;-0.548628
471;1.062874;-1.406596;9.658389;-0.279785;-0.069721;0.169843;0.310811;0.289463;-0.544996
472;0.3121;-1.397824;9.865305;-0.171885;0.000613;0.166551;0.312244;0.292874;-0.542574
473;0.318705;-1.44523;9.643923;-0.01025;0.039186;0.150297;0.314545;0.291607;-0.539746
474;-0.116816;-1.666047;10.175026;0.133097;0.06174;0.145595;0.318098;0.288531;-0.538684
475;-0.141764;-0.956722;9.925306;0.174469;-0.029268;0.042602;0.319726;0.283612;-0.539033
476;-0.664867;-0.991478;10.101819;0.117431;-0.075937;-0.031062;0.320317;0.281132;-0.540823
477;-0.413651;-0.711763;9.433728;0.062148;-0.083793;-0.049262;0.317202;0.279408;-0.542036
478;0.048455;-1.04766;9.675682;0.105709;0.025092;-0.02589;0.314783;0.278541;-0.544964
479;-0.304555;-1.100173;9.515272;0.04621;-0.024279;-0.01506;0.313917;0.278368;-0.543806
480;0.363151;-1.092883;9.986122;0.078199;-0.056157;-0.025156;0.313809;0.278025;-0.545811
481;0.671636;-1.595617;9.642971;0.020742;0.012878;-0.032351;0.311923;0.277358;-0.546306
482;1.166334;-1.015916;10.093496;0.070699;-0.046767;0.018666;0.310784;0.276856;-0.547698
483;1.634622;-0.909868;9.722506;0.09551;0.208267;0.06258;0.314033;0.274461;-0.547201
484;0.925021;-1.12046;9.663712;0.015346;0.186471;0.001627;0.3183;0.275351;-0.54457
485;0.548377;-0.806701;9.973981;0.277378;0.304544;0.01343;0.323665;0.270854;-0.544714
486;0.021353;-1.144762;10.187978;0.348884;0.455693;-0.054057;0.33348;0.262705;-0.542131
487;-1.363282;-0.8165;10.042424;0.273555;0.30608;0.035402;0.3418;0.255555;-0.537513
488;-1.445404;-0.693981;9.787243;0.237391;0.182831;-0.020979;0.348208;0.250679;-0.538126
489;-0.613669;-0.586982;9.705324;0.133134;0.220075;-0.146045;0.351247;0.24905;-0.536453
490;-0.233992;-0.579405;9.143735;-0.028036;0.118265;-0.211016;0.351695;0.250224;-0.53538
491;-0.218474;-0.472354;10.053452;-0.008714;0.071052;-0.234502;0.353123;0.255434;-0.535132
492;-0.082529;-0.364598;9.836002;-0.042665;0.156586;-0.167936;0.353817;0.259942;-0.533842
493;-0.506533;-0.562101;9.57483;-0.031685;0.130556;-0.104244;0.355821;0.262807;-0.530842
494;-0.607124;-0.463386;10.211543;-0.03019;0.029975;-0.070986;0.355917;0.263554;-0.52898
495;-0.213368;-0.638711;9.367228;0.06641;0.077579;-0.095525;0.357183;0.264528;-0.529996
496;-0.631386;-1.522151;9.530786;0.043542;0.003253;-0.089695;0.357722;0.264794;-0.529836
497;-0.235917;-1.105129;9.535117;0.124299;-0.036141;-0.047767;0.355244;0.263888;-0.53143
498;-0.108071;-1.010925;9.115797;0.141209;-0.032305;-0.022967;0.354593;0.260953;-0.531678
499;-0.030826;-0.978802;9.483474;0.146263;0.063997;0.081568;0.353848;0.259129;-0.533423
500;-0.656962;-0.83686;9.728226;0.117329;0.004413;0.053853;0.355611;0.254077;-0.533762
501;-0.294023;-0.697522;9.983896;0.065316;0.002752;0.053468;0.353907;0.250995;-0.5338
502;-0.552999;-0.473395;10.2726;0.072997;-0.110123;0.092817;0.352881;0.248379;-0.535946
503;-0.613275;-0.253979;10.037441;0.093744;-0.069302;0.110663;0.352329;0.244533;-0.536974
504;-0.71251;0.003845;9.882437;0.139975;0.010188;0.109834;0.352403;0.242438;-0.5384
505;-0.713958;0.203828;9.652412;0.142258;0.064061;0.100343;0.353745;0.237129;-0.539158
506;-0.621073;0.179829;9.599394;0.04921;0.029453;0.067145;0.355171;0.234434;-0.537957
507;-0.429116;0.052876;9.767719;-0.018815;-0.022112;0.021209;0.355564;0.230986;-0.53867
508;-0.007144;-0.001475;9.959665;0.009317;-0.04742;-0.045785;0.354427;0.233805;-0.539457
509;-0.2511;-0.205513;10.035024;0.015742;-0.013832;-0.035053;0.352719;0.234514;-0.541305
510;-0.565793;-0.041879;9.807773;0.010334;-0.003108;-0.019867;0.353262;0.234443;-0.538733
511;-0.462826;-0.211242;9.727413;-0.012771;0.02709;-0.008856;0.352306;0.234979;-0.539065
512;-0.398544;-0.436792;9.731639;0.019476;0.051992;0.014108;0.353509;0.234986;-0.538997
513;-0.427377;-0.461637;9.85289;0.056838;-0.006616;-0.009636;0.353308;0.232894;-0.540572
514;-0.480962;-0.271058;10.055191;0.029614;-0.039267;-0.004226;0.353646;0.23193;-0.539465
515;-0.494258;-0.194815;9.839113;0.026232;-0.027812;-0.013026;0.351756;0.232992;-0.539727
516;-0.339232;-0.142668;10.078525;-0.033724;0.018453;0.014429;0.353795;0.232523;-0.541473
517;-0.774102;-0.136479;10.309245;-0.064528;0.063153;-0.017151;0.350618;0.233818;-0.540876
518;-1.282352;-0.23186;10.485573;-0.037498;0.220294;-0.116215;0.355863;0.236285;-0.537151
519;-0.719659;0.102029;10.624246;-0.314194;-0.264337;-0.210633;0.355732;0.242261;-0.536069
520;-1.065501;0.585783;8.92032;-0.369934;-0.573207;-0.400363;0.340633;0.255535;-0.541723
521;-0.372833;-0.379028;8.837514;-0.349429;-0.381478;-0.312401;0.326478;0.270138;-0.546947
522;-0.383821;-0.625336;9.609326;-0.337229;-0.207001;-0.147974;0.31834;0.281245;-0.545214
523;0.541609;-0.838541;9.521933;-0.15349;-0.207161;0.0375;0.313953;0.288151;-0.547892
524;0.171149;-0.922732;9.883901;-0.167859;-0.185073;0.153272;0.308639;0.290629;-0.547171
525;0.681915;-1.364589;9.974957;-0.159316;-0.177419;0.213727;0.305804;0.29176;-0.550027
526;0.555647;-1.9507;9.830517;-0.189036;-0.158426;0.162391;0.304163;0.293763;-0.550426
527;0.854144;-2.085856;9.693172;-0.192686;-0.220514;0.126546;0.302742;0.296058;-0.55162
528;0.963914;-1.536139;9.351178;-0.20939;-0.028443;0.044209;0.301819;0.297641;-0.551168
529;1.124509;-1.239742;9.260872;-0.2072;0.159028;0.255849;0.302833;0.301359;-0.547413
530;1.150419;-1.309205;9.576722;-0.214121;0.218313;0.269563;0.310887;0.30231;-0.54136
531;0.353632;-1.636971;9.677293;-0.27027;0.176096;0.207389;0.319134;0.303894;-0.534106
532;0.19313;-1.365215;10.139408;-0.235149;0.002921;0.227544;0.325172;0.305239;-0.52831
533;0.089443;-1.313363;9.954266;-0.192207;-0.070042;0.175214;0.326457;0.307259;-0.523998
534;-0.493848;-1.305228;9.795151;-0.085936;-0.104704;0.078026;0.326658;0.309351;-0.522423
535;-0.635808;-1.464745;9.691456;-0.042281;-0.028868;0.068241;0.326143;0.309604;-0.522056
536;-0.483131;-1.494889;9.898876;0.0712;0.005869;0.015054;0.326132;0.308547;-0.522437
537;-0.504674;-1.756499;9.84164;0.059271;0.088993;0.020888;0.326555;0.306481;-0.52478
538;-0.920444;-1.541217;9.470585;0.072989;-0.015416;0.009504;0.328244;0.306181;-0.523208
539;0.007199;-1.705438;9.310229;0.045952;-0.052277;0.009647;0.3274;0.305268;-0.524174
540;0.064571;-1.542451;9.695398;0.126917;-0.01021;-0.013872;0.326754;0.303197;-0.526577
541;0.662909;-1.640453;9.883365;0.15491;-0.110981;-0.023447;0.326054;0.30195;-0.529801
542;0.880205;-1.322511;9.331921;0.24814;-0.157256;-0.065301;0.31971;0.296703;-0.534605
543;1.521942;-1.054768;9.604472;0.24312;-0.016962;-0.103491;0.316196;0.292788;-0.538606
544;0.918486;-1.541972;9.576667;0.228695;0.118363;-0.074361;0.316707;0.29081;-0.539341
545;0.257001;-1.396916;10.173687;0.20624;0.044167;-0.046183;0.317737;0.28685;-0.540677
546;0.387316;-1.278571;9.77637;0.031179;0.175892;0.023567;0.321026;0.28417;-0.539504
547;-0.238231;-1.572368;9.868423;-0.058994;-0.007748;0.04987;0.322144;0.286542;-0.538149
548;-0.240719;-1.311319;10.039759;0.015683;0.034411;0.032626;0.323583;0.284637;-0.536561
549;0.030641;-1.496961;9.814508;0.063403;0.017355;0.10062;0.32268;0.282957;-0.538719
550;-0.322463;-1.247274;9.840221;-0.015509;0.014783;0.004315;0.324186;0.282416;-0.538089
551;-0.001756;-0.930742;10.06241;0.075595;0.047761;-0.057513;0.324055;0.282148;-0.538091
552;0.248328;-1.054499;10.073103;0.107043;0.110868;-0.11788;0.323732;0.281112;-0.539292
553;0.243711;-1.05661;9.518835;0.133425;0.127562;-0.03444;0.326994;0.279508;-0.538409
554;-0.309023;-0.955711;9.724956;0.046187;0.015687;-0.090403;0.326867;0.280301;-0.538164
555;-0.044329;-1.120453;9.686934;0.146542;0.058298;-0.059864;0.32718;0.27809;-0.540109
556;0.34379;-1.221244;9.953816;0.037785;0.035716;-0.034137;0.327177;0.277029;-0.540356
557;0.121189;-0.824449;9.650409;-0.022459;0.081471;-0.068951;0.328003;0.278216;-0.539663
558;-0.010078;-1.393512;9.49143;0.071744;0.107952;-0.054577;0.330349;0.277527;-0.538314
559;0.029143;-1.313832;9.560099;0.131866;0.11661;-0.066566;0.331768;0.278092;-0.539047
560;0.348578;-1.118953;9.373343;0.203775;0.185794;-0.040041;0.334572;0.274321;-0.537212
561;0.03614;-1.115232;9.609665;0.266104;0.18588;-0.008585;0.339474;0.269386;-0.536171
562;-0.20921;-0.882523;9.633531;0.301284;0.143648;0.022908;0.342108;0.262645;-0.537898
563;-0.35389;-0.998199;9.491127;0.331461;0.147469;0.061761;0.344832;0.255194;-0.538137
564;-0.666633;-0.762095;9.811156;0.205927;0.063921;0.000989;0.348033;0.248972;-0.539173
565;-0.373699;-0.475918;9.797245;0.138244;-0.039544;0.074886;0.346731;0.24443;-0.539428
566;-0.186356;-0.298727;10.248908;0.143511;-0.05029;0.062404;0.346242;0.240222;-0.541781
567;-0.401512;-0.141963;10.428185;0.118571;0.014446;0.092292;0.346934;0.234634;-0.542303
568;-0.517026;-0.068224;9.739888;0.10121;0.045328;0.07301;0.348809;0.232251;-0.542553
569;-0.664716;0.019804;9.595964;0.019693;0.013449;0.053935;0.350601;0.231967;-0.54151
570;-0.303046;0.001238;9.418217;0.002218;-0.073128;0.042107;0.349274;0.228368;-0.542051
571;0.16455;-0.142074;9.945492;0.129731;-0.075544;-0.01402;0.348974;0.229977;-0.542366
572;0.081711;-0.08456;10.086234;0.063959;-0.029741;-0.036354;0.345226;0.227707;-0.547882
573;-0.208221;0.042469;9.905154;0.031874;0.023552;-0.007383;0.344758;0.227139;-0.546828
574;-0.497519;0.076871;9.820888;0.033987;0.05879;-0.014369;0.34522;0.225648;-0.545972
575;-0.442576;-0.321187;9.868298;0.089795;0.079803;-0.028846;0.347753;0.22369;-0.545682
576;-0.310151;-0.418156;9.858944;0.028297;0.003999;-0.018066;0.348147;0.22436;-0.545672
577;-0.340342;-0.262465;9.759806;0.01449;-0.028522;-0.002105;0.348087;0.224391;-0.546746
578;-0.345231;-0.233473;9.781786;-0.006151;-0.009768;0.017731;0.348675;0.224898;-0.545652
579;-0.291006;-0.308858;9.823098;-0.007858;0.007956;0.023173;0.348264;0.224503;-0.545936
580;-0.271615;-0.233701;9.825992;0.007376;-0.008103;0.006971;0.348307;0.224549;-0.547538
581;-0.291454;-0.085606;9.816548;0.004732;-0.020603;-0.00654;0.349492;0.223283;-0.546219
582;-0.212971;0.013287;9.922008;0.018925;-0.016966;0.00673;0.348919;0.226089;-0.546439
583;-0.186551;0.06885;10.454776;0.014166;0.058753;-0.016808;0.349042;0.225033;-0.546813
584;-0.823732;0.060114;10.275806;-0.099578;0.134512;-0.048474;0.350252;0.225099;-0.544206
585;-1.492127;-0.166882;10.100511;-0.347478;0.026074;-0.242775;0.352713;0.233056;-0.541678
586;-1.114715;0.530523;8.81767;-0.426952;-0.682853;-0.416501;0.339535;0.24658;-0.546292
587;-0.158004;-0.040324;8.967055;-0.276606;-0.374809;-0.355416;0.32601;0.259035;-0.54946
588;0.388251;-0.638377;9.259376;-0.181961;-0.173446;-0.258192;0.316249;0.267556;-0.550979
589;0.917841;-0.866617;9.305337;0.003551;-0.104304;-0.11614;0.309005;0.274577;-0.5554
590;0.596649;-0.852115;9.813909;-0.073158;0.072348;0.082802;0.309172;0.275624;-0.554609
591;0.510028;-0.795344;9.614307;-0.131313;0.135641;0.23655;0.312592;0.276665;-0.55283
592;0.578861;-1.303866;9.957586;-0.157904;0.056124;0.243406;0.321073;0.273955;-0.549357
593;0.406818;-1.409984;10.335257;-0.320123;0.041178;0.139706;0.322292;0.277339;-0.54601
594;0.006404;-1.475873;9.938704;-0.308658;0.049418;0.07555;0.32328;0.284157;-0.541404
595;-0.494951;-1.785775;9.851563;-0.169466;0.004263;-0.002434;0.324957;0.290507;-0.53889
596;-0.178833;-1.120317;9.146738;-0.263867;-0.034086;0.018716;0.32432;0.295802;-0.537423
597;-0.108428;-1.076741;9.650552;-0.152778;0.0109;0.134557;0.325965;0.29891;-0.533646
598;0.784679;-1.605839;9.745712;-0.110944;0.001556;0.27102;0.329497;0.298001;-0.530867
599;0.598365;-1.494325;9.757233;-0.215975;0.145203;0.213951;0.331548;0.298583;-0.52742
600;-0.301818;-1.258274;10.102828;-0.275095;-0.022408;0.165432;0.334531;0.300102;-0.523805
601;-0.425208;-1.184522;9.90308;-0.130786;0.054716;0.111287;0.336355;0.303787;-0.5215
602;-0.359813;-1.718384;9.976398;-0.071333;-0.017771;0.121017;0.339393;0.305082;-0.519347
603;-0.716797;-1.433065;9.661934;0.002021;-0.110361;0.054095;0.339125;0.303752;-0.519604
604;-0.432214;-1.278539;9.299761;0.073927;-0.076709;0.057295;0.33719;0.303509;-0.520912
605;-0.376949;-1.434978;9.549761;0.114074;-0.074028;-0.03017;0.335199;0.300106;-0.523767
606;-0.264485;-1.533888;9.443043;0.056754;-0.096993;-0.041379;0.334902;0.300119;-0.524319
607;-0.052426;-1.538244;9.828395;0.041793;-0.123149;-0.000449;0.329634;0.299126;-0.528208
608;0.294473;-1.491456;9.675164;0.055941;-0.113946;0.031552;0.326866;0.297565;-0.53034
609;0.618652;-1.809373;9.717025;0.038254;-0.14164;-0.010237;0.325376;0.299364;-0.532864
610;0.944374;-1.468527;9.409707;0.109884;-0.146033;-0.015949;0.320388;0.298265;-0.535821
611;0.679215;-1.308033;9.326165;0.090701;-0.04599;0.006062;0.318669;0.296454;-0.538291
612;0.442039;-1.383939;9.970966;0.071386;0.002289;-0.014892;0.318234;0.294078;-0.53934
613;0.421749;-1.496633;9.712658;0.213709;0.125966;-0.002983;0.319169;0.291426;-0.539771
614;-0.026822;-1.70435;10.046844;0.271813;0.069686;0.056613;0.320292;0.285823;-0.539734
615;0.275822;-1.401151;10.023346;0.21425;0.102117;0.108924;0.324686;0.280542;-0.540721
616;0.285926;-1.05289;9.721144;0.073847;0.09511;0.086967;0.326931;0.276183;-0.541847
617;-0.137371;-1.05795;9.774433;0.070549;0.122293;-0.027633;0.330614;0.272243;-0.538622
618;-0.087915;-1.155242;9.832632;0.018599;0.074317;-0.063922;0.333073;0.271432;-0.537665
619;-0.51899;-1.031673;9.864584;0.059983;0.008065;-0.145582;0.331849;0.274094;-0.537652
620;-0.184993;-0.750293;10.329778;0.009327;-0.026206;-0.131903;0.329116;0.276766;-0.538392
621;0.409611;-0.737275;9.643127;0.08823;0.088826;-0.030497;0.328832;0.276242;-0.5388
622;0.410034;-1.15347;9.461347;0.237115;0.072467;-0.061219;0.329681;0.271306;-0.538791
623;0.209338;-1.250171;9.406195;0.259681;0.123864;-0.037169;0.333274;0.268613;-0.541745
624;0.199872;-1.110414;9.586658;0.21797;0.25608;0.021701;0.337112;0.26327;-0.540756
625;0.096385;-0.896898;9.56512;0.161901;0.265569;-0.012452;0.342571;0.259123;-0.539165
626;-0.598268;-0.960402;9.674817;0.14855;0.224356;-0.058914;0.348194;0.255626;-0.536907
627;-0.696517;-0.814622;9.645436;0.171127;0.103965;-0.075888;0.351352;0.253051;-0.536256
628;-0.45981;-0.610702;9.594341;0.165799;0.143148;-0.050673;0.351773;0.250518;-0.536317
629;-0.605736;-0.502483;9.290087;0.293642;0.142353;-0.126439;0.352892;0.24731;-0.535925
630;-0.414134;-0.459825;9.485924;0.128372;0.051387;-0.043714;0.354746;0.243478;-0.536816
631;0.08236;-0.302874;10.099826;0.04873;-0.110686;0.004213;0.351681;0.242659;-0.536975
632;0.035167;-0.49842;10.414652;0.044367;-0.11447;0.085119;0.348467;0.239791;-0.540176
633;-0.162103;-0.467609;10.073265;0.005887;-0.002202;0.081552;0.348165;0.239541;-0.540857
634;-0.396259;-0.112756;9.915445;-0.005333;0.00716;0.140392;0.349894;0.236962;-0.538972
635;-0.928767;-0.101424;9.598653;0.022496;0.010612;0.141869;0.352042;0.236039;-0.538833
636;-1.073048;-0.343267;9.470259;-0.017387;0.060146;0.144179;0.35504;0.233502;-0.53808
637;-0.594939;-0.426413;9.599216;-0.056532;-0.041449;0.031987;0.355141;0.234449;-0.538493
638;0.228015;-0.08385;9.938854;0.008834;-0.073565;-0.009438;0.354253;0.234818;-0.537615
639;0.669227;-2e-05;10.138842;0.08186;0.023758;0.006571;0.352567;0.234187;-0.539302
640;-0.721539;-0.20011;9.934928;0.182376;0.023155;-0.015853;0.353919;0.232061;-0.539319
641;-1.059286;-0.700427;9.6097;0.06893;0.098803;-0.067112;0.355162;0.230453;-0.538817
642;-0.781477;-0.256616;9.593986;0.053216;-0.025268;-0.12;0.353396;0.229661;-0.53957
643;-0.315484;-0.378583;9.727552;0.050702;0.012018;-0.109051;0.35256;0.230737;-0.540039
644;-0.055298;-0.454396;9.850345;0.049042;0.029711;-0.110688;0.350944;0.233258;-0.539911
645;-0.108913;-0.403945;9.947479;0.020678;0.001816;-0.06792;0.350774;0.233807;-0.540466
646;-0.408911;-0.112237;9.810844;0.022792;-0.012793;-0.017339;0.350328;0.233828;-0.541294
647;-0.4481;-0.204041;9.742121;0.01375;0.004248;0.01037;0.34955;0.233014;-0.541055
648;-0.200704;-0.189746;9.787459;0.035268;0.029151;0.026373;0.349678;0.232221;-0.5413
649;-0.315207;-0.248431;9.888584;0.024577;0.023708;0.01396;0.349545;0.231423;-0.541426
650;-0.418121;-0.214466;9.888107;0.031677;-0.01009;-0.007631;0.350358;0.231156;-0.541241
651;-0.467586;-0.175521;9.834778;0.013072;-0.008492;-0.032225;0.351547;0.231322;-0.540799
652;-0.467792;-0.148679;9.800868;0.00319;-0.004874;-0.025008;0.350097;0.231506;-0.54289
653;-0.396726;-0.230944;9.762034;0.024767;0.027983;-0.00545;0.351114;0.230805;-0.541482
654;-0.35022;-0.192273;9.786805;0.044261;0.003236;-0.003951;0.350691;0.230814;-0.541908
655;-0.330602;-0.204401;9.78687;0.029979;0.006778;-0.005591;0.349372;0.229203;-0.541952
656;-0.359282;-0.30158;9.849177;-0.000431;0.00589;-0.005507;0.350011;0.230266;-0.542848
657;-0.423704;-0.203937;9.720394;0.013711;-0.025961;-0.00935;0.350551;0.231063;-0.542565
658;-0.354331;-0.27265;9.883371;0.024599;-0.006581;-0.012888;0.350239;0.229756;-0.543627
659;-0.325682;-0.172657;9.767324;0.044466;0.044892;0.011247;0.349823;0.230426;-0.543797
660;-0.433089;-0.160948;9.854229;0.03711;0.009428;0.001325;0.350104;0.229889;-0.543637
661;-0.462483;-0.151256;9.856524;0.022661;-0.00735;0.001351;0.351528;0.227991;-0.542317
662;-0.404014;-0.170597;9.818174;0.029921;0.004131;-0.002943;0.350802;0.226707;-0.543026
663;-0.335698;-0.109901;9.801855;0.017256;-0.018847;-0.007388;0.349278;0.227523;-0.54393
664;-0.35999;-0.158467;9.81607;0.004728;-0.001042;0.007027;0.350399;0.227636;-0.542933
665;-0.389419;-0.122149;9.828209;0.006444;0.000795;0.015915;0.349278;0.226859;-0.544051
666;-0.377045;-0.153735;9.840295;0.011907;-0.006424;-0.000176;0.34927;0.226199;-0.544307
667;-0.36491;-0.146354;9.818525;-0.002226;0.021006;0.000978;0.351786;0.226422;-0.542163
668;-0.409094;-0.148616;9.786643;0.004876;0.00593;-0.003615;0.35086;0.227544;-0.544242
669;-0.399284;-0.126889;9.80625;0.004817;0.00331;-6.6e-05;0.351718;0.226456;-0.54337
670;-0.409015;-0.146299;9.808532;0.011929;-0.001991;0.001621;0.3521;0.226867;-0.543624
671;-0.391931;-0.151067;9.791599;0.024651;0.000487;-0.017142;0.351124;0.227149;-0.544353
672;-0.386926;-0.117372;9.842832;0.02087;-0.011793;-0.006499;0.3506;0.224084;-0.544726
673;-0.389481;-0.095487;9.830761;0.014467;0.009716;0.026571;0.350492;0.224468;-0.544204
674;-0.396815;-0.11725;9.818462;0.003216;0.012908;-0.014227;0.351845;0.224335;-0.543858
675;-0.416415;-0.122061;9.811028;-0.004051;0.016582;0.000965;0.353575;0.226475;-0.543533
676;-0.438446;-0.15106;9.791313;0.022615;-0.006396;0.005061;0.351932;0.224556;-0.542253
677;-0.406744;-0.126744;9.777034;0.005622;0.011421;0.017752;0.350921;0.225988;-0.545813
678;-0.374767;-0.136605;9.808786;0.015499;-0.014437;-0.00736;0.351338;0.224583;-0.543356
679;-0.384348;-0.190035;9.8255;-0.012238;0.000708;0.003611;0.351206;0.225113;-0.54324
680;-0.428796;-0.126716;9.772038;0.0029;-0.014356;0.000739;0.351325;0.227115;-0.543138
681;-0.32788;-0.122579;9.913664;0.013644;-0.015295;-0.00378;0.352417;0.227109;-0.542675
682;-0.365209;-0.116979;9.762749;0.003027;0.004227;0.001737;0.350327;0.225345;-0.542225
683;-0.428681;-0.088194;9.828123;0.017348;0.007727;0.002523;0.349799;0.226072;-0.544408
684;-0.408981;-0.134258;9.825603;0.011909;0.006922;0.010563;0.350866;0.224219;-0.544713
685;-0.37486;-0.134072;9.78692;0.01382;0.000593;-0.007266;0.351173;0.225396;-0.543782
686;-0.338228;-0.11463;9.77751;0.014616;-0.004638;-0.000179;0.350434;0.226358;-0.544912
687;-0.369898;-0.151071;9.791734;0.008453;-0.001184;-0.009011;0.350915;0.225921;-0.54354
688;-0.369753;-0.134337;9.840428;-0.001598;0.009691;0.021366;0.35158;0.226192;-0.543507
689;-0.374547;-0.175547;9.83778;-0.004067;0.00414;-0.007104;0.350742;0.226738;-0.5441
690;-0.367348;-0.153616;9.816047;-0.013957;0.006874;0.000109;0.35139;0.227284;-0.544341
691;-0.364907;-0.13669;9.825862;0.001251;0.002411;-0.002705;0.350059;0.226742;-0.544406
692;-0.384594;-0.141393;9.79655;0.01014;0.013152;0.01417;0.351022;0.228264;-0.545985
693;-0.445681;-0.093197;9.859597;0.002814;-0.021434;0.001596;0.349502;0.227414;-0.544718
694;-0.413963;-0.095483;9.830611;-0.025481;0.012981;-0.009543;0.350471;0.229794;-0.543639
695;-0.387082;-0.165509;9.769685;-0.005612;0.014602;-0.024822;0.350207;0.228197;-0.54389
696;-0.291434;-0.21407;9.779774;-0.005863;0.002417;-0.005315;0.350827;0.22982;-0.544421
697;-0.291413;-0.204431;9.791972;0.021864;0.007742;0.001601;0.349954;0.230978;-0.543156
698;-0.384348;-0.190035;9.8255;0.024538;0.012163;0.005148;0.34968;0.230183;-0.543423
699;-0.379314;-0.195042;9.857108;-0.014655;0.017343;-0.014063;0.35035;0.230053;-0.543383
700;-0.408296;-0.200368;9.95414;0.031196;0.049089;-0.012496;0.350763;0.230315;-0.543097
701;-0.45178;-0.186592;10.11194;0.050472;0.084115;-0.042701;0.353053;0.230053;-0.542695
702;-0.720637;0.04797;9.761321;0.010705;0.080145;0.001158;0.353101;0.228434;-0.542127
703;-0.698551;0.033758;9.717362;-0.085902;0.012579;-0.058128;0.354534;0.229435;-0.540704
704;-0.566438;-0.036236;9.647359;-0.051905;-0.042556;-0.096929;0.353023;0.233168;-0.540861
705;-0.345201;-0.126821;9.816031;-0.068808;-0.100499;-0.057058;0.350578;0.235433;-0.54131
706;-0.184142;-0.25911;9.592777;-0.086354;-0.042834;-0.04149;0.348692;0.239485;-0.543366
707;-0.063479;-0.363928;9.699996;-0.094495;-0.028504;-0.020888;0.347231;0.242793;-0.54271
708;-0.011226;-0.52691;9.801667;-0.113309;-0.032929;-0.022548;0.346136;0.245856;-0.542696
709;-0.079848;-0.63833;9.752395;-0.072789;-0.017191;-0.036908;0.346166;0.248786;-0.541036
710;-0.275435;-0.679715;9.789899;-0.037866;-0.00484;-0.028273;0.345144;0.249952;-0.540047
711;-0.339378;-0.551257;9.804678;0.001643;0.032341;-0.014164;0.347065;0.251532;-0.538765
712;-0.374071;-0.41781;9.79049;-0.029132;0.010446;0.00377;0.345746;0.25185;-0.540851
713;-0.501627;-0.373973;9.755876;-0.057836;-0.001054;0.000374;0.346482;0.251819;-0.539606
714;-0.437408;-0.483087;9.777374;-0.061355;0.002482;0.00205;0.346148;0.251025;-0.53678
715;-0.444653;-0.449377;9.826101;-0.004882;0.017446;0.004337;0.346714;0.252871;-0.535847
716;-0.432589;-0.422573;9.799559;0.014028;0.028895;0.001579;0.347069;0.254359;-0.53639
717;-0.383673;-0.475688;9.750999;0.077592;0.055555;0.026094;0.348939;0.252377;-0.536647
718;-0.446823;-0.611641;9.784022;0.087216;0.035281;0.036549;0.347877;0.250374;-0.536936
719;-0.504776;-0.513556;10.056368;-0.001032;-0.006958;0.050401;0.349631;0.249579;-0.536688
720;-0.679698;-0.365087;9.924983;-0.181409;-0.060618;0.050848;0.349004;0.252836;-0.537209
721;-0.702387;-0.383594;9.744877;-0.216347;-0.115665;0.013485;0.347344;0.25664;-0.535237
722;-0.324811;-0.696105;9.672841;-0.069686;-0.075482;-0.027511;0.345379;0.258405;-0.536719
723;0.096304;-0.56088;9.778137;0.003294;-0.013688;-0.03392;0.344097;0.26023;-0.535489
724;0.080973;-0.436823;9.700823;0.024234;0.048258;-0.023078;0.344798;0.259887;-0.537315
725;-0.264958;-0.699909;9.950306;0.029442;0.067837;0.00891;0.345704;0.259307;-0.535514
726;-0.345542;-0.874153;9.880953;0.030095;0.029833;0.010441;0.347292;0.259324;-0.535692
727;-0.355904;-0.776771;9.803547;0.053136;0.006028;0.018137;0.346663;0.258503;-0.535177
728;-0.393609;-0.611199;9.667945;0.024578;-0.006459;-0.002132;0.346271;0.257699;-0.535184
729;-0.383568;-0.519678;9.794828;0.053254;0.006768;0.000388;0.346245;0.257313;-0.535713
730;-0.403006;-0.531944;9.823823;0.05873;0.025333;0.003106;0.346614;0.256136;-0.536472
731;-0.442341;-0.471315;9.823858;0.01939;0.032436;0.001692;0.346774;0.25506;-0.536175
732;-0.437284;-0.558517;9.804045;0.001456;0.032505;0.007163;0.348765;0.254345;-0.534043
733;-0.578405;-0.528172;10.046401;-0.004454;-0.031173;0.00864;0.347248;0.253165;-0.535176
734;-0.39847;-0.490409;9.760839;-0.002594;-0.037317;0.003282;0.346641;0.255724;-0.536061
735;-0.325233;-0.53366;9.678442;-0.013103;-0.010778;0.001734;0.347024;0.256001;-0.536312
736;-0.248943;-0.630837;9.712498;-0.016581;-0.006412;-0.005328;0.346154;0.25543;-0.535281
737;-0.182413;-0.670054;9.795376;0.013788;0.002507;0.008703;0.346595;0.256545;-0.536748
738;-0.192187;-0.655575;9.809967;0.048228;0.033187;-0.014535;0.345749;0.255765;-0.537717
739;-0.226791;-0.597156;9.766266;0.028415;0.032442;-0.001925;0.347981;0.256128;-0.53586
740;-0.307473;-0.587612;9.799847;0.022996;0.02534;-0.003707;0.347816;0.256277;-0.536406
741;-0.375983;-0.580398;9.814044;0.034393;0.018424;0.017493;0.348083;0.255614;-0.536512
742;-0.373691;-0.543953;9.79964;0.019316;0.028093;0.008782;0.347822;0.252951;-0.536877
743;-0.434801;-0.515061;9.843152;0.005723;0.003316;0.005201;0.34934;0.252669;-0.535984
744;-0.480942;-0.548997;9.866747;-0.022132;0.006122;0.023073;0.349427;0.253264;-0.534899
745;-0.574401;-0.492861;9.795937;-0.034557;-0.001091;0.005344;0.349057;0.254575;-0.534143
746;-0.515573;-0.480878;9.823092;-0.016607;-0.008277;-0.00639;0.348883;0.25486;-0.534826
747;-0.376243;-0.514464;9.746006;-0.011995;-0.003009;-0.014388;0.347714;0.255172;-0.536636
748;-0.275694;-0.543699;9.770798;0.002253;-0.011834;-0.012761;0.346636;0.255967;-0.536712
749;-0.168249;-0.490565;9.786559;0.013756;-0.024176;-0.012752;0.347216;0.256104;-0.535234
750;-0.284985;-0.607519;9.901989;0.028917;0.011403;0.02196;0.347793;0.255624;-0.53693
751;-0.304614;-0.696877;9.828535;0.0156;0.004222;0.006897;0.346768;0.254266;-0.536427
752;-0.336984;-0.587439;9.765635;0.01579;0.01383;-0.007272;0.346565;0.255896;-0.537406
753;-0.368868;-0.548696;9.77777;-0.005716;0.004069;-0.014259;0.346697;0.253967;-0.535356
754;-0.427433;-0.580342;9.804006;0.027249;-0.011856;-0.009293;0.346241;0.254924;-0.536203
755;-0.402548;-0.59016;9.852455;0.019355;0.009355;-0.007478;0.346322;0.25413;-0.537898
756;-0.324493;-0.526981;9.824053;0.003198;-0.0048;-0.014514;0.346205;0.25598;-0.537272
757;-0.310058;-0.461415;9.804995;-0.013004;0.005993;0.003472;0.345188;0.255947;-0.536393
758;-0.354344;-0.514299;9.71211;-0.025488;0.013113;0.007153;0.344752;0.257823;-0.536721
759;-0.356152;-0.609351;9.808897;-0.007536;0.013903;0.001663;0.346908;0.256896;-0.536447
760;-0.309663;-0.606909;9.804332;-0.00744;0.027171;0.00174;0.345213;0.258459;-0.535504
761;-0.294824;-0.660625;9.853069;-0.004088;-0.018915;-0.014397;0.346661;0.257308;-0.535422
762;-0.32454;-0.662613;9.765368;-0.023705;0.002423;-0.003459;0.34571;0.259437;-0.535383
763;-0.32418;-0.534982;9.945835;-0.002339;0.003317;0.003507;0.346627;0.259717;-0.535604
764;-0.47607;-0.742659;9.773795;-0.005762;0.004111;-0.005411;0.344752;0.260772;-0.535596
765;-0.363796;-0.708416;9.711439;-0.0012;-0.003052;-0.019694;0.345584;0.260761;-0.535014
766;-0.212455;-0.533882;9.720457;0.010197;-0.00459;0.003373;0.345571;0.261299;-0.535159
767;-0.285502;-0.60687;9.770723;0.02482;0.030665;-0.001916;0.345349;0.259148;-0.534729
768;-0.348978;-0.650581;9.784719;0.019486;0.051979;0.011564;0.346999;0.258336;-0.533952
769;-0.344168;-0.68914;9.735955;-0.008871;0.073111;-0.002323;0.347284;0.260853;-0.533182
770;-0.363393;-0.684755;9.830661;-0.017735;0.08456;-0.005746;0.350802;0.260319;-0.532303
771;-0.483094;-0.685061;9.895557;-0.007381;0.055508;0.012671;0.351073;0.262046;-0.53192
772;-0.632924;-0.573252;9.846532;0.02466;0.023585;0.006893;0.351493;0.260976;-0.531742
773;-0.579074;-0.619165;9.812621;0.021036;0.017434;0.008669;0.351758;0.259846;-0.529566
774;-0.479896;-0.586264;9.531403;0.024638;0.002415;0.001458;0.352446;0.260042;-0.531536
775;-0.373339;-0.638645;9.823518;0.091818;-0.000465;-0.011542;0.352037;0.258114;-0.529651
776;-0.246261;-0.611798;9.785526;0.092719;0.000462;-0.010633;0.351902;0.258183;-0.532067
777;-0.359061;-0.452049;9.848766;0.105163;0.009366;0.001768;0.351305;0.255688;-0.533657
778;-0.393173;-0.483664;9.867859;0.058706;0.028897;0.006691;0.351273;0.253844;-0.53456
779;-0.555122;-0.504922;9.75738;0.069544;0.044819;0.011991;0.351991;0.252759;-0.53383
780;-0.716319;-0.522292;9.841392;0.056157;0.042941;0.003174;0.354337;0.251405;-0.532601
781;-0.545361;-0.63055;9.662064;0.019655;0.051811;-0.005364;0.354786;0.250453;-0.531889
782;-0.343619;-0.396758;9.455317;0.021373;0.02529;-0.01702;0.355668;0.250619;-0.532778
783;-0.455018;-0.475599;9.709512;0.121234;-0.011934;-0.006503;0.35475;0.251667;-0.532316
784;-0.392814;-0.658113;9.837894;0.113107;-0.026115;-0.010081;0.35396;0.246474;-0.533064
785;-0.271011;-0.442291;9.834765;0.07327;-0.041634;0.024004;0.353007;0.245352;-0.536037
786;-0.275683;-0.447404;9.888192;0.03125;-0.0203;0.033355;0.352894;0.244809;-0.535766
787;-0.353686;-0.413984;9.997254;0.063613;0.007051;0.036787;0.351603;0.243252;-0.537681
788;-0.618624;-0.268268;9.959831;0.0722;0.004671;0.074029;0.351389;0.239769;-0.53736
789;-0.806091;-0.135973;9.691894;0.022129;0.025194;0.087871;0.353416;0.239104;-0.536965
790;-0.919078;-0.168962;9.525478;-0.005687;-0.00224;0.081557;0.354654;0.23761;-0.537111
791;-0.517406;-0.181329;9.564349;-0.002804;-0.027281;0.03878;0.353732;0.238395;-0.536777
792;-0.266701;-0.160866;9.833372;0.054797;-0.050852;-0.022236;0.353243;0.235515;-0.538888
793;-0.040862;-0.094;10.036822;0.07987;-0.049146;-0.027718;0.35174;0.234461;-0.539755
794;-0.207506;0.046406;10.08992;0.074807;-0.006802;-0.03279;0.349836;0.235397;-0.540282
795;-0.46496;-0.151219;9.849216;0.030691;0.021153;0.028112;0.351036;0.234343;-0.540461
796;-0.546148;-0.354063;9.653599;0.049742;0.052099;0.029997;0.350876;0.232914;-0.5406
797;-0.454903;-0.514409;9.711766;0.042631;0.034271;0.01128;0.351977;0.231443;-0.540242
798;-0.388808;-0.301748;9.858994;0.039063;-0.013871;-0.037808;0.352654;0.231973;-0.539947
799;-0.413556;-0.231326;9.839716;0.115068;-0.004978;-0.020597;0.35192;0.231206;-0.541311
800;-0.467755;-0.056892;9.874212;0.029794;0.018449;0.019372;0.351893;0.228164;-0.542324
801;-0.565948;0.013541;9.854485;0.033553;0.041384;0.01679;0.353545;0.229211;-0.54118
802;-0.478138;-0.0924;9.698966;0.048863;0.046713;0.017576;0.352503;0.228128;-0.540951
803;-0.443429;-0.105034;9.801217;0.006692;0.016564;0.000874;0.354513;0.227605;-0.540827
804;-0.344979;-0.27729;9.815619;0.109395;0.03897;-0.050546;0.354111;0.228401;-0.540732
805;-0.433429;0.046953;9.959977;0.088342;0.095412;-0.064262;0.355552;0.224305;-0.541909
806;-0.497815;0.212217;9.887411;0.066608;0.076992;-0.05261;0.357842;0.224043;-0.541507
807;-0.737729;0.038249;9.766034;0.005034;0.035053;-0.001707;0.356812;0.225212;-0.540652
808;-0.732044;0.071092;9.989856;0.00474;0.056608;-0.059376;0.358472;0.224129;-0.539735
809;-0.564013;-0.029315;9.693866;-0.098515;0.045641;-0.023902;0.360592;0.225942;-0.537242
810;-0.664153;-0.126259;9.685516;-0.089516;0.01264;-0.054414;0.360684;0.228356;-0.537551
811;-0.678369;-0.262184;9.711547;-0.039824;-0.026142;-0.033711;0.360329;0.230988;-0.536284
812;-0.604356;-0.183159;9.911691;-0.044457;-0.043855;-0.037295;0.357449;0.232205;-0.53754
813;-0.615184;-0.082775;9.717616;-0.130488;-0.039145;-0.020548;0.357795;0.23383;-0.53822
814;-0.463306;-0.169915;9.681687;-0.137783;-0.050512;-0.011647;0.356047;0.238875;-0.537613
815;-0.393768;-0.461167;9.731831;-0.069665;-0.047088;-0.013108;0.355767;0.241405;-0.53741
816;-0.369452;-0.378796;9.746942;-0.015726;-0.015345;-0.014257;0.353647;0.242446;-0.537015
817;-0.45513;-0.311125;9.795341;-0.005952;-0.013551;-0.007216;0.35297;0.244573;-0.536827
818;-0.420951;-0.318261;9.766349;-0.011564;-0.022183;0.014128;0.352329;0.243493;-0.536575
819;-0.442354;-0.466465;9.82388;0.002759;-0.004412;0.030087;0.353144;0.243559;-0.538669
820;-0.457032;-0.396393;9.875158;-0.022547;-0.007734;0.051628;0.352641;0.243407;-0.53816
821;-0.506833;-0.252751;9.761259;-0.055458;-0.006107;0.028799;0.353946;0.242299;-0.536461
822;-0.624521;-0.233178;9.729026;-0.025865;0.004471;0.032151;0.355091;0.244196;-0.5371
823;-0.673023;-0.301416;9.798911;-0.002515;-0.015247;0.006941;0.354031;0.244717;-0.536903
824;-0.618985;-0.219482;9.901711;-0.02494;0.001698;0.021466;0.353101;0.245505;-0.536703
825;-0.620157;-0.082678;9.698139;-0.070648;-0.025718;0.007483;0.353974;0.245208;-0.535445
826;-0.545423;-0.49514;9.740469;-0.082922;-0.009896;-0.002159;0.353243;0.248159;-0.536077
827;-0.356314;-0.63609;9.796894;-0.058179;-0.043389;0.009029;0.351716;0.248642;-0.534703
828;-0.187514;-0.418463;9.918036;-0.024171;-0.034551;0.010636;0.351267;0.248931;-0.535536
829;-0.374178;-0.434592;9.751519;-0.052558;-0.02051;-0.003319;0.3502;0.252112;-0.534989
830;-0.452323;-0.577409;9.701771;0.013975;0.002283;-0.012672;0.351816;0.251052;-0.534877
831;-0.447089;-0.568167;9.794217;0.041375;-0.017908;0.00834;0.351746;0.252019;-0.535969
832;-0.408214;-0.466303;9.790059;0.038579;-0.002663;0.031584;0.348861;0.251043;-0.535312
833;-0.510913;-0.444691;9.835713;0.027122;0.003354;0.013915;0.349331;0.250814;-0.536484
834;-0.594089;-0.456838;9.842441;0.041504;-0.003864;0.001295;0.35114;0.24906;-0.535412
835;-0.511359;-0.371631;9.772842;0.0049;0.010361;0.001696;0.350832;0.249345;-0.536103
836;-0.483855;-0.34094;9.94088;0.006537;-0.004686;0.001615;0.34953;0.249585;-0.535513
837;-0.344492;-0.425317;9.836823;-0.005178;-0.02676;-0.002845;0.348932;0.24988;-0.536622
838;-0.226996;-0.476067;9.798419;0.004915;0.007745;-6.7e-05;0.350227;0.249643;-0.537346
839;-0.369122;-0.514543;9.7366;-0.005782;0.013939;0.001803;0.349843;0.250828;-0.536856
840;-0.505862;-0.543969;9.806121;-0.02045;-0.018692;0.012397;0.350036;0.252925;-0.535415
841;-0.466655;-0.568188;9.798959;0.010049;-0.040136;-0.011085;0.34896;0.25146;-0.535849
842;-0.327236;-0.514885;9.804919;-0.000339;-0.035112;-0.04829;0.347771;0.25218;-0.537935
843;-0.300477;-0.451842;9.805371;0.010571;-0.010372;-0.048235;0.347026;0.252412;-0.536912
844;-0.354476;-0.425076;9.788146;0.008595;0.003159;-0.01614;0.34663;0.254002;-0.536564
845;-0.344747;-0.461247;9.746716;0.040884;0.002193;-0.021751;0.346319;0.254554;-0.537261
846;-0.300407;-0.534097;9.766103;0.034458;0.024623;0.015765;0.346654;0.252465;-0.538806
847;-0.295258;-0.577914;9.799966;0.020152;0.016603;0.006943;0.348352;0.252691;-0.536976
848;-0.354029;-0.544052;9.819206;0.011916;0.004305;0.015834;0.347472;0.253656;-0.538248
849;-0.400329;-0.602315;9.833241;0.012909;0.014877;0.014088;0.347174;0.253868;-0.536397
850;-0.383481;-0.495622;9.833832;0.001243;0.010461;0.011511;0.347436;0.251613;-0.536874
851;-0.423047;-0.412952;9.790212;0.042318;-0.009955;0.006623;0.347657;0.251771;-0.537666
852;-0.438102;-0.422157;9.690413;-0.037153;0.006886;-0.000642;0.345996;0.254183;-0.538341
853;-0.422684;-0.490742;9.828753;-0.011241;-0.011833;-0.012519;0.346044;0.253892;-0.537531
854;-0.334684;-0.490587;9.795261;0.006473;-0.006289;0.014943;0.345676;0.254272;-0.536891
855;-0.295528;-0.509908;9.778398;0.013921;0.009456;-0.003705;0.345927;0.254414;-0.537147
856;-0.320004;-0.466412;9.810046;0.005899;0.005846;-0.012547;0.346604;0.253616;-0.537093
857;-0.388569;-0.572713;9.731354;-0.00055;0.001614;0.008797;0.347014;0.252817;-0.537054
858;-0.434642;-0.58776;9.833097;0.016542;-0.010112;-0.012754;0.347939;0.252429;-0.537262
859;-0.275645;-0.524785;9.844084;0.020188;0.011207;-0.003744;0.347019;0.25308;-0.536925
860;-0.295509;-0.471266;9.810175;0.008532;0.001452;-0.009921;0.345922;0.252823;-0.537517
861;-0.383678;-0.422874;9.834163;-0.005805;0.027258;0.01078;0.346586;0.253891;-0.537367
862;-0.310679;-0.480327;9.681206;-0.008452;0.009509;-0.002632;0.346693;0.254969;-0.537648
863;-0.466981;-0.483196;9.775036;-0.013913;-0.004713;-0.007131;0.345944;0.253609;-0.536996
864;-0.378523;-0.515034;9.836205;-0.007779;0.001643;0.012426;0.347048;0.254527;-0.536149
865;-0.366363;-0.541517;9.797265;-0.021948;-0.000253;-0.005254;0.347056;0.255852;-0.535773
866;-0.359228;-0.548505;9.738936;-0.021867;0.007704;-0.006103;0.346593;0.25535;-0.536993
867;-0.358793;-0.607051;9.809166;0.004936;-0.004759;-0.010843;0.345295;0.254525;-0.536516
868;-0.295173;-0.609438;9.799822;-0.00954;-0.004569;0.007071;0.346519;0.255318;-0.535927
869;-0.268476;-0.5729;9.766121;0.014839;0.00411;-0.009081;0.34567;0.256933;-0.536541
870;-0.290045;-0.554146;9.89734;0.003204;-0.001281;-0.017903;0.345796;0.257602;-0.536546
871;-0.366268;-0.573053;9.799552;0.005003;0.009414;-0.007208;0.345679;0.257459;-0.536283
872;-0.461759;-0.560938;9.803884;0.005915;0.01471;-0.005422;0.345345;0.256695;-0.537624
873;-0.408113;-0.563095;9.748293;0.022782;-0.001153;-0.000304;0.345147;0.257189;-0.536308
874;-0.32731;-0.551043;9.760999;0.022777;0.004205;0.004186;0.346559;0.257822;-0.534769
875;-0.261195;-0.570404;9.751593;0.017637;0.023584;-0.005443;0.3445;0.257307;-0.535946
876;-0.197997;-0.635094;9.591249;0.053432;0.028984;0.006736;0.346916;0.256386;-0.535791
877;-0.230631;-0.726564;9.945534;0.013073;0.036081;0.012433;0.346811;0.257167;-0.535143
878;-0.393093;-0.404014;9.94358;-0.000276;0.055527;0.012668;0.347946;0.255944;-0.53412
879;-0.728958;-0.287374;9.903158;0.032621;0.033384;0.018466;0.349151;0.256481;-0.533928
880;-0.81007;-0.431955;9.719687;0.072143;0.044848;0.020831;0.350657;0.253149;-0.533779
881;-0.59696;-0.596474;9.637594;0.048087;0.038636;0.008555;0.352908;0.252375;-0.534172
882;-0.258975;-0.514536;9.732414;0.030363;0.075003;0.014297;0.350446;0.250727;-0.53321
883;-0.173504;-0.470781;9.70883;0.052924;0.080161;-0.001848;0.354763;0.249136;-0.532534
884;-0.894633;-0.501016;9.957075;0.101801;0.026782;-0.012426;0.355488;0.248712;-0.531549
885;-0.482139;-0.359355;9.741477;0.074901;0.032374;0.001242;0.356847;0.247379;-0.531313
886;-0.341515;-0.318993;9.421654;0.043076;0.061545;-0.012549;0.356422;0.246858;-0.531862
887;-0.697025;-0.393847;9.856682;0.13024;-0.012128;-0.019049;0.36027;0.245299;-0.532416
888;-0.667693;-0.408293;9.834918;0.077429;-0.015614;-0.022187;0.35834;0.243857;-0.533835
889;-0.477319;-0.354068;9.678055;0.098031;-0.001289;-0.00372;0.356601;0.242231;-0.534816
890;-0.454829;-0.402978;9.760618;0.097905;-0.026108;-0.010966;0.356594;0.240773;-0.53519
891;-0.668057;-0.518644;9.617793;0.081747;-0.007332;0.015;0.356052;0.238782;-0.535717
892;-0.261826;-0.26234;9.757583;0.023266;-0.037221;0.015427;0.355562;0.237427;-0.535185
893;-0.223792;-0.225325;10.117748;0.029008;-0.082243;0.02761;0.353688;0.236292;-0.537942
894;-0.157589;-0.240322;10.181563;0.060007;-0.001868;0.024381;0.352969;0.237132;-0.538155
895;-0.585211;-0.035194;9.902761;0.067324;0.027331;0.033323;0.355094;0.23569;-0.538542
896;-1.173862;-0.05306;9.607367;0.061543;0.017049;0.078563;0.355959;0.230613;-0.538263
897;-1.140188;-0.13448;9.398149;0.015241;4.8e-05;0.043273;0.356957;0.233047;-0.539055
898;-0.476573;-0.062292;9.494923;-0.006177;-0.023024;0.0141;0.355106;0.231166;-0.539124
899;-0.249813;0.027585;9.94886;0.015483;-0.04651;-0.038606;0.355288;0.23154;-0.538185
900;0.077027;-0.027183;10.227732;0.024528;-0.029734;-0.041207;0.354648;0.230927;-0.540215
901;-0.239569;0.051184;10.080297;0.042753;0.027755;-0.028645;0.352465;0.231602;-0.54102
902;-0.678854;-0.097242;9.702574;0.005698;0.035338;0.029399;0.35431;0.230563;-0.541564
903;-0.8211;-0.285402;9.506375;-0.040013;0.012374;0.025152;0.354667;0.230518;-0.539938
904;-0.531082;-0.451206;9.682417;-0.007781;-0.006345;0.008808;0.355488;0.232241;-0.539256
905;-0.334732;-0.297195;9.917686;0.065791;-0.017347;-0.027366;0.355174;0.231732;-0.5402
906;-0.398837;-0.059785;9.966994;0.044203;-0.008379;-0.014666;0.355457;0.229599;-0.540277
907;-0.558548;0.027969;9.878904;0.038742;0.010398;0.011251;0.352517;0.231575;-0.540081
908;-0.605457;-0.065778;9.712892;0.008202;0.015056;0.032843;0.352406;0.230899;-0.539807
909;-0.50261;-0.138325;9.669436;0.0084;0.018469;0.015969;0.354292;0.229573;-0.539674
910;-0.409078;-0.112386;9.815979;0.01294;0.013017;-8.1e-05;0.354033;0.22877;-0.539674
911;-0.445463;-0.103137;9.90817;0.029884;0.000552;-0.005623;0.354274;0.229184;-0.540069
912;-0.563185;-0.056938;9.885781;0.027054;-0.018906;-0.005716;0.354398;0.227993;-0.54044
913;-0.541362;-0.102594;9.800627;-0.004273;-0.011707;0.002577;0.354578;0.229166;-0.539383
914;-0.443618;-0.133797;9.733021;0.004693;0.000785;0.014139;0.354102;0.229202;-0.540748
915;-0.463033;-0.112258;9.79134;0.024565;0.010343;-0.0002;0.353377;0.228361;-0.539569
916;-0.504525;-0.102744;9.830022;0.019194;0.016552;0.00343;0.354389;0.230124;-0.540214
917;-0.526494;-0.105237;9.844461;0.020845;-0.004683;0.001522;0.353967;0.229399;-0.538353
918;-0.531328;-0.085981;9.87369;0.028102;0.016559;0.006913;0.352194;0.229875;-0.541403
919;-0.516607;-0.083607;9.883514;0.001439;0.027078;-0.007035;0.354578;0.228502;-0.539504
920;-0.533924;0.042287;9.925307;-0.00911;0.034872;-0.026453;0.355066;0.228662;-0.540281
921;-0.585682;0.149063;9.910892;-0.050016;0.087144;-0.016938;0.355659;0.228767;-0.53918
922;-0.610132;0.158694;9.925371;-0.061085;0.108827;-0.06475;0.359534;0.230315;-0.536316
923;-0.738544;0.131105;9.623034;-0.098157;0.03012;-0.079124;0.361146;0.235104;-0.535247
924;-0.597876;-0.223158;9.663603;-0.076711;0.003487;-0.090141;0.35934;0.237983;-0.533666
925;-0.420847;-0.349809;9.771067;-0.026677;-0.017824;-0.095989;0.358505;0.241052;-0.533772
926;-0.389305;-0.301124;9.73259;-0.019941;-0.020949;-0.049812;0.356832;0.241875;-0.534952
927;-0.456909;-0.621297;9.750159;-0.055782;-0.002171;-0.025464;0.355721;0.244282;-0.535328
928;-0.563917;-0.728505;9.855969;-0.045676;-0.025637;0.026761;0.35631;0.244789;-0.534235
929;-0.590726;-0.639235;9.948585;-0.049658;-0.045757;0.051595;0.356221;0.246892;-0.533077
930;-0.574331;-0.502975;9.854505;-0.06471;-0.011164;0.060815;0.356784;0.248342;-0.532271
931;-0.577576;-0.311058;9.784867;-0.067385;-0.018285;0.051932;0.356262;0.248598;-0.532038
932;-0.673294;-0.257575;9.760216;-0.085262;-0.030771;0.037778;0.356707;0.247185;-0.533857
933;-0.624803;-0.266658;9.634068;-0.104986;-0.041333;0.036108;0.354902;0.250729;-0.532155
934;-0.605042;-0.310381;9.648575;-0.123439;-0.014952;0.018614;0.355545;0.251075;-0.53012
935;-0.672517;-0.480883;9.802956;-0.054542;-0.017732;0.01978;0.355762;0.254955;-0.530316
936;-0.56456;-0.512616;9.842367;-0.054136;0.017478;0.002193;0.355806;0.255066;-0.529513
937;-0.604065;-0.473523;9.783963;-0.032487;0.012848;-0.019353;0.354678;0.255685;-0.528118
938;-0.569659;-0.567943;9.752142;-0.009246;0.003986;-0.019601;0.355303;0.257571;-0.52852
939;-0.407355;-0.670379;9.866919;0.024649;-0.017291;-0.023536;0.353996;0.258346;-0.52794
940;-0.407754;-0.551463;9.848013;-0.000618;-0.029526;-0.012706;0.3546;0.257319;-0.529223
941;-0.520784;-0.53884;9.750144;-0.017026;-0.042551;0.012239;0.353026;0.259421;-0.528417
942;-0.505213;-0.646283;9.90046;-0.024197;-0.020329;0.029302;0.353436;0.259222;-0.530663
943;-0.520355;-0.648129;9.783679;-0.079965;-0.059116;0.030438;0.350995;0.261087;-0.531104
944;-0.437414;-0.732353;9.650106;-0.110147;-0.036108;0.025471;0.351579;0.261331;-0.53014
945;-0.456631;-0.744895;9.735011;-0.025703;-0.01162;0.010676;0.351083;0.264566;-0.531299
946;-0.463602;-0.79128;9.797958;-0.014352;-0.02917;0.028267;0.352218;0.264671;-0.530033
947;-0.378268;-0.703852;9.769711;-0.034892;-0.046975;0.007026;0.348392;0.265554;-0.529198
948;-0.250487;-0.883303;9.767244;-0.069386;0.004323;0.00491;0.34761;0.265805;-0.528846
949;-0.32419;-0.766968;9.781909;0.02102;-0.001151;-0.000304;0.348812;0.265812;-0.528778
950;-0.37371;-0.667179;9.709135;0.037261;0.021852;0.004135;0.347784;0.26612;-0.530446
951;-0.4423;-0.693698;9.679423;0.061687;0.030467;-0.016487;0.348212;0.26571;-0.530013
952;-0.446067;-0.825615;9.875696;0.003314;0.032433;0.002663;0.350923;0.264243;-0.52943
953;-0.471108;-0.766909;9.773715;0.021043;0.007695;0.004166;0.350974;0.263686;-0.528615
954;-0.443981;-0.684995;9.881212;0.031697;-0.004738;-0.000415;0.350994;0.265207;-0.53038
955;-0.432056;-0.723267;9.774154;0.024677;0.004081;-0.005653;0.350821;0.264758;-0.528777
956;-0.427352;-0.623943;9.794084;0.024662;0.004969;-0.005632;0.350796;0.264372;-0.529306
957;-0.451861;-0.606988;9.798872;0.001226;0.017608;0.022192;0.350396;0.262908;-0.529568
958;-0.481188;-0.681964;9.759457;-0.004081;0.005106;0.007037;0.349211;0.263291;-0.529242
959;-0.456526;-0.69911;9.793561;0.001454;0.00226;-0.014363;0.349929;0.26287;-0.528391
960;-0.417653;-0.698744;9.718445;-0.00838;0.01476;-0.003541;0.349793;0.264402;-0.530567
961;-0.46644;-0.70379;9.759447;-0.013889;-0.002926;-0.003597;0.350661;0.26517;-0.529195
962;-0.436942;-0.723278;9.776555;-0.002256;0.000627;-0.000115;0.349398;0.264593;-0.528053
963;-0.376192;-0.717885;9.665133;0.00488;-0.008195;-0.001102;0.349073;0.263691;-0.529257
964;-0.392339;-0.738459;9.903163;0.008501;-0.010122;-0.01359;0.34863;0.264109;-0.529959
965;-0.348879;-0.771538;9.725827;0.00583;0.002416;0.000723;0.349709;0.264641;-0.52964
966;-0.383211;-0.718293;9.747737;0.006709;0.007749;0.005193;0.349719;0.265035;-0.52938
967;-0.407527;-0.754747;9.764438;0.015738;0.004982;-0.005575;0.349799;0.26586;-0.530193
968;-0.422176;-0.776544;9.759386;0.017636;0.023566;-0.00194;0.348479;0.265711;-0.529998
969;-0.45402;-0.713684;9.798371;0.008461;0.013087;0.012312;0.350401;0.2645;-0.529197
970;-0.451609;-0.689471;9.805789;-0.014021;0.013211;0.023172;0.35035;0.266386;-0.529771
971;-0.442007;-0.727899;9.730317;-0.027136;0.00583;-0.01589;0.350419;0.265554;-0.528682
972;-0.446959;-0.679496;9.749954;-0.026277;0.020092;-0.001587;0.349573;0.266901;-0.52929
973;-0.43678;-0.754898;9.795858;-0.027219;0.016571;0.001061;0.350019;0.26688;-0.528462
974;-0.48078;-0.762226;9.807709;-0.01938;-0.017058;-0.001858;0.350844;0.268866;-0.527651
975;-0.417996;-0.558147;9.728808;-0.131527;-0.013092;0.02669;0.348252;0.269543;-0.528613
976;-0.363453;-0.77168;9.754907;0.003181;0.018389;0.008831;0.34817;0.268186;-0.527924
977;-0.382623;-0.854364;9.803028;0.02197;-0.00122;-0.005669;0.349923;0.26686;-0.527799
978;-0.456528;-0.839274;9.695687;-0.018292;0.00417;-0.001764;0.349991;0.268755;-0.528633
979;-0.456291;-0.771905;9.802953;0.027103;-0.021487;0.003073;0.349391;0.268582;-0.527461
980;-0.38761;-0.834916;9.793364;0.008467;-0.004689;-0.000239;0.350006;0.269411;-0.528244
981;-0.407482;-0.795886;9.747233;-0.009325;0.013032;0.001782;0.348794;0.268877;-0.52857
982;-0.397991;-0.698843;9.738012;-0.025558;0.023847;0.02244;0.349424;0.270426;-0.526558
983;-0.431715;-0.834861;9.78337;-0.032592;0.018375;0.004661;0.350801;0.271476;-0.525564
984;-0.441408;-0.878484;9.77825;-0.018212;0.023646;0.003673;0.350662;0.272674;-0.525461
985;-0.464194;-0.689037;9.718204;-0.098964;0.022144;0.020358;0.350759;0.273288;-0.523596
986;-0.397341;-0.892992;9.76873;0.012174;0.004096;-0.005569;0.351257;0.273975;-0.524116
987;-0.388358;-0.89681;9.559715;0.041763;0.000543;-0.007615;0.352042;0.272128;-0.524704
988;-0.388018;-0.91657;9.632552;0.081992;-0.003928;-0.006192;0.351734;0.272413;-0.525396
989;-0.362245;-0.988277;9.911929;0.131789;-0.013546;0.018245;0.351915;0.269466;-0.525062
990;-0.355426;-0.76287;9.934878;0.109182;-0.027566;0.027283;0.351287;0.265657;-0.527431
991;-0.431736;-0.651168;9.90575;0.121216;0.007608;0.009591;0.351737;0.264508;-0.529122
992;-0.633327;-0.65008;9.690605;0.062428;0.030565;-0.00051;0.351501;0.263693;-0.528718
993;-0.756064;-0.514314;9.700195;0.047947;0.032471;0.015625;0.353007;0.263151;-0.528088
994;-0.628489;-0.558175;9.739671;0.105214;0.030668;0.017826;0.352505;0.259544;-0.528181
995;-0.533327;-0.519127;9.686954;0.098096;0.012872;-0.000864;0.354053;0.258519;-0.529277
996;-0.320788;-0.550011;9.551991;0.101636;0.003229;0.000858;0.35406;0.257186;-0.529385
997;-0.294459;-0.714249;9.908735;0.126491;-0.001164;0.014848;0.353527;0.252266;-0.530257
998;-0.279425;-0.760601;9.964525;0.047407;-0.052403;0.006332;0.352013;0.252748;-0.533427
999;-0.261015;-0.626213;9.758631;0.024245;-0.031052;0.013766;0.352592;0.250735;-0.532955
1000;-0.417336;-0.636309;9.842705;0.096191;0.016525;0.013404;0.353263;0.250471;-0.532912
1001;-0.428142;-0.441702;9.719555;0.11332;0.037775;0.016955;0.352719;0.247949;-0.533563
1002;-0.828503;-0.263577;9.506429;0.128173;-0.000178;0.029037;0.351768;0.245895;-0.536653
1003;-0.382645;-0.288183;9.567392;0.060232;-0.017018;0.003788;0.351531;0.243087;-0.536613
1004;-0.383472;-0.365133;9.9268;0.098273;-0.063037;0.009452;0.350677;0.24311;-0.537597
1005;-0.127978;-0.29137;10.20582;0.101307;-0.027848;-0.009889;0.350617;0.239685;-0.539273
1006;-0.401118;-0.15666;9.942229;0.054956;0.034342;0.021915;0.349568;0.237808;-0.539297
1007;-0.903895;-0.22311;9.661725;0.036615;0.024122;0.070822;0.349532;0.238358;-0.539844
1008;-0.81395;-0.318991;9.43334;0.041209;0.017005;0.06007;0.352189;0.234395;-0.540688
1009;-0.299326;-0.276216;9.597128;-0.00092;-0.038024;0.016644;0.352744;0.234654;-0.54026
1010;-0.050907;-0.171372;9.966188;0.050392;-0.058057;-0.043398;0.350859;0.234518;-0.540632
1011;-0.006269;-0.09718;10.163699;0.04289;0.001844;-0.064334;0.349049;0.234279;-0.542067
1012;-0.379423;-0.035406;9.940485;0.026475;0.017292;-0.013488;0.349708;0.233756;-0.542287
1013;-0.749978;-0.092237;9.672991;0.00849;0.039673;0.021385;0.350857;0.233987;-0.540755
1014;-0.590595;-0.305245;9.590347;0.000413;0.021998;0.016014;0.35153;0.232926;-0.540831
1015;-0.374289;-0.40787;9.741918;0.0178;0.02516;-0.025882;0.351794;0.233859;-0.5407
1016;-0.31025;-0.297199;9.917836;0.027198;-0.011855;-0.011898;0.350715;0.234124;-0.5409
1017;-0.408618;-0.166131;9.895954;0.009206;-0.018895;-0.010006;0.349538;0.23304;-0.540679
1018;-0.460488;-0.165546;9.778958;0.002756;-0.013327;0.018519;0.349375;0.233055;-0.541223
1019;-0.428743;-0.184782;9.745033;-0.000593;0.013171;0.015133;0.35101;0.232915;-0.540593
1020;-0.389314;-0.199614;9.801117;0.020865;0.01138;0.015841;0.351951;0.232386;-0.540529
1021;-0.406482;-0.131906;9.840214;0.024551;0.005012;-0.003777;0.351185;0.231831;-0.540027
1022;-0.448108;-0.114973;9.849759;0.028154;0.0023;-0.00916;0.351143;0.231587;-0.540827
1023;-0.44326;-0.14633;9.815614;0.024552;0.004124;-0.003791;0.351122;0.232129;-0.541106
1024;-0.453225;-0.146112;9.771799;0.022744;0.002379;-0.002009;0.350811;0.230752;-0.539761
1025;-0.428443;-0.189992;9.817936;0.023724;0.010296;-0.005533;0.351223;0.231748;-0.541762
1026;-0.467787;-0.136602;9.810646;0.02108;0.017365;-0.005472;0.351099;0.230812;-0.541751
1027;-0.452947;-0.192377;9.810483;0.044164;0.014869;0.015659;0.351085;0.229421;-0.539853
1028;-0.472478;-0.194859;9.822506;-0.011356;-0.001079;0.00358;0.350698;0.230146;-0.541894
1029;-0.44581;-0.151035;9.786407;0.029961;-0.01371;-0.021716;0.35104;0.229445;-0.540658
1030;-0.419095;-0.015436;9.826083;0.04427;0.010295;-0.003897;0.351458;0.229242;-0.54277
1031;-0.406723;-0.102603;9.799022;0.020999;0.023693;0.008803;0.351735;0.228308;-0.542736
1032;-0.462736;-0.158547;9.834886;0.065727;0.009409;0.001229;0.352262;0.227651;-0.542961
1033;-0.492218;-0.088328;9.856903;0.031446;-0.015234;0.0085;0.351851;0.227319;-0.540839
