time index;acc_x;acc_y;acc_z;gyr_x;gyr_y;gyr_z;mag_x;mag_y;mag_z
1;-0.980774;0.069206;9.771352;-0.01071;0.012224;-0.009646;-0.279405;-0.034439;-0.757831
2;-0.988167;0.054174;9.771219;0.001566;0.011336;-0.001713;-0.278569;-0.033391;-0.757793
3;-0.965926;0.084299;9.76413;0.005189;-0.001886;-0.006212;-0.277962;-0.034743;-0.757354
4;-0.965965;0.0918;9.76412;0.005271;0.02452;-0.007791;-0.279359;-0.035527;-0.75715
5;-1.003154;0.069057;9.785912;0.006989;0.012215;-0.006114;-0.277518;-0.032935;-0.756255
6;-0.943224;0.039283;9.787148;-0.0107;0.015726;-0.009628;-0.277953;-0.033836;-0.756815
7;-0.958089;0.024221;9.786865;-0.003864;-0.001874;0.001718;-0.277059;-0.034279;-0.755959
8;-0.973302;0.069235;9.771502;-0.003544;0.021012;-0.01135;-0.277904;-0.034404;-0.755865
9;-0.97338;0.084239;9.771484;-0.020181;0.010488;0.016815;-0.278621;-0.033995;-0.7559
10;-0.97338;0.084239;9.771484;-0.011877;0.008708;0.002685;-0.280104;-0.034439;-0.757594
11;-0.958359;0.069293;9.771802;-0.012781;0.008702;0.003564;-0.280779;-0.035245;-0.757084
12;-0.951;0.084388;9.756925;-0.004009;0.00693;0.008849;-0.278635;-0.035289;-0.756709
13;-0.958359;0.069293;9.771802;0.005324;0.00867;-0.011436;-0.27915;-0.035069;-0.755382
14;-0.950913;0.084232;9.794449;-0.012864;-0.000101;0.006153;-0.27831;-0.035724;-0.755881
15;-0.943532;0.091856;9.772076;-0.019865;0.016626;0.00274;-0.278489;-0.035557;-0.756702
16;-0.958423;0.091705;9.79429;-0.007389;0.005173;1.5e-05;-0.278883;-0.036102;-0.756178
17;-0.958593;0.114303;9.771749;-0.005291;0.00164;-0.015006;-0.278066;-0.035298;-0.756682
18;-0.958359;0.069293;9.771802;0.000146;0.010433;-0.018483;-0.278888;-0.035837;-0.756179
19;-0.980778;0.076646;9.786352;-0.009209;0.01047;0.002697;-0.278112;-0.035648;-0.7579
20;-0.973302;0.069235;9.771502;-0.000103;0.021011;-0.006055;-0.278335;-0.03557;-0.756424
21;-0.943129;0.024248;9.794671;-0.005616;0.003402;0.000872;-0.278088;-0.036062;-0.757492
22;-0.943285;0.054255;9.794635;0.019348;0.027136;-0.00072;-0.278878;-0.035715;-0.755909
23;-0.97331;0.084114;9.801503;0.008512;0.013086;0.005365;-0.27844;-0.035732;-0.755617
24;-0.973398;0.08427;9.763979;0.027432;0.008653;-0.006137;-0.27688;-0.037322;-0.756214
25;-1.003666;0.174017;9.800796;0.038917;0.008657;-0.004352;-0.278184;-0.040416;-0.758027
26;-0.973571;0.114307;9.756439;0.035004;-0.014232;0.011357;-0.278452;-0.04108;-0.757904
27;-0.958523;0.114178;9.801767;0.052972;-0.008985;0.002572;-0.278723;-0.041219;-0.757646
28;-0.958992;0.174472;9.734153;0.028377;0.005121;-0.009675;-0.278789;-0.042072;-0.756159
29;-0.981828;0.271749;9.771111;0.0461;-0.00721;-0.009739;-0.278539;-0.043482;-0.757496
30;-0.959317;0.256802;9.779083;0.022652;0.019227;0.008088;-0.278116;-0.046884;-0.755439
31;-1.019156;0.278981;9.80037;0.026036;0.015737;0.01513;-0.278007;-0.046594;-0.75611
32;-0.89904;0.196679;9.862908;0.066976;0.006821;0.012406;-0.279247;-0.04831;-0.755896
33;-0.884193;0.122593;9.653164;0.037189;-0.005492;-0.005352;-0.278942;-0.049641;-0.755878
34;-0.959939;0.339663;9.696432;0.056909;-0.00548;-0.015894;-0.277902;-0.05179;-0.755551
35;-0.990046;0.42169;9.785791;0.019621;0.015712;-0.018376;-0.279452;-0.053347;-0.755893
36;-1.020015;0.444017;9.800173;0.002293;0.012241;0.001017;-0.2797;-0.053114;-0.754959
37;-1.019842;0.384253;9.740207;-0.012657;-7.1e-05;-0.006143;-0.278576;-0.052989;-0.755175
38;-0.974683;0.294657;9.681176;-0.023442;0.019287;0.002795;-0.278724;-0.053374;-0.755452
39;-0.982119;0.324292;9.763543;-0.020008;-7.4e-05;0.005316;-0.278681;-0.051062;-0.756943
40;-0.944677;0.33172;9.816818;-0.026731;0.023674;-0.011282;-0.277767;-0.051654;-0.755681
41;-0.944517;0.294275;9.801853;-0.021607;0.005187;-0.002595;-0.278398;-0.050281;-0.756661
42;-0.981581;0.234148;9.79367;-0.015297;0.001673;-0.006159;-0.27822;-0.049663;-0.755572
43;-0.959565;0.294404;9.756524;-0.012766;0.013986;0.000996;-0.278757;-0.051644;-0.755593
44;-0.966815;0.271683;9.80143;-0.035874;0.021062;0.001041;-0.278522;-0.050687;-0.756396
45;-0.974091;0.234146;9.801325;-0.012873;0.006075;0.005343;-0.277777;-0.048901;-0.758257
46;-0.989109;0.241652;9.786006;-0.014536;0.0052;4.4e-05;-0.278312;-0.048139;-0.757203
47;-0.989261;0.264219;9.770969;0.021088;0.010435;-0.00256;-0.27786;-0.05013;-0.757312
48;-0.959557;0.279525;9.726523;0.017564;0.001619;-0.004387;-0.278064;-0.050853;-0.755697
49;-0.989513;0.30926;9.763411;0.024291;-0.000122;0.012375;-0.277383;-0.050445;-0.756206
50;-0.95953;0.294341;9.771534;0.003239;-0.00364;-0.00089;-0.279256;-0.0517;-0.757375
51;-1.004673;0.35418;9.770561;-0.01968;0.006971;-0.009629;-0.278071;-0.051893;-0.756236
52;-0.960025;0.369544;9.726416;-0.029533;0.003441;-0.006125;-0.277524;-0.051621;-0.756616
53;-0.952328;0.339442;9.75662;-0.011893;0.000778;3e-05;-0.277527;-0.05031;-0.756213
54;-1.049234;0.308934;9.784724;-0.026834;0.022849;-0.005995;-0.277271;-0.049242;-0.756474
55;-0.989573;0.324232;9.770898;-0.02509;0.014014;-0.005174;-0.277523;-0.049138;-0.755675
56;-0.899604;0.272006;9.787771;-0.026893;0.005169;-0.004366;-0.276534;-0.049148;-0.755762
57;-0.929261;0.23432;9.802225;-0.0259;0.00694;-0.008771;-0.278279;-0.048431;-0.756525
58;-0.974361;0.279218;9.786262;-0.010747;0.001661;-0.011445;-0.278127;-0.049749;-0.756785
59;-0.982019;0.301818;9.756065;-0.028642;-7e-05;-0.00616;-0.277007;-0.04766;-0.75633
60;-0.959483;0.271961;9.741542;-0.02004;0.003436;0.007976;-0.27961;-0.047317;-0.757403
61;-1.019113;0.26404;9.785378;-0.015578;0.019306;0.008089;-0.278789;-0.046779;-0.757906
62;-0.989222;0.256717;9.770978;-0.007377;-0.000972;-0.002643;-0.277281;-0.047926;-0.756207
63;-0.974161;0.234271;9.771305;-0.018057;0.010478;-0.000804;-0.279017;-0.048133;-0.757102
64;-0.951867;0.264302;9.78673;0.007723;0.006033;-0.00171;-0.277316;-0.047894;-0.75702
65;-0.959417;0.279276;9.786561;0.010591;0.01395;-0.010476;-0.277861;-0.0483;-0.75664
66;-1.00436;0.294167;9.770633;0.014826;0.00341;-0.001721;-0.278172;-0.048401;-0.757331
67;-0.982171;0.324385;9.741029;-0.005309;0.016619;-0.014862;-0.27813;-0.048179;-0.756248
68;-0.974474;0.294283;9.771234;-0.004078;-9.6e-05;0.008841;-0.278358;-0.048095;-0.754906
69;-0.959573;0.309282;9.786526;-0.005902;0.010464;0.011564;-0.278958;-0.048972;-0.756015
70;-0.952102;0.309311;9.786675;-0.003886;0.026296;0.001968;-0.278484;-0.048762;-0.758157
71;-0.959721;0.32441;9.756489;-0.022444;0.010475;-0.004318;-0.278127;-0.049749;-0.756785
72;-1.004308;0.294074;9.793148;-0.018102;0.019298;0.001035;-0.276894;-0.048288;-0.757269
73;-0.974255;0.338482;9.966305;0.012202;0.010446;-0.00607;-0.27972;-0.049698;-0.757538
74;-0.809732;0.390884;10.14966;0.092157;0.036677;-0.004106;-0.276667;-0.051899;-0.756573
75;-0.942388;0.037787;10.147378;0.095057;0.005945;0.027384;-0.277537;-0.053308;-0.757559
76;-1.449643;0.182978;10.827433;0.24563;-0.001874;0.04153;-0.277641;-0.057524;-0.75823
77;-1.552225;0.178956;11.695889;0.145691;-0.228768;0.027621;-0.281778;-0.063979;-0.754492
78;-1.265068;1.375281;9.313952;0.207758;-0.356693;0.04098;-0.293608;-0.068209;-0.750727
79;-1.512123;1.153715;11.845722;-0.366947;-0.486854;0.100974;-0.3099;-0.061598;-0.744499
80;-1.552752;0.618371;12.46085;-0.4686;-0.719173;-0.071032;-0.331668;-0.051305;-0.73557
81;-1.375539;1.455194;13.439075;-0.432199;-1.16987;0.033665;-0.363694;-0.038474;-0.720111
82;-1.153621;0.257588;13.009582;-0.689501;-1.435614;-0.1167;-0.401979;-0.017698;-0.698754
83;-0.451761;-0.058388;12.093482;-0.181733;-1.720079;-0.092295;-0.451709;-0.008175;-0.667103
84;0.123196;-0.456814;11.039843;0.22933;-1.93128;-0.026812;-0.505928;-0.01118;-0.625496
85;0.840266;-0.99616;9.734062;0.50284;-2.029693;0.083526;-0.564584;-0.018529;-0.573002
86;1.623875;-0.063967;8.202885;0.65015;-2.109486;0.180134;-0.61598;-0.025216;-0.516237
87;2.708809;0.59002;7.113322;0.4366;-1.971532;0.290541;-0.656719;-0.031936;-0.462336
88;3.543048;0.687092;6.214443;0.323474;-1.805434;0.367532;-0.691345;-0.027901;-0.404108
89;4.654957;0.849946;5.996469;0.138802;-1.545185;0.422259;-0.719983;-0.020973;-0.354118
90;5.486761;0.350872;5.938684;-0.059737;-1.32357;0.380426;-0.740865;-0.007705;-0.306203
91;6.251276;-0.319318;5.474493;0.09075;-1.106749;0.402073;-0.756129;0.00462;-0.266668
92;6.697632;0.109515;5.603067;0.335289;-0.924182;0.408728;-0.768688;0.012976;-0.231727
93;7.079052;-0.283535;4.875727;0.312005;-0.77213;0.362023;-0.773797;0.021815;-0.204947
94;7.498591;-0.358235;5.199425;0.223971;-0.499382;0.302135;-0.77952;0.028741;-0.183331
95;7.448674;-0.697132;5.468949;0.232229;-0.326004;0.223878;-0.781037;0.03526;-0.173142
96;7.596022;-0.26921;5.53148;0.458308;-0.294677;0.208307;-0.783791;0.040584;-0.162468
97;7.640728;0.013593;6.117415;0.524118;-0.190889;0.20558;-0.785234;0.043112;-0.151995
98;7.661585;0.120511;5.682462;0.17944;-0.181727;0.117384;-0.786471;0.046624;-0.146383
99;7.339856;0.476784;6.290971;-0.119527;-0.109898;0.042079;-0.786869;0.048827;-0.141539
100;7.490787;-0.015809;5.829266;-0.127745;-0.079194;0.025412;-0.786878;0.04975;-0.141407
101;7.295403;0.238117;5.915117;0.03067;-0.030906;-0.023595;-0.786835;0.049581;-0.137076
102;7.43746;0.134456;5.722969;-0.030142;0.03774;-0.038153;-0.788237;0.050892;-0.1362
103;7.527585;0.052225;5.739879;-0.031131;0.085208;-0.069606;-0.78753;0.04827;-0.137242
104;7.499051;-0.061787;6.069623;0.100964;0.137866;-0.09218;-0.787501;0.047064;-0.143729
105;7.549229;0.462437;6.332716;0.251597;0.190493;-0.074047;-0.787394;0.04278;-0.149529
106;7.32535;0.565124;6.680813;0.092144;0.146793;-0.109618;-0.785262;0.039478;-0.154016
107;7.23451;0.864154;6.84376;0.098947;0.127481;-0.102628;-0.784227;0.036156;-0.15761
108;7.069414;1.087753;7.035313;-0.08292;0.115496;-0.085021;-0.784316;0.032448;-0.161121
109;6.952668;0.502601;6.928542;-0.063596;0.101442;-0.06758;-0.783598;0.030861;-0.16487
110;6.789058;0.344522;6.902913;0.034006;0.101403;-0.05701;-0.783031;0.029806;-0.168626
111;6.891809;0.638083;6.762074;0.046856;0.061734;-0.039591;-0.782401;0.026995;-0.171565
112;6.994782;0.99813;6.868814;0.057742;0.052011;-0.014883;-0.782646;0.025264;-0.171302
113;7.07849;0.713326;6.885815;0.112453;0.043985;0.006186;-0.781348;0.025094;-0.174214
114;7.24895;0.954294;6.828943;0.054846;0.03255;0.03614;-0.781708;0.025561;-0.175855
115;7.138152;0.788075;7.007003;0.000564;0.029159;0.037856;-0.782032;0.026256;-0.176549
116;7.220183;0.758949;6.873604;-0.000956;0.007981;0.026224;-0.780687;0.026437;-0.174861
117;7.078317;0.802815;7.013289;0.029672;0.011554;0.046565;-0.781289;0.028568;-0.174896
118;7.02581;0.765821;6.839673;-0.047311;-0.012986;0.030494;-0.780464;0.03211;-0.174188
119;7.026334;0.638543;6.779786;-0.100432;-0.025251;0.021554;-0.782374;0.032458;-0.175634
120;7.019348;0.518738;6.719741;-0.063909;-0.009455;0.021642;-0.782059;0.034125;-0.17427
121;7.026758;0.474287;6.592363;-0.058458;0.031019;0.021912;-0.782761;0.03465;-0.1739
122;7.079424;0.414384;6.616;-0.053201;0.025707;0.025392;-0.781243;0.037152;-0.173968
123;7.221166;0.437627;6.573796;-0.056423;0.015065;0.009432;-0.780853;0.037963;-0.174492
124;7.174872;0.685317;6.497552;-0.075525;0.036227;-0.011553;-0.781011;0.038241;-0.174771
125;7.021706;0.165228;6.945305;-0.01695;0.066171;-0.004357;-0.780036;0.038766;-0.178376
126;7.058402;0.322626;7.013411;0.108959;0.066005;0.008035;-0.779825;0.038699;-0.180124
127;6.967612;0.502659;6.928842;0.04718;0.030025;-0.016893;-0.778863;0.037145;-0.181426
128;6.862332;0.711549;7.106606;-0.073488;0.046959;-0.030852;-0.779022;0.036771;-0.181974
129;6.900881;0.546067;7.250144;-0.064962;0.024055;-0.016038;-0.779212;0.036949;-0.183066
130;6.893539;0.47149;7.137511;0.03412;-0.018313;0.004833;-0.780164;0.036009;-0.182433
131;6.952083;0.615125;6.928408;-0.031853;-0.046452;-0.028881;-0.781135;0.03561;-0.182074
132;6.90757;0.60695;7.047593;-0.033089;-0.041132;-0.013839;-0.779574;0.036897;-0.178214
133;6.997472;0.487959;6.884432;0.003797;-0.079951;0.007038;-0.781225;0.037395;-0.176808
134;6.959324;0.652724;6.913504;0.044146;-0.078205;0.030029;-0.780545;0.037544;-0.17407
135;7.131797;0.444188;6.714577;0.005802;-0.109939;0.037693;-0.782682;0.039021;-0.17039
136;7.057201;0.44368;6.76561;0.017598;-0.1064;0.026252;-0.783927;0.039795;-0.165989
137;7.235463;0.565181;6.58145;0.010737;-0.086247;0.017578;-0.783439;0.0413;-0.163941
138;7.26447;0.61146;6.304318;-0.030323;-0.087974;0.028149;-0.784295;0.042231;-0.160333
139;7.19083;0.430882;6.36307;-0.112955;-0.030639;-0.008546;-0.784716;0.043018;-0.159949
140;7.385776;0.088558;5.887078;-0.098923;0.000896;-0.027827;-0.784938;0.042311;-0.158741
141;7.481426;0.061859;5.183614;-0.151721;0.088879;-0.076665;-0.786813;0.042234;-0.159508
142;7.488954;-0.190891;4.636218;-0.213746;0.266695;-0.142558;-0.784317;0.040029;-0.165062
143;7.328617;-0.904774;4.776356;0.010423;0.477651;-0.288553;-0.780817;0.035707;-0.177866
144;7.549174;-0.488728;4.157469;0.129421;0.734318;-0.420828;-0.776092;0.023178;-0.198299
145;7.142589;0.273309;4.52369;0.10689;1.039083;-0.516476;-0.765987;0.005746;-0.230902
146;6.339427;0.010727;5.565958;0.237815;1.362384;-0.551253;-0.753394;-0.011271;-0.271636
147;5.866318;0.265854;5.098404;0.658429;1.526707;-0.498849;-0.738291;-0.031027;-0.314406
148;4.644154;1.755117;6.59562;0.960841;1.695084;-0.610216;-0.710986;-0.059712;-0.363731
149;3.776661;1.886905;6.548026;0.889022;1.793246;-0.73478;-0.680051;-0.094406;-0.413271
150;2.655231;2.455999;7.530463;0.636885;1.83292;-0.725513;-0.640893;-0.128948;-0.466201
151;1.478955;2.250575;8.90287;0.399723;1.717608;-0.842755;-0.597047;-0.160161;-0.514313
152;1.330671;3.517295;9.018582;0.03083;1.614273;-0.910315;-0.553912;-0.185871;-0.553682
153;0.097133;4.019125;9.833742;-0.37516;1.640161;-0.814696;-0.50506;-0.200326;-0.59456
154;-0.043692;2.397888;9.907721;-0.670803;1.485678;-0.787857;-0.457456;-0.204597;-0.634306
155;-0.613286;3.20143;10.961027;-0.341461;1.390557;-0.75652;-0.402274;-0.209154;-0.665975
156;-1.586534;3.089622;9.860954;-0.490454;1.261009;-0.605689;-0.354031;-0.209835;-0.69258
157;-1.625507;1.748688;9.373843;0.672552;0.518586;-0.208686;-0.321037;-0.22344;-0.708937
158;-4.450898;10.045404;21.142504;-0.357166;0.132198;0.097718;-0.299347;-0.228172;-0.717613
159;-2.479038;5.758721;11.175901;-1.446442;-0.07814;0.310227;-0.30924;-0.188208;-0.725493
160;-0.296742;1.756003;8.882732;-1.518741;0.08887;0.414587;-0.314628;-0.144482;-0.729377
161;0.211406;-1.89563;7.155893;-1.137226;0.106339;0.186307;-0.31313;-0.102361;-0.735359
162;0.347313;-2.120593;7.26393;-0.412962;0.361293;-0.147212;-0.30536;-0.075516;-0.746274
163;-0.705145;0.175801;9.656704;0.254513;0.310931;-0.161073;-0.292274;-0.080304;-0.750497
164;-1.761586;1.841657;12.140137;0.298549;0.041374;-0.053089;-0.28356;-0.092897;-0.750315
165;-1.642388;1.783293;11.857429;-0.278149;-0.076756;0.011316;-0.286441;-0.100789;-0.747595
166;-0.944336;0.219633;9.711885;-0.455415;0.048894;0.043545;-0.286587;-0.087974;-0.746281
167;-0.836952;-0.632151;8.994546;-0.077019;0.087871;-0.042821;-0.286111;-0.07535;-0.750481
168;-0.79264;-0.393235;9.310362;0.166883;0.027683;-0.069639;-0.286131;-0.077684;-0.751829
169;-0.812394;0.789528;9.894023;0.115774;-0.009144;-0.032594;-0.285053;-0.082221;-0.751495
170;-0.843817;1.104293;9.938075;0.04632;-0.031869;0.048485;-0.285844;-0.087885;-0.748815
171;-0.85812;0.895;9.742901;0.048158;-0.036276;0.050173;-0.287945;-0.088404;-0.748374
172;-0.97699;0.804143;9.830664;0.166581;-0.01967;0.001756;-0.290203;-0.089037;-0.748347
173;-0.948247;1.073849;9.943514;0.191779;-0.017958;-0.016706;-0.289382;-0.096732;-0.748559
174;-0.800195;1.210673;9.653668;0.090245;-0.012624;-0.005195;-0.289668;-0.100908;-0.746804
175;-0.748541;1.278921;9.527057;0.015551;-0.001995;-0.002473;-0.29045;-0.103575;-0.746159
176;-0.716808;1.000761;9.700599;-0.013103;-0.001086;0.008072;-0.291638;-0.102464;-0.747031
177;-0.783671;0.970088;9.796846;0.005708;0.020955;0.043523;-0.291189;-0.101054;-0.745931
178;-0.798579;0.999694;9.879063;-0.013104;-0.00544;0.005404;-0.292646;-0.100214;-0.746544
179;-0.829092;1.060151;9.743304;-0.025783;0.0122;0.01877;-0.293222;-0.10046;-0.746842
180;-0.784575;1.060887;9.609118;0.00459;0.009489;0.013452;-0.292092;-0.100732;-0.747057
181;-0.806443;0.985503;9.676301;-0.003778;0.023582;-0.009403;-0.290652;-0.100511;-0.746447
182;-0.843457;1.0219;9.908154;0.046185;0.005055;-0.022748;-0.291349;-0.102081;-0.746747
183;-0.745566;0.849989;9.850273;0.03364;-0.031952;-0.018633;-0.29237;-0.102564;-0.747607
184;-1.006464;0.966786;10.377717;0.139995;-0.003759;-0.009554;-0.29224;-0.105038;-0.745431
185;-0.945225;0.994126;11.076829;0.120777;-0.088209;0.04018;-0.295172;-0.110791;-0.743124
186;-0.888725;1.119122;9.937157;0.040863;-0.154195;0.043223;-0.300798;-0.110889;-0.742044
187;-0.988733;1.554928;9.672018;0.18946;-0.218602;0.029626;-0.307754;-0.112748;-0.739536
188;-0.787375;1.764478;9.983518;0.175651;-0.209882;0.005022;-0.314012;-0.117743;-0.735093
189;-1.26018;1.351675;11.385296;0.154623;-0.3249;-0.032852;-0.3241;-0.124254;-0.731238
190;-1.125119;1.544402;12.070703;-0.028134;-0.522783;-0.078309;-0.339381;-0.124079;-0.723593
191;-1.451348;1.538606;13.152293;0.00629;-0.973248;0.002428;-0.365087;-0.124218;-0.711042
192;-1.420121;1.447145;13.528241;0.240127;-1.341459;0.046638;-0.397738;-0.123218;-0.691257
193;-0.989985;1.855909;13.056157;0.65542;-1.732941;0.212517;-0.445914;-0.134622;-0.657451
194;-0.191273;2.691262;11.375301;0.373081;-2.0428;0.345408;-0.502947;-0.140093;-0.612863
195;0.731338;2.850441;10.057882;0.215926;-2.131066;0.46738;-0.568202;-0.135258;-0.557608
196;1.394277;2.589137;8.585614;0.110391;-2.071392;0.606196;-0.620176;-0.122714;-0.500647
197;2.271567;3.031425;7.694728;0.121586;-1.943269;0.764175;-0.663139;-0.107355;-0.444204
198;3.175277;2.485646;6.310157;-0.146847;-1.725127;0.80608;-0.698876;-0.085291;-0.388779
199;4.192596;2.15308;6.075812;-0.359083;-1.670786;0.848689;-0.727686;-0.056635;-0.334793
200;5.18552;0.695813;5.684608;-0.416187;-1.556851;0.808563;-0.749204;-0.022511;-0.280738
201;6.360864;0.07945;5.296155;-0.221405;-1.521674;0.738057;-0.768905;0.002332;-0.230765
202;7.367996;0.061733;4.956509;-0.231736;-1.306626;0.744021;-0.780676;0.022622;-0.182211
203;7.713858;-0.312387;5.05392;-0.437663;-1.075989;0.629942;-0.789325;0.04641;-0.142916
204;8.01574;-1.208427;4.340536;-0.502459;-0.931853;0.452494;-0.793148;0.065945;-0.108518
205;7.8359;-1.029833;4.516834;-0.186427;-0.683956;0.408409;-0.79262;0.080625;-0.080391
206;7.86576;-1.475574;3.497317;-0.046224;-0.576886;0.283745;-0.792407;0.090369;-0.058219
207;7.818579;-0.981047;3.593388;0.055388;-0.365749;0.242087;-0.795408;0.098411;-0.038904
208;7.893438;-0.964036;3.331914;-0.012879;-0.205448;0.171613;-0.794097;0.104635;-0.029636
209;7.957018;-1.47597;3.829041;0.111188;-0.063061;0.119591;-0.794028;0.110322;-0.025859
210;8.360333;-1.503848;3.702096;0.220009;0.035149;0.07261;-0.79276;0.109919;-0.029584
211;8.56977;-1.228469;4.426429;0.188158;0.153014;-0.018267;-0.79123;0.110187;-0.033568
212;8.820941;-0.650109;4.490883;0.148455;0.272656;-0.028804;-0.791543;0.111915;-0.04035
213;8.569628;-0.760014;5.424004;0.152936;0.339658;-0.117435;-0.789993;0.108371;-0.052032
214;8.343232;-0.117742;5.899039;0.175393;0.357365;-0.140104;-0.792388;0.104072;-0.063363
215;7.729321;0.238802;6.163977;0.082936;0.345482;-0.148918;-0.791451;0.099661;-0.079807
216;7.415983;0.385372;6.697839;0.010849;0.315849;-0.115541;-0.790524;0.095263;-0.08976
217;7.202194;-0.081411;6.89667;0.041638;0.271914;-0.1018;-0.788517;0.091553;-0.097363
218;7.262149;-0.185546;6.740395;0.033222;0.159224;-0.089379;-0.788522;0.09038;-0.104663
219;7.236992;0.384083;6.836827;-0.00744;0.104764;-0.030529;-0.787751;0.088351;-0.107326
220;7.171691;0.053346;6.933432;0.055482;0.050194;0.058159;-0.78907;0.088275;-0.111717
221;7.41961;-0.304838;6.713672;0.146789;-0.021354;0.070817;-0.788176;0.088876;-0.11384
222;7.569389;-0.483236;6.461725;0.119271;-0.043413;0.072378;-0.787853;0.091843;-0.111803
223;7.497066;0.461985;6.391704;-0.050591;-0.044911;0.065475;-0.785877;0.092741;-0.108328
224;7.499793;-0.018523;6.489839;-0.04023;-0.010588;0.086805;-0.787729;0.095911;-0.107343
225;7.614466;-0.609841;6.282663;0.045879;-0.07329;0.055366;-0.788069;0.099105;-0.107503
226;7.627116;-0.248958;6.102418;0.096489;-0.069865;0.015748;-0.788602;0.099341;-0.106583
227;7.647325;0.052346;5.824833;-0.072096;-0.040626;0.003632;-0.788634;0.100679;-0.103477
228;7.648778;-0.210366;5.86267;-0.098162;-0.000999;-0.018201;-0.788104;0.099923;-0.101285
229;7.761859;-0.508997;5.625126;-0.052596;0.009407;-0.062314;-0.788081;0.099902;-0.100743
230;7.672145;-0.353183;5.953349;0.094414;0.015455;-0.041921;-0.788577;0.097491;-0.09995
231;7.880629;-0.209872;5.964887;0.113209;0.04787;-0.087558;-0.788083;0.095328;-0.10249
232;7.759346;0.179217;6.089601;0.047331;0.081476;-0.086363;-0.788395;0.092744;-0.104122
233;7.634768;-0.167503;6.365139;-0.157773;0.099405;-0.09601;-0.788178;0.089796;-0.106809
234;7.492792;-0.175462;6.339781;0.008235;0.072862;-0.087357;-0.788533;0.089212;-0.108718
235;7.379272;0.101662;6.337198;0.050706;0.037687;-0.043423;-0.790057;0.08567;-0.11257
236;7.50694;-0.092232;6.182382;0.115444;0.03047;-0.073517;-0.788975;0.08335;-0.114676
237;7.48175;0.536911;6.398819;0.201246;0.025143;-0.023124;-0.787812;0.082393;-0.114347
238;7.609627;0.312918;6.266553;0.049529;0.032299;-0.031961;-0.788604;0.080389;-0.117085
239;7.6095;0.476644;6.581558;-0.075964;0.032475;-0.031044;-0.788045;0.081696;-0.116791
240;7.492453;0.055529;6.714743;-0.081247;0.01848;0.009377;-0.78779;0.080673;-0.117858
241;7.490632;0.259444;6.384291;0.038509;-0.041533;0.017818;-0.789274;0.081407;-0.115768
242;7.356458;0.221195;6.434167;-0.025182;-0.037845;0.04431;-0.78967;0.08204;-0.114842
243;7.416507;0.072299;6.217907;-0.006563;-0.051136;0.008885;-0.789188;0.084988;-0.112391
244;7.4676;0.178709;5.93365;0.002951;-0.03621;0.024881;-0.789392;0.083872;-0.110911
245;7.685412;-0.097447;5.803248;-0.032093;-0.011649;0.008219;-0.789191;0.084468;-0.10928
246;7.819602;-0.118682;5.625862;-0.042857;0.026121;-0.022417;-0.78902;0.084832;-0.108461
247;7.879393;-0.148207;5.56706;-0.021112;0.070943;-0.036231;-0.789378;0.083728;-0.110639
248;7.910107;-0.379955;5.402833;-0.0172;0.158883;-0.122142;-0.789318;0.082755;-0.116314
249;7.858075;-0.551572;5.131815;-0.022661;0.225761;-0.187013;-0.790075;0.078103;-0.122561
250;7.670157;-0.594876;4.542741;-0.105799;0.402817;-0.265222;-0.787014;0.071315;-0.133216
251;7.326981;-0.597146;4.76098;0.057732;0.709958;-0.321284;-0.78445;0.062507;-0.153087
252;7.221251;-0.64013;4.173557;0.13703;0.903472;-0.427605;-0.780153;0.049724;-0.177056
253;6.808564;-0.237294;4.322419;0.223583;1.159682;-0.508659;-0.772335;0.03456;-0.212616
254;6.188239;0.280827;5.412538;0.487964;1.406168;-0.523525;-0.75937;0.014843;-0.255625
255;5.905769;-0.079604;5.227148;0.679308;1.553033;-0.555199;-0.742136;-0.009654;-0.3068
256;5.247393;2.102853;6.53232;0.888447;1.715081;-0.675338;-0.715975;-0.040406;-0.357123
257;4.062883;1.675812;7.071813;0.519016;1.679988;-0.822103;-0.6897;-0.069696;-0.404197
258;3.282865;2.904324;8.555684;0.701162;1.74269;-0.886633;-0.654404;-0.105853;-0.451764
259;1.814949;2.542137;9.464632;0.160811;1.677217;-0.948878;-0.613711;-0.138561;-0.497861
260;1.098045;2.449488;9.412804;0.07151;1.432984;-0.950581;-0.569065;-0.171435;-0.541062
261;0.649683;2.953211;10.521403;-0.222626;1.29278;-0.988488;-0.527114;-0.191984;-0.576308
262;0.417983;2.655178;9.811656;-0.408808;1.296615;-0.999138;-0.486798;-0.2029;-0.609763
263;-0.848451;3.058228;9.095362;-0.152353;1.202756;-0.941439;-0.444285;-0.216915;-0.639318
264;-0.380478;4.038527;10.1243;-0.692105;1.188465;-0.673126;-0.401712;-0.219874;-0.666733
265;-0.77759;1.12124;9.534149;-0.10613;1.139521;-0.520449;-0.357379;-0.215592;-0.690023
266;-2.043154;1.032239;8.082974;1.563249;0.614245;-0.501073;-0.323875;-0.251629;-0.695886
267;-4.459455;13.33664;21.619034;0.293362;0.236109;-0.049992;-0.297754;-0.2805;-0.699284
268;-2.403691;6.679422;13.532801;-1.083495;-0.323203;0.359979;-0.310224;-0.253679;-0.705905
269;0.175567;2.184558;7.300822;-1.285122;-0.083338;0.464587;-0.321091;-0.214373;-0.71356
270;1.201078;0.046288;6.543297;-0.849403;0.191795;0.271942;-0.326633;-0.18854;-0.714297
271;0.454845;-0.017748;6.79853;-0.050472;0.410135;-0.068818;-0.318627;-0.176161;-0.721649
272;-0.261615;0.49078;8.299471;0.550455;0.45111;-0.17155;-0.302645;-0.177907;-0.730068
273;-1.470808;3.655774;12.729351;0.741767;0.079469;-0.018906;-0.291142;-0.201472;-0.728371
274;-1.827552;4.27378;11.70091;-0.147816;-0.225465;0.151942;-0.297165;-0.207734;-0.725536
275;-1.11101;1.856616;9.166437;-0.570607;-0.018592;0.131601;-0.298092;-0.209088;-0.721115
276;-0.645707;1.237902;8.666161;-0.154793;0.005174;-0.006008;-0.300062;-0.198882;-0.72367
277;-0.75225;1.835504;9.173669;0.106453;0.094661;-0.088173;-0.302313;-0.185276;-0.728275
278;-0.761654;2.574674;10.005667;-0.072118;-7e-05;0.002209;-0.299862;-0.186391;-0.727748
279;-0.610546;2.170947;9.821532;-0.273831;-0.038585;0.083899;-0.301588;-0.17968;-0.729201
280;-0.623661;1.677124;9.499116;-0.171254;-0.007045;0.080492;-0.299069;-0.18478;-0.728525
281;-0.758248;1.691636;9.488891;0.11934;0.022535;0.005724;-0.29972;-0.184956;-0.727204
282;-0.849754;2.185084;9.801701;0.168504;0.013724;-0.017168;-0.300706;-0.180113;-0.728616
283;-0.828485;2.365583;9.711879;0.006732;0.005115;-0.019856;-0.302659;-0.182077;-0.72857
284;-0.67133;2.172523;9.385053;-0.135706;-0.015917;-0.005949;-0.30213;-0.179565;-0.728551
285;-0.595684;2.007653;9.41677;-0.071756;0.008612;0.00037;-0.300668;-0.186814;-0.726839
286;-0.699826;2.021283;9.647299;-0.013215;0.027968;0.004936;-0.301081;-0.18695;-0.726588
287;-0.804334;2.065295;9.787735;-0.00775;0.022733;-0.003907;-0.301183;-0.179798;-0.729722
288;-0.804717;2.06598;9.622629;-0.009065;0.015699;0.017216;-0.300396;-0.179619;-0.727791
289;-0.729827;1.976781;9.496656;0.001035;0.012994;0.00482;-0.30115;-0.178259;-0.728371
290;-0.700071;1.991994;9.474724;-0.01233;0.015637;0.006603;-0.29973;-0.184292;-0.727206
291;-0.729844;2.036264;9.624166;-0.02385;0.001587;0.001225;-0.299766;-0.184913;-0.728288
292;-0.714939;2.07355;9.691965;0.005509;0.008586;-0.00048;-0.300447;-0.182445;-0.726704
293;-0.655036;2.185028;10.000729;0.07684;-0.00735;0.024151;-0.302048;-0.180818;-0.727056
294;-0.532852;1.987552;10.701309;0.036403;-0.090049;0.071204;-0.302972;-0.181652;-0.725746
295;-1.591668;2.366003;12.488184;-0.116026;-0.267036;0.087781;-0.3117;-0.181856;-0.724275
296;-1.302017;2.413378;8.591657;-0.810466;-0.382741;-0.071167;-0.323044;-0.164713;-0.724596
297;-0.680925;2.133169;11.621219;0.021293;-0.371538;0.155779;-0.335198;-0.153084;-0.719262
298;-1.342215;3.088639;12.132199;-0.228833;-0.687823;0.002008;-0.355074;-0.149919;-0.711847
299;-1.396266;2.572812;13.452452;-0.265991;-1.04672;0.197108;-0.382087;-0.140339;-0.696408
300;-0.821274;0.821076;12.97094;-0.307874;-1.494399;-0.018939;-0.428448;-0.128981;-0.672881
301;-0.470123;2.128996;12.676396;0.101456;-1.859441;0.083772;-0.478395;-0.12462;-0.637975
302;-0.1914;2.466404;11.180745;0.146494;-2.04001;0.302229;-0.52969;-0.120567;-0.594745
303;0.50936;2.189556;9.874349;0.483874;-2.156047;0.496325;-0.58588;-0.116377;-0.539714
304;1.277107;2.002614;8.659255;0.58919;-2.219903;0.653727;-0.638012;-0.114148;-0.476635
305;2.220214;2.633515;7.57437;0.605114;-2.151641;0.875729;-0.687256;-0.105727;-0.403285
306;3.157941;3.084407;6.624343;0.360047;-1.961494;1.053426;-0.723952;-0.083916;-0.337115
307;4.110433;1.922331;5.564112;-0.0723;-1.696475;1.159071;-0.75123;-0.0529;-0.279545
308;5.163536;0.45714;5.331719;0.059273;-1.596041;1.065042;-0.771431;-0.019746;-0.224882
309;6.681544;-0.267514;4.252359;0.093251;-1.505376;1.046031;-0.784893;0.011679;-0.172459
310;7.546696;-0.261343;3.594341;0.012889;-1.318322;0.923741;-0.788199;0.048246;-0.122803
311;8.323008;-0.167807;3.489769;-0.059031;-1.078385;0.818627;-0.791579;0.07364;-0.082455
312;8.909709;-1.042046;3.217342;-0.125314;-0.94842;0.702856;-0.794102;0.095093;-0.043408
313;9.020308;-0.645086;3.474283;-0.495418;-0.637392;0.489777;-0.792528;0.111929;-0.016594
314;8.885883;-2.219789;3.188127;-0.341801;-0.462466;0.3707;-0.791138;0.125928;0.004808
315;8.600047;-1.920204;3.031969;0.055131;-0.237565;0.245296;-0.785784;0.137131;0.011532
316;8.457144;-1.703552;3.11141;0.009305;-0.096695;0.071612;-0.785047;0.140887;0.016968
317;8.385192;-0.736699;3.251496;-0.016033;0.059162;0.011121;-0.78772;0.142473;0.021433
318;8.217004;-1.056049;4.118976;-0.004225;0.213274;-0.035474;-0.786506;0.142904;0.016757
319;8.318574;-1.732468;4.519487;0.170666;0.15841;-0.067727;-0.787641;0.140958;0.009269
320;8.32774;-0.532996;4.720985;0.219897;0.204127;-0.095407;-0.787769;0.137414;-0.001819
321;8.065288;-0.160739;5.150563;0.055357;0.216814;-0.100529;-0.789769;0.134446;-0.010024
322;8.274213;0.033806;5.469735;0.003201;0.193917;-0.081239;-0.788914;0.133514;-0.013632
323;8.298996;-0.460839;5.380718;-0.006329;0.179792;-0.128203;-0.788663;0.130925;-0.018752
324;8.252278;-0.192204;5.529883;-0.024624;0.195578;-0.151756;-0.790344;0.12767;-0.025609
325;8.10037;0.302135;5.57132;-0.061381;0.228287;-0.140841;-0.788892;0.121734;-0.033776
326;8.059035;-0.276536;5.781242;0.064887;0.220224;-0.139223;-0.791891;0.117868;-0.042434
327;8.1174;0.060645;5.932137;0.132435;0.174343;-0.148295;-0.791028;0.114315;-0.046848
328;7.998045;0.089564;6.079795;-0.002654;0.114721;-0.15753;-0.791373;0.107707;-0.050771
329;7.669253;0.328278;6.237717;0.039906;0.035772;-0.079587;-0.792116;0.10565;-0.05294
330;7.83159;0.614974;6.000526;-0.019371;0.00937;-0.054146;-0.791888;0.103084;-0.055222
331;7.758973;0.254202;6.097016;-0.062329;-0.01518;-0.040265;-0.790473;0.10346;-0.055154
332;7.907692;0.196609;5.657307;-0.039798;-0.011761;-0.006741;-0.792058;0.102721;-0.052659
333;7.923153;0.143719;5.762737;0.019214;-0.032953;0.016051;-0.792674;0.102513;-0.050525
334;8.057872;-0.012232;5.510464;0.006073;-0.040062;0.011545;-0.792044;0.102971;-0.048872
335;8.146569;0.183064;5.534547;-0.032391;-0.025083;0.021387;-0.794613;0.103674;-0.048999
336;8.155865;-0.117438;5.647627;-0.02042;-0.032157;0.003638;-0.792578;0.104385;-0.047549
337;8.223351;-0.266243;5.416508;0.047705;-0.031422;-0.017568;-0.792529;0.104862;-0.046196
338;7.996838;0.183014;5.403963;0.008542;0.016283;-0.016263;-0.793651;0.103558;-0.046382
339;8.124891;0.047886;5.549267;-0.02313;0.065548;-0.027418;-0.791522;0.103005;-0.046548
340;8.027594;0.062668;5.509774;-0.006641;0.056759;-0.050415;-0.792591;0.10126;-0.04903
341;8.004045;0.166542;5.614558;0.026773;0.044315;-0.039781;-0.793642;0.099501;-0.050455
342;8.011518;0.226022;5.749723;-6e-06;0.044354;-0.03712;-0.793663;0.09939;-0.050997
343;8.033337;0.390677;5.862549;0.046508;0.037263;-0.013307;-0.792691;0.097565;-0.052163
344;8.026576;0.270467;5.900066;0.038171;0.009118;0.000593;-0.793153;0.097997;-0.052863
345;7.824436;0.367017;5.940925;0.0447;0.003949;0.025291;-0.794276;0.097871;-0.052646
346;7.891947;0.329646;5.97234;0.183989;-0.019998;0.077187;-0.793434;0.099959;-0.052069
347;7.974151;0.480684;5.95851;0.107269;-0.047117;0.088383;-0.792695;0.102009;-0.051201
348;8.100278;0.549658;5.728333;0.040452;-0.091112;0.093366;-0.79188;0.104777;-0.047652
349;8.004656;0.24931;5.704225;-0.083495;-0.102343;0.113519;-0.791766;0.109116;-0.043329
350;8.147835;-0.11647;5.407323;-0.117076;-0.120878;0.110655;-0.792198;0.113834;-0.041738
351;8.179232;-0.416324;5.385767;-0.078686;-0.10161;0.067496;-0.791767;0.116046;-0.037395
352;8.312243;-0.353701;4.885576;-0.013236;-0.059563;0.010428;-0.791618;0.117477;-0.033334
353;8.130778;0.080477;4.933988;0.015601;0.037318;-0.004686;-0.791915;0.118278;-0.03335
354;8.274893;-0.368725;4.854825;0.101307;0.058245;-0.013451;-0.791104;0.118042;-0.034392
355;8.125964;-0.340483;5.136969;0.05619;0.086525;-0.066179;-0.790381;0.116842;-0.037871
356;8.252255;-0.1306;5.296871;-0.02184;0.123535;-0.076474;-0.79072;0.114544;-0.040046
357;8.161329;0.168586;5.422293;-0.027532;0.157056;-0.062058;-0.791903;0.112381;-0.045372
358;8.057269;-0.055746;5.150287;-0.063077;0.183526;-0.095455;-0.791914;0.110168;-0.049831
359;8.204829;-0.126129;4.177755;-0.08889;0.266173;-0.114347;-0.79078;0.107013;-0.057747
360;8.177125;-0.72469;3.772611;-0.233465;0.401856;-0.187659;-0.791042;0.102681;-0.068975
361;7.835815;-1.257953;3.601235;-0.24822;0.618451;-0.382133;-0.789467;0.092446;-0.085915
362;8.086908;-0.664589;3.665671;-0.444325;0.880797;-0.546983;-0.789844;0.08155;-0.109034
363;7.944607;-1.82985;4.129353;-0.378777;1.160649;-0.627286;-0.786285;0.065403;-0.141687
364;7.423477;-0.850424;4.275713;0.20894;1.348376;-0.754448;-0.778554;0.045476;-0.183923
365;6.326185;-0.284328;6.001578;0.797804;1.525169;-0.784727;-0.765011;0.0141;-0.237842
366;5.195333;1.55015;5.751724;1.382296;1.545241;-0.821224;-0.748317;-0.024535;-0.286991
367;4.619327;3.472493;6.548536;1.02861;1.711495;-0.885855;-0.72621;-0.061042;-0.334802
368;3.601596;2.581021;7.084381;0.272471;1.787745;-0.976375;-0.69682;-0.09691;-0.387942
369;2.444247;1.484148;8.172972;0.282672;1.72754;-1.085454;-0.65857;-0.129948;-0.438496
370;1.39658;2.166712;8.999176;0.438408;1.715552;-1.154154;-0.61476;-0.174854;-0.486047
371;0.971955;3.261226;8.771824;0.341933;1.455444;-1.001343;-0.571636;-0.207871;-0.525272
372;0.469447;3.976132;9.556417;0.182635;1.419823;-1.056129;-0.529025;-0.234002;-0.560616
373;-0.076095;5.615151;9.963919;-0.029593;1.363251;-0.973249;-0.483448;-0.259244;-0.592572
374;0.061771;5.096846;10.259926;-0.330211;1.332031;-0.721218;-0.438947;-0.269362;-0.624211
375;-0.634804;3.879855;10.00711;-0.142172;1.249411;-0.651404;-0.389316;-0.278783;-0.648298
376;-0.348597;4.841536;9.929267;0.02244;1.066061;-0.520145;-0.348614;-0.289397;-0.669298
377;-1.586073;7.93666;14.89898;0.04393;0.827714;-0.155685;-0.322461;-0.30745;-0.678133
378;-5.178344;10.058655;17.120836;-1.221566;-0.240654;0.168281;-0.313418;-0.287672;-0.691812
379;-0.265736;3.621846;7.463302;-1.55293;-0.089917;0.411978;-0.328089;-0.245193;-0.701014
380;0.91698;1.483652;6.836511;-1.309742;0.144176;0.483748;-0.334611;-0.203536;-0.705625
381;0.953215;0.075242;6.411019;-0.875749;0.443473;0.072627;-0.328249;-0.169223;-0.7169
382;-0.345425;-0.763273;8.374507;-0.025787;0.65253;-0.052956;-0.307345;-0.153477;-0.733377
383;-1.224468;1.471534;11.311155;0.438642;0.168389;-0.094563;-0.295074;-0.164431;-0.735732
384;-1.888848;3.517565;12.946552;0.071293;-0.286585;0.035066;-0.296574;-0.175184;-0.731584
385;-0.956354;2.43136;9.85964;-0.530362;-0.08749;0.055471;-0.300636;-0.176092;-0.727315
386;-0.72801;1.265376;9.047515;-0.248376;0.038677;-0.040949;-0.300987;-0.163998;-0.731149
387;-0.561787;0.89856;9.021236;0.145948;0.099665;-0.09528;-0.302547;-0.156004;-0.734897
388;-0.981359;1.523268;9.927666;0.121596;0.044522;-0.061969;-0.298216;-0.162408;-0.735483
389;-0.721048;1.675064;9.752625;-0.100753;-0.033622;0.018662;-0.298785;-0.161613;-0.735242
390;-0.728191;1.555539;9.625036;-0.096334;-0.046809;0.062663;-0.296211;-0.167289;-0.73348
391;-0.811708;1.810275;9.623081;0.135235;-0.035627;0.040749;-0.298296;-0.166646;-0.73223
392;-0.888125;2.16975;9.696198;0.230236;-0.002274;0.00312;-0.303466;-0.163641;-0.732623
393;-0.850493;2.117384;9.697012;0.12715;0.01016;0.003188;-0.303132;-0.170359;-0.730561
394;-0.73106;2.073462;9.549371;-0.002774;-0.009102;0.010085;-0.30321;-0.172247;-0.729749
395;-0.567087;2.082256;9.395063;-0.014172;-0.030306;0.002867;-0.301366;-0.17737;-0.728294
396;-0.544724;2.082437;9.372999;0.027475;-0.002199;0.011889;-0.302777;-0.178011;-0.728361
397;-0.671128;2.103139;9.685623;0.062388;0.01543;-0.002084;-0.303595;-0.174502;-0.729626
398;-0.715945;2.140099;9.774735;0.048784;-0.009167;0.006579;-0.304415;-0.175826;-0.729392
399;-0.716676;2.20086;9.594548;0.009615;0.016408;0.012936;-0.304369;-0.177307;-0.728845
400;-0.671842;2.134143;9.445433;-0.01166;0.006722;0.011965;-0.30251;-0.180875;-0.726447
401;-0.715939;2.006317;9.474704;-0.022674;0.019066;-0.010913;-0.302299;-0.180943;-0.728195
402;-0.723626;2.110718;9.61702;-0.007949;0.020829;0.004126;-0.303084;-0.177333;-0.728648
403;-0.723835;2.140818;9.594469;-0.013293;0.00499;0.003138;-0.30339;-0.178092;-0.729472
404;-0.708657;2.095867;9.594823;-0.02699;0.015548;-0.019741;-0.303329;-0.177626;-0.727847
405;-0.685964;2.036003;9.580336;-0.019753;0.010241;-0.025084;-0.302995;-0.18003;-0.727555
406;-0.68573;1.990994;9.580389;-0.018829;0.012879;-0.025957;-0.304226;-0.17914;-0.72951
407;-0.700304;1.953116;9.655182;-0.04992;-0.000276;-0.028702;-0.302847;-0.176116;-0.729316
408;-0.73056;2.020545;9.646996;-0.009113;0.003211;-0.025132;-0.303002;-0.176756;-0.729863
409;-0.573706;2.021248;9.627634;0.035374;0.009235;-0.025975;-0.302648;-0.177217;-0.728356
410;-0.634548;2.186426;9.536179;0.010502;0.008416;-0.027717;-0.302681;-0.179801;-0.73011
411;-0.717285;2.231677;9.399387;-0.048201;0.009409;-0.025061;-0.301033;-0.180426;-0.72827
412;-0.829178;2.216052;9.442182;-0.084194;0.007765;-0.005659;-0.301661;-0.17814;-0.728847
413;-0.731046;2.110596;9.639384;-0.061373;0.00858;0.006685;-0.302866;-0.175314;-0.729454
414;-0.671385;2.125894;9.625557;-0.06262;0.011202;0.023469;-0.302335;-0.174373;-0.729972
415;-0.700881;2.050761;9.625047;-0.08266;0.003307;0.004869;-0.303993;-0.171253;-0.731142
416;-0.670691;1.976017;9.588212;-0.09705;0.022679;0.015575;-0.301312;-0.169708;-0.73088
417;-0.669202;1.856583;9.595563;-0.089349;0.024516;-0.007481;-0.301412;-0.168213;-0.730843
418;-0.698308;1.73616;9.662648;-0.053636;0.040327;-0.012682;-0.300878;-0.165313;-0.730554
419;-0.773042;1.735901;9.653643;-0.01204;0.02095;-0.005752;-0.302014;-0.166081;-0.730878
420;-0.803537;1.826054;9.592896;-0.020209;0.015698;0.001285;-0.301544;-0.164561;-0.732617
421;-0.848402;1.825942;9.576986;-0.01851;0.012199;0.004792;-0.300269;-0.165753;-0.733093
422;-0.774205;1.802731;9.668869;-0.001889;0.012927;0.013723;-0.301048;-0.164857;-0.732909
423;-0.707034;1.810556;9.655202;0.008348;-0.010901;-0.009386;-0.299933;-0.164853;-0.733396
424;-0.669904;1.877998;9.708405;-0.00259;-0.016177;0.001178;-0.302416;-0.164623;-0.731623
425;-0.692924;1.96074;9.632809;-0.005013;-0.008248;-0.009341;-0.303286;-0.164594;-0.732071
426;-0.648385;1.983731;9.558635;0.015687;0.007538;-0.018936;-0.301302;-0.164227;-0.731975
427;-0.670973;2.013681;9.550643;-0.000382;0.004931;-0.016302;-0.301828;-0.165434;-0.731457
428;-0.730612;2.020639;9.624481;-0.004149;0.006735;-0.00746;-0.303845;-0.165901;-0.732365
429;-0.700634;1.983434;9.580098;-0.022818;0.015545;-0.005644;-0.301523;-0.16572;-0.731036
430;-0.700257;1.930736;9.62519;-0.024743;0.019073;0.001431;-0.302152;-0.166177;-0.732688
431;-0.565713;1.931164;9.650406;-0.013363;0.008433;0.008412;-0.30333;-0.165076;-0.733289
432;-0.594574;1.810306;9.822559;-0.010472;0.086812;0.045122;-0.30104;-0.164602;-0.732638
433;-0.907911;1.644737;9.651345;0.072873;0.034046;0.05444;-0.29995;-0.16523;-0.733937
434;-0.864453;1.855455;9.531919;0.113158;0.008435;0.038415;-0.299326;-0.166598;-0.733091
435;-0.849496;2.078442;10.042277;0.171081;0.025974;0.024484;-0.300392;-0.171092;-0.733132
436;-0.875401;1.870546;11.302727;0.483768;-0.002534;0.019021;-0.300666;-0.179594;-0.729337
437;-1.969797;1.777467;12.79673;0.121512;-0.260261;-0.002139;-0.304554;-0.189292;-0.727607
438;-1.637263;2.659386;6.693849;-0.73457;-0.623183;-0.130099;-0.324848;-0.174366;-0.722269
439;-1.089509;3.208781;12.1975;0.11768;-0.47272;0.188956;-0.340735;-0.173104;-0.71506
440;-1.972381;3.831784;13.072107;0.359009;-0.865968;0.239355;-0.367413;-0.179266;-0.697398
441;-1.912518;4.322353;14.220954;0.189922;-1.51083;0.416748;-0.410421;-0.180222;-0.674859
442;-0.830676;4.314487;13.537287;-0.266525;-1.972977;0.363128;-0.459922;-0.169219;-0.640353
443;-0.485605;5.06994;12.597841;-0.113387;-2.393951;0.647074;-0.524723;-0.152664;-0.589827
444;-0.144199;4.570017;10.473989;-0.080271;-2.538441;0.944131;-0.591692;-0.129763;-0.527787
445;0.367266;3.198489;8.849793;0.178556;-2.60583;1.255707;-0.66153;-0.0979;-0.449676
446;1.747535;1.410423;7.198485;0.283255;-2.343477;1.412395;-0.711697;-0.065998;-0.372641
447;3.321572;1.064291;5.346881;0.224271;-2.295912;1.336646;-0.745037;-0.030744;-0.298992
448;4.252755;1.03574;4.082368;-0.178822;-2.177967;1.340884;-0.77162;0.008257;-0.225161
449;5.075704;0.583703;3.529061;-0.443738;-2.075956;1.362617;-0.787495;0.0528;-0.154342
450;6.475264;-0.173106;2.852594;-0.725444;-1.669698;1.329916;-0.788566;0.102457;-0.087147
451;7.878504;-2.674058;3.078629;-0.647673;-1.383691;1.156687;-0.784608;0.141653;-0.032399
452;8.961424;-3.233801;1.615123;-0.058293;-1.273372;0.987882;-0.782303;0.171412;0.01661
453;9.383597;-2.571507;1.502816;-0.220573;-0.837821;0.714827;-0.77346;0.197145;0.054312
454;9.180533;-2.688825;0.658367;-0.327374;-0.557828;0.511131;-0.767423;0.213602;0.079184
455;8.946597;-3.501611;1.059789;-0.484819;-0.027797;0.197028;-0.759088;0.222676;0.088494
456;9.197586;-4.549009;0.615707;-0.172958;0.059512;-0.056692;-0.760067;0.222023;0.091966
457;8.423086;-3.13118;1.679237;0.339945;0.2881;-0.187964;-0.763281;0.219928;0.088974
458;8.375451;-2.665568;1.512676;0.356258;0.548607;-0.264594;-0.766797;0.215629;0.071228
459;8.567282;-2.207122;1.493519;0.045444;0.69669;-0.43557;-0.769542;0.207076;0.050013
460;8.298805;-1.963824;2.260815;-0.418645;1.037135;-0.580504;-0.778035;0.186639;0.015832
461;7.914399;-2.4855;2.869021;-0.16821;1.296664;-0.629915;-0.781345;0.166189;-0.023238
462;7.676795;-2.600573;3.254602;0.253994;1.541782;-0.732296;-0.782638;0.149083;-0.063707
463;7.299756;-1.666878;3.861372;0.624503;1.830193;-0.83946;-0.780222;0.124842;-0.123188
464;6.392077;-0.601212;4.697477;0.891918;2.020421;-0.961382;-0.771202;0.09207;-0.190715
465;5.335199;0.262795;5.178095;1.250892;2.140196;-1.041479;-0.751473;0.047449;-0.271087
466;4.313872;1.925381;6.679161;1.442114;2.119357;-1.168267;-0.724702;-0.002316;-0.341095
467;3.08535;4.466462;7.792381;0.844662;2.100511;-1.293174;-0.693109;-0.052012;-0.400995
468;0.965237;3.467938;9.566934;0.153255;2.069103;-1.237017;-0.649624;-0.095179;-0.462363
469;0.543853;1.616619;10.581081;0.084402;1.807105;-1.233853;-0.601571;-0.128365;-0.515959
470;0.254944;2.702035;10.866768;0.242011;1.330933;-1.139875;-0.555339;-0.168866;-0.558262
471;-0.308671;4.242549;9.690578;0.018158;1.188016;-1.122088;-0.514725;-0.196265;-0.587612
472;0.288968;4.051824;9.222513;-0.558885;1.198291;-0.821239;-0.477368;-0.206499;-0.617162
473;-0.863342;2.07642;10.514781;-0.136253;1.215925;-0.872549;-0.434575;-0.213188;-0.647675
474;0.396387;4.900377;9.118687;-0.195842;1.021789;-0.737582;-0.394775;-0.229365;-0.668569
475;-1.210268;3.417103;8.892899;-0.649706;1.263657;-0.388497;-0.348599;-0.221958;-0.690971
476;-2.982031;1.215085;9.970345;0.572986;0.512191;-0.33749;-0.316651;-0.239417;-0.70345
477;-3.630465;10.688201;22.344322;0.197261;-0.211327;0.179429;-0.298255;-0.251263;-0.71227
478;-1.224513;5.361446;10.346355;-1.033713;-0.381305;0.408687;-0.319031;-0.224905;-0.710771
479;0.431559;1.607672;7.216851;-0.861625;0.037299;0.382498;-0.329327;-0.191616;-0.717168
480;0.355006;0.073762;6.196379;-0.190101;0.096057;0.033206;-0.332144;-0.17813;-0.715038
481;0.169476;0.486955;7.678078;0.355858;0.373524;-0.217924;-0.323029;-0.185086;-0.716743
482;-0.65024;2.648475;10.255786;0.38477;0.315949;-0.220438;-0.307169;-0.19469;-0.724339
483;-2.12527;4.892692;13.968411;0.103111;-0.108586;0.112502;-0.30238;-0.205181;-0.722323
484;-1.669474;2.755549;12.396462;-0.286273;-0.245669;0.227514;-0.310961;-0.195718;-0.720462
485;-1.42735;0.72219;9.116601;-0.36493;-0.288212;0.062574;-0.323988;-0.192686;-0.715419
486;-0.437524;3.072586;9.494147;-0.022641;-0.260917;0.0738;-0.335955;-0.190907;-0.709239
487;-1.681622;2.676173;13.431915;0.301138;-0.37844;0.171945;-0.348043;-0.182217;-0.706734
488;-1.868133;4.092939;13.509174;0.467548;-1.243537;0.603864;-0.379461;-0.189175;-0.687406
489;-0.781336;3.295876;13.194182;-0.529878;-1.701582;0.371855;-0.429953;-0.172019;-0.660674
490;-0.507517;3.955658;13.544171;-0.262652;-2.116544;0.504112;-0.490217;-0.16167;-0.619247
491;-0.196537;4.941466;11.298019;-0.052425;-2.415262;0.803913;-0.556229;-0.139666;-0.565141
492;0.368751;3.636435;10.117281;0.150299;-2.510727;0.990794;-0.617889;-0.112044;-0.502997
493;0.833264;2.721865;8.604214;0.179771;-2.593735;1.130271;-0.674275;-0.085957;-0.42789
494;1.678714;2.054239;7.601329;0.328228;-2.184939;1.392362;-0.719324;-0.052174;-0.353469
495;2.903518;-0.257239;5.392141;0.223001;-2.179401;1.381241;-0.753026;-0.01802;-0.272143
496;4.12472;-0.036949;4.095665;0.135859;-2.202834;1.395138;-0.775268;0.022146;-0.199339
497;5.596605;0.517327;2.098448;-0.613959;-1.898216;1.256005;-0.790595;0.066299;-0.132565
498;6.972033;0.239132;1.758675;-1.152955;-1.335001;1.080655;-0.792195;0.106502;-0.074721
499;8.487864;-1.015244;1.782997;-1.201617;-0.996109;0.827713;-0.789618;0.137305;-0.028958
500;9.615911;-2.450825;1.717174;-0.206661;-0.97863;0.79759;-0.779353;0.162486;0.012052
501;10.428816;-3.996719;0.819653;0.218305;-0.69804;0.686277;-0.773797;0.185923;0.038231
502;10.042046;-4.246623;1.014772;0.138685;-0.329161;0.290863;-0.772554;0.200841;0.053132
503;9.259341;-2.545105;2.400518;0.172232;-0.028661;0.126592;-0.769362;0.206093;0.060171
504;9.236064;-3.755667;2.896963;0.120803;0.187737;-0.060838;-0.769057;0.207409;0.054906
505;8.639659;-2.877465;2.208624;0.219039;0.282834;-0.279719;-0.772035;0.200384;0.038816
506;7.741267;-1.07331;2.256147;-0.033967;0.54235;-0.41785;-0.775124;0.18954;0.025436
507;7.26407;-1.262739;2.254268;-0.35018;0.853624;-0.564843;-0.78003;0.179351;0.009531
508;7.403872;-2.282436;2.258187;-0.263727;1.176414;-0.65808;-0.783471;0.159027;-0.022512
509;7.583248;-2.192655;2.486826;0.065308;1.395929;-0.729744;-0.786104;0.137419;-0.066146
510;7.523987;-0.381925;3.556799;0.309587;1.600838;-0.696147;-0.782024;0.111885;-0.123649
511;7.042237;-0.34622;5.333132;0.223331;1.859979;-0.818673;-0.774414;0.088146;-0.184232
512;6.237725;-0.561799;5.895041;0.595291;1.992839;-0.829181;-0.759632;0.061362;-0.244055
513;5.595325;-0.371372;6.392225;1.1118;1.951956;-0.965238;-0.737006;0.024626;-0.309967
514;4.1231;1.658267;7.591157;1.430229;1.975139;-1.174579;-0.707887;-0.026156;-0.371742
515;2.290069;2.606814;8.648935;0.75643;1.792036;-1.341508;-0.669894;-0.08615;-0.431712
516;1.2768;3.785315;9.310194;0.103438;1.642046;-1.314081;-0.630026;-0.126977;-0.48041
517;0.222161;3.1753;10.677983;-0.112304;1.642959;-1.21529;-0.587539;-0.158616;-0.524134
518;-0.449322;1.596884;10.771269;0.280117;1.292495;-1.124444;-0.545265;-0.189008;-0.562324
519;0.126171;3.840267;9.429596;0.174517;1.061806;-0.956288;-0.507588;-0.217581;-0.587755
520;-0.792626;4.051814;9.996247;-0.298399;1.154516;-0.836458;-0.465992;-0.229425;-0.614932
521;-0.241822;2.996454;9.948428;-0.056454;1.085349;-0.672139;-0.425497;-0.23854;-0.640274
522;-0.184285;3.104733;9.221538;0.490226;1.005475;-0.505011;-0.392396;-0.255249;-0.658786
523;-1.225205;4.797869;8.771025;0.117238;0.918467;-0.503538;-0.357806;-0.274788;-0.673296
524;-1.40142;1.25704;8.606238;1.082559;0.422739;-0.212879;-0.328697;-0.292076;-0.682395
525;-3.832178;12.661283;20.319429;-0.067855;-0.020811;0.16781;-0.309289;-0.304212;-0.684131
526;-0.899433;6.201656;10.652151;-0.819362;-0.335046;0.435655;-0.322583;-0.278969;-0.687272
527;0.439873;2.927578;7.320644;-0.939192;0.141365;0.508771;-0.33032;-0.252911;-0.696233
528;0.583601;0.689482;6.275348;-0.611449;0.124755;0.190552;-0.331803;-0.226165;-0.704622
529;0.347209;0.7729;7.636312;0.100627;0.292804;-0.182282;-0.322546;-0.222664;-0.709188
530;-0.524055;2.739642;10.100629;0.236631;0.213998;-0.16115;-0.318708;-0.222331;-0.712249
531;-1.54637;4.857333;12.201534;0.034284;-0.122973;0.069949;-0.316266;-0.226444;-0.709686
532;-0.918047;3.624851;9.724031;-0.500034;-0.14114;0.198266;-0.315427;-0.227752;-0.710454
533;-0.614146;2.17525;8.636069;-0.507349;0.079521;0.093593;-0.317883;-0.210553;-0.715214
534;-0.490871;1.619099;8.999365;-0.081262;0.136057;-0.034907;-0.314009;-0.203588;-0.71829
535;-0.579407;2.09237;10.557991;0.091308;0.076957;-0.070453;-0.317326;-0.198001;-0.717518
536;-0.965598;2.26504;11.960875;0.089632;-0.044205;0.017039;-0.316097;-0.200196;-0.7161
537;-1.893129;1.936296;10.756893;-0.383518;-0.377651;0.056961;-0.317991;-0.204831;-0.715639
538;-0.374189;3.956791;9.794635;-0.630828;-0.29008;0.06314;-0.331956;-0.186411;-0.713655
539;-2.117469;0.467213;13.845808;0.765522;-0.616507;0.15493;-0.342377;-0.188169;-0.705769
540;-1.717471;5.25664;13.428388;0.788815;-1.41399;0.437903;-0.389097;-0.197419;-0.680142
541;-1.129706;5.620132;13.169644;-0.479466;-1.715473;0.438392;-0.441815;-0.190469;-0.649434
542;-0.703433;4.165946;13.299864;-0.636663;-1.986555;0.545619;-0.488462;-0.172984;-0.615482
543;-0.197221;3.710487;11.464442;-0.226975;-2.446777;0.745216;-0.555336;-0.147953;-0.56386
544;0.886533;3.030343;10.091138;-0.159609;-2.582996;0.809348;-0.617677;-0.12428;-0.496052
545;1.089849;2.084469;8.640393;-0.069642;-2.616679;0.909472;-0.680399;-0.083644;-0.420864
546;2.727988;2.219855;6.511891;-0.22136;-2.480042;0.975599;-0.72794;-0.052759;-0.342481
547;3.566856;1.149294;4.984001;-0.268258;-2.017448;1.038536;-0.756096;-0.032944;-0.269356
548;4.569621;0.593023;4.411908;-0.317074;-1.901772;0.977409;-0.776233;0.002904;-0.201968
549;4.754671;-0.888015;3.554229;-0.38986;-1.773299;1.011512;-0.788725;0.035522;-0.139479
550;6.297239;-2.106909;2.288288;-0.178112;-1.542114;0.891037;-0.790825;0.075285;-0.083538
551;7.577745;-1.142367;2.470564;-0.008468;-1.284179;0.867401;-0.791366;0.101299;-0.036145
552;8.537822;-2.007344;2.130586;0.213803;-1.008611;0.823244;-0.7918;0.119759;0.004237
553;9.347282;-2.261384;2.65743;0.381799;-0.824435;0.714184;-0.786421;0.143369;0.032983
554;10.450989;-2.587743;1.013982;0.27225;-0.601537;0.399674;-0.782001;0.161729;0.057231
555;9.53518;-2.366679;2.901463;-0.09784;-0.345397;0.161569;-0.776513;0.173203;0.063827
556;9.87447;-3.039708;2.713898;-0.072572;-0.141548;-0.073633;-0.776036;0.175113;0.072503
557;9.242943;-2.113629;3.105439;0.167601;0.031799;-0.245141;-0.778158;0.168079;0.080129
558;8.717079;-1.768715;2.64423;0.104572;0.055776;-0.450507;-0.781773;0.157207;0.074434
559;8.083555;-0.482341;2.982807;-0.030987;0.246397;-0.515086;-0.784302;0.14166;0.069209
560;7.983251;-1.285637;3.034197;-0.236824;0.394578;-0.512449;-0.788724;0.12631;0.052799
561;8.176667;-1.261069;2.722871;-0.087175;0.528024;-0.592701;-0.791779;0.109422;0.037947
562;8.424701;-0.119713;2.696596;-0.179644;0.75162;-0.584765;-0.795744;0.092207;0.021564
563;8.063417;0.329521;2.561272;-0.46467;1.09192;-0.614966;-0.797335;0.074598;-0.009313
564;7.934754;-0.157058;3.992561;-0.089899;1.361805;-0.58662;-0.798561;0.056121;-0.052075
565;8.121608;-1.84198;3.45783;0.601796;1.467303;-0.554413;-0.793761;0.037236;-0.103472
566;7.17342;1.449803;4.710947;1.005255;1.682088;-0.665127;-0.785662;0.013172;-0.159297
567;6.018861;1.059919;5.363568;0.584264;1.795841;-0.759669;-0.772206;-0.011324;-0.212696
568;5.656534;1.6002;4.980478;0.877624;1.866896;-0.8367;-0.753181;-0.043253;-0.271354
569;4.05524;2.935896;6.965536;0.917197;2.155524;-0.956069;-0.723346;-0.081762;-0.335153
570;2.952206;2.287492;6.696429;0.815278;1.910614;-0.941111;-0.683849;-0.125908;-0.400636
571;2.364109;4.152652;8.603715;0.791662;1.869616;-1.049488;-0.644144;-0.169328;-0.450823
572;0.854488;4.637877;9.540921;-0.029857;1.779818;-1.235294;-0.600074;-0.202971;-0.498118
573;0.385861;2.805564;9.548507;-0.156082;1.60771;-1.148594;-0.549747;-0.228216;-0.545265
574;0.137644;4.530255;9.481606;0.118688;1.431543;-1.022406;-0.500939;-0.253212;-0.581259
575;-0.125975;6.419208;9.586821;-0.73019;1.633533;-0.950096;-0.446106;-0.266325;-0.617936
576;-0.320926;3.271552;8.663282;-0.714193;1.629243;-0.738975;-0.389393;-0.261064;-0.657003
577;-2.714326;1.381913;9.795436;1.331655;1.002097;-0.597836;-0.341694;-0.277699;-0.682519
578;-4.669688;17.220871;27.081642;0.272369;0.748847;0.149638;-0.303832;-0.29559;-0.692816
579;-1.915454;7.252778;13.077033;-1.781223;-0.295314;0.476777;-0.318756;-0.254053;-0.705004
580;-0.167529;2.700233;9.094739;-1.347669;-0.102407;0.568851;-0.326849;-0.208704;-0.708483
581;0.480875;0.262107;6.12366;-1.325524;0.094099;0.327856;-0.332166;-0.162422;-0.71643
582;0.786802;-1.384344;5.471209;-0.522479;0.545063;-0.06989;-0.328503;-0.131729;-0.729179
583;0.294836;-1.113374;6.586692;0.124943;0.630737;-0.173257;-0.306991;-0.131715;-0.737065
584;-1.738405;1.325443;11.676208;0.523728;0.20548;-0.164884;-0.291171;-0.147426;-0.741131
585;-2.416941;3.704438;14.406604;-0.156513;-0.371358;0.016918;-0.290678;-0.164096;-0.735655
586;-0.984474;2.16797;10.031963;-0.742632;-0.110021;0.168202;-0.29844;-0.143894;-0.733916
587;-0.567914;0.643445;9.028895;-0.200943;0.012135;-0.009489;-0.306714;-0.126615;-0.738688
588;-0.588414;0.149436;8.743853;0.209238;0.09603;-0.132512;-0.304832;-0.12916;-0.738726
589;-0.902824;0.773553;9.892537;0.262383;0.106735;-0.144615;-0.300564;-0.139425;-0.7389
590;-0.720665;1.644652;9.850224;0.144727;-0.062105;0.009655;-0.295866;-0.145649;-0.737439
591;-0.670102;1.826328;9.505838;0.038287;-0.107736;0.079058;-0.297993;-0.145228;-0.737273
592;-0.80441;1.810615;9.548182;0.147948;-0.058544;0.027352;-0.303611;-0.149126;-0.734018
593;-0.909442;2.011631;9.816013;0.31248;0.015227;-0.016189;-0.304564;-0.157516;-0.732826
594;-0.821392;2.274971;9.712434;0.290798;-0.009429;-0.003967;-0.304589;-0.167036;-0.730234
595;-0.672775;2.306743;9.430218;0.145182;-0.015494;-0.009324;-0.305964;-0.169933;-0.730294
596;-0.500293;2.14278;9.336305;0.06526;0.00476;-0.008347;-0.305979;-0.172925;-0.728393
597;-0.507199;2.097149;9.4788;0.100224;-0.002303;0.017193;-0.30687;-0.177321;-0.727614
598;-0.567258;2.231198;9.657553;0.080754;0.008321;0.01024;-0.306185;-0.179661;-0.725681
599;-0.672538;2.380637;9.700301;0.069128;-0.00217;0.0102;-0.306995;-0.181649;-0.725445
600;-0.643031;2.373999;9.520795;0.036442;0.009289;0.004092;-0.306525;-0.178298;-0.726512
601;-0.672671;2.27683;9.407739;0.009602;0.022542;0.015632;-0.30721;-0.18171;-0.727214
602;-0.634557;2.141852;9.431165;-0.022083;0.013751;0.001424;-0.307563;-0.183471;-0.726144
603;-0.657054;2.22366;9.580712;0.004895;0.006683;-0.016249;-0.307861;-0.182931;-0.726295
604;-0.6876;2.343632;9.56496;-0.000484;0.006708;-0.015344;-0.306692;-0.183501;-0.725696
605;-0.664994;2.31365;9.580455;-0.009684;0.013759;-0.0003;-0.308659;-0.183884;-0.725385
606;-0.672328;2.25392;9.505328;-0.025466;0.009372;-0.00917;-0.308654;-0.183104;-0.72498
607;-0.665078;2.276641;9.460423;-0.011393;0.006713;-0.002126;-0.306799;-0.184316;-0.725158
608;-0.627271;2.223963;9.536284;-0.025584;0.0296;-0.001976;-0.307149;-0.182682;-0.726126
609;-0.657162;2.231286;9.550684;-0.037028;0.010261;-0.009168;-0.307385;-0.183898;-0.725458
610;-0.656897;2.193653;9.580749;-0.018636;0.015527;0.0041;-0.307247;-0.182197;-0.724914
611;-0.657084;2.216283;9.550702;-0.007933;0.001427;0.001359;-0.3063;-0.18243;-0.726086
612;-0.657197;2.231348;9.535675;-0.016207;-0.002076;0.013689;-0.305989;-0.183374;-0.725798
613;-0.70195;2.216171;9.534792;-0.02291;0.011148;-0.003868;-0.307984;-0.18347;-0.726029
614;-0.672158;2.231321;9.527869;-0.006197;-0.002088;0.003102;-0.308547;-0.183074;-0.725787
615;-0.67218;2.238792;9.535365;0.001102;-0.002102;-0.00572;-0.308328;-0.183279;-0.727399
616;-0.672227;2.261172;9.565358;-0.006003;0.020795;-0.004673;-0.308689;-0.183072;-0.725794
617;-0.642367;2.246472;9.520947;-0.009467;0.0199;-0.008215;-0.306383;-0.183659;-0.72514
618;-0.657449;2.276389;9.528116;-0.00777;0.011986;-0.005616;-0.308008;-0.182663;-0.726303
619;-0.657354;2.261355;9.535639;-0.014074;0.008475;-0.002114;-0.307555;-0.182171;-0.725471
620;-0.701989;2.223673;9.534782;-0.015698;0.014657;-0.008253;-0.306214;-0.184601;-0.724859
621;-0.657128;2.231224;9.565694;-0.027117;0.022569;-0.014375;-0.30655;-0.183503;-0.725689
622;-0.641915;2.18621;9.581058;-0.013165;-0.005618;-0.00399;-0.307283;-0.18321;-0.726131
623;-0.672141;2.23129;9.535375;-0.016692;0.010245;-0.003872;-0.307176;-0.180957;-0.726132
624;-0.694634;2.246206;9.534906;-0.03721;0.015566;-0.000303;-0.307737;-0.182917;-0.726695
625;-0.664478;2.20125;9.55057;-0.005925;0.010225;-0.008289;-0.306442;-0.182427;-0.726092
626;-0.701837;2.201105;9.549819;-0.014608;0.008488;-0.018006;-0.305877;-0.182956;-0.726334
627;-0.672158;2.231321;9.527869;-0.011396;-0.012648;-0.004032;-0.306161;-0.181906;-0.725945
628;-0.702028;2.231174;9.534774;-0.018336;-0.000305;-0.011004;-0.306777;-0.181069;-0.726788
629;-0.694556;2.231203;9.534924;-0.011163;-0.009122;-0.014595;-0.3063;-0.181384;-0.725682
630;-0.694521;2.231141;9.549933;-0.013287;0.013778;0.003213;-0.307087;-0.180518;-0.727211
631;-0.664435;2.18631;9.535578;-0.033202;0.024336;-0.019667;-0.306765;-0.18108;-0.726517
632;-0.686581;2.14115;9.550191;-0.014599;0.004959;-0.018043;-0.307978;-0.181644;-0.725222
633;-0.657049;2.21622;9.565712;0.006723;0.0102;-0.017991;-0.306599;-0.182934;-0.72664
634;-0.657241;2.246289;9.550667;-0.007376;-0.00387;-0.025144;-0.307452;-0.181876;-0.726278
635;-0.657436;2.283797;9.550622;-0.023789;0.006726;-0.005652;-0.306002;-0.18297;-0.725934
636;-0.657456;2.380445;9.76064;0.004516;0.016385;-0.002027;-0.305711;-0.181934;-0.725382
637;-0.65731;2.27614;9.588155;-0.015227;0.02081;0.01033;-0.306446;-0.182162;-0.726093
638;-0.813291;2.33333;10.117772;0.046339;-0.023167;0.029476;-0.30638;-0.182746;-0.724736
639;-0.864603;1.996926;9.786912;-0.017395;-0.12517;0.056922;-0.310626;-0.182829;-0.724535
640;-0.492801;1.860366;8.70639;-0.117095;-0.085676;0.041229;-0.316981;-0.181462;-0.723359
641;-0.403431;2.099051;9.12067;0.056433;-0.012012;-0.009366;-0.317422;-0.180526;-0.723382
642;-0.583062;2.336723;9.522041;0.080362;-0.004037;-0.054245;-0.317333;-0.182177;-0.721886
643;-0.477954;2.217322;9.471752;0.029701;0.019739;-0.050581;-0.317067;-0.184257;-0.723085
644;-0.566815;2.126362;9.612649;0.058358;-0.025149;-0.065019;-0.316998;-0.185367;-0.721862
645;-0.523092;2.299447;9.523287;0.096198;-0.005843;-0.046324;-0.316293;-0.191125;-0.720731
646;-0.524737;2.592228;9.470404;0.083601;0.006503;-0.040891;-0.315808;-0.194454;-0.720564
647;-0.540644;2.787119;9.492386;0.006941;0.006618;-0.033798;-0.317007;-0.194509;-0.718728
648;-0.613664;2.493954;9.566281;-0.048211;0.012007;-0.029403;-0.316776;-0.194726;-0.720069
649;-0.567961;2.366227;9.657392;0.000677;0.010187;0.012038;-0.316494;-0.193159;-0.719519
650;-0.628229;2.470924;9.67858;0.000571;0.011983;0.015603;-0.316124;-0.193897;-0.721122
651;-0.642779;2.514753;9.9484;0.01405;-0.014405;0.043675;-0.317075;-0.194185;-0.720221
652;-0.777408;2.603658;10.088181;0.050684;-0.030204;0.071831;-0.31842;-0.19358;-0.718258
653;-0.708729;2.408129;10.26988;0.21955;-0.117596;0.065906;-0.321658;-0.199441;-0.716507
654;-0.598692;2.412211;9.39407;0.202189;-0.14936;0.055059;-0.328564;-0.202395;-0.713181
655;-0.350849;2.344002;9.796859;0.241753;-0.141638;-0.010188;-0.334608;-0.208769;-0.707506
656;-0.499287;2.30448;10.139123;0.143488;-0.227706;-0.040787;-0.340991;-0.213519;-0.702528
657;-0.568265;2.597156;10.047365;0.030322;-0.368388;-0.084076;-0.347393;-0.217074;-0.697554
658;-0.376469;3.271185;10.500751;-0.109689;-0.447472;-0.043029;-0.361847;-0.216891;-0.690408
659;-0.373843;2.81315;10.606364;-0.031335;-0.528539;-0.011024;-0.375247;-0.21364;-0.684031
660;-0.180944;2.890666;10.189909;0.165293;-0.697819;0.135161;-0.398649;-0.212409;-0.673398
661;0.558433;3.999983;9.318038;0.181662;-0.768564;0.275119;-0.42234;-0.212213;-0.656554
662;0.932572;3.547108;8.538084;0.047469;-0.695551;0.294903;-0.444847;-0.211817;-0.641818
663;1.501605;2.937797;7.679668;0.048957;-0.577079;0.254972;-0.465901;-0.20729;-0.628103
664;2.188307;3.097782;7.745825;0.129446;-0.337247;0.210775;-0.478999;-0.204059;-0.617923
665;1.598307;1.907401;8.410663;-0.054444;-0.268097;0.133414;-0.489374;-0.199715;-0.610049
666;1.999254;2.77557;9.280785;0.000452;-0.262187;0.082462;-0.497726;-0.197132;-0.60532
667;1.676406;3.20073;9.559002;-0.203983;-0.202772;0.07767;-0.503637;-0.194349;-0.599796
668;1.546474;2.493466;9.939886;-0.221122;-0.247592;0.04724;-0.509548;-0.187251;-0.596041
669;1.902474;2.737404;9.346421;-0.127575;-0.329754;0.076686;-0.519337;-0.181887;-0.590712
670;2.035562;2.725573;8.711232;-0.164802;-0.283144;0.084037;-0.529677;-0.175484;-0.5846
671;2.37174;2.414834;7.990396;-0.154141;-0.219974;0.102911;-0.536691;-0.170884;-0.577646
672;2.521412;2.303514;7.843437;-0.141849;-0.075702;0.125947;-0.540705;-0.165429;-0.573254
673;2.710377;1.973358;8.042708;-0.115524;0.065002;0.114514;-0.54131;-0.158458;-0.574924
674;2.720052;1.709334;8.403402;-0.095129;0.130953;0.039053;-0.53918;-0.156921;-0.577665
675;2.570148;2.200089;9.307892;0.005869;0.196941;0.002592;-0.53446;-0.157414;-0.583658
676;2.182255;2.212305;9.607765;-0.073715;0.147916;-0.066554;-0.531171;-0.156569;-0.586071
677;2.142322;2.885622;10.011469;-0.117594;0.104008;-0.068485;-0.527328;-0.155849;-0.588863
678;1.695773;2.672652;10.287895;-0.13236;0.003947;-0.012725;-0.526051;-0.152861;-0.591108
679;1.867039;2.6595;10.006184;-0.144885;-0.08944;-0.013396;-0.526475;-0.149718;-0.589919
680;1.869191;2.209746;9.924167;-0.165336;-0.129891;0.030351;-0.530891;-0.146242;-0.589059
681;1.996354;1.98703;9.484203;-0.125806;-0.192534;0.013971;-0.534496;-0.14117;-0.585188
682;2.226649;1.997738;8.933493;-0.090431;-0.189187;0.029853;-0.54056;-0.140205;-0.580614
683;2.346868;1.796345;8.771029;-0.033593;-0.146193;0.040698;-0.544464;-0.136291;-0.577566
684;2.584702;1.873848;8.400503;-0.010132;-0.063618;0.035973;-0.547769;-0.135815;-0.575022
685;2.719098;1.91913;8.46319;-0.030916;0.026117;0.017191;-0.549125;-0.136377;-0.573733
686;2.705936;1.692933;8.725827;0.014249;0.094714;-0.010596;-0.546417;-0.135772;-0.576579
687;2.721906;1.6317;9.033896;0.112475;0.122747;-0.031572;-0.545054;-0.136786;-0.57827
688;2.46623;2.064685;9.298447;0.166378;0.103439;-0.067779;-0.541048;-0.140924;-0.579012
689;2.1137;2.556246;9.816137;0.084505;0.110789;-0.07555;-0.538512;-0.147481;-0.581849
690;2.024571;2.540084;10.009479;0.018147;0.042279;-0.057496;-0.535692;-0.149594;-0.583061
691;1.999882;2.989969;10.038511;-0.05375;-0.038575;-0.034153;-0.537361;-0.150518;-0.582598
692;1.897594;2.52465;9.991935;-0.134161;-0.078909;-0.013349;-0.53698;-0.147998;-0.582721
693;2.146156;2.076134;9.847329;-0.059824;-0.163637;0.001848;-0.540547;-0.145315;-0.578842
694;2.301965;2.078707;9.377679;-0.015261;-0.228932;-0.003038;-0.547996;-0.145538;-0.573926
695;2.421067;2.005651;9.019939;0.003506;-0.207904;-0.000274;-0.551517;-0.143943;-0.569366
696;2.674286;1.948651;8.537302;-0.008159;-0.160496;0.015901;-0.556818;-0.144083;-0.563941
697;2.748394;2.009484;8.41115;0.024542;-0.058486;-0.006323;-0.560227;-0.143509;-0.560455
698;2.86881;1.85976;8.451255;0.021403;0.010107;-0.018229;-0.560837;-0.146599;-0.559259
699;2.883356;2.009164;8.616482;0.063353;0.082207;-0.064456;-0.559283;-0.148183;-0.559992
700;2.748876;2.112667;8.853808;0.056245;0.10518;-0.06691;-0.556828;-0.151003;-0.563383
701;2.584736;2.245375;9.255605;0.054979;0.12111;-0.095872;-0.554112;-0.153805;-0.567303
702;2.315046;2.572593;9.685086;0.05693;0.080789;-0.075771;-0.549584;-0.156863;-0.5687
703;2.352371;2.661978;9.873349;0.018319;0.045626;-0.064525;-0.546463;-0.157952;-0.569087
704;2.254771;2.781347;9.938798;-0.081792;-0.029882;-0.048266;-0.547584;-0.160042;-0.569542
705;2.195681;2.586665;9.795238;-0.123877;-0.082589;0.006032;-0.549326;-0.156974;-0.569363
706;2.225284;2.535267;9.555747;-0.084163;-0.140754;0.017963;-0.553514;-0.154626;-0.566866
707;2.374442;2.439729;9.221149;-0.05718;-0.144381;0.04967;-0.557706;-0.152665;-0.561257
708;2.553673;2.291952;8.84969;-0.034513;-0.153304;0.076032;-0.561073;-0.149646;-0.559263
709;2.718007;2.248079;8.73297;-0.010552;-0.127013;0.082376;-0.564884;-0.148435;-0.554987
710;2.987049;2.144974;8.528365;-0.041638;-0.061977;0.090732;-0.569136;-0.145895;-0.5506
711;3.151121;2.131294;8.366579;-0.030155;0.024164;0.063083;-0.569985;-0.143663;-0.549699
712;3.221257;1.576436;8.368592;0.018797;0.113823;0.033603;-0.56869;-0.141083;-0.551672
713;3.049554;1.501189;8.260162;0.157258;0.201713;-0.028435;-0.566251;-0.144672;-0.555739
714;3.15081;1.849444;7.593924;0.228348;0.301856;-0.095637;-0.560629;-0.152545;-0.559911
715;2.947977;2.095871;7.672128;0.078153;0.467622;-0.127965;-0.547672;-0.157345;-0.570635
716;2.300832;1.649691;7.91476;0.128512;0.656202;-0.218466;-0.532218;-0.164741;-0.583667
717;2.163701;2.099796;7.783939;0.150574;0.809392;-0.242017;-0.513152;-0.173292;-0.598956
718;1.84322;2.186292;8.325228;0.049007;0.962852;-0.267377;-0.48636;-0.180834;-0.619013
719;1.038077;2.009001;8.699471;0.162718;1.030003;-0.302186;-0.45443;-0.190436;-0.639088
720;-0.094939;3.075916;9.020745;-0.036166;1.002675;-0.333019;-0.420263;-0.202651;-0.660941
721;-0.003144;3.057583;9.908132;-0.16945;0.979989;-0.266983;-0.38676;-0.205357;-0.681497
722;-0.209438;1.37345;10.611235;0.501044;0.887663;-0.315513;-0.358033;-0.212223;-0.695781
723;-0.994248;3.723827;9.302145;1.109998;0.414655;-0.203632;-0.337956;-0.247862;-0.697156
724;-3.533704;10.271592;17.994152;-0.363115;0.000367;0.109151;-0.322508;-0.260478;-0.698812
725;-1.456527;5.435563;10.341613;-0.884676;0.04982;0.214074;-0.327983;-0.236535;-0.705359
726;-0.33887;2.475702;8.806372;-0.940015;-0.032667;0.189012;-0.329577;-0.206284;-0.711733
727;0.392608;0.474786;7.209796;-0.587369;0.216322;0.062364;-0.332036;-0.182808;-0.717591
728;-0.052751;0.281983;8.049057;-0.137605;0.399;-0.091618;-0.322353;-0.17683;-0.724577
729;-0.88845;1.042173;10.252747;0.011882;0.191613;-0.071622;-0.311847;-0.176851;-0.727721
730;-0.990588;2.477648;11.322265;-0.308047;-0.114117;0.030658;-0.307516;-0.176717;-0.725888
731;-0.672701;2.544425;10.000297;-0.595739;-0.048823;0.037222;-0.31102;-0.160106;-0.728804
732;-0.624001;1.735049;9.852068;-0.179652;0.02279;0.052592;-0.313747;-0.14919;-0.732209
733;-0.489106;1.452442;9.389812;0.057209;0.044397;0.045626;-0.312318;-0.148565;-0.731736
734;-0.50233;1.181765;9.52492;0.061883;0.054051;-0.003766;-0.310832;-0.152308;-0.731519
735;-0.532033;1.225911;9.704381;0.039109;-0.000485;-0.027074;-0.310103;-0.150245;-0.733654
736;-0.594002;1.660648;9.73268;0.069011;-0.00928;-0.018224;-0.311187;-0.152499;-0.733295
737;-0.671354;2.133271;9.655568;0.114914;-0.028654;-0.009442;-0.311303;-0.156313;-0.730721
738;-0.702618;2.351138;9.549641;0.098704;-0.002204;0.001368;-0.312075;-0.159251;-0.729939
739;-0.694078;2.185757;9.640045;0.04555;0.006658;-0.005661;-0.313129;-0.162318;-0.729171
740;-0.551516;2.051466;9.598029;0.017107;-0.018028;-0.005868;-0.313562;-0.162958;-0.729596
741;-0.469828;2.074976;9.434548;0.013569;-0.009268;-0.004047;-0.313944;-0.163255;-0.728667
742;-0.417164;2.052238;9.540693;0.004592;0.008328;0.000485;-0.313562;-0.164396;-0.726752
743;-0.513905;2.036297;9.673846;0.002588;0.00839;0.009315;-0.3145;-0.164042;-0.728692
744;-0.543987;2.073689;9.673201;-0.032605;0.015483;-0.007396;-0.315077;-0.163895;-0.728856
745;-0.536677;2.051712;9.553301;-0.025591;0.003145;-0.002196;-0.313694;-0.164665;-0.726622
746;-0.521474;1.99185;9.531158;-0.025373;0.027777;-0.009096;-0.315947;-0.163866;-0.729304
747;-0.581134;2.006278;9.612493;-0.011307;0.018994;-0.003854;-0.313507;-0.162094;-0.727973
748;-0.603512;2.125033;9.897081;0.027555;0.024255;0.003279;-0.313786;-0.163533;-0.728388
749;-0.512747;1.989635;10.071654;0.069869;-0.018965;0.015311;-0.313736;-0.16528;-0.72784
750;-0.966298;1.716342;10.415545;0.141497;-0.014431;-0.009382;-0.313368;-0.169807;-0.727541
751;-0.831194;1.678608;10.598408;0.191071;-0.176523;-0.015809;-0.317678;-0.173358;-0.723412
752;-0.760832;2.117732;9.698813;0.278535;-0.278816;-0.034116;-0.324564;-0.17973;-0.720889
753;-0.748865;2.948038;10.283496;0.406678;-0.326471;-0.020143;-0.334834;-0.189211;-0.7123
754;-0.476415;2.482112;10.739743;0.002066;-0.341094;-0.098006;-0.346249;-0.194615;-0.705805
755;-0.759663;2.390616;10.824203;-0.22281;-0.540461;-0.076475;-0.361215;-0.190422;-0.699235
756;-0.463837;3.095806;11.099541;-0.193911;-0.772938;0.034983;-0.384179;-0.182803;-0.689274
757;0.024482;2.215993;10.269815;-0.047765;-0.832397;0.034364;-0.404878;-0.178085;-0.677166
758;0.536924;2.54312;9.664394;0.327057;-0.898232;0.130133;-0.432795;-0.178905;-0.659983
759;1.085853;2.901677;8.75199;0.418299;-0.93471;0.190784;-0.459323;-0.185466;-0.635549
760;1.652576;2.839017;8.125571;0.325476;-0.86097;0.182413;-0.49216;-0.190051;-0.611967
761;2.191153;2.743398;8.181525;0.143341;-0.653291;0.155576;-0.513009;-0.191989;-0.59241
762;2.320409;2.175078;7.869555;0.105981;-0.508984;0.138809;-0.526962;-0.189264;-0.579158
763;2.78741;2.718643;7.488118;-0.135703;-0.375168;0.062146;-0.539553;-0.187161;-0.567463
764;2.671987;2.012217;7.681682;-0.167984;-0.123352;0.020541;-0.547514;-0.183768;-0.563258
765;2.730378;2.364214;7.877588;-0.12582;0.027997;0.050791;-0.549102;-0.177577;-0.564973
766;2.756111;1.853008;8.163829;-0.038697;0.110623;0.06011;-0.547643;-0.173843;-0.565994
767;2.733089;2.218162;8.725801;0.041746;0.161598;0.033208;-0.545159;-0.173813;-0.567632
768;2.569751;2.133915;8.985266;0.027288;0.166946;-0.039994;-0.541816;-0.176025;-0.5699
769;2.351151;2.66416;9.348013;-0.054227;0.151325;-0.064694;-0.538005;-0.177236;-0.574176
770;2.15022;2.624778;9.606672;-0.162511;0.111956;-0.079086;-0.532042;-0.17654;-0.580518
771;1.962417;2.900833;9.790209;-0.0686;0.081164;-0.031579;-0.529353;-0.176179;-0.583906
772;1.895092;2.885849;9.721333;-0.105282;0.033714;-0.023974;-0.528215;-0.173713;-0.58291
773;1.881325;2.653303;9.7063;-0.139799;-0.006711;0.009228;-0.528318;-0.170087;-0.584006
774;2.060258;2.632399;9.49229;-0.147884;-0.043743;0.053953;-0.529854;-0.165383;-0.585039
775;2.20373;2.273527;9.337971;-0.16887;-0.05173;0.043228;-0.530719;-0.16209;-0.584142
776;2.345918;2.184496;9.235863;-0.102507;-0.084452;0.057097;-0.534159;-0.158088;-0.583507
777;2.405577;2.110616;9.019514;-0.168726;-0.023679;0.045138;-0.536166;-0.154119;-0.582531
778;2.354906;1.780498;8.981333;-0.065005;0.003481;0.024096;-0.537045;-0.150682;-0.581906
779;2.390796;1.976495;8.786725;0.027245;0.036797;0.036717;-0.536806;-0.149991;-0.582708
780;2.255151;2.230716;8.858768;-0.009916;0.098533;0.030142;-0.536627;-0.149506;-0.585
781;2.323475;2.110141;9.055387;-0.069983;0.112654;0.01257;-0.53387;-0.147639;-0.586224
782;2.279219;2.079212;9.234637;-0.054519;0.162828;-0.001194;-0.529231;-0.146226;-0.590061
783;2.123513;2.017;9.614302;-0.015156;0.139094;-0.018997;-0.526104;-0.146668;-0.593425
784;2.092794;2.226462;9.726023;-0.014318;0.081018;-0.025534;-0.522608;-0.147715;-0.595012
785;1.956924;2.510814;9.768009;-0.106917;0.046882;-0.025719;-0.521855;-0.146066;-0.596738
786;1.840581;2.043847;10.103879;-0.10378;0.024948;-0.007413;-0.521396;-0.143489;-0.598346
787;1.87038;1.984667;9.93194;-0.01519;-0.077291;0.000685;-0.522483;-0.143387;-0.597181
788;1.929024;2.105829;9.715359;-0.024323;-0.145969;0.007277;-0.527471;-0.142905;-0.594177
789;2.092505;2.122935;9.365917;-0.097084;-0.167101;0.00358;-0.529214;-0.140882;-0.59102
790;2.15301;1.906338;9.194767;-0.07309;-0.121395;0.012675;-0.53467;-0.13774;-0.588045
791;2.39182;1.766575;8.756957;-0.013931;-0.093427;0.041059;-0.536673;-0.13652;-0.584628
792;2.481514;1.707408;8.638753;-0.02618;-0.030967;0.039711;-0.539303;-0.135237;-0.582594
793;2.542264;1.5201;8.640178;0.012161;0.056071;0.003223;-0.53793;-0.135736;-0.583879
794;2.527024;1.676641;8.864834;0.091172;0.122866;-0.031563;-0.537719;-0.136196;-0.585762
795;2.368514;2.109941;9.146345;0.016472;0.150345;-0.036573;-0.532377;-0.139623;-0.5882
796;2.175017;2.167267;9.607669;-0.010176;0.168978;-0.042586;-0.527787;-0.140518;-0.594063
797;1.989163;2.105406;9.874161;0.018169;0.091582;-0.047531;-0.525427;-0.141287;-0.59557
798;1.85368;2.351907;9.998745;-0.017977;0.052988;-0.028335;-0.522318;-0.141579;-0.59596
799;1.824422;2.254052;10.050795;-0.047042;-0.020886;-0.005926;-0.522794;-0.14205;-0.597335
800;1.906149;2.210608;9.752307;-0.043596;-0.071995;-0.00101;-0.525563;-0.140245;-0.595038
801;2.026754;1.941638;9.604935;0.019269;-0.082701;0.014742;-0.527903;-0.140017;-0.593258
802;2.152173;2.063903;9.187074;-0.006652;-0.103866;0.02342;-0.530095;-0.139797;-0.591336
803;2.31631;1.998086;8.935293;-0.048263;-0.051068;0.06523;-0.532799;-0.138836;-0.587817
804;2.361492;1.930746;8.936275;-0.051802;-0.035267;0.025618;-0.535694;-0.136652;-0.588368
805;2.496941;1.714033;8.864188;-0.039788;0.018328;0.012708;-0.534525;-0.135784;-0.587231
806;2.36249;1.765461;8.996511;0.01601;0.054402;-0.0179;-0.534553;-0.13615;-0.588044
807;2.301684;1.990028;9.055079;-0.001047;0.066788;-0.012474;-0.53256;-0.136314;-0.587947
808;2.288248;1.786616;9.250146;0.003004;0.110794;-0.03161;-0.531276;-0.136339;-0.591131
809;2.13749;2.033651;9.231838;0.047206;0.11784;-0.063272;-0.526645;-0.138317;-0.593066
810;2.077332;1.974653;8.930516;0.070559;0.133668;-0.068474;-0.525293;-0.142589;-0.596237
811;2.048936;1.42935;8.345194;0.163708;0.249667;-0.158667;-0.51959;-0.148447;-0.601087
812;2.449106;1.79355;7.737476;0.201697;0.404336;-0.130199;-0.509278;-0.155215;-0.604629
813;1.671121;1.948254;7.676647;0.012937;0.565163;-0.144918;-0.496029;-0.160417;-0.615338
814;2.016752;1.611704;7.759004;-0.020545;0.707578;-0.22518;-0.476404;-0.165177;-0.629392
815;1.659456;1.630198;8.382175;0.048227;0.890756;-0.273271;-0.449242;-0.173457;-0.647671
816;0.881508;1.717948;8.18634;0.00837;0.979193;-0.312326;-0.419039;-0.179874;-0.66716
817;0.4768;2.298265;8.958036;-0.056876;1.1133;-0.342126;-0.387288;-0.184208;-0.686174
818;-0.599108;-0.408172;9.32959;1.185599;0.922208;-0.154997;-0.350103;-0.199638;-0.701515
819;-2.165843;3.056691;11.665734;0.996992;0.82291;-0.391384;-0.320933;-0.237637;-0.706773
820;-5.296402;12.14238;19.232447;-0.254023;-0.430906;0.249561;-0.310681;-0.255983;-0.705961
821;-1.220826;4.16577;9.244579;-1.074454;-0.062697;0.375345;-0.321407;-0.22386;-0.709535
822;0.050187;1.852;7.629169;-0.965033;-0.087352;0.376402;-0.33069;-0.196355;-0.714246
823;0.749097;0.375988;6.053882;-0.734062;0.265611;0.124391;-0.333091;-0.167572;-0.720115
824;0.204937;-0.845753;7.087391;-0.252977;0.597861;-0.139911;-0.317205;-0.155499;-0.729115
825;-1.316302;0.287461;10.935377;0.41224;0.256415;-0.163011;-0.300587;-0.152999;-0.734403
826;-1.383855;2.657011;12.91261;0.155594;-0.282577;0.011975;-0.304116;-0.165648;-0.731973
827;-0.614919;3.113034;10.421087;-0.371312;-0.117741;0.082763;-0.304523;-0.170104;-0.729817
828;-0.402916;1.9272;8.95577;-0.078198;-0.042672;-0.030806;-0.308406;-0.161898;-0.731378
829;-0.385947;1.514888;8.904029;0.144917;0.064374;-0.097185;-0.308051;-0.164191;-0.730544
830;-0.65302;1.555019;9.821663;0.153068;0.096215;-0.113677;-0.311593;-0.162708;-0.729907
831;-0.580334;1.945393;9.822699;0.045957;-0.007492;-0.025216;-0.310863;-0.166137;-0.730675
832;-0.604392;2.14147;9.551843;-0.012626;-0.024971;0.052336;-0.305731;-0.173158;-0.729327
833;-0.747154;2.23153;9.406291;0.061532;-0.017965;0.036525;-0.306662;-0.173594;-0.728019
834;-0.851636;2.290357;9.591739;0.079274;0.026062;-0.00197;-0.307209;-0.176743;-0.728714
835;-0.836455;2.364309;9.862123;0.040576;0.00676;0.013799;-0.312387;-0.172555;-0.72884
836;-0.612151;2.156818;9.461617;-0.042741;-0.002072;0.009257;-0.311316;-0.171595;-0.726626
837;-0.417088;1.977783;9.405696;0.004606;-0.004882;0.001256;-0.308563;-0.177045;-0.727291
838;-0.513837;1.97672;9.568851;0.060135;0.017097;-0.01799;-0.310069;-0.177468;-0.726145
839;-0.627196;2.275851;9.686317;0.043556;0.011917;0.003215;-0.308317;-0.180021;-0.725919
840;-0.62757;2.32111;9.626225;-0.006156;0.005815;-0.000354;-0.311257;-0.176749;-0.727151
841;-0.574748;2.171748;9.514883;-0.014964;-0.009172;-0.002258;-0.312699;-0.176185;-0.727493
842;-0.626625;2.066741;9.461424;-0.014743;0.006689;-0.009227;-0.309229;-0.17773;-0.726509
843;-0.626538;2.096311;9.566456;0.000818;0.005805;0.009308;-0.310051;-0.178922;-0.726276
844;-0.634565;2.216183;9.596181;0.002438;0.013736;0.015564;-0.309772;-0.179314;-0.726532
845;-0.642192;2.24616;9.595996;-0.010128;0.019897;-0.019683;-0.310402;-0.176895;-0.727109
846;-0.641907;2.171331;9.551056;-0.013154;0.015507;-0.002082;-0.309692;-0.17612;-0.726806
847;-0.641941;2.171393;9.536046;-0.013191;0.013747;-0.00033;-0.309403;-0.178221;-0.727464
848;-0.634435;2.17136;9.551207;-0.023672;0.013752;-0.009155;-0.310085;-0.176799;-0.726283
849;-0.641985;2.186334;9.551038;-0.009751;0.006705;0.004036;-0.309343;-0.178015;-0.725973
850;-0.626563;2.11122;9.588952;-0.023756;0.006709;-0.005684;-0.311119;-0.176486;-0.727145
851;-0.551624;2.118545;9.703016;0.018732;0.008386;0.001392;-0.309249;-0.176796;-0.726648
852;-0.417989;2.618527;10.463105;0.134939;0.007353;0.038571;-0.309351;-0.179315;-0.726647
853;-0.90773;1.971411;10.468976;0.070127;-0.058323;0.076829;-0.310914;-0.181514;-0.724147
854;-0.954158;2.241637;10.385201;0.09268;-0.199157;0.088251;-0.316198;-0.18167;-0.721697
855;-0.515998;2.16638;9.058299;0.062903;-0.229351;0.042076;-0.326283;-0.182436;-0.718937
856;-0.544681;2.468812;10.265607;0.173202;-0.22413;0.061635;-0.335084;-0.18597;-0.713673
857;-0.717701;2.722919;10.329393;-0.011607;-0.327727;-0.037872;-0.343422;-0.187845;-0.706902
858;-0.395932;2.760458;10.628491;-0.356973;-0.420736;-0.029716;-0.356198;-0.180604;-0.704427
859;-0.656697;2.824994;11.09596;-0.415203;-0.615898;0.007782;-0.373319;-0.167467;-0.698525
860;-0.033823;2.019909;10.463972;-0.293929;-0.737862;0.038508;-0.395167;-0.157361;-0.68811
861;0.403717;2.518005;10.164541;0.009292;-0.858144;0.104819;-0.420239;-0.154437;-0.672692
862;0.640719;2.619291;9.486291;0.046986;-0.842474;0.138448;-0.446732;-0.148222;-0.656134
863;1.209875;2.225282;9.167962;0.145234;-0.805918;0.170368;-0.473119;-0.147988;-0.639285
864;1.657781;1.945328;8.36679;0.154207;-0.777138;0.182825;-0.494804;-0.149537;-0.619228
865;2.176433;2.594306;7.941249;-0.019734;-0.630187;0.180396;-0.517002;-0.14629;-0.599479
866;2.359853;1.874224;8.095807;-0.206832;-0.432899;0.141031;-0.531717;-0.141156;-0.589923
867;2.60307;1.050287;8.026547;-0.175625;-0.375002;0.111269;-0.542513;-0.132103;-0.580187
868;3.065113;1.366374;8.223099;0.033201;-0.215304;0.082447;-0.549639;-0.129359;-0.573234
869;2.893298;1.39537;8.302164;-0.02456;-0.091927;0.049787;-0.555292;-0.128124;-0.568911
870;2.751816;1.468277;8.674462;0.005574;-0.002995;0.015147;-0.553826;-0.127011;-0.570737
871;2.675946;1.782182;8.88272;0.053;0.055964;-0.000251;-0.553809;-0.12742;-0.570465
872;2.511784;1.892634;9.224504;-0.004715;0.079018;-0.007114;-0.553531;-0.128072;-0.570855
873;2.482626;1.772305;9.269076;-0.019507;0.066719;-0.022222;-0.551245;-0.129556;-0.571012
874;2.378783;1.718514;9.477172;-0.010311;0.060595;-0.039028;-0.549606;-0.129651;-0.572555
875;2.35392;2.168711;9.431156;-0.028143;0.038653;-0.002038;-0.548905;-0.130177;-0.576308
876;2.294901;1.973905;9.317616;-0.046825;0.029899;0.001391;-0.548337;-0.129793;-0.576146
877;2.495638;2.110247;9.193926;-0.03444;0.047386;0.005939;-0.547499;-0.128485;-0.575973
878;2.437922;1.734747;9.238201;-0.009178;0.071138;-0.005431;-0.546812;-0.12952;-0.576884
879;2.452509;1.809759;9.253422;-0.038004;0.069394;-0.030138;-0.546184;-0.128931;-0.578614
880;2.453144;1.734307;9.358579;-0.026213;0.045607;-0.04355;-0.543378;-0.130248;-0.579828
881;2.25819;1.905715;9.444528;0.003879;0.042154;-0.040882;-0.542936;-0.130924;-0.583051
882;2.318673;1.882383;9.700918;-0.024405;0.019276;-0.053394;-0.541519;-0.131334;-0.583252
883;2.229681;1.747068;9.684269;0.05033;-0.010707;-0.05715;-0.540342;-0.132434;-0.582651
884;2.257231;2.12295;9.519316;0.058374;-0.051202;-0.023837;-0.542211;-0.135393;-0.580976
885;2.271563;2.220716;9.474471;0.017484;-0.043235;-0.023768;-0.543007;-0.134648;-0.579393
886;2.330913;2.169684;9.175542;-0.022529;-0.037943;-0.018463;-0.543779;-0.136148;-0.578074
887;2.421285;2.020124;9.147503;-0.007701;-0.030079;-0.002557;-0.545545;-0.13698;-0.576534
888;2.527035;1.780666;9.104862;0.017515;-0.017854;-0.013109;-0.546092;-0.136207;-0.575751
889;2.511092;1.945893;9.044327;0.063835;-0.016147;-0.018358;-0.547303;-0.136904;-0.574455
890;2.555081;2.081345;8.985028;-0.014791;0.034092;-0.037404;-0.547422;-0.1398;-0.574995
891;2.556792;1.825605;9.150438;-0.008501;0.08426;-0.035331;-0.54722;-0.138944;-0.576611
892;2.332302;1.929383;9.235867;0.020687;0.073781;-0.031842;-0.545813;-0.139475;-0.577082
893;2.353624;2.139515;9.236067;-0.005524;0.065015;-0.0151;-0.543448;-0.141948;-0.579126
894;2.197128;2.212488;9.578046;0.025056;0.038649;-0.039075;-0.540339;-0.141588;-0.579247
895;2.263722;2.288233;9.466736;0.019296;0.006942;-0.021641;-0.540821;-0.143098;-0.58116
896;2.173927;2.310421;9.457402;0.008918;-5e-05;-0.035801;-0.539501;-0.144201;-0.580553
897;2.286554;2.198394;9.444778;-0.004683;0.003438;-0.021685;-0.540749;-0.146172;-0.580608
898;2.34565;2.28902;9.355815;-0.009517;-0.023866;-0.005982;-0.541524;-0.145709;-0.578618
899;2.465231;2.22997;9.238211;-0.062636;-0.035313;-0.014909;-0.543589;-0.144562;-0.580073
900;2.361929;1.989418;9.25891;-0.04217;-0.010642;-0.011247;-0.542126;-0.143969;-0.578786
901;2.436289;2.00521;9.140317;-0.018472;-0.005423;0.00467;-0.541504;-0.142981;-0.577135
902;2.391589;1.98994;9.161948;0.008492;0.03329;-0.005647;-0.543386;-0.14266;-0.577904
903;2.375877;2.117596;9.116467;0.006398;0.038591;0.008531;-0.54045;-0.143183;-0.579113
904;2.361504;2.094223;9.311318;-0.034726;0.043945;0.017393;-0.540222;-0.142874;-0.58032
905;2.331505;2.168624;9.430706;-0.062808;0.04223;-0.002014;-0.542219;-0.14166;-0.580149
906;2.265563;1.98767;9.587171;-0.040961;0.000876;0.011791;-0.541424;-0.142012;-0.581598
907;2.287841;2.077184;9.730104;-0.04106;-0.04226;0.009746;-0.542417;-0.13886;-0.580436
908;2.302897;2.062176;9.745433;-0.141224;-0.116091;-0.010191;-0.544058;-0.137194;-0.578356
909;2.279709;2.197243;9.714802;-0.236571;-0.121233;-0.001385;-0.546752;-0.133628;-0.577007
910;2.364423;1.672823;9.627022;-0.201836;-0.130133;0.001979;-0.55126;-0.12719;-0.573859
911;2.483437;1.570198;9.16425;-0.034017;-0.1357;0.017795;-0.556425;-0.12445;-0.570869
912;2.616848;1.572652;8.701654;0.073629;-0.098951;0.023332;-0.559416;-0.12479;-0.567902
913;2.734691;1.724801;8.306122;0.05809;-0.030353;0.011466;-0.561133;-0.12436;-0.564739
914;2.914151;1.695522;8.302257;-0.010501;0.084939;-0.012453;-0.55992;-0.126278;-0.563594
915;2.960857;1.365345;8.371094;0.036613;0.161414;-0.043744;-0.556653;-0.129074;-0.567893
916;2.862745;1.589673;8.451427;0.098049;0.222982;-0.08738;-0.551747;-0.132356;-0.57387
917;2.615968;1.589089;8.356415;0.061486;0.324361;-0.113142;-0.543741;-0.134222;-0.579836
918;2.556912;1.334893;8.09285;0.181655;0.455334;-0.184631;-0.532727;-0.142302;-0.587399
919;2.553313;1.727782;7.416952;0.321159;0.595056;-0.247128;-0.518912;-0.154963;-0.597521
920;1.68725;1.760397;7.767229;0.213357;0.865846;-0.299903;-0.496493;-0.168481;-0.615882
921;1.488456;1.263853;7.921367;0.342236;0.944102;-0.32943;-0.468019;-0.183085;-0.632324
922;1.535943;2.023278;7.546274;0.334019;1.075203;-0.393684;-0.437442;-0.196258;-0.652184
923;-0.251738;2.391392;7.517453;0.020565;1.204945;-0.52679;-0.398356;-0.211113;-0.672711
924;-0.657672;-0.053844;10.656311;1.099011;1.28657;-0.578537;-0.352784;-0.226282;-0.694275
925;-1.638656;9.111176;17.433142;0.56382;1.404469;-0.430141;-0.309392;-0.269868;-0.700724
926;-3.751499;11.296859;16.577827;-1.30691;-0.533375;0.382579;-0.308344;-0.254247;-0.70707
927;-1.690802;2.841229;9.814417;-1.221383;-0.131655;0.634062;-0.31669;-0.220952;-0.714319
928;0.79925;0.944848;6.406979;-1.303717;-0.182345;0.516652;-0.330135;-0.173997;-0.719685
929;0.985505;-0.850478;5.362055;-0.722862;0.413313;0.135745;-0.32915;-0.142889;-0.725125
930;0.237171;-1.518694;6.585974;-0.005643;0.719809;-0.20625;-0.318212;-0.116777;-0.735211
931;-1.627671;0.460234;12.38479;0.638311;0.318826;-0.190699;-0.300172;-0.132602;-0.740521
932;-1.699435;3.350107;13.708488;-0.057419;-0.349854;0.054017;-0.290449;-0.157774;-0.737959
933;-0.85183;2.573112;10.146754;-0.442635;-0.117515;0.142658;-0.299212;-0.143697;-0.738688
934;-0.460276;1.320678;8.632586;-0.056794;-0.053253;-0.023944;-0.302396;-0.138627;-0.738314
935;-0.42743;0.735824;8.596361;0.205174;0.148786;-0.109102;-0.311854;-0.13841;-0.733767
936;-0.798833;0.99801;10.134524;0.262389;0.125178;-0.148851;-0.307209;-0.147722;-0.734737
937;-0.690794;1.733977;10.045841;0.105373;-0.040954;-0.021943;-0.296116;-0.156789;-0.737424
938;-0.602759;1.871006;9.649727;-0.029614;-0.070722;0.054616;-0.298849;-0.156847;-0.734986
939;-0.715783;1.946585;9.407232;0.125148;-0.014558;0.017086;-0.301415;-0.157454;-0.735515
940;-0.851011;2.170331;9.591882;0.209288;0.016205;-0.011758;-0.307332;-0.161464;-0.73268
941;-0.948806;2.356934;9.724793;0.100856;-0.009129;-0.018958;-0.307018;-0.166595;-0.730488
942;-0.613001;2.306975;9.431418;-0.046955;-0.02848;-0.005018;-0.304746;-0.170026;-0.731722
943;-0.387157;1.962958;9.391305;-0.060965;0.003103;-0.007521;-0.304207;-0.168178;-0.731701
944;-0.543011;1.886148;9.673425;0.03136;0.030364;-0.002028;-0.303877;-0.167439;-0.730334
945;-0.685694;2.050383;9.730414;0.003011;0.033114;-0.009032;-0.306782;-0.167862;-0.732097
946;-0.716102;2.110654;9.639684;-0.052238;0.006793;-0.004798;-0.307604;-0.166177;-0.730788
947;-0.655644;1.916436;9.498527;-0.064432;0.034053;-0.009948;-0.303073;-0.165839;-0.73084
948;-0.684359;1.720998;9.565701;-0.062353;0.003247;-0.025197;-0.304145;-0.166014;-0.732785
949;-0.669636;1.8032;9.655961;-0.036998;0.004983;-0.007517;-0.303328;-0.165209;-0.733289
950;-0.685238;1.952956;9.708015;-0.027221;0.022588;-0.008245;-0.306142;-0.162315;-0.731674
951;-0.663244;2.020682;9.678367;-0.050942;0.024359;-0.021459;-0.305315;-0.160343;-0.731503
952;-0.730468;2.01295;9.669519;-0.080223;0.010344;-0.025088;-0.303763;-0.161403;-0.732102
