time index;acc_x;acc_y;acc_z;gyr_x;gyr_y;gyr_z;mag_x;mag_y;mag_z
1;0.652541;9.682474;-1.445645;-0.009881;0.000176;-0.007806;-0.398344;-0.830576;0.107833
2;0.607605;9.690158;-1.446384;-0.038668;-6.5e-05;-0.014955;-0.398873;-0.832188;0.10594
3;0.675119;9.719565;-1.400331;-0.045991;0.009034;-0.00586;-0.398443;-0.830836;0.106473
4;0.675125;9.719539;-1.392859;-0.020613;-0.003642;-0.01686;-0.398376;-0.832162;0.103504
5;0.667579;9.674671;-1.370691;-0.022674;0.002134;0.003087;-0.399067;-0.831104;0.105368
6;0.66763;9.697031;-1.355686;-0.029834;-0.008795;-0.004205;-0.398967;-0.830544;0.103181
7;0.637678;9.697121;-1.341247;-0.020845;-0.003303;-0.00056;-0.397354;-0.831605;0.10271
8;0.667604;9.689612;-1.37065;-0.040563;0.003622;-0.008618;-0.398092;-0.832011;0.101876
9;0.645141;9.704713;-1.385933;-0.033465;-0.001557;-0.000521;-0.398021;-0.831058;0.101179
10;0.637672;9.689624;-1.333796;-0.0352;0.018117;-0.002191;-0.39884;-0.831741;0.101029
11;0.652661;9.689527;-1.326071;-0.038786;0.001856;-0.007723;-0.398087;-0.831456;0.100231
12;0.667657;9.689404;-1.310873;-0.024258;0.003568;-0.014085;-0.399259;-0.83092;0.099229
13;0.667633;9.666939;-1.29599;-0.011694;0.001016;-0.00961;-0.398615;-0.832004;0.100361
14;0.652675;9.689475;-1.311126;-0.013626;-0.00149;-0.000572;-0.397977;-0.832247;0.097935
15;0.645195;9.704504;-1.326156;-0.014385;-0.003504;-0.011435;-0.398833;-0.831172;0.097614
16;0.667657;9.689404;-1.310873;-0.020657;-0.003608;-0.015046;-0.398043;-0.831971;0.09711
17;0.652738;9.719306;-1.296101;-0.013408;-0.009029;-0.018713;-0.398396;-0.831576;0.097908
18;0.6527;9.704416;-1.311086;-0.020751;0.00194;-0.006863;-0.398965;-0.831444;0.097615
19;0.667696;9.704293;-1.295888;-0.015375;0.00201;-0.004169;-0.398535;-0.832117;0.097778
20;0.675187;9.704258;-1.295762;-0.022574;0.009152;-0.004106;-0.397596;-0.8317;0.097665
21;0.65274;9.70426;-1.266253;-0.010772;-0.014324;-0.015136;-0.398752;-0.83157;0.096807
22;0.652727;9.704312;-1.281197;-0.020589;0.005284;-0.018599;-0.399063;-0.833189;0.09601
23;0.652701;9.696894;-1.296162;-0.003751;0.002223;0.003951;-0.398568;-0.832503;0.095469
24;0.645222;9.7044;-1.296268;-0.010033;0.002147;0.001255;-0.399588;-0.831847;0.096512
25;0.652751;9.726777;-1.29608;-0.023534;0.00654;-0.000495;-0.399513;-0.831839;0.095697
26;0.652688;9.689423;-1.296182;-0.024323;0.003663;-0.009556;-0.397987;-0.832771;0.095902
27;0.637695;9.659453;-1.251684;-0.022626;0.003819;-0.002315;-0.398556;-0.833314;0.095485
28;0.622766;9.719474;-1.304079;-0.017082;0.006369;-0.010449;-0.397312;-0.831549;0.096037
29;0.622749;9.68946;-1.2668;-0.006334;0.002017;-0.00598;-0.397783;-0.831547;0.095204
30;0.675214;9.704153;-1.265873;-0.021765;-0.007821;-0.001508;-0.396555;-0.833559;0.094874
31;0.652704;9.666801;-1.236466;-0.010833;-0.007942;-0.009665;-0.397008;-0.832224;0.096332
32;0.652743;9.68169;-1.221481;0.029749;-0.009549;-0.007967;-0.398924;-0.833323;0.096018
33;0.622785;9.734442;-1.31151;0.028215;-0.007221;-0.026028;-0.397997;-0.832245;0.097662
34;0.607786;9.757134;-1.371479;0.008161;0.003837;-0.00781;-0.398062;-0.832929;0.09849
35;0.637692;9.689546;-1.311379;-0.00104;0.002238;0.003951;-0.396813;-0.832918;0.098803
36;0.622773;9.719448;-1.296607;-0.017144;-0.001642;-0.007789;-0.397216;-0.832653;0.098921
37;0.5628;9.734935;-1.372299;-0.002515;-0.009033;-0.022322;-0.397539;-0.833461;0.098109
38;0.697673;9.719146;-1.310286;-0.016289;-0.003378;-0.004215;-0.397567;-0.831568;0.098072
39;0.607719;9.629555;-1.207438;-0.037022;-0.017923;-0.011456;-0.398153;-0.833055;0.097264
40;0.675165;9.666747;-1.251031;-0.060332;-0.019143;-0.02229;-0.397328;-0.833452;0.097298
41;0.68278;9.763989;-1.295473;-0.035171;-0.010762;-0.01145;-0.396036;-0.833296;0.096384
42;0.615303;9.764518;-1.356388;-0.035477;-0.022864;0.009301;-0.396214;-0.833293;0.095834
43;0.637756;9.719377;-1.296354;-0.038721;-0.014458;-0.016872;-0.39554;-0.834095;0.095599
44;0.577792;9.644587;-1.192959;-0.053376;-0.003414;-0.000453;-0.395507;-0.834084;0.094238
45;0.667932;9.816174;-1.243278;-0.038925;0.002929;0.001318;-0.396152;-0.834349;0.09286
46;0.645415;9.778848;-1.221343;-0.0073;0.000287;-0.002384;-0.39504;-0.832855;0.093412
47;0.65279;9.673985;-1.154252;-0.002862;0.012992;0.004927;-0.396921;-0.832878;0.09376
48;0.667845;9.748832;-1.213573;0.000825;0.00931;-0.000543;-0.396325;-0.832592;0.092684
49;0.637875;9.733953;-1.191703;0.015033;0.015115;0.017564;-0.396709;-0.831519;0.093196
50;0.697763;9.696237;-1.168377;0.024913;0.008;0.019278;-0.39805;-0.833155;0.093183
51;0.757497;9.719279;-1.428828;0.084135;-0.007365;0.046137;-0.398818;-0.831294;0.095982
52;0.576742;9.438117;-1.970631;0.175124;0.025901;0.075161;-0.400419;-0.831629;0.101792
53;0.680946;9.124419;-2.134102;0.124341;0.085545;0.110022;-0.402947;-0.830057;0.104676
54;0.529373;8.154332;-2.258832;0.365858;0.042064;0.129135;-0.407073;-0.828805;0.111598
55;0.365088;8.498981;-2.320456;-0.113841;0.281796;0.0171;-0.408535;-0.830908;0.118944
56;0.96899;10.29809;-0.58682;-1.414712;0.152764;-0.084885;-0.406685;-0.837677;0.089853
57;0.776544;10.816333;1.025296;-1.235862;-0.08416;-0.045232;-0.398595;-0.846133;0.043838
58;1.029696;10.204553;0.445102;-0.030193;0.074661;0.010668;-0.399035;-0.846539;0.02708
59;0.909493;10.131247;0.203766;0.514092;0.054652;-0.061303;-0.397145;-0.850566;0.026129
60;0.519496;10.510813;-0.997334;0.530698;0.029108;-0.007106;-0.395412;-0.850574;0.045526
61;0.788084;9.927278;-1.128867;0.232213;-0.021014;-0.033931;-0.395997;-0.848716;0.065219
62;0.533089;9.734084;-1.088864;0.1671;-0.008416;-0.022721;-0.394377;-0.848218;0.072345
63;0.681999;9.120319;-0.960978;0.316647;0.011379;0.000523;-0.395691;-0.846947;0.080449
64;0.248993;10.094137;-1.122583;0.231789;0.034189;-0.058671;-0.393267;-0.846844;0.087336
65;0.487303;9.421721;-1.434196;0.199725;-0.01555;-0.028247;-0.393697;-0.846757;0.092496
66;0.719765;9.780686;-1.847737;0.036393;0.06538;-0.070832;-0.391055;-0.84696;0.104027
67;0.442827;9.758489;-1.538649;-0.034823;0.000565;-0.031176;-0.387889;-0.849886;0.102144
68;0.711336;9.167745;-1.744923;-0.09983;0.044505;-0.014531;-0.387883;-0.847307;0.100869
69;0.982684;9.821764;-1.125863;-0.295133;-0.010016;-0.01093;-0.387064;-0.848678;0.087984
70;1.14798;10.044692;-1.002915;-0.072486;-0.048933;-0.067891;-0.385829;-0.850271;0.086012
71;1.04233;9.491717;-0.826861;0.114644;-0.048278;-0.026675;-0.383478;-0.849726;0.088394
72;0.666374;8.799534;-1.074188;0.14293;-0.025951;-0.040888;-0.38235;-0.851098;0.092271
73;0.682751;9.538506;-0.907533;0.118426;-0.0079;-0.029887;-0.380112;-0.851652;0.096577
74;0.698285;10.13788;-1.413756;0.143076;-0.018363;0.022411;-0.380195;-0.851704;0.102704
75;0.70509;9.975079;-1.869877;0.360116;-0.027025;-0.003506;-0.381177;-0.850166;0.111631
76;0.427836;10.02179;-2.038822;0.217738;0.015449;-0.008187;-0.38113;-0.849286;0.119651
77;0.517587;9.510577;-1.246643;-0.066121;0.009345;0.011451;-0.381265;-0.848897;0.121546
78;0.585417;10.140345;-1.96859;0.102037;0.009821;0.002844;-0.381654;-0.850253;0.121559
79;0.772862;9.785402;-1.129507;0.042198;-0.00118;0.006477;-0.382618;-0.847847;0.123661
80;0.57719;9.752208;-2.059441;0.216972;-0.021226;0.041265;-0.38399;-0.846841;0.130951
81;0.787396;9.659241;-1.391124;0.043483;-0.008853;-0.018906;-0.383808;-0.845389;0.135424
82;0.434817;9.662786;-1.935063;0.168862;-0.015177;-0.006452;-0.384505;-0.84556;0.138809
83;0.61416;9.430573;-1.999907;0.141101;0.000583;-0.017198;-0.383076;-0.843962;0.143592
84;0.577381;9.849224;-2.029288;0.040772;0.032865;0.001354;-0.38612;-0.845098;0.146374
85;0.674228;9.399675;-1.789757;0.015227;-0.001147;0.010213;-0.38596;-0.844844;0.148553
86;0.74162;9.437077;-1.893126;-0.023801;0.0067;-0.036702;-0.385218;-0.843749;0.14774
87;0.5772;9.669454;-1.895278;0.026239;-0.012121;-0.00433;-0.385592;-0.843201;0.146491
88;0.711699;9.579922;-2.109937;0.048012;0.005856;-0.004317;-0.384905;-0.844575;0.149945
89;0.51687;9.445689;-1.919317;-0.080036;-0.011035;-0.020309;-0.383799;-0.8432;0.148593
90;0.652218;9.691251;-1.819231;-0.095018;0.018472;0.025084;-0.384715;-0.843454;0.145435
91;0.734352;9.481362;-1.728744;0.00116;-0.018911;-0.02246;-0.386452;-0.84373;0.144021
92;0.554531;9.602635;-1.985507;0.062618;0.016445;-0.01688;-0.385368;-0.844528;0.1438
93;0.666811;9.5799;-2.043447;0.061843;-0.012562;-0.03159;-0.384687;-0.843472;0.147616
94;0.517318;9.707144;-1.911133;-0.119149;0.039697;0.013582;-0.384573;-0.843333;0.147344
95;0.637085;9.601671;-1.819728;-0.026117;-0.017749;-0.00607;-0.385038;-0.845611;0.144376
96;0.727099;9.751185;-1.967246;-0.020829;0.032924;0.017729;-0.384963;-0.843579;0.143931
97;0.637533;9.795444;-1.684701;-0.015474;-0.000373;0.00939;-0.385584;-0.843592;0.144728
98;0.742194;9.765717;-1.869814;-0.025421;-0.00663;0.012947;-0.387011;-0.844275;0.143741
99;0.712226;9.607951;-1.579335;0.042444;-0.003154;-0.004362;-0.385925;-0.844533;0.143646
100;0.517178;9.632487;-1.926281;0.133676;-0.015349;-0.007304;-0.38465;-0.84388;0.148033
101;0.682018;9.736874;-2.0876;0.101984;-0.011678;0.004484;-0.386137;-0.842967;0.150146
102;0.651613;9.460489;-2.05897;-0.035373;0.007872;0.021256;-0.38619;-0.842587;0.153133
103;0.787206;9.735176;-1.74211;-0.080457;0.038091;0.019696;-0.387186;-0.843117;0.150659
104;0.621702;9.452899;-1.984775;0.127487;-0.031772;-0.019193;-0.387311;-0.842055;0.152814
105;0.554048;9.484198;-2.299662;0.042573;-0.006621;-0.002511;-0.386487;-0.842077;0.156519
106;0.787171;9.569877;-1.473562;-0.150783;-0.002006;0.000615;-0.386523;-0.841519;0.154328
107;0.71247;9.945395;-1.937081;0.060424;0.00257;0.00828;-0.385698;-0.841916;0.154362
108;0.726713;9.481973;-1.893257;0.132911;-0.01922;-0.018262;-0.385503;-0.841411;0.158854
109;0.562244;9.789738;-2.089481;0.16005;-0.006495;-0.017284;-0.386953;-0.840906;0.161384
110;0.666144;9.36442;-2.380283;0.072774;0.00187;-0.029705;-0.387393;-0.840142;0.16653
111;0.546895;9.580676;-2.105248;-0.070646;0.022728;-0.036406;-0.386824;-0.839599;0.166947
112;0.696472;9.423026;-2.088202;0.009915;0.017701;0.012149;-0.387371;-0.840954;0.166683
113;0.682031;9.676663;-1.960736;-0.042343;0.005618;0.000435;-0.386621;-0.840399;0.165879
114;0.786482;9.61768;-2.325262;0.006443;0.003153;0.002969;-0.387406;-0.839571;0.162842
115;0.606896;9.557562;-1.984743;-0.118215;0.030659;0.010774;-0.385898;-0.839287;0.163022
116;0.861995;9.539796;-1.517211;-0.05759;-0.023617;-0.020592;-0.386409;-0.84129;0.159502
117;0.396727;9.620306;-2.556004;0.10409;-0.017276;-0.01172;-0.386306;-0.840776;0.162765
118;0.673652;9.153764;-1.96976;-0.017116;0.017489;0.006807;-0.387261;-0.839436;0.16298
119;0.659813;9.97657;-2.23677;-0.112639;-0.000982;-0.003962;-0.387604;-0.840766;0.159998
120;0.719418;9.887316;-2.430278;-0.107301;0.042438;0.015286;-0.387848;-0.843036;0.156356
121;0.667519;9.855382;-1.773697;-0.133854;0.033653;0.029791;-0.386861;-0.839895;0.153741
122;0.59205;9.527019;-1.775858;-0.050633;0.002183;0.008617;-0.390408;-0.840441;0.149957
123;0.741882;9.375899;-1.489794;-0.023118;-0.002561;0.037407;-0.389913;-0.839081;0.149539
124;0.673732;8.912815;-1.432418;0.069422;-0.057878;-0.011987;-0.392302;-0.839367;0.148513
125;0.854222;9.413087;-1.592405;0.324648;-0.041299;0.00911;-0.391264;-0.838076;0.157102
126;0.853846;9.54239;-2.249606;0.336704;-0.066684;-0.009187;-0.391086;-0.836264;0.167016
127;0.463705;9.644279;-3.092798;0.389324;-0.020084;0.061696;-0.39165;-0.832999;0.180009
128;1.11536;9.671653;-3.246098;-0.101324;0.07337;-0.003676;-0.39481;-0.831589;0.185326
129;0.322456;9.813676;-2.20555;-0.603723;0.033415;0.010283;-0.393201;-0.834284;0.170041
130;0.607387;10.089561;-2.431625;-0.496111;-0.02542;0.052911;-0.394201;-0.836448;0.152753
131;1.199585;10.137933;-2.100188;-0.78068;0.066874;0.157095;-0.400199;-0.838219;0.130662
132;0.938674;10.442477;-1.244486;-0.691873;-0.002492;0.16556;-0.404875;-0.839162;0.108191
133;1.295758;9.059342;-1.436456;-0.334491;-0.01647;0.03515;-0.410816;-0.836394;0.093097
134;-0.18436;10.994109;-1.530972;-0.632429;-0.081383;0.225023;-0.41526;-0.834601;0.083247
135;2.719406;9.066555;-1.128439;-0.287423;-0.010156;0.092378;-0.421445;-0.831179;0.070449
136;1.800729;9.767015;0.621337;-0.397932;-0.072313;-0.39492;-0.414268;-0.83401;0.062159
137;-0.229363;9.904151;0.437959;0.031289;-0.147475;-0.31967;-0.403364;-0.840093;0.059365
138;-0.233135;8.347178;-0.836558;0.246907;-0.038828;-0.131289;-0.398717;-0.839312;0.068764
139;0.372278;7.63533;-1.044937;0.216463;0.07186;-0.051104;-0.394636;-0.840934;0.073832
140;0.651933;9.24117;-1.297404;0.268244;0.07296;-0.004368;-0.394226;-0.838965;0.081435
141;0.999287;10.943369;-1.421441;0.039832;0.0929;0.007877;-0.396103;-0.838733;0.083684
142;1.186474;10.987987;-1.612432;0.138079;0.0836;0.019252;-0.396268;-0.837667;0.085292
143;0.817724;9.958482;-1.546718;0.183377;0.096164;0.007657;-0.396861;-0.837173;0.090166
144;0.344592;9.047859;-1.153677;0.118349;0.032904;-0.011368;-0.398111;-0.836133;0.093646
145;0.29195;8.928573;-1.154888;0.017931;0.012193;0.001429;-0.397715;-0.836143;0.095294
146;0.592738;9.55442;-1.065925;-0.035099;-0.032555;-0.026021;-0.398427;-0.835082;0.096885
147;0.743527;10.151565;-1.114071;0.119121;-0.044423;-0.019328;-0.396926;-0.836566;0.09846
148;0.727945;9.988529;-1.473434;0.195825;-0.036766;-0.01041;-0.395768;-0.836217;0.106663
149;0.592066;9.51192;-1.731066;0.084177;-0.023047;-0.022635;-0.396755;-0.834349;0.108366
150;0.614713;9.646498;-1.790097;-0.056696;-0.03604;-0.018772;-0.396738;-0.834755;0.10851
151;0.712573;9.869798;-1.683232;-0.172535;0.001756;0.011565;-0.395209;-0.835673;0.106944
152;0.787698;9.778382;-1.278716;-0.155205;0.015766;-0.005594;-0.396949;-0.835379;0.101978
153;0.705294;9.643409;-1.026422;-0.085676;0.02309;-0.011102;-0.398093;-0.836585;0.09924
154;0.63778;9.561366;-0.97548;-0.000838;0.027002;-0.011254;-0.39582;-0.837067;0.094965
155;0.607634;9.554689;-1.162809;0.091174;-0.004012;-0.011675;-0.395821;-0.837891;0.096615
156;0.652728;9.749425;-1.363268;0.130945;0.003323;-0.010847;-0.396654;-0.835514;0.102263
157;0.652557;9.780169;-1.609767;0.083165;-0.00134;-0.011668;-0.394921;-0.834442;0.105568
158;0.667517;9.750111;-1.579707;0.02796;-0.02474;-0.006266;-0.394264;-0.834987;0.106962
159;0.712569;9.779572;-1.51909;-0.047756;0.012609;-0.00585;-0.397237;-0.835845;0.108923
160;0.667674;9.719418;-1.348153;-0.06877;-0.001547;0.006792;-0.396547;-0.835944;0.105407
161;0.652658;9.659461;-1.273847;-0.020775;-0.00344;-0.006897;-0.395693;-0.83486;0.106095
162;0.667625;9.682012;-1.33331;0.010206;-0.003752;-0.027786;-0.397236;-0.83622;0.105253
163;0.682598;9.704535;-1.385301;0.055044;-0.01123;-0.00715;-0.396136;-0.836225;0.107196
164;0.682667;9.749387;-1.392651;0.035127;-0.007607;-0.001652;-0.395869;-0.835817;0.107197
165;0.69736;9.645168;-1.519709;0.036062;-0.003102;-0.000723;-0.396268;-0.835147;0.107444
166;0.682436;9.66005;-1.482561;-0.000884;0.007464;-0.003269;-0.396432;-0.834891;0.108932
167;0.652556;9.674898;-1.415777;-0.015198;0.002696;-0.015012;-0.395868;-0.834752;0.10922
168;0.652565;9.652303;-1.363533;-0.001796;0.010134;-0.00414;-0.395874;-0.834347;0.109212
169;0.667463;9.630002;-1.415646;0.018141;0.000199;-0.011497;-0.396667;-0.836112;0.10922
170;0.652619;9.70473;-1.400751;0.030762;-0.003336;-0.011548;-0.397803;-0.834499;0.108879
171;0.667489;9.697579;-1.5126;0.045995;-0.000368;-0.000718;-0.396311;-0.834243;0.112464
172;0.67464;9.555989;-1.624943;0.047863;-0.004914;-0.00437;-0.396491;-0.834255;0.113684
173;0.613662;9.079077;-1.896254;0.114106;-0.013618;0.038866;-0.397907;-0.832674;0.116876
174;0.364893;8.319263;-2.201391;0.31028;-0.027133;0.083647;-0.398826;-0.832478;0.124605
175;0.424127;8.502171;-3.313237;0.267403;0.098523;0.099026;-0.40298;-0.831793;0.13467
176;0.561249;9.199538;-2.091089;-1.182829;0.167473;-0.117719;-0.401763;-0.837058;0.119148
177;1.158378;10.695095;1.001533;-1.572495;0.022017;-0.221127;-0.392278;-0.850602;0.069055
178;0.433776;11.803441;1.21644;-0.485869;-0.040403;-0.106374;-0.385589;-0.855109;0.034086
179;1.455573;9.409836;0.674318;0.534966;0.046614;-0.010952;-0.388378;-0.85699;0.029264
180;0.383593;10.004214;-1.22516;0.881405;0.053581;-0.103607;-0.381997;-0.857177;0.059712
181;0.69157;10.571043;-1.360396;0.479944;0.073942;0.092736;-0.385103;-0.852128;0.082667
182;1.056614;9.750043;-2.081234;0.192153;-0.009494;0.012263;-0.388688;-0.850751;0.091375
183;0.308151;10.172062;-2.122632;0.068985;0.043085;0.053911;-0.389975;-0.850412;0.097863
184;0.517206;9.075909;-0.859273;0.248008;0.080085;0.084434;-0.392507;-0.848045;0.102638
185;0.083926;9.374005;-0.066278;0.185144;0.060658;-0.025717;-0.392243;-0.846362;0.111876
186;0.676014;9.505524;-0.011085;0.188308;0.00448;-0.004641;-0.393328;-0.845339;0.117541
187;0.93717;9.17747;-0.553019;0.617365;-0.047877;-0.099306;-0.390529;-0.842319;0.131739
188;0.73469;9.758281;-1.869961;0.961141;-0.042699;-0.002378;-0.388664;-0.838606;0.158968
189;0.912191;9.082046;-3.146512;0.891932;-0.105026;-0.014439;-0.388335;-0.831695;0.1899
190;0.845207;9.60705;-3.639385;0.336736;-0.067959;0.012504;-0.388707;-0.828764;0.210805
191;0.553628;9.282798;-2.389877;0.043619;-0.121568;0.029287;-0.388501;-0.825185;0.219596
192;0.84504;8.930911;-2.565231;0.194603;-0.185743;0.066368;-0.389518;-0.823074;0.224562
193;0.890941;10.14521;-3.771659;0.393144;-0.115634;0.037333;-0.391448;-0.820212;0.235611
194;0.890236;9.847158;-3.996637;0.36998;-0.057137;-0.034568;-0.390122;-0.81784;0.244599
195;0.380734;9.413752;-3.289096;-0.209389;0.015155;-0.036048;-0.389065;-0.816355;0.246239
196;0.552545;9.008778;-3.078066;-0.405323;0.034706;0.038677;-0.390696;-0.817677;0.240627
197;0.98172;10.051112;-2.619678;-0.29697;0.073472;0.036648;-0.391391;-0.821387;0.230733
198;0.800786;9.259294;-2.40818;0.091108;0.001963;0.017232;-0.391268;-0.820815;0.227049
199;0.702742;9.25479;-3.127169;0.030673;0.015935;-0.036759;-0.391701;-0.82467;0.2188
200;0.486127;9.569178;-3.010428;-0.241408;0.022755;-0.007023;-0.391779;-0.825458;0.215816
201;0.846063;9.754117;-2.966487;-0.229745;0.030014;7.8e-05;-0.392567;-0.824119;0.216446
202;0.950895;9.212375;-2.009749;-0.303794;0.016778;-0.016126;-0.392145;-0.82809;0.206866
203;0.711067;9.289106;-2.267646;0.003168;-0.001879;-0.024147;-0.391145;-0.829945;0.203529
204;0.695786;9.320418;-2.656368;0.080627;-0.004786;-0.006264;-0.390724;-0.829492;0.198359
205;0.771622;9.722551;-2.385007;-0.057455;0.027874;-0.003943;-0.391259;-0.831133;0.200007
206;0.313976;9.231009;-2.214736;0.024117;-0.00966;0.024758;-0.391216;-0.828873;0.204596
207;0.785618;9.305208;-2.699724;0.104132;0.027653;-0.000715;-0.392369;-0.827963;0.207537
208;0.726891;9.93247;-2.534639;0.085997;0.00245;-0.003551;-0.391314;-0.825819;0.211072
209;0.740655;9.192678;-2.506513;0.127206;-0.018552;0.014319;-0.393703;-0.82558;0.211942
210;1.010454;9.424096;-2.815157;0.061303;0.037549;-0.032299;-0.393598;-0.825726;0.21331
211;0.576519;9.514184;-2.358978;0.202806;-0.043181;0.021261;-0.391805;-0.82496;0.220981
212;0.844684;9.125643;-2.89197;0.257404;-0.034551;-0.00512;-0.392927;-0.821599;0.229644
213;0.81514;9.500138;-3.123095;0.203629;0.009793;-0.019166;-0.393756;-0.819641;0.237072
214;0.800666;9.693748;-2.921071;0.107922;0.047228;-0.011445;-0.393683;-0.818973;0.238151
215;0.304713;8.874812;-3.081102;0.075243;0.010649;-0.004139;-0.393224;-0.817639;0.240865
216;0.761794;9.022642;-3.237365;0.021156;0.038226;0.00141;-0.394623;-0.81579;0.244326
217;0.598057;9.741149;-3.387637;-0.175382;0.026459;-0.015331;-0.394466;-0.817665;0.24246
218;0.755069;9.493447;-3.266098;-0.289163;0.034147;-0.010532;-0.394932;-0.820034;0.234044
219;0.830833;9.318997;-2.429927;-0.320041;0.009715;-0.010664;-0.395199;-0.824711;0.219367
220;0.763007;9.080248;-2.431717;-0.085219;-0.011248;-0.027625;-0.393445;-0.824781;0.213706
221;0.756316;9.67124;-2.646927;0.032124;0.009067;-0.020563;-0.393498;-0.826276;0.21455
222;0.36639;9.336137;-2.43773;0.019175;-0.008515;-0.006002;-0.391464;-0.824784;0.216495
223;0.845433;9.380573;-2.967505;0.004145;0.006375;-0.015113;-0.391872;-0.824398;0.218381
224;0.666094;9.515012;-2.716122;-0.016756;0.030757;-0.003974;-0.391624;-0.825473;0.217865
225;0.694926;8.975681;-2.536245;0.039975;0.013016;-0.006911;-0.393899;-0.824367;0.219857
226;0.830203;9.439595;-2.921257;0.013997;0.001949;-0.016946;-0.392783;-0.824343;0.218394
227;0.553424;9.559658;-2.701447;-0.008196;0.013446;0.02038;-0.392339;-0.823938;0.218946
228;0.852928;9.363317;-2.502641;-0.038695;-0.006904;-0.000599;-0.392722;-0.8257;0.218967
229;0.575242;9.186111;-2.731974;0.105549;-0.035678;0.008019;-0.393734;-0.823709;0.222165
230;0.695568;9.484536;-2.773969;0.066002;0.015235;0.008395;-0.393009;-0.823991;0.22451
231;0.650804;9.514111;-2.625204;0.109232;-0.027733;0.002593;-0.392491;-0.822243;0.226265
232;0.83034;9.350996;-3.035088;0.162868;0.015289;-0.002774;-0.395048;-0.821292;0.231019
233;0.650479;9.164108;-2.762165;0.135053;0.013061;-0.020727;-0.392253;-0.820491;0.235727
234;0.702846;9.337101;-3.164306;0.123891;-0.007929;0.006264;-0.393882;-0.819459;0.239603
235;0.755276;9.42713;-3.342507;0.047348;0.003289;-0.000735;-0.393554;-0.817332;0.24434
236;0.755574;9.403411;-2.968962;-0.009522;0.021845;-0.002277;-0.393403;-0.817602;0.244486
237;0.785618;9.545843;-3.1474;0.019509;0.016391;-0.011448;-0.394242;-0.816784;0.242536
238;0.695789;9.91231;-3.325747;-0.009332;0.027059;-0.014877;-0.394177;-0.817544;0.24451
239;0.439924;8.842671;-2.615634;-0.065556;-0.019802;-0.01852;-0.393114;-0.81699;0.244262
240;0.791021;8.66442;-3.38728;-0.190864;-0.029249;-0.016609;-0.391844;-0.817072;0.239402
241;0.665167;9.170536;-2.67072;-0.435719;0.000586;-0.003107;-0.391792;-0.818217;0.230843
242;0.9951;9.333204;-2.627345;-0.105136;0.012148;-0.019361;-0.392067;-0.821925;0.221096
243;0.710477;9.60507;-3.079748;-0.070856;0.01615;-0.010269;-0.39239;-0.822733;0.220284
244;1.054383;8.944408;-2.61992;-0.320157;0.074685;0.011424;-0.394676;-0.82537;0.209361
245;0.816906;9.961668;-2.458318;-0.446159;0.016102;-0.02661;-0.3923;-0.829605;0.193679
246;0.457156;10.279836;-3.233164;-0.519586;0.049597;0.084273;-0.394261;-0.831568;0.183574
247;1.207133;10.05496;-1.883594;-0.68217;0.058372;0.074489;-0.397457;-0.834669;0.162281
248;0.27783;10.233747;-2.63108;-0.721517;0.017705;0.18232;-0.402511;-0.835469;0.138433
249;1.929984;8.464638;-3.138449;-0.678428;0.143994;-0.158551;-0.406623;-0.838238;0.10866
250;-0.776504;14.954576;-0.977364;-1.479799;-0.040225;0.27994;-0.405428;-0.842046;0.080444
251;1.427681;7.473695;-1.287544;-0.660869;0.078537;0.359519;-0.416247;-0.836012;0.047698
252;2.554115;8.209772;0.362393;-0.572214;0.009937;-0.233172;-0.418404;-0.834821;0.031939
253;0.100947;10.108297;1.252597;-0.036066;-0.161736;-0.299815;-0.407571;-0.839938;0.026535
254;0.263358;9.492708;-0.255682;-0.069726;-0.047857;-0.159734;-0.406596;-0.84167;0.024693
255;0.530368;8.012929;-0.464379;-0.173907;0.10093;-0.091607;-0.40307;-0.841977;0.017186
256;0.337844;8.937551;0.304487;-0.063763;0.112287;-0.039293;-0.398659;-0.842463;0.015978
257;0.646852;10.011721;0.36491;0.041914;0.033714;0.003171;-0.398489;-0.8438;0.014374
258;1.238849;10.369193;-0.102336;0.215311;0.047766;0.008005;-0.401646;-0.842659;0.019698
259;0.923634;10.117247;-0.272728;0.360182;0.02973;-0.028513;-0.40163;-0.841341;0.02376
260;0.622679;9.604846;-0.75741;0.486441;0.010802;-0.017956;-0.402792;-0.839575;0.037583
261;0.494369;9.270773;-1.193861;0.293644;0.013365;-0.035492;-0.400574;-0.840771;0.054162
262;0.607167;9.539298;-1.221119;0.206787;-0.011855;-0.024649;-0.399785;-0.83947;0.061247
263;0.833158;10.255281;-1.170537;0.085799;-0.024906;-0.024559;-0.399956;-0.839783;0.066152
264;0.818691;10.255515;-1.030327;0.022299;-0.03185;0.000858;-0.398977;-0.839301;0.067121
265;0.735607;9.777273;-0.891051;0.050258;-0.002944;0.006463;-0.399471;-0.837962;0.068032
266;0.675123;9.433792;-0.863111;0.072565;-0.02948;0.018931;-0.400068;-0.837722;0.071004
267;0.682481;9.434278;-1.012427;0.065589;-0.028917;0.003572;-0.400712;-0.838423;0.073176
268;0.795335;9.73266;-1.032132;0.10005;-0.046161;-0.012062;-0.400263;-0.836413;0.075876
269;0.787997;9.867458;-1.114085;0.137996;-0.035241;-0.01118;-0.401467;-0.836608;0.08156
270;0.727785;9.733476;-1.175241;0.10025;-0.013979;-0.017248;-0.401971;-0.835703;0.085884
271;0.757539;9.643918;-1.242228;0.08189;-0.017158;0.006284;-0.399941;-0.836925;0.089107
272;0.69772;9.718963;-1.257981;0.087541;0.016736;-0.003431;-0.400947;-0.83534;0.092312
273;0.682718;9.719112;-1.28065;0.070277;0.013259;0.004734;-0.399816;-0.836023;0.094542
274;0.71266;9.688982;-1.250337;0.080116;0.009811;0.010103;-0.400548;-0.834285;0.095982
275;0.757536;9.734169;-1.413843;0.071137;0.003463;0.008252;-0.40225;-0.83527;0.098533
276;0.712666;9.756638;-1.369708;0.047698;0.000625;0.004691;-0.400351;-0.83339;0.102373
277;0.712012;9.606613;-1.383552;0.013636;0.005488;-0.01687;-0.399915;-0.834687;0.103791
278;0.742093;9.658664;-1.353015;0.011693;0.002071;-0.007857;-0.40053;-0.832796;0.103189
279;0.73464;9.673589;-1.338156;-0.01175;-0.000758;-0.010529;-0.401698;-0.834164;0.103722
280;0.742259;9.793374;-1.419897;0.047118;0.007288;-0.022387;-0.401392;-0.834975;0.10402
281;0.734529;9.523623;-1.181648;0.116228;-0.018075;-0.003717;-0.399734;-0.834585;0.108018
282;0.727036;9.659021;-1.435461;0.190175;-0.005896;0.007937;-0.400699;-0.833829;0.11342
283;0.741763;9.607307;-1.622154;0.184015;0.015523;0.004472;-0.401133;-0.83227;0.120596
284;0.793919;9.510407;-1.756032;0.08223;-0.001324;-0.011689;-0.400811;-0.830262;0.12343
285;0.65007;8.749939;-2.014565;0.271008;-0.038951;0.040142;-0.401494;-0.830479;0.132402
286;0.43134;8.290488;-2.796598;0.444496;-0.032838;0.039859;-0.402787;-0.83032;0.144208
287;0.21589;9.35233;-2.782431;-0.297521;0.128494;0.08532;-0.403756;-0.829818;0.147709
288;0.322557;8.953842;-0.06186;-1.356827;-0.034574;-0.019002;-0.402664;-0.836693;0.113955
289;1.194036;10.233521;0.300034;-1.10415;-0.112242;-0.038637;-0.401222;-0.847292;0.073337
290;1.287211;12.498861;-0.29005;0.128021;-0.056846;0.034554;-0.399962;-0.850388;0.056954
291;1.851899;10.107939;-0.989332;0.897464;0.036391;0.034947;-0.40053;-0.848201;0.069699
292;0.345104;10.066399;-2.053529;0.750537;0.006993;-0.172304;-0.396361;-0.846382;0.100044
293;0.6066;9.391108;-1.572717;0.121323;0.004228;0.03175;-0.396246;-0.845388;0.11079
294;0.681786;9.901045;-2.220144;-0.066626;-0.021139;-0.080168;-0.395415;-0.842411;0.127789
295;0.427875;10.342823;-2.163466;0.166937;0.092172;0.025024;-0.394588;-0.842569;0.131498
296;0.576516;9.18115;-1.312268;0.145328;0.058317;-0.000487;-0.395227;-0.843855;0.122783
297;0.314221;8.836851;-0.779638;-0.101699;-0.024207;-0.049149;-0.393001;-0.843162;0.123524
298;0.576293;8.775948;-0.805262;-0.123192;-0.11282;-0.080547;-0.389844;-0.842952;0.118447
299;0.742017;9.553679;-1.241218;0.17096;-0.012898;-0.111455;-0.390586;-0.844168;0.133703
300;1.132464;10.029633;-1.136199;0.297901;-0.04358;-0.09587;-0.387195;-0.843532;0.142657
301;0.90695;9.732905;-1.439694;0.263623;-0.102986;-0.106029;-0.382759;-0.8454;0.145155
302;0.853223;9.662963;-2.733463;0.350709;-0.045596;-0.036198;-0.380541;-0.843701;0.155004
303;0.366925;9.722919;-2.136279;0.050342;-0.038555;0.0073;-0.380541;-0.843086;0.162348
304;0.636534;9.488844;-1.788638;0.043187;-0.087927;0.053017;-0.38311;-0.840595;0.168482
305;0.816531;9.600004;-1.770352;0.139206;-0.082746;0.028316;-0.383664;-0.839534;0.170351
306;0.681129;9.903604;-2.952413;0.425501;-0.043208;-0.023642;-0.383908;-0.83864;0.17632
307;0.554098;9.76759;-2.342215;0.099941;0.013956;0.026443;-0.385417;-0.837109;0.185505
308;0.440963;9.3951;-2.494573;-0.015155;-0.015849;-0.009593;-0.385189;-0.836832;0.184962
309;0.531411;9.873802;-2.775693;-0.0895;0.004291;0.025038;-0.385756;-0.834435;0.188712
310;0.868585;9.450861;-1.919317;-0.129817;0.059984;0.001875;-0.387479;-0.837383;0.183399
311;0.65228;9.989635;-1.876687;0.082831;-0.002584;0.011857;-0.388974;-0.837504;0.17981
312;0.635379;9.019588;-2.193416;0.165086;-0.013137;0.006199;-0.388356;-0.836456;0.184578
313;0.853789;9.698359;-2.172951;0.210323;0.006618;0.002486;-0.38899;-0.834607;0.189154
314;0.786425;9.901488;-2.48737;0.160071;-0.001069;-0.015513;-0.387725;-0.833339;0.20075
315;0.70306;9.22882;-2.296318;0.227382;-0.023712;0.00413;-0.387879;-0.832033;0.206169
316;0.815172;9.334578;-2.779824;0.274084;0.006226;-0.030209;-0.388515;-0.829525;0.21264
317;0.433632;9.642666;-2.777969;0.222812;-0.010781;0.018792;-0.388986;-0.827558;0.219398
318;0.680105;9.336078;-3.028682;0.180399;-9.3e-05;0.026112;-0.389445;-0.825052;0.226419
319;0.530253;9.427116;-3.225243;0.033799;-0.003109;-0.009671;-0.389132;-0.824153;0.232542
320;0.695322;9.274934;-2.654985;-0.038596;0.01645;-0.000376;-0.389038;-0.822662;0.232244
321;0.64294;9.485516;-2.984074;-0.0402;-0.014327;-0.016847;-0.390315;-0.824815;0.229383
322;0.695417;9.394886;-2.774213;-0.060247;0.011001;-0.000364;-0.390558;-0.824536;0.228007
323;0.695386;9.425083;-2.863797;-0.087087;0.009679;-0.01659;-0.390628;-0.824514;0.22528
324;0.620455;9.395423;-2.827783;-0.116089;-0.00195;-0.011137;-0.390063;-0.826925;0.223301
325;0.650344;9.425661;-2.969167;-0.098453;0.018607;0.026931;-0.389835;-0.826498;0.220984
326;0.755841;9.54308;-2.503797;-0.215228;0.020714;-0.021655;-0.389153;-0.828606;0.215189
327;0.59082;9.379239;-2.432307;-0.022624;0.00155;0.012189;-0.389914;-0.828725;0.212306
328;0.575339;9.155654;-2.567669;0.066082;0.002449;-0.00429;-0.389931;-0.827943;0.215832
329;0.71068;9.401241;-2.475054;0.040663;-0.000189;0.004735;-0.392155;-0.826746;0.215464
330;0.770395;9.484522;-2.869842;0.104934;-0.009992;-0.004563;-0.392439;-0.826373;0.218989
331;0.740281;9.304762;-2.698977;-0.004522;0.00702;0.014834;-0.391332;-0.825433;0.221187
332;0.680798;9.558977;-2.676881;0.004792;-0.003285;-0.009664;-0.391813;-0.825715;0.221994
333;0.733122;9.574219;-2.832869;0.046315;0.00952;-0.004277;-0.391103;-0.824766;0.222544
334;0.755609;9.461266;-2.608631;-0.009651;0.024532;-0.004043;-0.393215;-0.824645;0.221655
335;0.755777;9.520772;-2.533747;0.097347;-0.007798;0.017184;-0.391751;-0.825722;0.222814
336;0.75514;9.335253;-2.892918;0.138143;-0.016778;0.007984;-0.392747;-0.823612;0.228054
337;0.695272;9.493209;-3.117667;0.004808;0.056293;0.010626;-0.394013;-0.821341;0.22974
338;0.755487;9.469259;-2.758053;-0.047262;0.0141;-0.025729;-0.39313;-0.822824;0.230342
339;0.73256;9.200414;-2.759166;-0.053278;-0.00391;0.014887;-0.394884;-0.822694;0.228783
340;0.620394;9.282864;-2.686118;0.010354;0.012736;-0.016771;-0.39385;-0.823622;0.227881
341;0.673149;9.589705;-2.908562;-0.015423;0.013489;0.024869;-0.393622;-0.823345;0.227339
342;0.710282;9.365192;-2.848763;-0.070897;0.016117;-0.011163;-0.393855;-0.823066;0.2261
343;0.75542;9.349202;-2.608936;-0.087206;-0.010967;-0.016748;-0.393766;-0.823855;0.223529
344;0.845278;9.461728;-2.861166;-0.011222;0.016152;-0.018605;-0.393133;-0.824129;0.224645
345;0.815115;9.30472;-2.787378;-0.010491;0.01369;-0.007751;-0.392602;-0.825202;0.224274
346;0.575638;9.365047;-2.626876;-0.059856;0.040984;-0.025439;-0.393188;-0.825053;0.221936
347;0.710802;9.633883;-2.773309;-0.074604;0.002713;-0.00854;-0.392201;-0.825422;0.218706
348;0.6956;9.559611;-2.878375;0.001065;0.031172;0.010467;-0.393241;-0.825438;0.219354
349;0.837925;9.423626;-2.63723;-0.058039;0.031919;-0.027424;-0.392811;-0.825436;0.21964
350;0.703014;9.409479;-2.68438;-0.036483;0.027704;-0.020213;-0.392918;-0.82568;0.216372
351;0.621038;9.76915;-2.87907;0.025776;0.016355;-0.018614;-0.394263;-0.825696;0.2166
352;0.695421;9.289589;-2.572751;-0.061194;0.036192;0.005238;-0.393746;-0.825972;0.217985
353;0.694834;8.592525;-1.924568;-0.099278;-0.033746;-0.075604;-0.392826;-0.825929;0.213928
354;0.470551;9.230989;-2.606597;0.127484;-0.054949;-0.019256;-0.390374;-0.827284;0.217304
355;1.174833;9.40027;-2.818402;0.097556;-0.024293;0.004241;-0.390207;-0.826236;0.221512
356;0.785678;9.738956;-3.010867;-0.0778;0.003055;-0.034796;-0.387726;-0.825673;0.221992
357;0.649461;9.158381;-3.448116;-0.177333;0.015883;-0.005447;-0.390643;-0.828082;0.215403
358;1.010063;9.573847;-3.097186;-0.420338;0.121762;-0.036866;-0.388926;-0.830969;0.206932
359;0.637496;10.620604;-2.831663;-0.794991;0.088075;-0.04329;-0.388819;-0.835119;0.1859
360;0.480759;10.694281;-2.326011;-1.065709;0.073835;0.14186;-0.393604;-0.838947;0.15244
361;0.958848;9.900203;-2.349962;-1.096703;0.090344;0.304687;-0.399651;-0.840624;0.118897
362;1.114563;9.003318;-2.454358;-0.574515;0.142696;-0.121386;-0.402562;-0.841773;0.090897
363;-1.726467;11.378376;-0.583107;-1.550262;-0.054734;0.535634;-0.409958;-0.839685;0.058192
364;3.759251;8.102605;-0.514182;-0.809464;0.205898;0.424878;-0.431602;-0.830444;0.025699
365;2.497676;8.707813;3.299317;-1.306957;-0.140726;-0.581481;-0.426646;-0.831689;-0.013619
366;-0.407819;9.927699;2.30455;0.400898;-0.134574;-0.457865;-0.410402;-0.83877;-0.019898
367;-0.277426;8.462975;0.106007;1.051955;0.017347;-0.073152;-0.40416;-0.839513;0.012199
368;0.094005;7.014566;-0.66872;0.858063;0.122441;0.02199;-0.405254;-0.838564;0.043068
369;0.440871;8.462991;-0.860699;0.34802;0.072524;-0.04422;-0.399036;-0.84094;0.060074
370;0.834248;10.837593;-1.049394;0.093328;0.04843;-0.033154;-0.396029;-0.84148;0.063725
371;1.21747;11.748694;-1.458899;0.264128;0.059196;0.027808;-0.403107;-0.837788;0.066282
372;1.177463;10.179621;-1.359197;0.463058;0.032328;-0.007155;-0.402489;-0.83545;0.078519
373;0.57634;9.076558;-1.312553;0.354904;-0.011413;-0.030408;-0.40358;-0.835041;0.093051
374;0.366;8.748937;-1.346879;0.256656;-0.037125;-0.045616;-0.399211;-0.836407;0.100168
375;0.576773;9.405747;-1.446156;0.208767;-0.060633;-0.044863;-0.398886;-0.835795;0.108205
376;0.757838;10.287295;-1.679826;0.206119;-0.02376;-0.036579;-0.398229;-0.83274;0.115661
377;0.802844;10.377099;-1.783432;0.078954;-0.045051;-0.04638;-0.398865;-0.834417;0.121393
378;0.726516;9.570807;-1.846673;0.085541;-0.058427;-0.0012;-0.398181;-0.833495;0.125212
379;0.606284;9.399858;-1.938831;-0.042235;-0.016208;-0.018638;-0.39659;-0.833744;0.124588
380;0.62188;9.675635;-1.773438;-0.134435;-0.016409;-0.011193;-0.39619;-0.834264;0.122568
381;0.697185;9.779037;-1.532779;-0.141759;0.016018;-0.000138;-0.396992;-0.833179;0.121159
382;0.772124;9.673306;-1.307635;-0.032654;0.005667;0.001308;-0.395363;-0.834211;0.117281
383;0.674615;9.553921;-1.21994;0.036151;0.027193;-0.011335;-0.396126;-0.833145;0.11819
384;0.666987;9.569524;-1.399357;0.134437;-0.010041;-0.010015;-0.395231;-0.836115;0.118684
385;0.59948;9.607772;-1.564781;0.174109;0.001054;-0.001872;-0.395195;-0.834798;0.12302
386;0.61436;9.630662;-1.721382;0.181506;0.002675;-0.011837;-0.395767;-0.831756;0.130435
387;0.651834;9.780817;-1.981867;0.089479;0.025792;-0.004243;-0.395368;-0.833011;0.135513
388;0.674147;9.661019;-1.93698;-0.002481;0.005468;-0.01682;-0.396624;-0.831415;0.137212
389;0.651814;9.720737;-1.892364;-0.063907;-0.003697;-0.015819;-0.394268;-0.830031;0.136173
390;0.621882;9.653066;-1.728666;-0.123639;-0.000129;-0.005683;-0.393506;-0.832687;0.131345
391;0.636899;9.585182;-1.564209;-0.090936;0.001402;-0.023845;-0.395221;-0.833625;0.128309
392;0.659401;9.577448;-1.519017;-0.053186;-0.023453;-0.018686;-0.394611;-0.831976;0.125846
393;0.651968;9.659977;-1.608585;-0.018965;-0.015069;-0.00967;-0.394844;-0.834683;0.12589
394;0.607004;9.682811;-1.66906;0.000985;-0.028608;-0.018837;-0.392819;-0.83535;0.127331
395;0.636906;9.645315;-1.668656;-0.024298;-0.012485;-0.014155;-0.392427;-0.834654;0.125424
396;0.592058;9.705295;-1.669252;-0.064988;9.3e-05;-0.005815;-0.391898;-0.834917;0.125174
397;0.652008;9.659821;-1.563753;-0.047904;0.001999;-0.002248;-0.393114;-0.836266;0.123252
398;0.667129;9.749452;-1.5782;-0.018991;0.011065;-0.002269;-0.392181;-0.835444;0.123131
399;0.637019;9.659917;-1.571478;-0.026432;-0.00483;0.010322;-0.394587;-0.835999;0.121837
400;0.651983;9.644878;-1.563793;-0.023672;0.013101;0.01043;-0.394119;-0.836256;0.120767
401;0.607145;9.734899;-1.609141;-0.015603;-0.007467;0.010287;-0.392627;-0.835039;0.1227
402;0.622163;9.71965;-1.541679;-0.011903;0.011286;0.00678;-0.393703;-0.834632;0.121158
403;0.652137;9.704436;-1.503853;-0.028255;0.014966;0.014974;-0.395325;-0.83438;0.121373
404;0.637078;9.667205;-1.519152;-0.015838;-0.006254;0.026567;-0.395233;-0.834104;0.120826
405;0.652037;9.64467;-1.504016;0.000551;0.009786;0.019393;-0.394559;-0.834232;0.120714
406;0.667159;9.719255;-1.488615;0.02766;-0.002777;0.013807;-0.395457;-0.833452;0.123394
407;0.681965;9.614592;-1.488647;0.043851;0.010869;0.021092;-0.395507;-0.832907;0.122837
408;0.696785;9.509876;-1.473735;0.033272;-0.01027;-0.002542;-0.397541;-0.832674;0.124809
409;0.61457;9.735124;-1.683736;-0.013412;-0.015218;-0.018717;-0.396919;-0.832946;0.125788
410;0.652069;9.779902;-1.720342;-0.044152;0.004563;-0.009482;-0.395773;-0.831965;0.123083
411;0.681959;9.674777;-1.608039;-0.057066;0.009388;0.010473;-0.396262;-0.833732;0.123509
412;0.651846;9.547652;-1.534169;-0.054339;-0.010464;0.003116;-0.396117;-0.833446;0.121874
413;0.622029;9.660014;-1.579203;-0.038693;-0.001838;-0.016756;-0.396211;-0.832627;0.120765
414;0.6521;9.6745;-1.488991;-0.028123;-0.005047;0.000369;-0.396038;-0.834234;0.119167
415;0.651698;9.435432;-1.489642;-0.008331;-0.01478;0.002978;-0.394991;-0.833948;0.118651
416;0.620468;8.853942;-1.805566;0.107667;-0.01806;0.039788;-0.39526;-0.833022;0.120668
417;0.303036;7.783437;-2.904743;0.425756;-0.050696;0.088699;-0.397367;-0.832991;0.130679
418;0.318959;8.561774;-3.31334;-0.261115;0.135567;0.074408;-0.399454;-0.833578;0.133618
419;1.10171;9.393653;-0.824605;-1.903893;0.05998;-0.239871;-0.393782;-0.846265;0.089092
420;0.253403;11.638936;1.311606;-1.507006;-0.110382;-0.23628;-0.383537;-0.859003;0.023875
421;0.598038;11.922948;0.817565;0.050448;0.096956;0.245925;-0.381087;-0.860807;1.4e-05
422;2.294075;9.120032;1.055359;0.869354;0.039622;0.07832;-0.388065;-0.858086;0.021801
423;-0.117842;10.859779;-1.849994;1.062474;-0.117358;-0.180975;-0.383353;-0.858061;0.057238
424;0.95145;9.599079;-1.685882;0.309037;0.106232;0.125886;-0.389446;-0.851183;0.084288
425;0.399562;10.494448;-0.616812;0.020665;-0.072773;-0.035399;-0.389118;-0.85108;0.088656
426;-0.157328;9.130762;-0.876479;0.408574;-0.045617;-0.012376;-0.388205;-0.850841;0.093586
427;-0.054947;7.944328;-1.430884;0.623458;0.004787;0.003713;-0.386531;-0.848578;0.116211
428;0.516944;9.571069;-1.640995;0.213395;0.004555;-0.102308;-0.385567;-0.848405;0.129045
429;0.287736;11.515564;-1.916093;-0.082685;0.00103;0.037706;-0.383498;-0.846511;0.131529
430;1.475872;9.446109;-1.371076;0.110255;-0.02363;0.042086;-0.386681;-0.844903;0.12935
431;1.565307;9.507644;-1.997055;0.633307;-0.084769;-0.063668;-0.385774;-0.843119;0.143514
432;0.171919;10.100728;-3.094985;0.437735;-0.045987;0.006359;-0.382814;-0.838944;0.165464
433;1.264156;8.582412;-1.929918;-0.00349;-0.012509;-0.010809;-0.384714;-0.836699;0.169581
434;0.457235;9.750967;-1.731184;-0.333562;-0.019014;-0.104722;-0.383067;-0.840299;0.165481
435;0.75549;9.078214;-2.026842;0.072759;0.031849;0.03381;-0.383026;-0.839718;0.160704
436;0.606353;9.25671;-1.5955;0.044263;0.018407;-0.005949;-0.38294;-0.839997;0.161802
437;0.599057;9.797417;-2.386207;0.083827;0.033512;0.022071;-0.383187;-0.841757;0.161827
438;0.951311;9.945534;-2.484464;-0.058707;0.040048;0.021409;-0.384897;-0.839741;0.161187
439;0.397193;10.022396;-2.359123;-0.132173;0.05342;-0.019701;-0.385499;-0.839621;0.162255
440;0.914667;10.363663;-2.364403;-0.121751;0.088186;0.020077;-0.387212;-0.84017;0.161119
441;0.53141;9.091739;-1.320743;-0.289558;0.03039;-0.016768;-0.385468;-0.843164;0.149382
442;0.592203;9.614495;-1.340723;-0.11852;0.038001;0.018092;-0.386229;-0.842323;0.144846
443;0.515711;8.831399;-1.628067;-0.111436;-0.01475;0.0214;-0.386579;-0.843338;0.136408
444;0.891147;10.052002;-2.940992;-0.018178;0.066167;-0.025531;-0.388187;-0.844708;0.136517
445;0.683763;10.825815;-1.754346;-0.665912;0.054809;0.06288;-0.389427;-0.846774;0.123302
446;0.532684;9.395094;-0.475557;-0.522529;0.007785;0.105752;-0.388994;-0.847838;0.105354
447;0.876871;9.47781;-1.089701;-0.135402;0.011731;0.055836;-0.392212;-0.846571;0.095416
448;0.802513;9.972314;-1.39598;-0.043571;0.043173;0.084774;-0.396992;-0.844984;0.09373
449;1.012603;10.443789;-1.906733;-0.343441;0.040768;0.110713;-0.401249;-0.843869;0.084441
450;0.651521;9.210523;-1.266089;-0.443797;0.012989;0.038615;-0.403458;-0.842824;0.069773
451;0.341529;11.585245;-0.547602;-0.654866;0.017227;0.149552;-0.405596;-0.84276;0.059484
452;1.835321;9.249433;-1.156314;-0.152385;0.046354;0.055722;-0.409925;-0.839853;0.045936
453;0.692911;11.067488;-0.371202;-0.108146;-0.012105;0.023069;-0.409652;-0.83985;0.045945
454;0.832593;9.174618;0.21635;-0.081362;0.012045;0.108203;-0.413697;-0.837376;0.036093
455;1.626853;9.095002;0.558329;-0.270196;0.001352;-0.150409;-0.41511;-0.836545;0.031944
456;0.369327;9.405254;1.113267;0.237642;-0.133598;-0.240689;-0.409724;-0.837998;0.034464
457;0.142465;8.865618;-0.229528;0.969457;-0.05575;-0.12247;-0.405477;-0.836532;0.058552
458;0.290338;8.225807;-1.200127;0.978208;-0.040527;-0.080826;-0.404718;-0.833142;0.090934
459;0.38116;9.08657;-1.779094;0.716519;-0.039554;-0.073919;-0.399631;-0.83167;0.115322
460;0.697155;10.358186;-2.644561;0.45423;-0.015991;-0.011795;-0.399279;-0.832485;0.132513
461;1.124664;10.888138;-3.076761;0.243818;0.01951;0.014086;-0.400668;-0.828822;0.145475
462;1.011307;10.03524;-2.580346;0.080729;0.048921;-0.007846;-0.401314;-0.826687;0.148138
463;0.755742;9.227632;-2.026435;-0.090085;0.043062;-0.0019;-0.402227;-0.825876;0.147003
464;0.531273;9.182512;-1.641801;-0.171286;0.001192;-0.020877;-0.402937;-0.829315;0.136964
465;0.599305;9.427975;-1.423299;-0.04078;-0.010481;-0.000509;-0.402045;-0.829689;0.134276
466;0.712281;9.725886;-1.308505;0.0683;-0.013552;0.006381;-0.402714;-0.827567;0.138437
467;0.756925;9.68926;-1.576844;0.152685;-0.008417;-0.020945;-0.402121;-0.827596;0.14268
468;0.651303;9.482086;-2.01257;0.195689;-0.021978;0.006946;-0.401676;-0.826426;0.148802
469;0.710891;9.438022;-2.310565;0.16441;-0.008049;-0.00738;-0.400241;-0.824034;0.155615
470;0.65072;9.303882;-2.326888;0.039762;-0.028153;-0.004465;-0.40127;-0.824186;0.156402
471;0.394031;8.470568;-2.968601;0.329239;-0.020092;0.025763;-0.402228;-0.822921;0.165609
472;0.858672;8.542895;-2.90825;0.069475;0.076698;0.035899;-0.402607;-0.822988;0.173227
473;-0.234521;8.997108;-3.149662;-0.486223;0.038542;0.008499;-0.401344;-0.827239;0.165721
474;1.393129;8.861263;-0.65673;-1.783048;0.001538;-0.047098;-0.400386;-0.839575;0.121986
475;0.954461;9.963353;0.967746;-0.851577;-0.152389;-0.384926;-0.390587;-0.851264;0.076351
476;-0.255473;12.895068;-0.434605;0.587897;0.049429;0.087214;-0.383383;-0.855478;0.071764
477;1.776555;9.997169;-1.2599;0.837195;0.058969;0.096785;-0.38997;-0.851445;0.098988
478;0.757446;10.318903;-2.172905;0.74964;-0.047506;-0.114959;-0.388661;-0.847061;0.126193
479;0.441763;10.174055;-3.060338;0.2767;0.042156;0.055167;-0.388951;-0.843762;0.151867
480;0.935706;9.263718;-1.903743;0.128193;0.067832;-0.054806;-0.389504;-0.842461;0.15741
481;0.053122;10.172348;-2.050705;0.26079;0.004338;0.00266;-0.390369;-0.840845;0.157078
482;0.335782;8.840296;-1.795469;0.304639;0.005379;0.094752;-0.391747;-0.838382;0.168156
483;0.786689;9.389108;-1.240906;0.179893;0.003943;-0.033591;-0.39234;-0.834813;0.177196
484;0.516598;9.309222;-1.537098;0.150976;-0.096767;-0.049457;-0.389406;-0.833771;0.185582
485;0.424366;8.957783;-3.467405;0.552531;-0.004309;0.010814;-0.388272;-0.829834;0.201347
486;1.054817;9.266074;-2.738599;0.0646;0.032533;-0.016951;-0.388879;-0.827868;0.2081
487;0.890084;9.28911;-2.696488;-0.305523;-0.00609;-0.087686;-0.388072;-0.829974;0.202173
488;1.236769;10.25697;-2.194861;-0.270802;-0.028021;-0.065482;-0.386423;-0.833124;0.192752
489;0.440102;8.872059;-2.473582;0.110762;-0.06514;0.011496;-0.384905;-0.832315;0.194966
490;1.250932;9.666021;-2.00194;0.156261;-0.020885;-0.012198;-0.383954;-0.83181;0.200437
491;0.066909;9.703178;-2.500063;0.145736;-0.082155;-0.043755;-0.38218;-0.833292;0.202022
492;0.620952;9.694284;-2.834441;0.136048;0.032278;0.039112;-0.383628;-0.831333;0.208476
493;0.771254;9.842132;-2.584923;0.098782;0.036432;-0.011486;-0.385265;-0.830959;0.210322
494;0.456353;9.78448;-2.769731;0.015346;0.063886;0.027022;-0.38597;-0.828429;0.214065
495;0.949838;9.439916;-3.173286;0.085584;0.05905;0.046522;-0.388058;-0.828055;0.215351
496;0.72557;9.514331;-2.788326;-0.259069;0.086288;0.03679;-0.390399;-0.828302;0.209557
497;0.657138;8.69139;-2.373264;-0.266272;0.042862;0.018489;-0.391217;-0.8293;0.198515
498;0.531376;9.580663;-2.268382;-0.172418;0.018002;0.010876;-0.391464;-0.831;0.191319
499;0.786463;9.675743;-2.024708;-0.253768;0.014127;0.015465;-0.392355;-0.832727;0.186419
500;0.845387;9.318423;-2.473001;-0.185478;0.009612;0.045101;-0.392977;-0.833744;0.177972
501;0.6816;10.007047;-2.623354;-0.27091;0.048536;0.032949;-0.394436;-0.835039;0.16923
502;0.803114;10.721961;-2.126214;-0.676206;0.051853;0.096304;-0.397096;-0.836018;0.153631
503;1.220607;9.389322;-1.883646;-0.716186;0.025342;0.040931;-0.40037;-0.837732;0.127946
504;0.497227;11.455457;-2.099517;-0.58933;0.08429;0.084647;-0.402471;-0.841092;0.106689
505;0.817593;9.941785;-1.231422;-0.607852;0.04404;0.230881;-0.412035;-0.837527;0.08887
506;1.474182;8.226945;-0.970899;-0.373686;0.010688;0.057121;-0.414475;-0.834989;0.073211
507;0.830392;8.882389;-1.674916;0.0318;0.025242;-0.148861;-0.409731;-0.836692;0.072583
508;-0.002551;11.449476;0.283092;-0.868593;-0.153795;0.149087;-0.411563;-0.837289;0.060818
509;1.843323;8.999254;-0.125704;-0.699473;-0.031984;-0.035701;-0.417249;-0.834202;0.040138
510;1.071711;8.784815;0.271644;-0.111726;-0.017573;-0.324348;-0.410046;-0.838071;0.026554
511;-0.170906;9.283282;0.393959;0.585918;-0.0489;-0.202768;-0.402258;-0.840483;0.033668
512;0.052065;8.680002;-0.440774;0.704555;-0.075742;-0.089348;-0.398785;-0.839975;0.058157
513;0.515401;8.479171;-1.315194;0.323928;-0.006573;-0.00764;-0.397264;-0.837397;0.075186
514;0.921721;9.703578;-1.618854;0.280496;0.026785;0.014182;-0.394599;-0.839523;0.090299
515;1.11958;11.555592;-1.655348;0.25856;0.001888;0.029295;-0.396219;-0.838791;0.09786
516;1.192753;10.554348;-1.716588;0.186901;0.02151;-0.004762;-0.39866;-0.836522;0.098418
517;0.72637;9.315701;-1.533536;0.097587;0.025644;-0.010606;-0.398424;-0.835061;0.101803
518;0.396111;8.883584;-1.435673;0.130767;0.018919;0.001179;-0.400267;-0.834052;0.108262
519;0.321877;9.287366;-1.435838;0.058559;-0.020941;-0.007939;-0.400227;-0.833006;0.112603
520;0.59283;10.003085;-1.369552;0.044089;-0.01203;-0.004364;-0.39948;-0.83314;0.113447
521;0.802692;10.054337;-1.350924;0.137817;-0.007025;0.007109;-0.401301;-0.832359;0.114735
522;0.772099;9.778683;-1.531514;0.121579;-0.018721;0.007092;-0.40071;-0.830227;0.119345
523;0.726402;9.390775;-1.637942;0.101509;-0.013015;0.026207;-0.401181;-0.830135;0.12396
524;0.77105;9.316532;-1.831662;0.076546;-0.011705;0.007266;-0.40176;-0.828713;0.130997
525;0.613319;9.15344;-1.984209;0.096081;-0.04346;0.02607;-0.400776;-0.828721;0.13321
526;0.334999;8.707987;-2.416023;0.330151;-0.065763;0.071603;-0.401582;-0.8281;0.138893
527;0.666027;9.640941;-2.594716;-0.010522;0.078557;0.13926;-0.407512;-0.825933;0.147375
528;0.455514;8.810158;-1.883192;-0.3119;-0.008924;0.034618;-0.408737;-0.828706;0.137852
529;0.822747;8.446868;-1.033619;-0.306075;0.10756;0.084092;-0.4093;-0.83162;0.129851
530;1.7636;10.335261;0.354766;-0.258759;0.024881;-0.0527;-0.408296;-0.837195;0.118684
531;1.315982;11.653622;-0.037792;-0.113684;-0.010451;-0.10562;-0.40318;-0.841126;0.109936
532;0.517049;9.841378;-2.028814;0.715895;0.020889;-0.009381;-0.401938;-0.84122;0.122784
533;1.115572;9.097149;-1.512604;0.57715;0.138502;-0.007565;-0.402676;-0.838956;0.142333
534;0.443597;10.572991;-1.774031;0.471594;-0.070151;-0.123349;-0.398135;-0.836755;0.159605
535;0.785781;9.903995;-3.204695;0.445498;-0.050469;-0.031021;-0.396732;-0.83457;0.175003
536;0.575908;9.469275;-2.521981;0.311984;0.052668;-0.091401;-0.395421;-0.832225;0.187398
537;0.494499;9.676342;-1.805477;0.197763;-0.063845;-0.026746;-0.394318;-0.830925;0.195038
538;0.641976;8.917755;-2.993094;0.425104;-0.062389;0.002513;-0.393158;-0.827111;0.209308
539;0.814565;9.179021;-3.161331;0.253868;0.026663;0.00797;-0.393051;-0.823552;0.220414
540;0.42542;9.307113;-2.950871;0.203168;-0.011103;0.00619;-0.394389;-0.822008;0.228241
541;1.11506;9.362338;-2.572935;-0.226254;0.033528;-0.001785;-0.395209;-0.821491;0.230112
542;1.010354;9.12152;-1.932753;-0.02715;-0.019021;-0.065884;-0.393148;-0.822222;0.222973
543;0.890695;9.467211;-2.352281;0.245001;-0.05679;-0.036923;-0.390581;-0.823873;0.229628
544;0.732027;9.292727;-3.52108;0.33175;0.017716;-0.00763;-0.390071;-0.818944;0.239087
545;1.084922;9.408271;-2.849788;-0.025257;-0.006179;-0.053187;-0.390085;-0.820308;0.240475
546;0.711019;9.858637;-2.952029;0.014801;-0.014495;0.053525;-0.389624;-0.819109;0.243192
547;0.769049;8.85809;-3.192854;0.102379;0.014208;-0.004373;-0.388426;-0.818043;0.246616
548;0.440394;9.201797;-2.764099;0.208571;-0.012946;0.00345;-0.391422;-0.816739;0.248672
549;1.017276;9.665133;-3.575032;0.110984;0.02849;0.037172;-0.391851;-0.815676;0.250409
550;0.724848;9.622422;-3.789308;-0.042263;0.054798;0.032419;-0.392894;-0.816232;0.25093
551;0.649924;9.22426;-3.059382;-0.246477;0.03431;0.032834;-0.394478;-0.814214;0.250159
552;0.851751;8.721188;-2.609002;-0.177734;0.013402;0.009852;-0.395275;-0.816325;0.242816
553;0.762423;9.155551;-2.788671;-0.09636;0.012677;0.001526;-0.396325;-0.81739;0.239533
554;0.612838;9.260592;-2.716194;-0.060433;-0.004929;0.008614;-0.397288;-0.820834;0.229758
555;1.100359;9.722264;-2.930873;-0.21554;0.044699;0.015439;-0.396211;-0.820791;0.225979
556;0.350909;9.847329;-3.511081;-0.260189;-0.004841;0.043557;-0.39922;-0.821466;0.222078
557;0.995537;9.684937;-2.798248;-0.565898;0.107591;0.174146;-0.405166;-0.821937;0.206362
558;1.068747;8.600834;-2.665436;-0.703066;0.032212;0.020228;-0.408385;-0.822201;0.185282
559;0.712259;10.778756;-3.293244;-0.586135;0.066002;0.066357;-0.409281;-0.829987;0.161153
560;1.065044;10.977446;-2.898197;-0.878893;0.10034;0.227249;-0.4156;-0.828501;0.137213
561;2.086657;7.47162;-1.575298;-0.868825;0.005249;-0.024235;-0.419103;-0.829681;0.112191
562;0.518719;10.511669;-1.42921;-0.308081;0.002232;-0.120975;-0.414068;-0.833739;0.102353
563;0.279643;10.089159;0.074974;-1.282268;-0.213358;0.164111;-0.418895;-0.833527;0.070858
564;2.434907;8.719143;0.13759;-1.076943;-0.079267;-0.167376;-0.422069;-0.833946;0.035888
565;1.029019;9.783906;0.908745;-0.343544;-0.015292;-0.345486;-0.412601;-0.838281;0.016121
566;-0.163844;8.856284;0.714227;0.575634;0.027997;-0.164225;-0.403398;-0.84079;0.020286
567;0.186176;8.043034;-0.066621;0.701548;-0.010659;-0.058182;-0.40265;-0.840714;0.044693
568;0.410976;8.432779;-0.726788;0.362044;-0.015073;-0.035781;-0.400176;-0.839341;0.061504
569;0.953192;10.163811;-0.810094;0.274918;0.049181;0.017034;-0.399835;-0.840395;0.074886
570;1.269446;11.208819;-0.966318;0.429037;0.115804;0.0513;-0.401217;-0.837362;0.082411
571;1.154967;10.194852;-1.411841;0.6215;0.071374;0.032523;-0.404957;-0.834244;0.092991
572;0.733638;9.271415;-1.697918;0.563234;0.007734;-0.00735;-0.40599;-0.830345;0.110728
573;0.455469;8.855453;-2.017569;0.506226;-0.038879;-0.001966;-0.407823;-0.827672;0.128462
574;0.486111;9.416673;-2.314421;0.357363;-0.053809;-0.004449;-0.407513;-0.823773;0.147742
575;0.786789;10.005349;-2.277864;0.146287;-0.04585;-0.011259;-0.406614;-0.824373;0.155957
576;0.884396;10.086755;-2.18633;0.000991;-0.030264;-0.009936;-0.405879;-0.824221;0.154888
577;0.763947;9.691052;-2.099768;-0.001044;-0.029932;0.005513;-0.405316;-0.823947;0.155174
578;0.673407;9.317986;-2.117248;-0.096575;-0.028671;-0.004142;-0.407335;-0.822336;0.153987
579;0.711139;9.437056;-2.034096;-0.138037;-0.036154;-0.011345;-0.406395;-0.82447;0.151607
580;0.816593;9.7652;-2.009013;-0.158602;-0.01945;-0.022093;-0.405074;-0.825232;0.147305
581;0.861743;9.764203;-1.78409;-0.098325;0.014278;-0.003943;-0.403549;-0.825879;0.145733
582;0.824082;9.539575;-1.591057;-0.036263;0.006659;0.006732;-0.403922;-0.827492;0.144117
583;0.77147;9.405138;-1.532532;0.064148;0.010273;-0.010648;-0.403839;-0.82615;0.145456
584;0.696516;9.518444;-1.787545;0.109119;-5e-06;0.002765;-0.404327;-0.825891;0.146253
585;0.711566;9.63843;-1.936409;0.120208;0.009604;-0.011682;-0.404523;-0.824582;0.151125
586;0.756449;9.691113;-2.107366;0.10011;5.5e-05;0.007277;-0.404137;-0.824065;0.154534
587;0.771232;9.616621;-2.189511;0.01914;0.011095;-0.007831;-0.403901;-0.823804;0.155899
588;0.771326;9.616256;-2.084901;-0.032562;0.01125;0.009483;-0.404828;-0.823681;0.156275
589;0.756423;9.616013;-1.995488;-0.063838;-0.010984;-0.02043;-0.405378;-0.824616;0.154231
590;0.793914;9.555547;-1.845575;-0.046822;-0.003586;-0.011389;-0.405298;-0.825164;0.155198
591;0.711468;9.556093;-1.8918;-0.013548;-0.009546;-0.003337;-0.404296;-0.825129;0.152233
592;0.73385;9.541306;-1.966182;-0.027783;-0.016188;-0.018732;-0.404883;-0.825131;0.151669
593;0.756475;9.630851;-1.965559;-0.027928;0.000234;-0.004163;-0.404037;-0.824855;0.1521
594;0.771461;9.600687;-1.90561;-0.006177;0.001951;-0.011445;-0.403317;-0.825932;0.152417
595;0.771445;9.570673;-1.868331;0.002784;0.003866;-0.006931;-0.403797;-0.825389;0.151573
596;0.756371;9.541017;-1.913498;-0.011408;-0.001944;-0.025922;-0.402957;-0.824033;0.15212
597;0.756413;9.585973;-1.950737;0.00356;0.004099;0.003928;-0.404149;-0.824454;0.152498
598;0.711515;9.616069;-1.951414;0.010788;-0.004879;0.001154;-0.403673;-0.824727;0.153336
599;0.733879;9.586314;-2.018365;-0.035035;0.001861;-0.01136;-0.403743;-0.824854;0.152382
600;0.718919;9.616373;-2.048425;-0.03228;-0.008988;-0.016861;-0.402479;-0.824291;0.151187
601;0.771458;9.630779;-1.965306;-0.035067;0.002781;-0.009561;-0.404539;-0.824025;0.149207
602;0.786485;9.653095;-1.957519;-0.027997;0.018335;0.00499;-0.404338;-0.82469;0.148137
603;0.726478;9.555918;-1.861658;0.012351;0.018863;0.023013;-0.403839;-0.824275;0.1476
604;0.786544;9.547588;-1.69628;0.008041;0.013056;0.003967;-0.404315;-0.824827;0.148412
605;0.764003;9.480274;-1.644537;0.090024;-0.004436;0.009993;-0.405243;-0.82418;0.150685
606;0.756473;9.525579;-1.771568;0.130949;-0.008304;-0.011841;-0.403153;-0.824073;0.156746
607;0.756321;9.571292;-2.025499;0.130075;-0.019049;-0.011914;-0.405045;-0.824395;0.160504
608;0.786215;9.61655;-2.189258;0.094886;-0.00833;-0.007248;-0.403965;-0.822522;0.164319
609;0.786173;9.571594;-2.152019;0.061432;-0.004778;-0.002618;-0.403544;-0.822804;0.166245
610;0.771245;9.616569;-2.174566;0.017337;-0.003326;-0.01154;-0.403981;-0.822551;0.167724
611;0.711165;9.504633;-2.131051;0.009983;-0.003155;-0.002447;-0.403945;-0.821999;0.166489
612;0.786065;9.451694;-2.047735;-0.025944;-0.012608;-0.018731;-0.404363;-0.822813;0.166218
613;0.695984;9.422759;-2.198777;0.031773;-0.026648;-0.016216;-0.404269;-0.823107;0.169224
614;0.545314;9.080826;-2.493657;0.092823;-0.005969;0.017311;-0.402297;-0.821609;0.17035
615;0.904916;9.139231;-2.58456;0.19495;-0.013472;0.074746;-0.403822;-0.822747;0.175226
616;0.515625;9.553644;-3.068235;0.054407;0.03272;0.073733;-0.40543;-0.820366;0.179623
617;0.665182;9.283278;-2.86469;-0.368347;0.082004;0.109422;-0.408396;-0.82223;0.172477
618;0.951138;9.818372;-2.439978;-0.685333;0.115523;0.057829;-0.410709;-0.825899;0.155579
619;0.817482;9.912136;-1.298752;-0.983168;0.09326;0.032241;-0.413435;-0.831492;0.125626
620;1.012582;9.594121;-0.347357;-0.517663;0.019244;0.014259;-0.413538;-0.835202;0.100083
621;1.01275;9.773944;-0.496311;-0.134241;0.013299;-0.040095;-0.411521;-0.838344;0.090128
622;0.945383;9.759008;-0.407824;0.175858;-0.008408;-0.019266;-0.410425;-0.838078;0.092067
623;1.162187;9.857478;-1.083856;0.374937;-0.015426;-0.047034;-0.409721;-0.837893;0.103257
624;0.891469;9.742432;-2.007809;0.395284;-0.010257;-0.066838;-0.407806;-0.835864;0.121808
625;0.914169;9.884325;-2.021987;0.190925;0.016578;-0.031801;-0.407027;-0.834997;0.132306
626;0.786458;9.480247;-1.666574;0.019358;-0.021866;-0.040611;-0.405642;-0.835375;0.130724
627;0.831658;9.749769;-1.889246;0.087122;0.017071;-0.033312;-0.403959;-0.837133;0.132857
628;0.801677;9.644691;-1.710706;0.088531;0.029316;-0.004272;-0.401369;-0.835787;0.13673
629;0.78628;9.571177;-2.032465;0.16713;0.029625;-0.004456;-0.403977;-0.835301;0.140177
630;0.8613;9.645609;-2.053412;0.000968;0.061556;0.010603;-0.405387;-0.835476;0.143131
631;0.817187;9.973444;-1.739446;-0.121901;0.039557;0.008957;-0.405271;-0.836672;0.140842
632;0.951384;9.463976;-1.506917;-0.10176;-0.013145;-0.027658;-0.403843;-0.836365;0.138159
633;0.771341;9.48084;-1.81627;0.011829;0.002048;-0.009675;-0.403717;-0.834727;0.136497
634;0.846146;9.43579;-1.852488;0.011787;0.032723;0.001355;-0.404604;-0.835524;0.133622
635;0.831989;9.913919;-1.829021;-0.159815;0.005249;0.00339;-0.404712;-0.835918;0.132128
636;0.816363;9.420181;-1.621398;-0.134331;-0.022073;-0.022154;-0.405147;-0.836565;0.128039
637;0.801521;9.540021;-1.688575;-0.002787;0.002201;0.001202;-0.405751;-0.836834;0.127207
638;0.77178;9.629526;-1.606643;-0.018979;0.002933;-0.004171;-0.406049;-0.836565;0.126919
639;0.891646;9.719184;-1.768762;-0.073045;0.005343;-0.006789;-0.405976;-0.838297;0.123958
640;0.831908;9.673597;-1.47101;-0.029772;0.009069;-0.007747;-0.405703;-0.836509;0.120663
641;0.801857;9.598874;-1.426887;0.076772;-0.014021;-0.017192;-0.406278;-0.836407;0.123912
642;0.891077;9.405563;-1.81445;0.119365;-0.004983;-0.020886;-0.406796;-0.83538;0.129869
643;0.719042;9.540698;-1.77216;-0.00075;0.017215;-0.011332;-0.406535;-0.836876;0.131269
644;1.011706;9.755448;-1.617193;-0.029775;-0.014313;-0.00979;-0.40721;-0.835789;0.129727
645;0.891351;9.600016;-1.873697;0.026448;-0.001771;-0.022453;-0.406331;-0.836327;0.130447
646;0.771538;9.517672;-1.666725;0.018017;0.027417;0.003142;-0.405777;-0.836337;0.132373
647;0.831619;9.554403;-1.568474;-0.076908;-0.017766;0.003048;-0.405173;-0.835242;0.131555
648;0.846538;9.644818;-1.807085;0.029076;-0.030469;-0.024443;-0.403769;-0.837122;0.131773
649;0.82439;9.794055;-1.724864;0.029638;0.009636;0.008389;-0.404662;-0.836313;0.130911
650;0.86119;9.427961;-1.770062;-0.002511;0.005405;-0.016888;-0.404818;-0.837273;0.132286
651;0.734414;9.779748;-1.7862;-0.064008;-0.001804;-0.00951;-0.404896;-0.836185;0.131445
652;0.793647;9.30091;-1.666936;-0.009852;-0.001669;-0.011457;-0.404488;-0.836571;0.129559
653;0.936685;9.696062;-1.626093;-0.045962;0.001763;-0.010514;-0.405822;-0.836587;0.129924
654;0.846667;9.636799;-1.65019;0.026459;-0.008173;-0.028809;-0.403624;-0.838187;0.129891
655;0.816759;9.779593;-1.852057;0.090343;0.004158;-0.008075;-0.40285;-0.838729;0.131016
656;0.727047;9.749221;-1.592132;-0.015051;0.005169;-0.027668;-0.401355;-0.838458;0.132831
657;0.831797;9.704108;-1.65026;0.02593;0.007038;0.013808;-0.401303;-0.837788;0.133638
658;0.816655;9.569442;-1.576158;0.06412;-0.006784;-0.011692;-0.400808;-0.838213;0.136523
659;0.786585;9.539909;-1.636523;0.09303;-0.018391;-0.015445;-0.403955;-0.836639;0.138433
660;0.891364;9.599963;-1.858753;0.109459;0.007569;-0.018977;-0.4012;-0.835834;0.142595
661;0.80107;9.4365;-1.995217;0.140949;0.013315;-0.00812;-0.401052;-0.836268;0.146286
662;0.771421;9.721161;-2.174281;0.037565;-0.001116;-0.038714;-0.401065;-0.835757;0.149818
663;0.771168;9.58679;-2.204536;-0.056834;0.021867;0.006901;-0.399931;-0.836275;0.148503
664;0.726381;9.518694;-1.899121;-0.1328;0.020799;0.01253;-0.400237;-0.83599;0.146307
665;0.81646;9.570199;-1.79285;-0.132525;0.001413;-0.013868;-0.400195;-0.838394;0.142813
666;0.793926;9.510382;-1.74856;-0.085669;-0.000112;-0.009459;-0.398979;-0.83781;0.139164
667;0.786545;9.540066;-1.681356;-0.024874;-0.037319;-0.043321;-0.399354;-0.838613;0.137668
668;0.726526;9.600847;-1.891425;-0.013568;-0.01222;-0.002458;-0.397789;-0.837779;0.136886
669;0.862001;9.853436;-1.664291;-0.009789;-0.008982;-0.017886;-0.398178;-0.84101;0.134755
670;0.794496;9.869115;-1.784943;0.056834;-0.01202;-0.004476;-0.398194;-0.841039;0.138161
671;0.674095;9.525865;-1.743071;0.098352;-0.015462;-0.006348;-0.397697;-0.839963;0.139519
672;0.74143;9.586043;-1.950989;0.142148;-0.005144;-0.035361;-0.396614;-0.837837;0.145236
673;0.696465;9.616401;-2.026388;0.049647;-0.006576;-0.00166;-0.395601;-0.838388;0.147732
674;0.763966;9.578179;-1.868437;0.04255;0.009337;-0.009703;-0.396583;-0.83895;0.149072
675;0.816239;9.510902;-1.927512;0.018197;0.001132;-0.011526;-0.395641;-0.837469;0.150982
676;0.711311;9.519104;-1.996512;0.080614;-0.000601;-0.021598;-0.396072;-0.837621;0.15247
677;0.786483;9.735823;-2.11421;0.04791;0.004134;-0.002531;-0.394908;-0.836567;0.157256
678;0.801364;9.56319;-1.905206;-0.071242;0.007228;-0.004025;-0.395827;-0.838185;0.155622
679;0.771645;9.765412;-2.009772;0.035302;0.013909;-0.004238;-0.396207;-0.837907;0.154242
680;0.734972;10.319009;-2.173285;0.092626;0.010364;0.029961;-0.397412;-0.836317;0.156624
681;0.50315;10.777216;-2.571988;0.085121;0.034863;0.129712;-0.400665;-0.834222;0.160836
682;1.189806;9.061843;-2.198877;-0.125835;0.058152;0.046957;-0.404612;-0.829388;0.159933
683;0.935599;8.775342;-1.11302;-0.459775;0.044766;-0.109569;-0.403328;-0.831466;0.151296
684;0.606246;8.888652;-1.028615;-0.389847;0.013364;-0.084493;-0.402562;-0.834573;0.135578
685;0.767215;7.729726;-3.121207;0.73264;0.06912;-0.282285;-0.397739;-0.835624;0.137937
686;-1.107682;14.223076;-0.908695;-0.440857;-0.040499;0.597761;-0.402948;-0.833709;0.145085
687;3.270334;7.586204;-1.741788;-0.516406;-0.000915;0.283699;-0.42036;-0.824021;0.12907
688;1.886982;8.891261;-1.350681;-0.155766;-0.104895;-0.460846;-0.413675;-0.828438;0.115752
689;-0.514605;10.680086;-1.207111;0.821569;-0.001504;-0.172199;-0.403981;-0.828146;0.141403
690;-0.204214;8.27373;-1.425046;0.537919;-0.037654;0.045295;-0.405431;-0.823771;0.166337
691;0.407586;7.122474;-2.037995;0.087711;-0.11465;-0.037538;-0.402538;-0.822425;0.17063
692;0.695648;9.604541;-2.908142;0.037833;-0.038117;-0.054307;-0.400356;-0.823918;0.174
693;1.328654;11.812943;-2.891489;-0.001038;0.035092;0.034573;-0.399547;-0.824958;0.170096
694;1.447262;10.719356;-2.242362;0.002351;0.081964;0.051155;-0.407406;-0.820334;0.173291
695;0.784865;8.719418;-2.012369;0.043244;0.040322;0.015851;-0.40931;-0.817909;0.171956
696;0.529411;8.362569;-2.174562;0.199176;0.000824;0.024367;-0.407586;-0.818321;0.174881
697;0.470533;9.095704;-2.375327;0.03696;-0.040567;6.3e-05;-0.407512;-0.817413;0.179634
698;0.711515;9.924386;-2.525934;-0.015327;-0.013831;0.004761;-0.407108;-0.818638;0.181169
699;0.891576;9.990172;-2.350856;-0.060079;0.005128;-0.021308;-0.408609;-0.817154;0.179593
700;0.85335;9.421831;-2.143816;-0.000776;0.009276;-0.004202;-0.40821;-0.817148;0.17947
701;0.725598;9.198386;-2.168993;0.027978;-0.001191;0.002954;-0.407765;-0.817943;0.178001
702;0.740801;9.392976;-2.287765;0.03892;-0.026482;-0.009014;-0.408336;-0.817301;0.181376
703;0.815969;9.587152;-2.368164;0.015341;-0.018278;0.002818;-0.407732;-0.816356;0.182331
704;0.875914;9.579292;-2.337284;0.040883;-0.01592;-0.017152;-0.40904;-0.816781;0.182977
705;0.815811;9.437368;-2.263962;0.058951;-0.007794;-0.018016;-0.408818;-0.816533;0.185977
706;0.793248;9.392701;-2.279408;0.11651;-0.024365;-0.006499;-0.407102;-0.815444;0.187239
707;0.740777;9.43067;-2.384801;0.141661;0.001176;0.00991;-0.407098;-0.815624;0.192691
708;0.770655;9.498549;-2.608276;0.132907;0.017022;-0.002642;-0.407026;-0.813906;0.197565
709;0.740504;9.46933;-2.758306;0.065155;0.00973;0.002916;-0.408131;-0.811381;0.201431
710;0.574748;9.037634;-3.001379;0.042008;-0.006913;-0.020572;-0.409392;-0.812215;0.202632
711;0.611936;8.925707;-3.090717;0.004238;0.006744;0.041105;-0.408561;-0.812343;0.202798
712;0.513755;8.635979;-3.429402;0.041892;-0.05152;0.119363;-0.410305;-0.811839;0.205047
713;0.762104;9.495188;-3.774077;-0.427314;0.108235;0.087076;-0.412787;-0.812116;0.202791
714;1.191268;9.973577;-2.278587;-1.30618;0.184024;-0.069632;-0.410891;-0.823721;0.169835
715;1.193095;9.951428;-0.216317;-1.135976;0.216361;-0.003794;-0.409342;-0.834166;0.127038
716;1.065759;9.109731;1.370818;-0.230211;-0.095424;-0.074942;-0.407574;-0.838288;0.104561
717;0.892589;9.565118;-0.439128;0.472378;-0.045833;-0.063632;-0.402862;-0.840873;0.112394
718;0.98221;10.242556;-2.004927;0.792189;-0.003074;-0.049732;-0.404286;-0.837146;0.133936
719;0.921262;10.096398;-2.85817;0.485356;0.015909;-0.032545;-0.404185;-0.832476;0.157826
720;0.816258;10.067299;-2.942216;-0.027405;0.016037;-0.022195;-0.401901;-0.831144;0.163052
721;0.86074;9.557551;-2.509457;-0.216847;0.048316;-0.028746;-0.40217;-0.833142;0.159131
722;0.643854;9.527077;-2.049935;-0.184758;0.018293;-0.01446;-0.401049;-0.834964;0.151983
723;0.771378;9.510776;-1.831133;-0.044078;0.062993;0.000818;-0.402798;-0.833604;0.148902
724;0.704343;9.757738;-1.861488;-0.053706;0.044093;0.041435;-0.403796;-0.834525;0.144528
725;0.950626;9.346609;-2.12743;-0.03177;0.020405;0.021237;-0.405157;-0.833984;0.142838
726;0.771456;9.533031;-1.786239;-0.190858;0.036711;-0.030654;-0.404568;-0.834792;0.143281
727;0.712079;9.553717;-1.211835;-0.295964;0.040321;-0.009541;-0.403339;-0.836595;0.133957
728;0.996128;9.193846;-1.230422;-0.023958;0.002949;-0.04222;-0.403306;-0.836824;0.128922
729;0.726945;9.576659;-1.38338;0.071699;0.003443;-0.039643;-0.401693;-0.83856;0.128327
730;0.906208;9.404918;-1.649809;0.125661;-0.023905;-0.02646;-0.401392;-0.838725;0.13229
731;0.876649;9.854671;-2.037645;0.006431;0.013776;-0.004215;-0.40052;-0.839157;0.13655
732;0.771735;9.674821;-1.741019;-0.123834;-0.019667;0.004978;-0.399635;-0.83884;0.132078
733;0.914356;9.89864;-1.842615;-0.065693;0.023202;-0.011227;-0.399489;-0.840865;0.131849
734;0.794621;9.95887;-1.814587;-0.008204;0.021145;0.00766;-0.402775;-0.841797;0.126037
735;0.60677;9.676202;-1.915661;-0.006448;0.011403;0.010391;-0.401172;-0.840982;0.127573
736;0.771391;9.510723;-1.816189;-0.138162;0.003548;0.003366;-0.40082;-0.841242;0.126772
737;0.757181;9.921379;-1.725656;-0.228493;0.003294;0.007195;-0.400922;-0.840932;0.121858
738;0.861811;9.508261;-1.231844;-0.187792;-0.013117;-0.011129;-0.401708;-0.841018;0.115023
739;0.846482;9.246486;-1.128199;-0.009616;-0.011265;-0.040481;-0.402589;-0.84207;0.110382
740;0.764241;9.336473;-1.114402;0.09296;-0.024799;-0.020895;-0.401699;-0.844394;0.114543
741;0.906171;9.254664;-1.411108;0.25904;-0.007001;-0.012196;-0.400129;-0.842391;0.11946
742;0.816815;9.824496;-1.874352;0.284711;0.002601;-0.032082;-0.398527;-0.841111;0.130114
743;0.861788;9.959543;-2.09739;0.176372;0.002332;-0.025511;-0.397175;-0.839536;0.137485
744;0.726708;9.780619;-2.025434;0.012239;0.001523;-0.036808;-0.397969;-0.840251;0.141287
745;0.651726;9.721076;-1.989502;-0.010073;-0.008373;0.008438;-0.396856;-0.838892;0.141842
746;0.816648;9.749944;-1.919388;-0.05499;0.016286;-0.002209;-0.396243;-0.839539;0.139014
747;0.884152;9.749311;-1.828584;-0.010772;0.003803;-0.006046;-0.397689;-0.840354;0.137756
748;0.681439;9.526403;-1.907331;0.001138;0.006355;-0.017725;-0.398356;-0.840243;0.139775
749;0.733924;9.541018;-1.883989;-0.104029;0.033671;0.023396;-0.397198;-0.840073;0.137086
750;0.816809;9.629;-1.516218;-0.116285;0.001366;-0.018432;-0.398846;-0.841139;0.133101
751;0.816456;9.547656;-1.755551;-0.019148;-0.009363;0.008394;-0.399048;-0.840714;0.130498
752;0.786456;9.495293;-1.696422;0.026334;0.000151;-0.016965;-0.399448;-0.840869;0.132395
753;0.734692;9.868902;-1.643985;-0.020968;-0.007575;0.007528;-0.399427;-0.840871;0.132668
754;0.928753;9.487252;-1.723927;0.032709;-0.001731;-0.02067;-0.398963;-0.839507;0.13184
755;0.621893;9.675583;-1.758494;0.133668;-0.001085;-0.011749;-0.398406;-0.839938;0.135545
756;0.786618;9.667619;-1.837924;0.062233;0.015056;0.003842;-0.398605;-0.840233;0.138268
757;0.801615;9.659973;-1.807803;0.04449;0.018109;-0.018712;-0.39824;-0.840914;0.139383
758;0.711784;9.735342;-1.876367;0.021667;0.025668;0.003136;-0.397725;-0.841056;0.140765
759;0.771166;9.361201;-1.786707;0.033744;-0.009072;-0.031506;-0.396602;-0.839848;0.143231
760;0.704197;9.75079;-2.010951;0.019094;0.011106;-0.007807;-0.39671;-0.839867;0.145408
761;0.793684;9.451163;-1.905638;-0.011486;-0.003638;-0.020518;-0.396605;-0.839863;0.145002
762;0.786345;9.64612;-2.09951;-0.020613;0.01277;-0.00592;-0.39636;-0.839317;0.144728
763;0.815807;9.226826;-1.87598;-0.060069;0.004933;-0.030291;-0.397084;-0.84052;0.142138
764;0.711912;9.727323;-1.719472;-0.068004;-0.002628;-0.049291;-0.393401;-0.842762;0.139986
765;0.712388;9.973627;-1.651551;-0.028305;-0.00969;-0.051254;-0.391486;-0.844364;0.139808
766;0.592297;9.854765;-1.683789;0.076811;-0.017531;-0.017141;-0.390144;-0.844363;0.14135
767;0.711174;9.421879;-1.966888;0.116677;0.00048;-0.018962;-0.39079;-0.843053;0.145663
768;0.681964;9.870274;-1.966172;0.0298;-0.010286;-0.004353;-0.388933;-0.842518;0.148711
769;0.711272;9.451579;-1.914501;0.089431;-0.019192;-0.011791;-0.392349;-0.841217;0.150617
770;0.621865;9.87121;-2.153988;0.10918;-0.002632;0.003667;-0.392231;-0.839624;0.154269
771;0.697137;9.967219;-1.935766;0.033332;0.015039;0.006652;-0.392086;-0.839924;0.157957
772;0.615339;10.175801;-1.652646;0.025445;-0.045298;0.037048;-0.393794;-0.838043;0.15732
773;0.852784;9.01796;-2.017889;0.33208;-0.032905;0.064359;-0.395256;-0.834612;0.165653
774;0.859945;8.853774;-2.077987;0.260827;-0.049898;-0.008839;-0.398121;-0.830411;0.177194
775;0.695182;9.207801;-2.685056;0.137254;-0.023648;-0.065292;-0.395036;-0.830164;0.18383
776;0.756081;9.797821;-2.712325;-0.222713;0.030179;0.003741;-0.395363;-0.828676;0.183382
777;1.85978;6.638764;-2.388364;-0.18409;0.063933;-0.176455;-0.394777;-0.832755;0.170537
778;-1.451314;16.048252;-3.233402;-0.180434;0.070851;0.022671;-0.387106;-0.837586;0.17565
779;-0.253001;10.966916;-2.397452;-1.016959;0.050047;0.670093;-0.402729;-0.835681;0.138591
780;4.451767;5.979953;-1.188164;-0.841946;-0.001314;-0.009885;-0.418182;-0.829398;0.111807
781;0.84975;10.384308;0.369344;0.013938;-0.202885;-0.385559;-0.409887;-0.832731;0.100156
782;-0.485194;9.930114;-0.424066;0.704149;-0.170882;-0.016545;-0.40581;-0.833529;0.119786
783;0.438581;7.516879;-1.632915;0.488407;-0.079969;-0.034699;-0.408001;-0.82764;0.14058
784;0.454336;8.183074;-2.019401;0.395603;-0.010645;-0.091024;-0.398037;-0.827974;0.160667
785;0.562373;10.328497;-2.519893;0.212645;-0.046173;-0.043002;-0.395377;-0.83016;0.166654
786;1.177424;11.022;-2.970899;0.132814;0.043338;0.017206;-0.401059;-0.825647;0.169787
787;1.025903;9.826115;-2.618024;0.192579;0.006233;-0.012023;-0.402043;-0.822324;0.175412
788;0.695062;9.020271;-2.468874;0.070069;-0.004478;-0.035142;-0.401078;-0.822616;0.179128
789;0.45539;9.021197;-2.413144;0.0121;-0.016056;-0.024124;-0.39788;-0.82502;0.179551
790;0.590941;9.378769;-2.297808;-0.013327;-0.035797;-0.018835;-0.396784;-0.825279;0.179592
791;0.794045;9.825751;-2.203505;-0.063645;-0.003995;-0.029453;-0.398703;-0.824083;0.179642
792;0.824038;9.825505;-2.173111;-0.0213;0.00526;-0.022272;-0.397362;-0.823796;0.179409
793;0.710997;9.445127;-2.205935;0.042561;0.011271;-0.004238;-0.399561;-0.823547;0.179195
794;0.620813;9.318834;-2.289993;0.01547;0.009444;-0.002333;-0.396533;-0.824464;0.179449
795;0.60589;9.499146;-2.558754;-0.05049;0.013029;0.008704;-0.396311;-0.825131;0.178651
796;0.636351;9.692595;-2.370915;-0.140571;0.013246;-0.007372;-0.397807;-0.824202;0.178857
797;0.756165;9.52678;-2.115286;-0.117376;0.013614;0.008813;-0.39772;-0.823746;0.172857
798;0.711208;9.421748;-1.929527;-0.067616;-0.004458;-0.007688;-0.397064;-0.825206;0.170454
799;0.703784;9.481681;-1.966851;0.06158;-0.008664;-0.017982;-0.396777;-0.82615;0.170482
800;0.666175;9.520048;-2.206491;0.067736;-0.011889;-0.00263;-0.396595;-0.825898;0.172935
801;0.703666;9.572376;-2.265493;0.06423;0.009565;-0.004305;-0.396485;-0.825249;0.176332
802;0.696177;9.617524;-2.347691;0.047786;0.00624;0.011091;-0.396189;-0.824709;0.17674
803;0.688576;9.512706;-2.273381;-0.003453;0.020112;-0.002251;-0.397451;-0.823383;0.178308
804;0.666098;9.482746;-2.221537;0.001012;0.000377;-0.004192;-0.396968;-0.823236;0.177504
805;0.636196;9.520243;-2.221941;0.002103;0.010905;-0.015871;-0.397031;-0.82473;0.178211
806;0.711092;9.497396;-2.19832;0.056906;-0.003839;-0.000758;-0.396268;-0.823246;0.17957
807;0.711072;9.497475;-2.220737;0.059024;-0.015102;-0.026164;-0.397042;-0.823003;0.181992
808;0.66604;9.528093;-2.370857;0.073377;-0.022947;-0.019;-0.395204;-0.824102;0.186297
809;0.688482;9.573231;-2.48991;0.068707;0.00433;0.001081;-0.397859;-0.823057;0.187416
810;0.514817;9.037918;-3.002391;0.095133;-0.007413;-0.011637;-0.396895;-0.821713;0.189601
811;0.468377;8.457387;-3.57262;0.153594;0.020841;0.087035;-0.399782;-0.820825;0.193031
812;0.844376;9.247162;-3.459527;-0.141586;0.145739;0.118259;-0.400607;-0.822212;0.1963
813;0.592371;10.395906;-2.608869;-1.081467;0.188326;0.003337;-0.403844;-0.82732;0.172315
814;0.638227;10.076328;-1.009927;-1.389907;0.070061;0.065717;-0.403968;-0.837357;0.127275
815;1.304323;8.819842;0.626858;-0.452353;-0.000382;-0.030437;-0.404328;-0.842242;0.096297
816;0.953644;10.079333;-0.15277;0.243446;0.018431;-0.077154;-0.401488;-0.84392;0.090292
817;0.878098;10.089665;-0.87134;0.578552;0.03987;-0.012685;-0.400454;-0.842943;0.104203
818;0.831608;9.719885;-1.889328;0.582772;-0.008329;-0.050979;-0.400364;-0.841212;0.123789
819;0.718999;10.172535;-2.995881;0.320962;0.022799;-0.019353;-0.39774;-0.837094;0.152132
820;0.831484;9.870766;-2.307361;-0.11389;0.026012;-0.042714;-0.39774;-0.836569;0.154029
821;0.57675;9.556235;-1.752106;-0.231587;-0.028064;-0.038143;-0.397556;-0.837533;0.140022
822;0.560401;8.749477;-1.76203;0.028262;0.005448;-0.024049;-0.398238;-0.838064;0.138103
823;0.756329;9.375744;-1.652421;0.099979;0.012199;-0.055037;-0.395472;-0.839421;0.142034
824;0.861726;9.734189;-1.74681;0.10237;-0.012503;-0.035366;-0.3943;-0.840108;0.14481
825;0.823945;9.870983;-2.359792;0.025887;0.026733;-0.033101;-0.392033;-0.839569;0.147872
826;0.733868;9.496116;-1.861695;-0.049556;0.036078;-0.000237;-0.39133;-0.841589;0.147797
827;0.591909;9.781075;-1.975407;-0.04257;0.01673;0.014135;-0.392072;-0.841575;0.145184
828;0.771569;9.600269;-1.786056;-0.107741;-0.001349;0.021345;-0.393137;-0.841694;0.141882
829;0.711498;9.525896;-1.802216;-0.009884;-0.005148;-0.007837;-0.39277;-0.842075;0.139449
830;0.659509;9.817665;-1.84714;-0.059636;0.012873;0.005078;-0.393047;-0.841808;0.139435
831;0.831282;9.510596;-1.860009;-0.029793;-0.008745;-0.003339;-0.392844;-0.841933;0.13849
832;0.696762;9.720524;-1.891605;-0.074811;0.032378;-0.002002;-0.391871;-0.842855;0.136769
833;0.606872;9.540446;-1.549893;-0.102041;0.021584;0.000752;-0.393395;-0.841758;0.13302
834;0.756235;9.376109;-1.757031;-0.049253;0.022965;-0.027464;-0.395125;-0.843925;0.13137
835;0.622026;9.690106;-1.638899;0.007296;-0.012384;-0.015132;-0.39385;-0.844713;0.130064
836;0.839374;9.778938;-1.694763;0.051281;-0.010978;0.004575;-0.394926;-0.84513;0.130173
837;0.824613;9.958623;-1.784193;0.000996;0.003789;-0.009676;-0.392059;-0.844576;0.132164
838;0.72676;9.675138;-1.771667;0.075036;-0.008573;-0.015317;-0.39175;-0.843497;0.132835
839;0.71191;9.68221;-1.637401;0.054975;-0.017391;-0.004466;-0.393977;-0.84314;0.135888
840;0.666933;9.757732;-1.809816;0.071187;-0.033405;-0.002789;-0.392947;-0.842448;0.135227
841;0.681073;9.437589;-2.146684;0.103868;0.006179;-0.001696;-0.393021;-0.842365;0.14149
842;0.516527;9.527575;-2.022197;-0.002326;0.016106;-0.02482;-0.392922;-0.84143;0.142974
843;0.681586;9.585988;-1.854864;-0.1487;0.010302;-0.016428;-0.393313;-0.842501;0.14121
844;0.801604;9.577297;-1.666057;-0.046923;0.021701;-0.001274;-0.392424;-0.84313;0.13662
845;0.861587;9.599374;-1.650039;0.080372;0.013096;-0.006192;-0.392156;-0.843682;0.138274
846;0.651926;9.795497;-1.907105;0.006239;0.004157;0.004862;-0.391127;-0.843004;0.139385
847;0.816413;9.570382;-1.845155;-0.043858;0.008634;-0.027606;-0.392583;-0.842469;0.138237
848;0.711878;9.734977;-1.771757;0.013601;-0.012305;-0.011569;-0.39183;-0.843534;0.137192
849;0.674137;9.63098;-1.892229;0.025324;0.007619;-0.00421;-0.393006;-0.843837;0.139611
850;0.666473;9.488807;-1.818021;0.044326;-0.003217;-0.011556;-0.391997;-0.842768;0.142349
851;0.696731;9.818402;-2.108032;-0.027986;0.023802;0.00777;-0.392233;-0.843029;0.140984
852;0.681529;9.55613;-1.862417;-0.06397;0.013487;-0.007569;-0.39195;-0.843267;0.137455
853;0.726693;9.6754;-1.846388;-0.046689;0.009731;-0.018514;-0.39277;-0.843275;0.137429
854;0.666715;9.608184;-1.772862;-0.036907;6.8e-05;-0.011339;-0.392835;-0.842999;0.136604
855;0.72655;9.570677;-1.809313;-0.074897;-0.007146;-0.00589;-0.39155;-0.843112;0.135559
856;0.74158;9.510264;-1.644835;-0.085645;-0.007383;-0.014913;-0.390253;-0.845237;0.132509
857;0.696919;9.637195;-1.563055;0.049644;-0.015766;-0.011669;-0.390327;-0.844419;0.131673
858;0.756535;9.57798;-1.801314;0.114726;-0.002984;-0.011768;-0.391315;-0.844876;0.136553
859;0.577128;9.960838;-2.087253;0.051611;-0.000458;-0.011538;-0.391897;-0.842883;0.140038
860;0.696547;9.601042;-1.906875;-0.044457;-0.003011;0.014877;-0.392902;-0.842872;0.137553
861;0.757067;9.981982;-1.964602;-0.026326;0.031159;0.017734;-0.393417;-0.841531;0.138191
862;0.592712;10.289303;-2.033799;0.03788;-0.00337;0.068053;-0.393908;-0.842487;0.138738
863;0.607196;9.885099;-1.832898;-0.087824;-0.014347;0.080962;-0.39657;-0.839551;0.140093
864;1.152375;8.460328;-1.050429;-0.140657;-0.015189;-0.028523;-0.398304;-0.837638;0.135504
865;0.606664;8.984781;-0.744409;-0.053495;-0.053476;-0.083055;-0.395562;-0.840687;0.131566
866;0.704497;9.584185;-1.368795;0.323631;0.007365;0.018564;-0.395634;-0.838714;0.138201
867;1.429689;9.090174;-2.075194;0.105487;0.043193;0.021769;-0.397594;-0.835549;0.145296
868;0.185574;10.105827;-4.574215;0.792417;0.053543;-0.278776;-0.390049;-0.837742;0.158255
869;-1.125324;13.398788;-2.31597;-0.848154;0.035006;0.592061;-0.399561;-0.834062;0.159234
870;3.688289;6.875921;-2.147606;-0.791257;0.086628;0.281193;-0.41868;-0.824593;0.134994
871;1.64238;9.68688;0.059557;-0.765514;-0.079446;-0.50794;-0.41096;-0.831604;0.109635
872;-0.589515;10.033714;0.00036;0.232212;-0.141036;-0.224984;-0.400155;-0.836853;0.103824
873;-0.069634;7.822932;-0.878524;0.569887;-0.058601;0.070367;-0.401091;-0.832709;0.124693
874;0.273715;7.10428;-0.926964;0.44311;-0.045924;-0.027036;-0.397937;-0.833834;0.133809
875;0.636606;9.571285;-1.863136;0.381144;-0.065693;-0.10505;-0.393373;-0.83282;0.147563
876;1.283044;11.484855;-3.012698;0.336739;-0.035962;0.003451;-0.394494;-0.830383;0.162055
877;1.199808;10.992167;-3.015434;0.262985;0.017414;-0.003194;-0.397282;-0.826834;0.170887
878;0.800904;9.722899;-2.711769;0.043028;0.012552;-0.029607;-0.397962;-0.824862;0.176685
879;0.695145;9.185388;-2.685118;-0.240631;0.060522;0.000418;-0.395033;-0.828004;0.167986
880;0.702516;8.809824;-2.118126;-0.178077;0.026311;-0.10487;-0.393225;-0.829415;0.160989
881;1.401165;9.453176;-1.155629;-0.411157;0.020609;-0.506233;-0.387277;-0.831598;0.154551
882;-0.661425;12.714494;-1.667376;-0.843898;-0.110385;-0.905102;-0.359905;-0.846946;0.131769
883;-0.709828;11.201616;-2.673535;-0.768978;0.029127;-0.319986;-0.343129;-0.856706;0.10676
884;0.258731;7.299873;-1.292823;-0.545611;-0.033137;-0.319386;-0.332787;-0.861549;0.084034
885;-0.12924;7.912188;-0.685016;-0.605399;-0.092527;-0.060812;-0.328402;-0.864581;0.063938
886;-0.126573;9.638902;-0.94931;-0.254749;-0.154667;0.429883;-0.334397;-0.860233;0.05385
887;-0.502464;9.08182;-1.375602;0.058941;0.031625;0.976839;-0.360469;-0.849275;0.053328
888;0.672324;7.697904;-0.298443;-0.011353;0.144722;0.578464;-0.387385;-0.839403;0.052254
889;1.277237;10.440591;0.795157;0.546934;-0.145071;-0.01401;-0.39543;-0.83737;0.057945
890;0.717579;12.645539;-0.882104;1.00047;-0.064985;-0.137463;-0.392101;-0.837867;0.089396
891;0.284741;9.421654;-1.331494;0.550007;0.026063;-0.034148;-0.38843;-0.834903;0.111529
892;0.364297;7.762937;-1.3944;0.671983;-0.029927;0.01224;-0.390163;-0.83047;0.129097
893;0.424975;8.541819;-2.01893;0.636599;-0.07502;-0.040492;-0.390202;-0.827406;0.150833
894;0.442144;10.119931;-2.537431;0.766085;-0.091175;-0.067218;-0.386338;-0.825152;0.177209
895;0.562341;10.682056;-3.213845;0.773938;-0.023857;-0.019829;-0.384538;-0.821011;0.201846
896;0.650678;9.800354;-3.296923;0.448011;-0.039294;-0.012804;-0.385952;-0.814675;0.218571
897;0.469948;9.173182;-3.16717;0.130769;-0.036678;-0.048087;-0.386041;-0.813121;0.226712
898;0.417588;9.233274;-3.190309;0.014111;-0.048446;-0.033388;-0.384616;-0.814478;0.2291
899;0.448063;9.546988;-3.211365;0.027989;-0.022326;0.014666;-0.383145;-0.811235;0.23113
900;0.455693;9.561451;-3.084171;-0.018745;-0.00665;0.001315;-0.383083;-0.812591;0.231703
901;0.493033;9.351174;-2.822584;-0.072169;0.004104;0.012367;-0.384173;-0.812588;0.229896
902;0.440547;9.276401;-2.734007;-0.04387;-0.003506;-0.014863;-0.38516;-0.813794;0.227435
903;0.4256;9.321454;-2.778971;0.072378;-0.002777;-0.000668;-0.384699;-0.813795;0.228131
