time index;acc_x;acc_y;acc_z;gyr_x;gyr_y;gyr_z;mag_x;mag_y;mag_z
1;1.971448;0.631577;-9.539293;-0.005947;0.001284;0.003047;-0.308669;0.11103;0.874488
2;1.986053;0.636341;-9.529373;0.003191;0.003808;-0.007532;-0.309136;0.112133;0.872999
3;1.961682;0.636465;-9.529744;0.003006;0.003135;0.001292;-0.309898;0.112963;0.873325
4;1.99097;0.621782;-9.548608;-0.003211;-0.01148;0.001262;-0.310134;0.110559;0.873774
5;1.995831;0.626605;-9.543728;-0.011161;-0.003477;-0.003145;-0.31031;0.110173;0.872864
6;1.961687;0.641351;-9.544502;0.004898;-0.006058;-0.00314;-0.309467;0.112804;0.874133
7;1.986092;0.626674;-9.553658;-0.0119;-0.004571;-0.010216;-0.310031;0.110961;0.873247
8;1.981146;0.653357;-9.524853;0.005874;-0.004354;-0.007545;-0.30951;0.110673;0.873283
9;1.978747;0.641264;-9.544242;0.006744;-0.009755;-0.00579;-0.309986;0.111754;0.874137
10;1.966567;0.643778;-9.556697;0.001423;-0.004382;-0.007555;-0.308668;0.110628;0.8745
11;1.978738;0.646121;-9.544327;-0.005582;-0.008246;-0.01375;-0.307902;0.11127;0.874262
12;1.966548;0.65105;-9.549488;-0.012155;0.012991;0.000415;-0.308791;0.110364;0.874632
13;1.981183;0.633937;-9.529405;-0.000382;-0.006203;-0.006675;-0.309079;0.110782;0.874083
14;1.976284;0.641219;-9.514934;-0.002325;-0.015109;0.001253;-0.308546;0.111294;0.874357
15;1.951926;0.641372;-9.529978;-0.01482;-0.009746;0.001243;-0.308549;0.109153;0.87429
16;1.961747;0.651236;-9.632708;-0.011243;-0.000608;0.00127;-0.308264;0.110476;0.874787
17;1.956728;0.653377;-9.471424;-0.009585;-0.015942;0.006537;-0.307924;0.109;0.873807
18;1.961717;0.636541;-9.568871;0.010346;-0.028817;-0.00583;-0.306516;0.110129;0.875931
19;1.969011;0.64378;-9.563996;0.021112;-0.007923;-0.010188;-0.308134;0.110738;0.874786
20;1.956796;0.65109;-9.544745;-0.007572;-0.008003;-0.004042;-0.307954;0.110479;0.873241
21;1.956846;0.626822;-9.554104;-0.000332;0.002837;-0.009313;-0.308294;0.11249;0.874205
22;1.981186;0.643694;-9.551583;-0.003943;0.003753;-0.00754;-0.307914;0.110603;0.874021
23;1.961738;0.631712;-9.58346;0.011982;-0.000466;-0.000471;-0.308593;0.111439;0.873439
24;1.966586;0.619439;-9.529374;0.001648;-0.006479;-0.01816;-0.308204;0.112226;0.873437
25;1.956842;0.621936;-9.539347;0.016706;-0.008029;-0.012849;-0.308013;0.112074;0.874623
26;1.988539;0.621809;-9.555982;0.015464;-0.007613;0.00394;-0.308702;0.11077;0.873844
27;1.96172;0.626797;-9.554029;-0.001964;0.000819;-0.016383;-0.309358;0.113339;0.873733
28;1.986075;0.63395;-9.548894;-0.001517;-0.002276;0.004815;-0.308311;0.110754;0.873865
29;1.971467;0.624305;-9.546502;0.002238;-0.001559;-0.004016;-0.308224;0.111829;0.873057
30;1.961718;0.624355;-9.546651;0.002017;-0.003101;0.006576;-0.309341;0.111596;0.874045
31;1.971494;0.617052;-9.563494;0.01585;-0.002626;-0.014601;-0.308754;0.113458;0.872851
32;1.966595;0.631649;-9.563822;-0.009409;0.008399;-0.002243;-0.308166;0.113422;0.874184
33;1.971482;0.626776;-9.568554;-0.001122;0.011785;-0.01459;-0.308199;0.112894;0.873548
34;1.971481;0.607271;-9.529088;-0.000274;0.013651;-0.012821;-0.309663;0.112155;0.872841
35;1.969019;0.619417;-9.524446;0.013823;0.004904;-0.003991;-0.308546;0.111562;0.874349
36;1.981244;0.607255;-9.546058;-0.0041;0.013938;-0.000458;-0.310863;0.112744;0.872239
37;1.990965;0.614458;-9.528917;0.012031;-0.001463;-0.003117;-0.309776;0.113629;0.873182
38;1.988597;0.612184;-9.602277;0.012079;0.003051;-0.004874;-0.308688;0.113844;0.874144
39;1.995852;0.612024;-9.538583;-0.003164;0.007527;-0.002232;-0.311109;0.112081;0.872506
40;1.995825;0.611962;-9.506792;0.010279;0.012092;-0.00574;-0.310916;0.112354;0.871206
41;1.990932;0.621697;-9.50459;0.026483;0.012047;-0.012787;-0.311934;0.113862;0.871628
42;1.995941;0.563459;-9.542627;0.020995;0.017644;-0.005721;-0.313094;0.114976;0.871794
43;2.000857;0.563529;-9.591462;0.023744;0.000344;-0.007517;-0.312069;0.116812;0.871534
44;2.015522;0.546483;-9.605616;0.022758;0.018615;-0.003946;-0.312885;0.117387;0.870823
45;2.034944;0.538903;-9.504927;0.035404;0.024838;-0.012747;-0.31318;0.117405;0.870156
46;1.995821;0.580261;-9.440213;0.033503;0.012231;-0.007483;-0.313969;0.118106;0.869963
47;2.039641;0.596996;-9.417831;0.026257;-0.047653;0.001231;-0.312961;0.118207;0.869363
48;2.00565;0.553572;-9.478726;0.010406;-0.073417;-0.005918;-0.31157;0.120811;0.871183
49;2.049419;0.645772;-9.54814;0.024369;-0.052949;0.007409;-0.309994;0.120746;0.871529
50;2.01532;0.626487;-9.533648;0.020773;-0.098334;0.011716;-0.306257;0.122187;0.873508
51;1.908519;0.384192;-9.545723;-0.031101;-0.074903;0.018718;-0.302094;0.123896;0.873679
52;1.791901;0.266131;-9.726398;-0.076922;-0.037707;-0.007795;-0.302065;0.119607;0.874197
53;1.874213;0.40833;-9.380375;-0.087385;-0.034669;-0.024549;-0.300896;0.116325;0.876699
54;1.805931;0.428087;-9.371972;-0.236874;-0.038204;-0.043291;-0.29955;0.110643;0.877588
55;1.83247;0.676027;-9.556846;-0.389696;-0.013723;-0.032785;-0.299437;0.097503;0.879673
56;1.873362;0.947678;-9.4827;-0.370764;-0.046603;-0.043392;-0.296745;0.085445;0.883945
57;1.979843;1.413559;-9.55033;-0.162389;-0.017258;-0.030654;-0.295602;0.074407;0.885893
58;1.950776;1.297079;-9.521844;0.028048;-0.073155;-0.003191;-0.294266;0.070869;0.886588
59;1.814781;1.055046;-9.593056;0.077756;-0.059581;0.010965;-0.292062;0.070893;0.889048
60;1.78582;0.994875;-9.797862;0.072759;-0.05995;-0.003184;-0.289891;0.074403;0.890882
61;1.734661;0.890346;-9.613413;0.049564;-0.034756;-0.005834;-0.286964;0.078315;0.889751
62;1.703158;0.829956;-9.698429;0.008595;-0.035124;-0.007662;-0.286918;0.078572;0.890657
63;1.712685;0.909868;-9.604303;-0.035744;-0.001384;-0.024415;-0.286792;0.077631;0.890562
64;1.751537;0.948363;-9.518795;-0.069125;-0.006713;-0.00767;-0.285137;0.075833;0.889922
65;1.736749;0.994393;-9.422004;-0.079709;-0.009722;-0.014754;-0.285904;0.07198;0.890124
66;1.736794;1.074947;-9.633711;-0.062862;0.006053;-0.009394;-0.285325;0.069537;0.891268
67;1.80484;1.179006;-9.619818;-0.050478;-0.028271;-0.003239;-0.285734;0.067927;0.893376
68;1.736582;1.123237;-9.487829;0.023874;-0.033487;-0.018204;-0.284575;0.06708;0.893203
69;1.722087;1.108966;-9.605181;0.056712;-0.049286;-0.007605;-0.281621;0.067238;0.892574
70;1.688019;1.031237;-9.508973;0.049678;-0.047667;-0.012926;-0.281364;0.069236;0.892529
71;1.688207;0.992648;-9.647688;0.042509;-0.036724;-0.010265;-0.278875;0.071677;0.89298
72;1.636934;0.982947;-9.521134;0.020111;0.011295;-0.010208;-0.28027;0.073599;0.89363
73;1.678415;0.958468;-9.529861;0.019972;-0.003977;-0.002282;-0.278085;0.074053;0.893213
74;1.68813;0.982725;-9.539918;-0.002706;-0.003712;0.015361;-0.279182;0.07491;0.892088
75;1.702721;1.043529;-9.623899;-0.018361;0.004757;-0.004059;-0.279873;0.073582;0.893782
76;1.68328;1.007183;-9.616225;-0.022448;0.007908;-0.021729;-0.279255;0.07343;0.893169
77;1.690543;1.011913;-9.569734;-0.014851;0.015743;-0.002273;-0.279474;0.072896;0.893954
78;1.692886;1.006816;-9.452229;-0.002095;-0.006319;-0.014669;-0.279843;0.07293;0.891851
79;1.707585;1.014227;-9.554844;0.013501;0.007129;0.007462;-0.280331;0.073479;0.892459
80;1.722147;1.026206;-9.508368;0.016457;-0.002297;-0.005797;-0.280623;0.07256;0.89182
81;1.697934;0.977922;-9.593485;0.047825;-0.003969;-0.011074;-0.280621;0.074968;0.891879
82;1.688088;1.002135;-9.530475;0.006615;-0.014121;-0.003195;-0.281545;0.074606;0.891581
83;1.695518;0.9536;-9.568644;0.028142;-0.017691;-0.007595;-0.280858;0.076713;0.892336
84;1.688135;0.987611;-9.554675;0.002893;0.007842;0.003027;-0.280373;0.074693;0.89164
85;1.688132;0.963224;-9.502897;-0.013267;-0.00399;0.008281;-0.281569;0.076485;0.891134
86;1.702749;0.982641;-9.534803;0.002242;-0.007001;-0.007599;-0.280048;0.075872;0.892925
87;1.695557;0.982943;-9.671862;-0.002258;0.01577;-0.005791;-0.280376;0.075898;0.891605
88;1.702787;0.968097;-9.549223;0.002156;-0.020506;-0.002329;-0.281053;0.075394;0.891063
89;1.697845;1.004543;-9.545041;0.004906;0.000302;-0.00758;-0.280588;0.07563;0.892512
90;1.71254;0.972934;-9.563831;0.003099;-0.002399;-0.00582;-0.28113;0.075923;0.892085
91;1.692973;0.992382;-9.522894;0.010262;-0.004202;-0.007586;-0.281519;0.075269;0.892083
92;1.688118;1.00464;-9.569644;-0.00121;-0.008066;-0.012905;-0.280925;0.076862;0.891027
93;1.688232;0.953694;-9.598101;-0.00572;0.011956;-0.011108;-0.280871;0.076448;0.892083
94;1.727137;0.972802;-9.534263;-0.004739;-0.01089;-0.014674;-0.281546;0.075007;0.891569
95;1.705292;0.965798;-9.622507;-0.009444;-0.00695;-0.002313;-0.281335;0.076346;0.89063
96;1.707597;0.977683;-9.495517;-0.002215;-0.015232;-0.00762;-0.282193;0.076504;0.89162
97;1.695433;0.982669;-9.530025;-0.009395;-0.006141;-0.005846;-0.280236;0.074552;0.891782
98;1.673457;1.016819;-9.550515;-0.00775;-0.015028;0.001201;-0.280524;0.074837;0.891238
99;1.717373;1.036206;-9.643113;0.008388;-0.0068;-0.002282;-0.279244;0.074498;0.893398
100;1.675924;1.002244;-9.555115;-0.007915;0.012418;0.007438;-0.281132;0.073247;0.892033
101;1.702722;1.004523;-9.547412;-0.002352;-0.005967;-0.001417;-0.28086;0.074171;0.892281
102;1.724698;0.985001;-9.55652;0.013834;0.000369;-0.007564;-0.27983;0.073329;0.8921
103;1.707612;1.043542;-9.643389;0.015646;0.012183;-0.009302;-0.280036;0.073193;0.893134
104;1.705257;0.948655;-9.548846;-0.01134;0.023108;0.000394;-0.282427;0.073163;0.892097
105;1.668578;0.99733;-9.506232;-0.003992;0.004735;-0.009356;-0.283738;0.074287;0.891864
106;1.731866;1.05291;-9.528249;-0.037919;-0.007349;-0.007631;-0.281762;0.072866;0.892401
107;1.73441;0.975118;-9.495066;-0.012998;0.000199;-0.004944;-0.282672;0.072367;0.892367
108;1.727062;1.043339;-9.589291;-0.00046;-0.015163;-0.005839;-0.282263;0.073016;0.892761
109;1.717275;1.026236;-9.510888;0.006963;-0.017295;-0.019971;-0.281918;0.072342;0.891888
110;1.714966;1.036285;-9.677386;-0.011204;0.000272;-0.004056;-0.282712;0.072108;0.891592
111;1.692966;0.992367;-9.515558;-0.039938;-0.006147;0.003834;-0.282773;0.070893;0.892926
112;1.705158;1.033764;-9.604129;-0.018406;0.008437;-0.002285;-0.282065;0.070611;0.89154
113;1.736729;1.023604;-9.456748;-0.00404;0.00111;-0.007577;-0.282345;0.070091;0.89115
114;1.683255;1.007126;-9.586879;-0.013929;-0.001526;-0.002309;-0.283525;0.069847;0.893437
115;1.761136;1.08451;-9.618835;-0.016765;0.013141;0.003929;-0.283592;0.069595;0.89214
116;1.761226;1.045703;-9.645059;-0.014864;0.032101;-0.002216;-0.283964;0.070543;0.892482
117;1.763658;1.065182;-9.677151;-0.009024;0.018848;-0.024313;-0.28636;0.069978;0.89133
118;1.773363;1.065037;-9.628093;-0.000329;0.026439;-0.01457;-0.28623;0.070107;0.891333
119;1.751362;1.086941;-9.594572;0.002282;0.037425;-0.012783;-0.288394;0.069673;0.889669
120;1.746473;1.01623;-9.436909;0.014399;0.023409;0.004856;-0.289593;0.069993;0.889076
121;1.758766;0.970085;-9.46771;0.020852;0.006883;-0.00312;-0.289581;0.070659;0.889317
122;1.780562;1.0038;-9.377485;0.035147;-0.01396;-0.004021;-0.28814;0.073277;0.889577
123;1.802534;1.052532;-9.517389;0.099379;-0.050607;-0.000477;-0.288079;0.074224;0.888251
124;1.790467;1.021163;-9.590389;0.131577;-0.039498;-0.003956;-0.286053;0.078279;0.889801
125;1.781028;0.958512;-9.819311;0.159026;-0.005302;0.006738;-0.286088;0.082837;0.889144
126;1.763926;0.91706;-9.689241;0.151166;-0.00834;-0.00212;-0.285854;0.089256;0.888708
127;1.717859;0.730097;-9.588869;0.087042;0.004624;-0.007497;-0.286776;0.091703;0.888456
128;1.730137;0.700986;-9.637085;0.038004;0.048691;-0.010995;-0.289311;0.095294;0.887174
129;1.766398;0.780596;-9.45696;0.020986;0.055787;-0.010984;-0.290504;0.096976;0.884198
130;1.795665;0.812191;-9.545101;-0.026282;0.055392;-0.011027;-0.29239;0.09452;0.882869
131;1.790888;0.758794;-9.549135;-0.031074;0.061222;0.00487;-0.295863;0.093847;0.883485
132;1.834543;0.797108;-9.382852;0.015271;0.008908;0.008363;-0.294851;0.095016;0.882983
133;1.868766;0.831296;-9.56878;0.050943;0.003835;0.011057;-0.295923;0.093459;0.882321
134;1.878519;0.831256;-9.573522;0.018942;-0.011105;0.006577;-0.296988;0.095245;0.881822
135;1.839613;0.778014;-9.568295;0.028171;-0.011381;-0.00756;-0.296572;0.097122;0.879837
136;1.82986;0.74392;-9.494486;0.027205;-0.018583;-0.00405;-0.296097;0.098559;0.881511
137;1.820201;0.744168;-9.597344;0.040806;0.000377;-0.014595;-0.296084;0.099092;0.881757
138;1.807951;0.744088;-9.524166;0.02831;-0.033343;-0.012916;-0.295883;0.101771;0.880647
139;1.800746;0.715104;-9.587352;0.034499;-0.005946;-0.011091;-0.295088;0.101871;0.880947
140;1.839767;0.710091;-9.608682;0.00682;-0.011603;-0.009357;-0.294247;0.102228;0.882153
141;1.805645;0.702945;-9.591957;0.002295;-0.007014;-0.006714;-0.294131;0.10236;0.881895
142;1.805596;0.710151;-9.550511;-0.021789;-0.004517;-0.007619;-0.29416;0.103437;0.881341
143;1.825108;0.714961;-9.577198;-0.000367;-0.007978;-0.007596;-0.29421;0.101307;0.88036
144;1.829962;0.731956;-9.587202;0.004939;-0.00243;-0.005809;-0.29543;0.101072;0.881863
145;1.805548;0.749052;-9.573197;0.013211;-0.02082;-0.01644;-0.293894;0.100749;0.881434
146;1.812904;0.724733;-9.575109;0.011976;-0.011325;-0.000525;-0.292464;0.101897;0.881476
147;1.805569;0.734471;-9.568052;0.010334;-0.009701;-0.00759;-0.293348;0.101659;0.881957
148;1.793384;0.729656;-9.558372;0.003199;-0.011577;-0.007606;-0.293219;0.102457;0.88194
149;1.78614;0.705464;-9.587405;0.010177;0.003225;-0.000507;-0.29352;0.102477;0.881143
150;1.805662;0.702983;-9.611521;0.002921;-0.000318;0.005665;-0.293336;0.102593;0.88219
151;1.815419;0.685886;-9.586621;-0.004815;-0.01165;-0.007614;-0.292708;0.104045;0.881791
152;1.79588;0.705395;-9.577476;-0.014849;0.008512;0.001244;-0.293263;0.103939;0.881114
153;1.810511;0.695587;-9.567301;0.010577;0.008169;-0.01992;-0.292962;0.104187;0.881903
154;1.800742;0.722409;-9.59726;0.003139;0.011211;-0.005792;-0.293745;0.101542;0.881809
155;1.825108;0.705209;-9.557466;0.020069;-0.004079;-0.004033;-0.29252;0.102713;0.880408
156;1.810519;0.702921;-9.591883;-0.004912;0.015709;-0.004908;-0.294165;0.102903;0.881226
157;1.815372;0.697972;-9.557487;-0.000165;0.006302;-0.018169;-0.296024;0.104054;0.880443
158;1.81533;0.710068;-9.533244;0.019299;0.010285;-0.011072;-0.295033;0.10215;0.87951
159;1.830045;0.676068;-9.571556;0.019207;0.007692;-0.005777;-0.295308;0.105351;0.881744
160;1.851937;0.675862;-9.522312;0.005107;0.008238;-0.014619;-0.296925;0.105693;0.880607
161;1.832492;0.690704;-9.6109;-0.013012;0.004834;-0.000518;-0.295999;0.105386;0.880925
162;1.834935;0.700458;-9.637933;-0.010978;0.015449;-0.012857;-0.298185;0.104799;0.881347
163;1.868988;0.683071;-9.52707;0.023613;0.025013;-0.004843;-0.298499;0.104687;0.880292
164;1.87388;0.695275;-9.571226;0.029753;0.012496;0.001324;-0.297842;0.10629;0.877937
165;1.849557;0.661373;-9.558777;0.014008;0.017438;-0.013708;-0.298364;0.107114;0.877885
166;1.859295;0.675929;-9.576001;0.013875;-0.006007;-0.005803;-0.298584;0.107115;0.878654
167;1.888557;0.651437;-9.545786;0.008521;0.019354;-0.007519;-0.300483;0.108008;0.877096
168;1.891014;0.67341;-9.612158;0.003174;0.022957;-0.007514;-0.299252;0.108617;0.878314
169;1.900768;0.641679;-9.555213;0.016413;0.014143;-0.000452;-0.302162;0.108206;0.877261
170;1.912934;0.639136;-9.528085;0.001516;0.004593;-0.012851;-0.302149;0.10847;0.877514
171;1.903196;0.636771;-9.535527;0.003058;-0.006894;-0.000511;-0.301858;0.109925;0.878137
172;1.898297;0.651368;-9.535855;-0.02008;0.002828;-0.00405;-0.302485;0.108899;0.876052
173;1.893367;0.656146;-9.482214;-0.0158;-0.009647;0.00476;-0.30191;0.108866;0.877124
174;1.878859;0.622342;-9.545426;0.006544;-0.023999;0.004749;-0.301126;0.107229;0.877214
175;1.907992;0.609756;-9.39315;-0.000332;-0.046241;-0.007664;-0.300301;0.109329;0.878107
176;1.835102;0.578929;-9.586906;-0.048226;-0.02599;-0.020062;-0.298914;0.107251;0.879804
177;1.873919;0.636849;-9.499291;-0.146604;-0.007513;-0.01129;-0.298228;0.102667;0.880496
178;1.883238;0.855267;-9.444262;-0.225884;-0.053804;-0.016752;-0.297606;0.095531;0.882431
179;1.902534;1.044885;-9.591548;-0.142945;-0.063955;-0.014886;-0.293976;0.088541;0.884782
180;1.849229;0.987338;-9.833451;-0.043446;-0.062468;0.008176;-0.292137;0.086859;0.88519
181;1.790757;0.943791;-9.767553;-0.061151;-0.084574;0.00279;-0.289749;0.085016;0.886152
182;1.732304;0.846652;-9.617579;-0.057561;-0.05735;-0.000709;-0.286682;0.081937;0.887708
183;1.717665;0.807682;-9.521751;-0.059422;-0.039138;0.001084;-0.285796;0.081104;0.887259
184;1.673867;0.78368;-9.553787;-0.130312;0.010558;-0.024522;-0.285761;0.077081;0.8879
185;1.75395;0.931232;-9.457325;-0.210798;0.019096;-0.018379;-0.287557;0.069921;0.888275
186;1.741561;1.060057;-9.481764;-0.249641;0.055478;-0.041303;-0.287653;0.06229;0.888885
187;1.741242;1.225131;-9.445515;-0.282919;0.058201;-0.030722;-0.289532;0.051779;0.890135
188;1.847992;1.501447;-9.443814;-0.261152;0.003363;-0.046651;-0.291508;0.042628;0.889519
189;1.910998;1.746565;-9.520488;-0.096858;-0.042505;-0.009421;-0.289675;0.033855;0.889744
190;1.765164;1.497068;-9.474339;0.023617;-0.065963;-0.007629;-0.289755;0.035454;0.890734
191;1.772602;1.429046;-9.482824;0.067185;-0.05632;-0.000498;-0.2855;0.035002;0.892666
192;1.780012;1.326834;-9.392898;0.090277;-0.061464;0.004808;-0.284088;0.038697;0.892372
193;1.731413;1.31277;-9.527887;0.085115;-0.068021;-0.00229;-0.282698;0.041837;0.894176
194;1.66818;1.240245;-9.534921;0.073578;-0.059977;-0.004961;-0.280362;0.046296;0.894169
195;1.702261;1.366762;-9.742021;0.052997;-0.014628;-0.003984;-0.279097;0.047591;0.893547
196;1.570813;1.167861;-9.525354;-0.002493;-0.013057;0.003847;-0.278034;0.047009;0.894012
197;1.721662;1.307938;-9.515724;-0.021801;-0.010071;-0.012895;-0.27733;0.047774;0.895068
198;1.619477;1.182067;-9.463729;-0.026316;0.011794;-0.01113;-0.277513;0.047256;0.894032
199;1.653465;1.279122;-9.506474;-0.069957;0.031296;-0.01642;-0.279879;0.044544;0.893465
200;1.770205;1.419396;-9.509592;-0.038104;0.013654;-0.00401;-0.280671;0.043373;0.893197
201;1.726385;1.375841;-9.477708;0.015432;-0.004053;-0.003118;-0.281203;0.04179;0.892955
202;1.784869;1.434041;-9.585432;0.048447;0.000768;-0.003047;-0.280145;0.043752;0.893344
203;1.694901;1.303302;-9.560067;0.053083;-0.016609;-0.009297;-0.280155;0.045896;0.893151
204;1.71433;1.312804;-9.501247;0.077209;-0.028292;-0.011054;-0.279137;0.047466;0.892768
205;1.668269;1.196558;-9.548831;0.047914;-0.014124;-0.017265;-0.278437;0.049972;0.893773
206;1.665723;1.274345;-9.579569;0.03508;-0.027434;-0.000519;-0.278364;0.051719;0.892684
207;1.643851;1.201453;-9.505269;0.027913;-0.020199;0.000357;-0.278063;0.051967;0.893474
208;1.682842;1.250009;-9.598449;0.009253;-0.013171;-0.003166;-0.277908;0.053027;0.893971
209;1.653625;1.201461;-9.534466;-0.01293;0.017363;-0.011091;-0.277873;0.053311;0.892143
210;1.687644;1.26689;-9.549762;-0.014611;-0.01004;-0.014666;-0.279078;0.052003;0.893939
211;1.663257;1.296234;-9.589768;-0.023801;-0.002504;-0.0023;-0.278885;0.051874;0.892652
212;1.721775;1.239926;-9.509648;-0.000388;-0.002617;-0.012862;-0.279657;0.050564;0.892779
213;1.68774;1.211031;-9.548788;0.004756;-0.002281;-0.002269;-0.280564;0.052072;0.892817
214;1.721733;1.25446;-9.490338;0.028246;0.010219;-0.018101;-0.28044;0.051666;0.892705
215;1.66582;1.225799;-9.593394;0.040587;0.00422;-0.009284;-0.279681;0.052711;0.892324
216;1.702372;1.240233;-9.617546;0.015676;0.010276;-0.012821;-0.280484;0.05355;0.891867
217;1.68533;1.196476;-9.551017;0.002085;-0.004121;-0.002278;-0.280336;0.054745;0.89223
218;1.687634;1.225423;-9.456114;0.004763;-0.011413;-0.00317;-0.280958;0.053694;0.892748
219;1.687717;1.225607;-9.551487;0.002935;-0.017689;0.000348;-0.280967;0.055034;0.892578
220;1.72181;1.25463;-9.578375;-0.007928;0.001473;0.00657;-0.280617;0.05476;0.891824
221;1.702393;1.211023;-9.582802;0.001197;-0.00413;-0.002273;-0.280588;0.053817;0.892374
222;1.692606;1.206111;-9.529065;0.010201;-0.004173;-0.006682;-0.280337;0.055414;0.89221
223;1.712097;1.225503;-9.560898;-0.000656;-0.000445;0.000386;-0.279795;0.054854;0.892646
224;1.65852;1.177102;-9.509514;0.003057;-0.011478;-0.005834;-0.280604;0.055158;0.892073
225;1.687744;1.206164;-9.543812;0.019778;-0.00561;0.004806;-0.280782;0.054615;0.893641
226;1.690194;1.203742;-9.553514;-0.0042;-0.002311;-0.000513;-0.280166;0.055132;0.893008
227;1.695009;1.218213;-9.514566;0.002523;0.006216;-0.024331;-0.280326;0.056482;0.892439
228;1.71692;1.235117;-9.521865;0.002983;-0.005061;-0.00315;-0.280715;0.055561;0.892446
229;1.721915;1.191475;-9.572384;0.012014;-0.002367;-0.007552;-0.280712;0.054356;0.892481
230;1.687761;1.186696;-9.52391;0.012978;-0.007902;-0.011105;-0.281044;0.056256;0.891106
231;1.712132;1.196325;-9.543271;-0.016484;-0.003585;-0.010239;-0.280174;0.055669;0.892862
232;1.682849;1.218332;-9.544098;0.002507;-0.003735;-0.022588;-0.280987;0.055038;0.892186
233;1.70238;1.21587;-9.577995;0.0021;0.000402;-0.003145;-0.280967;0.055034;0.892578
234;1.68766;1.230356;-9.495326;-0.011258;0.007491;-0.005799;-0.282659;0.054699;0.892498
235;1.731618;1.235208;-9.607233;-0.000303;0.01911;-0.01723;-0.282048;0.054147;0.891766
236;1.692687;1.145341;-9.501106;0.001234;0.019418;-0.005767;-0.281919;0.054811;0.891753
237;1.751182;1.198689;-9.611192;-0.016586;0.000185;-0.004921;-0.283763;0.055424;0.891246
238;1.707237;1.220684;-9.568224;-0.011142;0.017363;-0.011072;-0.281803;0.055345;0.891483
239;1.760778;1.239747;-9.518835;0.009381;0.003866;-0.011061;-0.284118;0.054628;0.891902
240;1.738736;1.215239;-9.347564;-0.003948;-0.004542;-0.014636;-0.285069;0.054138;0.891085
241;1.760869;1.227759;-9.599324;0.04055;0.005141;-0.00749;-0.283858;0.054618;0.891916
242;1.717047;1.181762;-9.560061;0.008458;-0.011493;-0.007577;-0.283511;0.056352;0.891102
243;1.741346;1.264369;-9.641829;0.033407;0.010552;-0.007488;-0.286281;0.057539;0.890269
244;1.731539;1.181398;-9.410665;0.002689;-0.003834;0.010098;-0.284724;0.056676;0.890247
245;1.678233;1.138475;-9.679722;-0.000466;0.041173;-0.00926;-0.285231;0.056693;0.89048
246;1.750989;1.103178;-9.201148;0.017377;0.022942;-0.012798;-0.287109;0.057447;0.889317
247;1.760811;1.215441;-9.50863;0.013985;0.010086;-0.01811;-0.286831;0.058637;0.889687
248;1.799843;1.217766;-9.556987;0.033485;0.027662;-0.012742;-0.287803;0.058553;0.888466
249;1.785305;1.176581;-9.571163;0.067107;-0.003471;0.003123;-0.289802;0.061585;0.88749
250;1.763378;1.147454;-9.52208;0.052168;-0.035661;-0.005802;-0.289771;0.062916;0.888103
251;1.7831;1.10397;-9.692204;0.074316;-0.010693;0.002227;-0.287373;0.06629;0.889303
252;1.751161;1.069428;-9.330165;0.078055;-0.039153;-0.007558;-0.285833;0.067572;0.888957
253;1.741661;1.104162;-9.683054;0.053032;-0.036441;-0.002278;-0.286238;0.071605;0.888686
254;1.751674;0.980363;-9.739437;0.047691;0.02166;-0.004823;-0.28434;0.072343;0.887724
255;1.722212;0.987342;-9.505245;0.015514;0.012293;-0.004006;-0.28593;0.072411;0.887117
256;1.70761;0.982588;-9.520057;0.003077;0.004873;-0.005806;-0.284556;0.074643;0.886084
257;1.78057;1.055015;-9.48842;-0.025388;0.035346;-0.012815;-0.285294;0.073326;0.886864
258;1.697908;0.972989;-9.554273;-0.027248;0.006445;-0.005841;-0.287157;0.07314;0.885989
259;1.795179;1.086604;-9.535212;-0.002312;0.004823;-0.004895;-0.287959;0.073443;0.885547
260;1.746497;1.04554;-9.523008;0.03326;-0.003798;0.001293;-0.288158;0.072904;0.886724
261;1.800183;1.030795;-9.573292;0.045573;-0.012551;0.011018;-0.288483;0.075338;0.885463
262;1.766029;1.001635;-9.475485;0.047885;-0.015927;-0.014612;-0.287135;0.075945;0.886428
263;1.756356;0.977473;-9.514338;0.046584;-0.00633;0.004832;-0.288232;0.080281;0.885331
264;1.722398;0.936558;-9.616848;0.05235;-0.000368;-0.013708;-0.288173;0.081204;0.886479
265;1.734595;0.887761;-9.53267;0.053018;-0.005563;-0.003122;-0.287937;0.083073;0.886046
266;1.74676;0.909595;-9.552428;0.054973;0.017849;-0.012781;-0.287616;0.083183;0.887231
267;1.766291;0.914449;-9.601126;0.039914;0.014879;-0.017214;-0.288492;0.083503;0.885353
268;1.761467;0.890205;-9.610559;0.02371;0.004946;-0.009308;-0.28918;0.084316;0.887114
269;1.756544;0.894998;-9.564253;0.01907;0.005108;-0.001366;-0.290348;0.086794;0.884637
270;1.793107;0.897264;-9.575966;0.008527;0.010259;-0.009306;-0.287875;0.0875;0.884747
271;1.766261;0.914382;-9.566889;0.02364;0.017718;-0.007512;-0.28984;0.086509;0.884412
272;1.780934;0.877849;-9.551358;0.012401;-0.022774;-0.021739;-0.289101;0.086463;0.886144
273;1.780955;0.870582;-9.561013;0.013564;-0.002019;0.006566;-0.288656;0.086995;0.884721
274;1.773643;0.873057;-9.566057;0.015597;-0.005934;-0.004923;-0.289944;0.087044;0.884911
275;1.780999;0.8463;-9.563035;0.024495;0.000527;-0.004016;-0.290097;0.088124;0.884481
276;1.763905;0.858502;-9.548834;0.008352;-0.009496;0.000357;-0.290298;0.089192;0.88561
277;1.781006;0.860943;-9.599971;0.004785;0.010464;-0.000484;-0.290353;0.089338;0.884561
278;1.790766;0.846293;-9.584896;0.008465;0.010351;-0.005778;-0.289974;0.08879;0.884337
279;1.805343;0.855867;-9.550606;0.015869;-0.000833;-0.018153;-0.291626;0.088313;0.885044
280;1.790741;0.846236;-9.55555;-0.001374;0.010287;-0.004907;-0.291525;0.08992;0.884482
281;1.807797;0.851016;-9.560266;0.003122;0.024804;-0.007516;-0.292327;0.090223;0.88404
282;1.805353;0.855891;-9.562833;-0.000463;0.010267;-0.005784;-0.292921;0.08919;0.882607
283;1.815171;0.82674;-9.584186;0.004903;0.008492;-0.005781;-0.292308;0.09062;0.88442
284;1.81025;0.838851;-9.555125;-0.003095;0.006558;-0.007561;-0.29365;0.09028;0.883577
285;1.819986;0.846088;-9.555104;0.013753;0.012268;-0.003111;-0.294678;0.090586;0.883774
286;1.81999;0.838783;-9.545196;0.00478;0.008621;-0.00048;-0.293535;0.091215;0.883296
287;1.832196;0.816825;-9.525064;0.002936;-0.001316;0.003031;-0.295489;0.091828;0.883173
288;1.839521;0.841198;-9.588959;0.010224;0.003117;-0.004012;-0.295681;0.091287;0.884481
289;1.834666;0.831512;-9.59131;-0.012718;0.009882;-0.016391;-0.29475;0.092609;0.882409
290;1.844395;0.83142;-9.569151;0.01911;0.013215;-0.003098;-0.294995;0.091545;0.882688
291;1.863837;0.845827;-9.534871;0.035058;0.018;0.001353;-0.296723;0.092557;0.881915
292;1.84686;0.821717;-9.581172;0.024616;0.0267;-0.011012;-0.296326;0.092674;0.882063
293;1.84442;0.797343;-9.529431;0.013907;0.024783;-0.011032;-0.298445;0.093969;0.881261
294;1.873694;0.775317;-9.518823;0.006729;0.002972;-0.007547;-0.300406;0.094851;0.881001
295;1.878564;0.775283;-9.513857;-0.00574;0.013733;-0.009304;-0.299919;0.094838;0.880376
296;1.863937;0.77291;-9.504256;-0.009375;0.006522;-0.005794;-0.300012;0.096709;0.881097
297;1.878586;0.777768;-9.543245;-0.013034;-0.002467;-0.000513;-0.300002;0.094565;0.881291
298;1.893145;0.797057;-9.509124;-0.039651;-0.009252;-0.007618;-0.299747;0.093887;0.881194
299;1.90762;0.845415;-9.436384;-0.076329;-0.035816;-0.002407;-0.299516;0.091876;0.880615
300;1.851491;0.908921;-9.477467;-0.10036;-0.052408;-0.004244;-0.296542;0.087054;0.882868
301;1.863652;0.947813;-9.526868;-0.068179;-0.043129;-0.007713;-0.295948;0.084206;0.884284
302;1.878298;0.986796;-9.630032;-0.040676;-0.055392;0.001134;-0.293112;0.080328;0.886371
303;1.822324;0.96288;-9.674481;-0.041514;-0.057237;-0.000654;-0.290952;0.079985;0.885455
304;1.79552;0.94352;-9.640315;-0.026419;-0.03614;0.001163;-0.290164;0.079684;0.885636
305;1.785588;0.948038;-9.44002;-0.030722;-0.048255;-0.007703;-0.290038;0.077649;0.888046
306;1.746756;0.938844;-9.606737;-0.038074;-0.026173;0.002922;-0.289296;0.076824;0.887329
307;1.770941;0.987066;-9.489829;-0.075556;-0.016554;0.001143;-0.288368;0.07491;0.887695
308;1.736828;0.997007;-9.517419;-0.107235;0.018074;-0.021793;-0.288593;0.07063;0.888329
309;1.800128;1.03311;-9.514643;-0.110749;0.013405;-0.024436;-0.28986;0.066525;0.888903
310;1.712456;1.041013;-9.604144;-0.137426;0.030394;-0.02887;-0.289365;0.062362;0.888401
311;1.79017;1.171661;-9.55144;-0.19465;0.040885;-0.025348;-0.290389;0.056377;0.888653
312;1.818983;1.338774;-9.390069;-0.169244;0.030658;-0.005887;-0.289603;0.050055;0.888751
313;1.938304;1.43791;-9.475575;-0.065011;0.002629;0.00305;-0.290733;0.04581;0.889466
314;1.833539;1.38975;-9.41519;0.013717;-0.025106;-0.005783;-0.291087;0.044479;0.890137
315;1.862943;1.411895;-9.640108;0.055316;-0.046969;0.013663;-0.289347;0.045229;0.888646
316;1.862964;1.341241;-9.523943;0.094685;-0.057708;0.008379;-0.288307;0.048777;0.8912
317;1.790112;1.217854;-9.576699;0.093886;-0.045041;0.00484;-0.287053;0.052483;0.890377
318;1.697739;1.094513;-9.602853;0.03887;-0.022186;-0.009344;-0.286704;0.055664;0.892124
319;1.707366;1.103946;-9.483046;-0.018272;0.002757;-0.010239;-0.286457;0.055925;0.891869
320;1.731726;1.157434;-9.576533;-0.079458;0.023597;-0.028801;-0.285685;0.053219;0.89173
321;1.789901;1.28321;-9.465351;-0.078994;0.014042;-0.010246;-0.28639;0.050046;0.890614
322;1.806929;1.322063;-9.507341;-0.050241;0.014942;-0.019918;-0.28738;0.0478;0.891538
323;1.833525;1.431165;-9.481937;0.017276;-0.039573;-0.004037;-0.286182;0.048149;0.892112
324;1.751011;1.261697;-9.541374;0.026375;-0.026;-0.011103;-0.285263;0.047308;0.892316
325;1.814185;1.375537;-9.549734;0.070863;-0.036423;-0.005746;-0.283964;0.048997;0.892336
326;1.692582;1.196306;-9.482431;0.061726;-0.013477;0.003955;-0.284003;0.05195;0.891596
327;1.736518;1.247431;-9.661171;0.03771;-0.003731;0.001317;-0.28321;0.052586;0.89188
328;1.721909;1.140264;-9.463894;0.02431;-0.006599;0.001279;-0.283226;0.054329;0.891567
329;1.726703;1.235143;-9.560843;0.056675;0.003373;-0.011017;-0.283285;0.056751;0.890452
330;1.724442;1.138027;-9.56897;-0.000422;0.006553;-0.010202;-0.285703;0.056034;0.891385
331;1.746291;1.210866;-9.616369;-0.023638;0.004562;-0.009336;-0.284669;0.056529;0.891296
332;1.73158;1.188803;-9.471929;-0.016356;0.000762;-0.017292;-0.283839;0.055684;0.892276
333;1.750958;1.273769;-9.504904;-0.011335;0.004832;-0.00225;-0.283898;0.054359;0.89114
334;1.755855;1.278673;-9.541596;-0.000349;-0.004488;-0.014619;-0.28574;0.053901;0.890665
335;1.746219;1.225334;-9.562822;0.001076;0.010518;0.002186;-0.285268;0.054962;0.889748
336;1.741321;1.232621;-9.550797;0.029744;-0.011185;-0.002242;-0.285633;0.055641;0.890229
337;1.763298;1.159464;-9.453819;0.018958;-0.011209;0.001276;-0.284263;0.055306;0.891614
338;1.746197;1.235039;-9.558101;0.011356;0.007302;-0.019887;-0.284683;0.056666;0.891031
339;1.760892;1.200992;-9.571959;-0.011022;-0.010944;-0.01465;-0.284918;0.053994;0.891487
340;1.765779;1.200996;-9.586556;0.008251;0.017805;0.000446;-0.286023;0.055388;0.890216
341;1.760794;1.220279;-9.498933;0.001329;0.006546;-0.010183;-0.285879;0.054845;0.8905
342;1.738991;1.181674;-9.571954;0.005002;0.015576;-0.014585;-0.287552;0.05571;0.890776
343;1.741381;1.171805;-9.498384;-0.015025;0.012238;0.003931;-0.286002;0.055116;0.890616
344;1.78759;1.237182;-9.518384;-0.012928;0.008216;-0.01107;-0.288673;0.054431;0.889192
345;1.79964;1.283142;-9.45542;-0.015849;-0.006077;0.000386;-0.287965;0.052921;0.890315
346;1.780317;1.244619;-9.577314;0.015538;-0.00413;-0.005764;-0.288825;0.054417;0.891267
347;1.780331;1.259276;-9.621587;0.005782;-0.013347;-0.007559;-0.287081;0.053292;0.889831
348;1.712127;1.17681;-9.498914;0.013844;-0.017868;-0.009353;-0.285613;0.055636;0.890621
349;1.770538;1.215344;-9.484027;0.019259;-0.017027;-0.012858;-0.285853;0.056737;0.888494
350;1.717015;1.18169;-9.523379;-0.009607;-0.017742;0.002987;-0.285757;0.056046;0.890341
351;1.731584;1.269267;-9.637172;-0.016683;-0.003327;-0.000511;-0.28591;0.053781;0.889879
352;1.780303;1.195827;-9.463976;-0.029365;-0.002363;0.00743;-0.287169;0.052217;0.890639
353;1.770417;1.297966;-9.509921;-0.010492;0.010337;-0.000464;-0.286556;0.054341;0.889958
354;1.768076;1.234805;-9.494184;0.003191;-0.011702;-0.012865;-0.28625;0.051912;0.890827
355;1.785089;1.234614;-9.440124;0.006676;-0.013414;-0.009327;-0.286783;0.0514;0.890553
356;1.755947;1.269124;-9.627018;0.026188;-0.000316;-0.003099;-0.286549;0.051128;0.890053
357;1.755964;1.186269;-9.481297;-0.005846;-0.017074;-0.006712;-0.286002;0.051503;0.890592
358;1.750983;1.278702;-9.544116;-0.004986;-0.010663;-0.005806;-0.285246;0.050407;0.890144
359;1.753458;1.247079;-9.523965;-0.011459;0.006812;0.003934;-0.286291;0.052323;0.890032
360;1.780201;1.278492;-9.511879;-0.001937;-0.002948;-0.024326;-0.287593;0.051972;0.889973
361;1.78514;1.234728;-9.498816;0.019051;-0.002249;-0.003991;-0.28682;0.05288;0.889857
362;1.799839;1.234824;-9.586629;0.019048;0.014131;-0.003952;-0.287286;0.052755;0.890877
363;1.765648;1.24215;-9.518804;-0.009392;0.004661;-0.009313;-0.287614;0.052646;0.889561
364;1.780334;1.217837;-9.542612;0.013617;0.012358;-0.000437;-0.288724;0.052837;0.888195
365;1.775452;1.266606;-9.63157;0.009396;0.033848;-0.012758;-0.288085;0.052145;0.887989
366;1.809448;1.273472;-9.504012;0.001198;0.026654;-0.005708;-0.290031;0.052355;0.88801
367;1.780132;1.195448;-9.268338;0.031554;0.010466;-0.00749;-0.291036;0.054261;0.888681
368;1.802244;1.156724;-9.394491;0.066427;0.018886;-0.010079;-0.292655;0.055942;0.887504
369;1.828935;1.214838;-9.375534;0.056356;-0.020865;0.003971;-0.291424;0.05778;0.886214
370;1.868132;1.239472;-9.656592;0.134982;0.00245;-0.000291;-0.291567;0.059637;0.888494
371;1.863239;1.117555;-9.392884;0.173367;-0.011867;-0.002058;-0.291894;0.066219;0.887242
372;1.768555;1.065209;-9.703977;0.116287;-0.019453;0.001366;-0.291148;0.071014;0.88662
373;1.834645;0.919234;-9.742006;0.183314;0.004601;-0.003802;-0.291941;0.07707;0.8864
374;1.834461;0.904198;-9.502097;0.130897;-0.027986;-0.014532;-0.291486;0.08322;0.885202
375;1.742043;0.890466;-9.694001;0.096762;-0.001536;-0.00306;-0.29073;0.085871;0.884773
376;1.783615;0.778422;-9.632731;0.081611;0.060047;-0.007367;-0.292052;0.089407;0.884339
377;1.783273;0.806917;-9.29821;0.062793;0.008995;-0.003961;-0.294513;0.091132;0.881944
378;1.824832;0.816743;-9.46404;0.024284;0.019801;0.003979;-0.295049;0.091691;0.881639
379;1.868771;0.841059;-9.593404;-0.009513;0.02941;-0.00044;-0.296382;0.093891;0.880983
380;1.863979;0.816886;-9.639519;-0.025529;0.010182;-0.000501;-0.297801;0.094079;0.881162
381;1.868608;0.869952;-9.464302;0.003127;-0.035196;-0.004972;-0.295956;0.092797;0.881689
382;1.820074;0.787771;-9.539415;0.029933;-0.014979;-0.006687;-0.295319;0.093578;0.881439
383;1.863953;0.807077;-9.59044;0.017449;-0.000562;-0.00754;-0.295767;0.095212;0.880326
384;1.844496;0.809135;-9.480907;0.030007;-0.022599;-0.014643;-0.295524;0.094919;0.881727
385;1.800787;0.758512;-9.561388;0.044124;0.003198;-0.007524;-0.294615;0.095686;0.881752
386;1.786438;0.71531;-9.788278;-0.016608;0.091864;-0.007418;-0.29711;0.096726;0.881199
387;1.87886;0.782687;-9.70735;-0.027755;0.210269;0.004324;-0.302774;0.096428;0.879605
388;2.015059;0.781372;-9.384913;-0.013252;0.142732;-0.005479;-0.309298;0.095108;0.876434
389;2.000401;0.825253;-9.432362;-0.020637;0.083063;0.010288;-0.313324;0.094621;0.873892
390;2.044276;0.815861;-9.580523;-0.043455;0.047272;0.000486;-0.313592;0.094359;0.874587
391;2.105113;0.847044;-9.538571;-0.039618;0.044204;-0.012744;-0.316615;0.091941;0.873846
392;2.078191;0.817671;-9.350171;-0.025462;0.022612;-0.007485;-0.317087;0.091975;0.872258
393;2.073356;0.834848;-9.428797;-0.011228;0.021904;-0.00482;-0.317357;0.090114;0.872039
394;2.06357;0.866509;-9.449059;-0.009056;-0.003973;-0.02165;-0.319141;0.09098;0.872699
395;2.080876;0.85665;-9.551514;0.010061;-0.002466;-0.000424;-0.319511;0.092069;0.872206
396;2.088237;0.829906;-9.555827;-0.000558;-0.006288;-0.003977;-0.318711;0.092703;0.872621
397;2.105254;0.805343;-9.457325;0.012002;-0.015392;-0.007513;-0.318268;0.093746;0.873654
398;2.05894;0.820189;-9.477849;0.019094;-0.03523;-0.004024;-0.31622;0.093805;0.873111
399;2.037035;0.825238;-9.519841;0.015588;-0.047116;-0.005824;-0.315199;0.093902;0.872772
400;2.056449;0.820647;-9.575531;0.001426;-0.028967;-0.007563;-0.313879;0.094509;0.874047
401;2.049078;0.805923;-9.47757;0.024765;-0.038971;-0.014627;-0.313605;0.094496;0.874322
402;2.00279;0.81351;-9.512639;0.040666;-0.054958;-0.005821;-0.311392;0.094676;0.874434
403;1.978438;0.801486;-9.510354;0.027532;-0.058087;-0.017332;-0.310276;0.098097;0.875955
404;1.978486;0.78209;-9.527133;0.015829;-0.030804;-0.013758;-0.309521;0.097536;0.875491
405;1.978693;0.74785;-9.536497;0.024637;-0.019004;-0.012844;-0.308734;0.098045;0.874816
406;1.971348;0.769755;-9.54188;0.020046;-0.007986;-0.007528;-0.308551;0.098697;0.875848
407;1.956708;0.769792;-9.522539;0.012009;-0.031654;-0.005823;-0.307448;0.09824;0.877091
408;1.951883;0.757734;-9.554193;-0.007666;-0.017215;-0.004052;-0.305601;0.099634;0.877668
409;1.951864;0.767444;-9.551917;0.010253;-0.020794;-0.00757;-0.306457;0.09995;0.876182
410;1.927579;0.726314;-9.568687;-0.000556;-0.004387;-0.003144;-0.305667;0.098579;0.876395
411;1.961462;0.762752;-9.5295;-0.007524;-0.008095;-0.007563;-0.305031;0.099756;0.876966
412;1.92246;0.758054;-9.510447;0.004864;-0.004226;-0.003136;-0.304756;0.098939;0.877265
413;1.927379;0.763006;-9.571593;0.012178;-0.002544;-0.01107;-0.304736;0.099068;0.877653
414;1.927365;0.741034;-9.512521;0.010311;-0.002478;-0.007542;-0.304248;0.098921;0.877032
415;1.939615;0.733799;-9.5709;0.006957;0.000884;-0.017251;-0.305812;0.099787;0.876924
416;1.903141;0.767735;-9.574669;-0.000455;0.010927;-0.009297;-0.304362;0.100533;0.876537
417;1.944552;0.730909;-9.478029;0.017357;-0.003461;-0.007533;-0.305378;0.101372;0.876979
418;1.927497;0.743196;-9.507847;0.017202;-0.009612;0.0004;-0.304859;0.102422;0.876975
419;1.91295;0.728812;-9.566507;0.024514;-0.003376;-0.007533;-0.30501;0.102432;0.876577
420;1.927575;0.71899;-9.548997;0.01911;0.004802;-0.005753;-0.306059;0.103277;0.876366
421;1.93733;0.718955;-9.556184;0.009038;0.005036;0.006603;-0.305417;0.104056;0.876247
422;1.949532;0.714054;-9.565696;0.010171;0.021094;-0.005724;-0.30597;0.103549;0.875582
423;1.949574;0.694644;-9.575139;0.003052;0.012848;-0.005751;-0.305932;0.105012;0.876322
424;1.959342;0.684884;-9.577267;0.013796;0.013799;-0.007501;-0.307581;0.104157;0.874568
425;1.961717;0.692049;-9.521111;0.013933;0.011789;-0.01457;-0.307834;0.104032;0.874688
426;1.976236;0.689874;-9.557353;0.016448;0.035855;-0.003915;-0.309856;0.105058;0.87408
427;2.000616;0.682454;-9.551964;0.022583;0.021504;0.002251;-0.309311;0.106236;0.874595
428;1.995705;0.692151;-9.530198;0.016473;0.000394;-0.003099;-0.310504;0.106823;0.874124
429;1.968858;0.675135;-9.452055;0.005123;-0.013646;-0.014632;-0.311147;0.106445;0.874231
430;1.976165;0.670212;-9.437186;0.05485;-0.034741;-0.002253;-0.308668;0.107015;0.874476
431;1.942371;0.568712;-9.607111;0.0159;-0.049862;-0.012944;-0.307439;0.108695;0.875664
432;1.961741;0.612216;-9.548884;-0.075208;-0.026926;-0.010343;-0.3064;0.106915;0.875641
433;1.917607;0.711806;-9.443688;-0.19621;-0.118288;-0.022154;-0.301888;0.100832;0.877492
434;1.824765;0.865355;-9.484449;-0.285638;-0.11422;-0.013426;-0.297784;0.092201;0.881479
435;1.924426;1.086128;-9.62617;-0.185889;-0.109569;-0.006187;-0.293797;0.084936;0.883206
436;1.844211;1.10163;-9.896652;-0.093195;-0.112174;0.000962;-0.289253;0.079782;0.885682
437;1.756418;1.055057;-9.579449;-0.043395;-0.091903;0.000146;-0.286606;0.076066;0.885879
438;1.644756;0.832321;-9.645737;-0.080847;-0.061247;0.000114;-0.283031;0.076047;0.887241
439;1.561843;0.817999;-9.558709;-0.197237;-0.004706;-0.027307;-0.281926;0.071041;0.888488
440;1.651908;1.046472;-9.889006;-0.226775;0.056964;-0.025398;-0.282892;0.064132;0.887339
441;1.571229;0.958548;-9.42407;-0.322157;0.099506;-0.036054;-0.285538;0.053651;0.888807
442;1.675498;1.190894;-9.284698;-0.501308;0.13578;-0.050266;-0.289989;0.03858;0.887973
443;1.988647;1.913072;-9.307193;-0.339563;0.054818;-0.064223;-0.292739;0.022102;0.887401
444;1.925329;1.886679;-9.307693;-0.121598;-0.011582;-0.030568;-0.293287;0.013943;0.889303
445;2.061575;2.063445;-9.394294;0.061778;-0.080424;-0.007481;-0.291242;0.012398;0.888677
446;1.925664;1.811845;-9.541145;0.18033;-0.093661;0.002283;-0.28714;0.016638;0.890202
447;1.84082;1.608496;-9.656273;0.275992;-0.111142;-0.002983;-0.283943;0.024525;0.891831
448;1.646431;1.306024;-9.717536;0.242071;-0.056756;-0.002109;-0.281529;0.032979;0.893402
449;1.556304;1.150554;-9.461874;0.156416;-0.041158;-0.003984;-0.279833;0.042836;0.891121
450;1.600123;1.216048;-9.535711;-0.027121;0.013298;-0.019078;-0.280905;0.045025;0.890479
451;1.67796;1.259202;-9.449693;-0.071746;0.045558;-0.021688;-0.28194;0.041853;0.890517
452;1.7801;1.433732;-9.546554;-0.086331;0.071205;-0.009242;-0.282996;0.038553;0.890168
453;1.81893;1.528252;-9.54761;-0.079203;0.038554;-0.007514;-0.285615;0.036118;0.889709
454;1.850477;1.574113;-9.484349;-0.004449;0.021201;0.00138;-0.28768;0.033788;0.889928
455;1.814061;1.479528;-9.456355;0.051152;0.01044;-0.010962;-0.288215;0.034347;0.889623
456;1.799542;1.453015;-9.522141;0.085085;0.001644;-0.010947;-0.288277;0.038776;0.888449
457;1.784961;1.409297;-9.482473;0.157965;0.011673;0.001513;-0.286371;0.042188;0.887669
458;1.726766;1.244468;-9.492714;0.140088;0.022525;0.004133;-0.289595;0.047126;0.888133
459;1.799855;1.339123;-9.652205;0.130104;-0.002754;0.014698;-0.291443;0.053626;0.887583
460;1.804783;1.16856;-9.375276;0.182605;-0.044903;0.022603;-0.289681;0.057314;0.886527
461;1.766003;1.164355;-9.610551;0.14896;-0.017238;0.011131;-0.288331;0.063941;0.887575
462;1.761188;1.079182;-9.50888;0.153721;-0.023037;-0.003017;-0.288033;0.070101;0.885848
463;1.742044;0.963041;-9.680773;0.118691;-0.008406;0.010206;-0.286753;0.074336;0.885532
464;1.780973;0.933443;-9.547615;0.095788;0.018219;-0.00654;-0.287837;0.078935;0.884688
465;1.751701;0.914029;-9.479249;0.076083;0.051731;-0.005621;-0.290447;0.082519;0.884444
466;1.744597;0.846262;-9.580885;0.051917;0.05441;-0.000352;-0.291024;0.083622;0.88334
467;1.851666;0.930683;-9.561168;0.011982;0.061012;-0.011828;-0.293676;0.084405;0.882265
468;1.861226;0.991166;-9.466704;0.013668;0.014781;-0.005731;-0.295479;0.084875;0.882545
469;1.82988;0.879925;-9.629086;0.033463;0.030283;-0.011877;-0.295519;0.084884;0.881762
470;1.871125;0.947566;-9.551385;0.038845;0.013885;-0.013654;-0.298173;0.086604;0.880659
471;1.871182;0.855049;-9.432394;0.058438;-0.006821;-0.011034;-0.297355;0.088705;0.881422
472;1.839656;0.806797;-9.515176;0.033587;-0.025291;-0.014646;-0.296609;0.089351;0.880792
473;1.859166;0.809165;-9.534485;0.043368;-0.026077;-0.012864;-0.296307;0.092141;0.881637
474;1.839755;0.782638;-9.58078;0.040541;-0.01317;-0.005783;-0.295047;0.092902;0.880901
475;1.834837;0.809383;-9.583766;0.024485;-0.01876;-0.005811;-0.295064;0.094912;0.88058
476;1.825063;0.806938;-9.549636;0.019159;-0.016123;-0.007581;-0.294805;0.09517;0.880587
477;1.800742;0.770603;-9.534699;0.003215;-0.015479;-0.012908;-0.295703;0.095471;0.88079
478;1.810521;0.78281;-9.593453;0.016587;-0.000808;-0.012858;-0.294231;0.095672;0.881643
479;1.839733;0.806968;-9.603213;0.00933;0.002898;-0.007549;-0.294927;0.094772;0.880722
480;1.844606;0.772809;-9.534073;0.003048;-0.00258;-0.005804;-0.294416;0.096225;0.880576
481;1.834871;0.782639;-9.568627;0.024201;-0.000253;0.006588;-0.293353;0.09551;0.881044
482;1.832427;0.787514;-9.571195;0.006462;0.004919;0.001279;-0.294708;0.094905;0.879949
483;1.825088;0.777737;-9.519782;0.003086;-0.006258;-0.007583;-0.29519;0.096255;0.880664
484;1.83;0.777797;-9.563726;-0.005916;-0.008034;-0.003179;-0.293902;0.095938;0.880482
485;1.825127;0.787575;-9.583533;-0.008616;-0.002571;-0.002288;-0.293319;0.095235;0.881705
486;1.786179;0.773248;-9.608329;-0.02622;-0.021145;-0.012073;-0.293607;0.095653;0.881157
487;1.773998;0.780634;-9.628205;-0.00314;-0.055302;-0.00417;-0.292379;0.094523;0.882296
488;1.771552;0.775751;-9.608594;-0.076127;-0.045232;-0.013066;-0.290706;0.093925;0.882012
489;1.786098;0.763315;-9.495668;-0.118328;-0.027143;-0.002478;-0.290159;0.09042;0.882535
490;1.722683;0.809848;-9.531675;-0.203896;-0.004322;-0.007841;-0.289813;0.084504;0.884159
491;1.722338;1.030939;-9.5771;-0.307403;0.023857;-0.01053;-0.289254;0.074975;0.884859
492;1.799676;1.292405;-9.3555;-0.272658;0.024026;-0.013095;-0.289179;0.06372;0.886235
493;1.938511;1.38904;-9.455339;-0.128977;-0.007544;-0.012947;-0.290398;0.055457;0.887715
494;1.838976;1.273383;-9.667586;-0.039965;-0.011843;0.000358;-0.290692;0.051997;0.88702
495;1.799914;1.268554;-9.58006;-0.007748;-0.004454;-0.005784;-0.289596;0.05277;0.885625
496;1.770701;1.195633;-9.471635;-0.005241;-0.022402;0.002998;-0.289732;0.054358;0.888043
497;1.69777;1.098891;-9.488174;-0.080863;0.004001;-0.007662;-0.288024;0.051101;0.885888
498;1.790342;1.156846;-9.558698;-0.129673;0.07408;-0.024323;-0.289505;0.047264;0.887353
499;1.677999;1.208091;-9.392558;-0.175026;0.055319;-0.03239;-0.29378;0.041032;0.884967
500;1.799592;1.345855;-9.366213;-0.228391;0.021895;-0.039539;-0.293993;0.033807;0.885818
501;1.765266;1.511353;-9.460094;-0.268278;0.026704;-0.052815;-0.29482;0.024994;0.887335
502;2.032521;1.961622;-9.41008;-0.103413;-0.07724;-0.042125;-0.291724;0.018321;0.886915
503;1.884088;1.831238;-9.414952;0.038298;-0.079237;0.008322;-0.290171;0.018504;0.889335
504;1.896569;1.700179;-9.490735;0.124404;-0.110802;-0.009316;-0.287113;0.019976;0.890755
505;1.850379;1.705546;-9.633363;0.209849;-0.106131;0.001379;-0.283336;0.025981;0.89104
506;1.595151;1.215855;-9.423295;0.156357;-0.081084;0.000367;-0.278912;0.033967;0.891301
507;1.636646;1.371819;-9.806865;0.105548;-0.006996;-0.003925;-0.277831;0.038466;0.892137
508;1.687733;1.273834;-9.506044;0.006739;-0.010033;-0.016408;-0.278144;0.040896;0.891138
509;1.599909;1.266771;-9.392318;-0.046928;0.03144;-0.013761;-0.279097;0.04065;0.892785
510;1.687549;1.409953;-9.567106;-0.064529;0.038268;-0.025209;-0.279832;0.039089;0.891101
511;1.711687;1.472701;-9.425998;-0.079324;0.033253;-0.002262;-0.28071;0.035773;0.891672
512;1.755544;1.540718;-9.548788;0.002825;0.01753;-0.003947;-0.281961;0.034633;0.890078
513;1.736002;1.506583;-9.428664;-0.015295;0.015868;0.008384;-0.282548;0.033173;0.891261
514;1.799527;1.530998;-9.66044;0.052787;0.0089;-0.002129;-0.282091;0.034638;0.890071
515;1.750777;1.389823;-9.370164;0.091985;-0.003486;-0.000373;-0.283232;0.036283;0.890612
516;1.760807;1.383085;-9.678017;0.115212;0.024038;-0.000284;-0.284836;0.040904;0.88974
517;1.72414;1.278193;-9.344171;0.10256;0.022212;0.004973;-0.284729;0.045854;0.88934
518;1.75603;1.297997;-9.620364;0.100888;0.0494;0.000624;-0.286248;0.049543;0.887589
519;1.726689;1.161404;-9.239392;0.165218;0.058783;-0.007256;-0.289443;0.054633;0.886098
520;1.77564;1.142116;-9.438838;0.127524;0.041561;0.00681;-0.29105;0.06086;0.885179
521;1.805054;1.159409;-9.666117;0.143747;0.011612;0.003246;-0.292744;0.065074;0.885095
522;1.853903;1.08382;-9.637161;0.131549;-0.003389;-0.009157;-0.291801;0.069848;0.885785
523;1.793168;0.962657;-9.61641;0.142016;-0.004783;0.003188;-0.291728;0.075207;0.884721
524;1.890512;1.005736;-9.542322;0.118985;0.00564;-0.006502;-0.292243;0.07924;0.884835
525;1.77132;0.931267;-9.652876;0.110305;-0.018229;-0.014548;-0.292286;0.084066;0.88404
526;1.83232;0.845788;-9.564875;0.067492;0.013139;-0.017175;-0.292973;0.08584;0.883301
527;1.781085;0.831296;-9.472473;0.038846;-0.02241;-0.011115;-0.292204;0.08822;0.883141
528;1.793517;0.807402;-9.706629;0.004899;0.024677;-0.009287;-0.292417;0.089314;0.881537
529;1.829616;0.913472;-9.394915;-0.014849;0.019043;-0.007538;-0.295396;0.088894;0.881651
530;1.824814;0.908781;-9.468267;-0.004031;-0.00821;-0.010232;-0.293866;0.087903;0.881111
531;1.839633;0.884761;-9.643695;0.009433;0.004588;-0.012837;-0.295527;0.089301;0.881632
532;1.854267;0.86521;-9.618679;0.034641;0.01196;0.01812;-0.294201;0.090314;0.882193
533;1.825008;0.831196;-9.535386;0.043648;0.00919;0.013697;-0.295529;0.090104;0.881608
534;1.859059;0.825995;-9.446745;0.074163;-0.001723;0.004886;-0.29572;0.093601;0.880454
535;1.844584;0.765447;-9.494819;0.062586;1e-05;0.004867;-0.296388;0.095772;0.880094
536;1.825253;0.736658;-9.626663;0.026213;0.012235;-0.003988;-0.295356;0.097204;0.879977
537;1.825217;0.729263;-9.570291;0.037959;0.004865;-0.011057;-0.29592;0.098573;0.879126
538;1.849535;0.753402;-9.558115;0.009365;0.031902;-0.011025;-0.296832;0.098876;0.879068
539;1.839799;0.751042;-9.568003;-0.000535;0.015588;-0.005774;-0.298353;0.098929;0.879767
540;1.864134;0.763028;-9.550725;-0.003281;0.02108;-0.003109;-0.298366;0.098664;0.879513
541;1.881172;0.792147;-9.582764;-0.022742;0.009817;-0.010212;-0.298324;0.098947;0.877816
542;1.883617;0.772649;-9.553042;-0.014792;0.011789;-0.006667;-0.300634;0.099166;0.878337
543;1.910425;0.772512;-9.552633;-0.003424;0.003077;0.004817;-0.300365;0.097949;0.878517
544;1.898154;0.787014;-9.4846;0.010017;0.001274;0.001293;-0.301458;0.0972;0.87744
545;1.878747;0.767806;-9.548141;0.015526;0.00843;-0.005758;-0.302244;0.099908;0.877319
546;1.881145;0.748203;-9.46462;0.008176;-0.034985;0.006507;-0.301421;0.098931;0.878172
547;1.868969;0.723907;-9.4277;-0.005922;-0.06983;0.000231;-0.298792;0.099357;0.87882
548;1.847269;0.690406;-9.62797;-0.075121;-0.043547;-0.017465;-0.297859;0.098915;0.879273
549;1.805623;0.704767;-9.411209;-0.178788;-0.071517;-0.009705;-0.295273;0.092235;0.881559
550;1.761722;0.890204;-9.742787;-0.285667;-0.052542;-0.017728;-0.29214;0.083255;0.884332
551;1.824453;1.103019;-9.442308;-0.273578;-0.01946;-0.00613;-0.291318;0.075455;0.885126
552;1.850943;1.302091;-9.474717;-0.157783;-0.059164;0.003663;-0.28898;0.066509;0.887595
553;1.873149;1.268452;-9.718336;-0.021935;-0.070024;-0.004147;-0.286615;0.06213;0.88811
554;1.717472;1.089494;-9.702909;0.032558;-0.045957;-0.007628;-0.286371;0.063193;0.887832
555;1.731774;1.22036;-9.597372;-0.002628;-0.040401;0.008256;-0.283988;0.063626;0.888726
556;1.765873;1.093364;-9.320758;0.027673;-0.082884;0.010847;-0.283446;0.066812;0.889182
557;1.610534;0.954165;-9.770647;-0.039807;0.004508;-0.004116;-0.281696;0.064591;0.890381
558;1.649555;1.01254;-9.917796;-0.148655;0.103518;-0.009319;-0.283723;0.061207;0.888812
559;1.609894;0.977125;-9.08634;-0.207293;0.067893;-0.027146;-0.285872;0.053277;0.887369
560;1.697625;1.103445;-9.33175;-0.344931;0.081615;-0.014873;-0.289226;0.044306;0.887715
561;1.884555;1.583598;-9.454653;-0.310869;0.048888;-0.023634;-0.29074;0.033386;0.888476
562;1.925601;1.731253;-9.309875;-0.136119;-0.011365;-0.017351;-0.289343;0.025821;0.890334
563;2.134827;2.117017;-9.65822;0.063645;-0.078622;-0.009213;-0.288505;0.023904;0.891476
564;1.833343;1.647174;-9.54457;0.158259;-0.088611;-0.007487;-0.285391;0.025522;0.891464
565;1.731279;1.506944;-9.602366;0.206512;-0.075496;-0.010095;-0.282087;0.03167;0.89263
566;1.733985;1.366125;-9.62922;0.209964;-0.059845;-0.00389;-0.280178;0.040165;0.891962
567;1.551582;1.080213;-9.494957;0.130713;-0.039734;-0.011083;-0.278418;0.04704;0.893414
568;1.656245;1.201286;-9.583512;0.055074;0.004765;-0.023402;-0.279389;0.050166;0.89223
569;1.65125;1.186416;-9.417041;-0.032736;0.013511;-0.007592;-0.279393;0.048829;0.892139
570;1.707226;1.307859;-9.569921;-0.036343;0.020808;-0.005787;-0.280692;0.047275;0.892115
571;1.726611;1.331891;-9.489347;-0.055876;0.016849;-0.01111;-0.280449;0.045797;0.891781
572;1.753439;1.41469;-9.676233;-0.025389;0.004254;-0.016382;-0.281217;0.046226;0.891988
573;1.682804;1.302993;-9.501736;-0.013257;-0.017018;0.00122;-0.282588;0.042657;0.893061
574;1.726542;1.39025;-9.527045;-0.033769;-0.004513;-0.000524;-0.282043;0.041585;0.89104
575;1.7314;1.343867;-9.416121;0.013793;-0.028102;-0.012886;-0.282003;0.041977;0.891811
576;1.692417;1.341651;-9.424009;0.037879;-0.026064;-0.012865;-0.280348;0.04339;0.891207
577;1.714524;1.288288;-9.515672;0.052285;-0.01789;-0.018129;-0.281052;0.045544;0.892667
578;1.695012;1.351742;-9.62467;0.029774;-0.020509;-0.00756;-0.280555;0.047402;0.892249
579;1.695125;1.273977;-9.598861;0.01729;0.008441;-0.00929;-0.279561;0.047505;0.891388
580;1.656135;1.235174;-9.525414;-0.000773;0.000381;0.001256;-0.280287;0.047122;0.892402
581;1.665812;1.273973;-9.521051;-0.041539;0.012402;-0.01289;-0.280289;0.048193;0.89237
582;1.72666;1.351505;-9.585059;-0.026585;0.030028;-0.003981;-0.28167;0.047192;0.890765
583;1.731505;1.292903;-9.434795;-0.030206;0.051802;-0.003946;-0.282604;0.044825;0.890264
584;1.780286;1.385386;-9.663089;-0.019644;0.070284;0.003194;-0.285585;0.045476;0.890346
585;1.743616;1.302428;-9.368752;0.001945;0.042007;-0.005692;-0.287877;0.044378;0.888695
586;1.78028;1.326861;-9.5398;0.008738;0.019841;0.013714;-0.288243;0.045859;0.889153
587;1.785012;1.326518;-9.375879;0.072274;-0.012624;0.004888;-0.289068;0.047372;0.888284
588;1.819202;1.355759;-9.515259;0.090278;-0.003551;-0.002124;-0.289163;0.050179;0.888977
589;1.80961;1.297644;-9.577973;0.145387;0.000837;0.008539;-0.289195;0.052996;0.888372
590;1.785422;1.142142;-9.477818;0.151912;-0.019426;-0.002999;-0.287788;0.059099;0.888007
591;1.751464;1.11098;-9.60006;0.140279;-0.023041;0.000502;-0.287196;0.065241;0.886947
592;1.754114;0.948094;-9.518932;0.14209;-0.017608;-0.000384;-0.286684;0.070039;0.886833
593;1.824715;1.010956;-9.558083;0.108249;-0.010727;-0.003916;-0.287838;0.075165;0.887141
594;1.712579;0.972454;-9.449069;0.0734;-0.009131;-0.002222;-0.28709;0.078085;0.886574
595;1.781072;0.962918;-9.719305;0.021046;0.04647;-0.016278;-0.288961;0.078971;0.885538
596;1.756497;0.991845;-9.544111;0.042189;0.032377;-0.004807;-0.290437;0.080643;0.884629
597;1.766519;0.860751;-9.595477;0.059461;0.03036;-0.018048;-0.291456;0.083088;0.885024
598;1.800402;0.942944;-9.488796;0.049398;0.019609;-0.007468;-0.292655;0.083676;0.884422
599;1.839368;0.947561;-9.466277;0.05918;-0.001178;-0.004839;-0.29463;0.085923;0.881388
600;1.82996;0.845971;-9.652948;0.051072;0.007129;0.001341;-0.294608;0.088326;0.881839
601;1.82498;0.867702;-9.575149;0.042103;-0.001096;0.00308;-0.293988;0.09085;0.881278
602;1.810383;0.81176;-9.493698;0.056496;-0.011126;-0.002233;-0.293075;0.093087;0.88139
603;1.810413;0.799636;-9.503268;0.05943;-0.018675;-0.013728;-0.294231;0.095539;0.881647
604;1.815424;0.760909;-9.583217;0.035287;-0.000609;-0.011071;-0.294038;0.095544;0.880356
605;1.815416;0.753575;-9.558635;0.02092;-0.016968;-0.005822;-0.292477;0.096017;0.880425
606;1.791091;0.739174;-9.583207;0.026372;-0.002494;-0.011093;-0.292831;0.098031;0.881128
607;1.8203;0.748698;-9.560922;0.017479;-0.00081;-0.012858;-0.29309;0.097372;0.881133
608;1.82029;0.763303;-9.578294;-0.003981;0.008154;-0.011096;-0.293406;0.098465;0.880044
609;1.825158;0.773017;-9.590616;-0.02367;-0.000106;-0.007601;-0.293878;0.09794;0.880945
610;1.820235;0.780247;-9.549244;0.004637;0.004951;0.003039;-0.295214;0.098267;0.880213
611;1.8349;0.772953;-9.583131;0.020119;-0.001653;-0.011084;-0.293604;0.097659;0.881228
612;1.830015;0.77783;-9.580845;0.011877;-0.009632;-0.000512;-0.293096;0.096972;0.881015
613;1.837316;0.760702;-9.533973;0.00656;-0.00066;-0.00315;-0.294897;0.097465;0.878823
614;1.805621;0.770588;-9.539516;0.004904;8.8e-05;-0.00934;-0.295703;0.099217;0.88081
615;1.839846;0.734079;-9.58727;0.020995;0.002923;-0.010192;-0.295114;0.098512;0.882163
616;1.834899;0.748571;-9.533798;-0.000473;-0.00629;-0.007587;-0.295112;0.098536;0.879691
617;1.815462;0.741489;-9.587769;0.004142;-0.000962;-0.014642;-0.295586;0.099081;0.88056
618;1.830085;0.763358;-9.631946;-0.009236;-0.000164;-0.014649;-0.296394;0.099118;0.879995
619;1.8715;0.724104;-9.535263;0.015522;0.015706;-0.005749;-0.29645;0.100201;0.87892
620;1.844644;0.758265;-9.548491;0.016423;0.006631;-0.005771;-0.29569;0.100576;0.878559
621;1.849581;0.729124;-9.562582;0.028096;0.025715;-0.010136;-0.296824;0.102086;0.879235
622;1.847114;0.733947;-9.538249;0.013861;0.006469;-0.011075;-0.297458;0.100502;0.879508
623;1.861783;0.712033;-9.547427;0.027095;0.010397;-0.003984;-0.298786;0.103503;0.878958
624;1.86912;0.709615;-9.571728;0.010267;0.00739;-0.009307;-0.299776;0.102353;0.877378
625;1.873956;0.70219;-9.512836;-0.002543;-0.011418;0.006537;-0.298648;0.102827;0.879116
626;1.878915;0.692603;-9.590847;0.009389;0.002833;-0.009316;-0.299594;0.10354;0.878394
627;1.869124;0.697434;-9.551952;0.009342;0.002877;-0.007552;-0.298949;0.102981;0.878314
628;1.873956;0.719258;-9.547369;-0.010109;0.018832;-0.017253;-0.299847;0.103014;0.878526
629;1.878856;0.702223;-9.542107;-0.000275;0.006177;-0.017269;-0.299643;0.104354;0.877456
630;1.888592;0.711897;-9.547019;-0.01107;0.003469;-0.012867;-0.300854;0.103874;0.876625
631;1.898347;0.719176;-9.569006;-0.005007;0.00284;-0.004026;-0.300772;0.103588;0.8782
632;1.888575;0.728926;-9.561988;-0.005934;0.011954;-0.003127;-0.30136;0.103089;0.876882
633;1.912975;0.704487;-9.54652;0.00106;0.008545;0.003944;-0.301462;0.102552;0.877413
634;1.903231;0.709423;-9.561426;0.013734;-0.001554;-0.004013;-0.301113;0.103349;0.876627
635;1.908114;0.704541;-9.561267;-0.000406;0.009967;-0.01107;-0.301484;0.103628;0.87699
636;1.898327;0.719134;-9.546997;0.01184;0.019443;-0.00044;-0.301813;0.104055;0.875658
637;1.908089;0.723989;-9.571387;-0.00052;0.010105;-0.005769;-0.302266;0.104194;0.876931
638;1.915389;0.719052;-9.549182;0.008187;0.001351;0.004822;-0.3028;0.10395;0.87665
639;1.922694;0.714124;-9.531868;-0.005688;0.006183;-0.014612;-0.304698;0.104708;0.875095
640;1.925148;0.719026;-9.561261;-0.002191;0.008127;-0.01107;-0.303265;0.103423;0.877681
641;1.922677;0.714086;-9.512304;-0.002295;-0.004477;-0.005799;-0.303722;0.102785;0.876375
642;1.929984;0.728669;-9.536901;-0.002358;-0.010752;-0.002275;-0.302681;0.102743;0.876431
643;1.912976;0.723993;-9.585986;0.002892;-0.021449;0.003887;-0.302538;0.103003;0.876692
644;1.920298;0.721541;-9.593168;0.015846;-0.019186;-0.018172;-0.302407;0.10273;0.876707
645;1.91775;0.718869;-9.461108;0.013865;-0.019015;-0.010227;-0.302669;0.103677;0.876665
646;1.91782;0.714149;-9.531942;0.026644;-0.014693;-0.023451;-0.302136;0.104055;0.876942
647;1.878864;0.709556;-9.566689;0.00227;-0.016331;-0.009362;-0.301054;0.104272;0.877774
648;1.888617;0.709516;-9.571431;-0.002028;-0.012028;-0.017304;-0.301196;0.103344;0.877534
649;1.87165;0.68543;-9.629959;-0.025596;-0.011732;0.00121;-0.30108;0.103475;0.877276
650;1.888562;0.733774;-9.557181;-0.009384;-0.033624;-0.005873;-0.298942;0.102845;0.878449
651;1.883661;0.750805;-9.559998;-0.025674;-0.017134;0.003857;-0.298715;0.102441;0.877822
652;1.864244;0.714511;-9.579224;-0.022239;-0.006021;0.010057;-0.29633;0.10167;0.878753
653;1.849615;0.709695;-9.562243;-0.016567;0.002713;-0.00582;-0.298602;0.099873;0.879986
654;1.878678;0.772531;-9.479753;-0.010234;-0.002849;-0.01111;-0.298247;0.10107;0.879319
655;1.801029;0.663968;-9.650219;-0.0273;-0.00999;-0.002342;-0.298012;0.099995;0.878843
656;1.871457;0.767891;-9.572707;-0.009453;0.011864;-0.005781;-0.298239;0.100266;0.879473
657;1.859279;0.753343;-9.553075;0.00335;0.013403;-0.020783;-0.298073;0.098914;0.880172
658;1.92019;0.767624;-9.562181;-0.007886;0.006675;0.004821;-0.298499;0.099874;0.879471
659;1.898218;0.760336;-9.503698;-0.000841;0.010464;0.008362;-0.299814;0.096317;0.879115
660;1.912917;0.748242;-9.566846;0.004834;0.004691;-0.00577;-0.300639;0.098231;0.878234
661;1.895802;0.772587;-9.552856;-0.021826;0.004334;-0.011103;-0.301173;0.098388;0.877941
662;1.864005;0.796873;-9.470617;-0.007707;-0.020809;-0.003197;-0.299077;0.098303;0.878315
663;1.854358;0.763016;-9.519082;0.019232;-0.013502;-0.011105;-0.29868;0.098419;0.878463
664;1.883659;0.753238;-9.562486;-0.007666;-0.002658;-0.004924;-0.29893;0.096287;0.878643
665;1.878734;0.782407;-9.563067;-0.015521;-0.011114;-0.012898;-0.298795;0.097752;0.878737
666;1.878713;0.792112;-9.558346;-0.004165;-0.000738;-0.002264;-0.298398;0.097735;0.878889
667;1.87874;0.767792;-9.540805;0.009167;-0.01691;0.001248;-0.298756;0.098278;0.879504
668;1.893332;0.809096;-9.587765;0.00495;-0.00362;-0.011086;-0.299048;0.097092;0.878873
669;1.87874;0.767792;-9.540805;-0.000474;-0.007215;-0.007575;-0.298516;0.09854;0.879119
670;1.864209;0.758318;-9.62645;0.006648;-0.008001;-0.005806;-0.298228;0.097989;0.879671
671;1.839786;0.748575;-9.548397;-0.004918;-0.015423;-0.007609;-0.297194;0.098484;0.879581
672;1.869003;0.772742;-9.563047;0.019152;-0.004314;-0.007548;-0.297428;0.098756;0.880081
673;1.849582;0.758382;-9.621781;0.009642;-0.010179;-0.020825;-0.296687;0.098333;0.879352
674;1.859241;0.765448;-9.533723;-0.000321;-0.011029;-0.014654;-0.298496;0.098536;0.87951
675;1.84464;0.772884;-9.5732;-0.002398;-0.009759;-0.000525;-0.296672;0.097661;0.879633
676;1.859208;0.792192;-9.548862;0.003368;-0.019319;-0.019963;-0.297578;0.098364;0.879694
677;1.864162;0.772842;-9.602249;0.009038;0.004161;0.006587;-0.296736;0.098186;0.880915
678;1.859199;0.782421;-9.519346;-0.001368;-0.011766;-0.007589;-0.296716;0.098181;0.881307
679;1.839795;0.75347;-9.568046;0.018206;-0.015134;-0.004049;-0.296303;0.098453;0.879239
680;1.849488;0.767927;-9.533914;0.008417;-0.00074;-0.006676;-0.296536;0.097922;0.879763
681;1.844674;0.755893;-9.577795;-0.011124;0.013542;-0.011087;-0.295989;0.098162;0.880305
682;1.842177;0.770402;-9.538959;-0.016484;-0.002857;-0.010244;-0.296859;0.099016;0.878542
683;1.864158;0.767956;-9.587491;0.002017;-0.000585;0.00127;-0.295215;0.098668;0.880202
684;1.849491;0.777684;-9.556092;-0.011432;0.00119;0.003904;-0.295278;0.096408;0.878964
685;1.849527;0.77045;-9.582866;-0.021806;-0.00474;-0.011134;-0.296239;0.096297;0.880477
686;1.851892;0.775153;-9.509549;0.00931;-0.018906;-0.005828;-0.295686;0.097206;0.88113
687;1.844602;0.775237;-9.534115;0.012085;-0.006279;-0.0111;-0.29626;0.096971;0.880066
688;1.839753;0.763128;-9.538869;0.006973;-0.015691;-0.021726;-0.295564;0.098139;0.880979
689;1.849409;0.809195;-9.524852;-0.000533;-0.000793;-0.0058;-0.296768;0.097524;0.880283
690;1.834989;0.753647;-9.646375;-0.000535;-0.011617;-0.00318;-0.296279;0.096173;0.879698
691;1.849489;0.777679;-9.553647;-0.009337;0.004457;-0.011101;-0.295356;0.097338;0.879973
692;1.839734;0.782591;-9.556326;-0.005637;0.003422;-0.017283;-0.29632;0.096583;0.878903
693;1.839729;0.767952;-9.521835;0.001182;0.001135;-0.002268;-0.296268;0.097642;0.879915
694;1.861638;0.792166;-9.541488;-0.013247;0.00483;0.004797;-0.296522;0.097918;0.880024
695;1.85928;0.782601;-9.612274;-0.006065;0.012132;0.003053;-0.296239;0.096565;0.880469
696;1.854393;0.797226;-9.627275;0.010391;-0.005465;-0.014627;-0.296932;0.097403;0.879627
697;1.868893;0.816382;-9.524681;0.01122;-0.006342;-0.012857;-0.295808;0.096273;0.881281
698;1.820248;0.770523;-9.544184;0.012006;-0.00072;-0.007563;-0.29508;0.095986;0.880288
699;1.829993;0.797283;-9.59341;0.017319;0.004832;-0.005773;-0.29561;0.097481;0.880085
700;1.849531;0.758269;-9.56309;0.015473;0.01033;-0.003113;-0.296398;0.097379;0.879916
701;1.861706;0.758183;-9.550677;-0.015549;0.009811;-0.012862;-0.296418;0.097518;0.879521
702;1.839728;0.789891;-9.563789;-0.004099;0.006463;-0.005793;-0.296988;0.097659;0.881048
703;1.832425;0.797262;-9.588482;-0.005834;0.000951;-0.007574;-0.295378;0.098146;0.879558
704;1.839711;0.792291;-9.549159;-0.000534;0.006491;-0.005789;-0.296369;0.096303;0.88047
705;1.820231;0.775361;-9.534487;-0.002388;0.002933;-0.002273;-0.296492;0.096306;0.880593
706;1.859229;0.79224;-9.573317;0.003255;0.025322;-0.017222;-0.296911;0.096863;0.880034
707;1.888472;0.772581;-9.530958;0.019982;0.008461;-0.00575;-0.297213;0.097686;0.879213
708;1.839791;0.760775;-9.577954;0.008301;-0.00239;-0.0005;-0.297193;0.097681;0.879605
709;1.830142;0.729351;-9.628907;-0.004019;-0.004486;-0.007589;-0.297684;0.096491;0.880134
710;1.90308;0.801732;-9.572817;0.045295;-0.001529;0.021644;-0.297931;0.097727;0.877873
711;1.864166;0.733841;-9.528208;0.033482;-0.016977;-0.00933;-0.298615;0.099475;0.879737
712;1.886091;0.750778;-9.552624;0.039542;-0.016701;-0.000483;-0.297471;0.09997;0.879262
713;1.864195;0.719279;-9.532845;0.033438;-0.009655;-0.00755;-0.296835;0.10075;0.879013
714;1.835031;0.724484;-9.636085;0.01408;-0.000107;-0.019923;-0.297359;0.102645;0.878929
715;1.844736;0.704834;-9.547561;-0.00068;-0.009658;0.003003;-0.297378;0.101846;0.878562
716;1.835014;0.724446;-9.616521;-0.000162;0.000634;-0.021705;-0.296264;0.102457;0.880034
717;1.849607;0.719429;-9.572195;-0.012973;-0.001825;-0.006707;-0.297439;0.100899;0.879887
718;1.832521;0.729211;-9.562842;0.005247;-0.022113;-0.023512;-0.295241;0.101752;0.879719
719;1.878776;0.75812;-9.562644;0.010351;-0.008168;-0.012864;-0.296506;0.101284;0.877844
720;1.835004;0.695169;-9.54754;0.004728;-0.02057;0.001217;-0.296138;0.101383;0.879942
721;1.830148;0.70986;-9.596777;0.004826;-0.018855;-0.003195;-0.294902;0.100544;0.878732
722;1.800861;0.739172;-9.607513;0.002908;0.007634;0.001268;-0.294943;0.102937;0.880481
723;1.849522;0.741183;-9.518776;-0.00864;-0.01528;-0.000546;-0.295323;0.101077;0.880645
724;1.830067;0.729186;-9.543316;0.003141;-0.008122;-0.009356;-0.294631;0.101601;0.878975
725;1.810646;0.702636;-9.577384;0.016305;-0.002267;0.001262;-0.294826;0.102935;0.880227
726;1.825234;0.7293;-9.589854;0.013681;-0.015073;-0.000527;-0.294834;0.103472;0.88008
727;1.808174;0.724511;-9.580248;0.019005;0.004078;-0.000487;-0.295004;0.103218;0.879298
728;1.820391;0.72452;-9.616744;0.009169;0.013115;0.000407;-0.294442;0.102653;0.880125
729;1.825231;0.70979;-9.547942;0.004982;0.008176;-0.012856;-0.295255;0.102156;0.879446
730;1.839908;0.690334;-9.571836;0.005779;0.00286;-0.007565;-0.295367;0.10296;0.879807
731;1.820374;0.709853;-9.56758;0.001276;0.002875;-0.005807;-0.296444;0.10408;0.879066
732;1.852066;0.695087;-9.549726;0.004817;0.021992;-0.005757;-0.296314;0.103941;0.879077
733;1.8399;0.685439;-9.552187;0.012077;0.015553;-0.011065;-0.296603;0.105162;0.878505
734;1.844787;0.690319;-9.576653;0.00309;0.012842;-0.007546;-0.297657;0.104804;0.8782
735;1.859407;0.682925;-9.559184;0.004798;0.01203;-0.00401;-0.296775;0.105577;0.877703
736;1.859412;0.685373;-9.569008;0.014533;0.003132;0.000399;-0.297575;0.105211;0.877281
737;1.869162;0.68289;-9.566372;0.019119;0.019356;-0.006625;-0.298851;0.105525;0.877724
738;1.864339;0.675714;-9.610337;0.013776;0.03385;-0.007486;-0.301221;0.106025;0.877063
739;1.891151;0.665835;-9.595086;0.031518;0.051361;-0.003891;-0.301851;0.106739;0.874927
740;1.908154;0.697316;-9.592931;0.010261;0.042806;-0.010991;-0.302908;0.107855;0.874577
741;1.917937;0.651022;-9.540624;0.010088;0.032106;-0.002184;-0.304048;0.10883;0.875139
742;1.949573;0.66051;-9.506073;0.002152;0.01192;-0.005758;-0.305595;0.107952;0.875342
743;1.949514;0.679882;-9.477066;-0.026358;0.004354;-0.007571;-0.305419;0.109834;0.873735
744;1.95207;0.670382;-9.594242;-0.00771;0.006484;-0.002245;-0.305896;0.108239;0.874537
745;1.971491;0.694494;-9.555241;0.011121;0.007402;-0.007513;-0.30665;0.107996;0.875025
746;1.959275;0.684737;-9.501457;-0.005812;-0.011845;-0.007577;-0.305401;0.107556;0.874063
747;1.922896;0.626805;-9.589035;-0.02741;-0.028077;0.003832;-0.305079;0.106996;0.875268
748;1.949576;0.699525;-9.587451;-0.028829;-0.021302;-0.014689;-0.305089;0.104991;0.875066
749;1.927532;0.650631;-9.364401;0.00849;-0.048118;-0.007648;-0.303544;0.10694;0.874831
750;1.893672;0.624563;-9.609002;-0.007322;-0.0221;-0.01822;-0.303216;0.106915;0.87615
751;1.908072;0.723951;-9.551824;-0.014639;-0.03652;-0.010297;-0.302913;0.105824;0.876979
752;1.888682;0.675529;-9.578175;-0.017414;-0.021866;-0.005864;-0.30133;0.105223;0.877471
753;1.888538;0.762975;-9.587035;-0.034276;0.009648;-0.012876;-0.301067;0.103874;0.877525
754;1.871537;0.733937;-9.596569;-0.025605;0.00823;-0.000511;-0.3011;0.103346;0.876888
755;1.878869;0.712004;-9.576512;0.002146;-0.006188;-0.004042;-0.301866;0.102571;0.87713
756;1.88373;0.694883;-9.527233;0.003022;-0.026155;-0.002316;-0.299745;0.103684;0.877991
757;1.891033;0.711894;-9.551872;-0.002227;0.006364;-0.009317;-0.299471;0.103938;0.878259
758;1.886201;0.687632;-9.551523;0.019256;-0.01442;-0.011105;-0.30063;0.104383;0.878444
759;1.883739;0.709531;-9.566614;0.012105;0.020951;-0.012806;-0.29953;0.103015;0.877112
760;1.903163;0.728776;-9.522637;0.001328;-0.017218;-0.007591;-0.301265;0.1028;0.878717
761;1.864276;0.699953;-9.586306;-0.012861;-0.010129;-0.011138;-0.299175;0.102448;0.878969
762;1.88617;0.733886;-9.608573;0.004228;-0.004715;-0.018163;-0.299374;0.103271;0.877633
763;1.883726;0.711941;-9.556875;-0.00384;-0.008383;-0.016417;-0.299683;0.103268;0.879178
764;1.873956;0.714381;-9.537502;0.010199;-0.003441;-0.005795;-0.30027;0.102769;0.87786
765;1.878877;0.704708;-9.571495;0.017347;-0.004287;-0.005788;-0.300057;0.102502;0.876969
766;1.905641;0.714225;-9.539464;0.01162;-0.009349;0.011867;-0.300538;0.102915;0.877711
767;1.842308;0.71218;-9.572179;-0.013852;0.002695;-0.007585;-0.298447;0.102295;0.877971
768;1.881342;0.697443;-9.588449;-0.000676;-0.004209;0.003024;-0.299371;0.102067;0.877668
769;1.873957;0.72901;-9.567101;-0.008486;-0.010006;-0.007595;-0.298738;0.102957;0.879888
770;1.864182;0.709498;-9.498439;0.001461;-0.007384;-0.014649;-0.300271;0.102903;0.877856
771;1.878748;0.740991;-9.496321;-0.00375;-0.006707;-0.021712;-0.299139;0.10233;0.877153
772;1.854498;0.719442;-9.591684;-0.00031;-0.002833;-0.014642;-0.299057;0.102044;0.878727
773;1.878895;0.729128;-9.640391;0.001241;-0.002524;-0.00315;-0.298509;0.102017;0.879277
774;1.8812;0.728821;-9.488735;0.018979;-0.018656;0.001252;-0.30027;0.102367;0.877872
775;1.86912;0.699862;-9.551995;-0.003011;-0.015556;-0.012903;-0.298263;0.10201;0.87903
776;1.873961;0.731458;-9.576926;0.013817;-0.007998;-0.007565;-0.299087;0.103523;0.878161
777;1.854485;0.709661;-9.557279;0.009167;-0.005985;0.001258;-0.299059;0.102847;0.878703
778;1.859376;0.71455;-9.586635;-0.004144;0.000181;-0.002275;-0.297208;0.102367;0.879336
779;1.878869;0.714442;-9.581446;-0.009416;0.0082;-0.006675;-0.299045;0.102978;0.87896
780;1.864191;0.724145;-9.53782;-0.008462;-0.004595;-0.009353;-0.299071;0.102181;0.878462
781;1.917803;0.721425;-9.527178;-0.007603;-0.008202;-0.007579;-0.298204;0.102933;0.880177
782;1.86905;0.724088;-9.520627;0.012705;0.007678;0.001295;-0.298263;0.102144;0.879026
783;1.873993;0.719338;-9.588942;-0.014814;0.00095;-0.004047;-0.299798;0.1022;0.879463
784;1.873888;0.738611;-9.50858;-0.006103;0.00306;0.0048;-0.299077;0.101647;0.878347
785;1.864218;0.719331;-9.559745;-0.00391;-0.011922;-0.012896;-0.29881;0.101769;0.878488
786;1.869103;0.714453;-9.562031;-0.004221;-0.001554;0.001257;-0.297776;0.102265;0.878398
787;1.859353;0.714498;-9.559734;-0.007283;-0.004924;-0.022602;-0.299357;0.101662;0.877941
788;1.87881;0.736252;-9.557372;-0.009334;-0.017339;-0.009375;-0.299064;0.102046;0.878596
789;1.849628;0.724352;-9.606516;-0.004168;0.019289;-0.002237;-0.298919;0.101502;0.87888
790;1.844665;0.743683;-9.543346;0.017391;0.006546;-0.009304;-0.298024;0.103075;0.878621
791;1.881263;0.714335;-9.532499;0.004818;0.0029;-0.004903;-0.29881;0.101903;0.878484
792;1.900752;0.728846;-9.55202;0.009602;-0.001091;-0.019913;-0.299098;0.102187;0.87794
793;1.881306;0.719306;-9.591275;0.003005;0.01838;-0.003989;-0.297791;0.102803;0.878121
794;1.893419;0.728835;-9.527677;0.006808;-0.000978;-0.014619;-0.300769;0.101714;0.878255
795;1.852048;0.724302;-9.586915;0.00132;-0.000817;-0.007571;-0.300377;0.101163;0.878292
796;1.878784;0.733757;-9.523093;0.001184;0.004758;-0.002253;-0.30067;0.100646;0.877641
797;1.878869;0.729071;-9.611046;-0.002374;-0.000694;-0.001384;-0.298535;0.101354;0.878775
798;1.869128;0.695005;-9.55191;-0.009262;-0.010152;-0.0129;-0.299709;0.102471;0.878679
799;1.873957;0.72901;-9.567101;0.003128;-0.020824;-0.007603;-0.299646;0.102214;0.877389
800;1.869067;0.719249;-9.530325;0.012083;-0.009906;-0.010223;-0.298823;0.101906;0.878223
801;1.86417;0.750918;-9.567631;0.026141;-0.000431;-0.00047;-0.298248;0.101472;0.879307
802;1.861817;0.695042;-9.552022;-0.003919;0.009884;-0.013738;-0.298405;0.101483;0.878778
803;1.883658;0.738609;-9.532886;0.015489;-0.002422;-0.003132;-0.299872;0.10235;0.878024
804;1.893447;0.736211;-9.574267;0.024304;0.013232;0.001329;-0.300332;0.102357;0.87917
805;1.869112;0.719349;-9.581679;-0.002338;0.010152;-0.004016;-0.300372;0.101831;0.878403
806;1.874076;0.719523;-9.684315;-0.027207;0.000768;-0.007594;-0.30107;0.102001;0.87745
807;1.859452;0.690339;-9.625339;-0.008719;0.01211;0.003042;-0.299542;0.100852;0.879386
808;1.88853;0.728827;-9.510633;0.026116;-0.002246;0.000413;-0.301032;0.103465;0.878189
809;1.912915;0.762866;-9.594;0.027889;0.001434;0.001317;-0.301228;0.102414;0.876909
810;1.88854;0.714222;-9.49326;0.021026;-0.017143;-0.011106;-0.298937;0.103647;0.878556
811;1.874122;0.685493;-9.669049;0.016584;-0.011669;-0.010222;-0.298569;0.104974;0.878146
812;1.8643;0.678067;-9.571252;0.019176;-0.006132;-0.007562;-0.298166;0.105759;0.878405
813;1.87399;0.699828;-9.547029;0.0033;-0.01014;-0.016416;-0.298153;0.105756;0.878666
814;1.859413;0.651243;-9.502388;0.00333;-0.018351;-0.017325;-0.298441;0.106174;0.878118
815;1.864292;0.690239;-9.586137;-0.038009;-0.008316;-0.003215;-0.297398;0.105196;0.878202
816;1.869091;0.719301;-9.557224;-0.0048;-0.013751;-0.0129;-0.296862;0.104101;0.878523
817;1.86915;0.702367;-9.591165;-0.011116;-0.00825;-0.009364;-0.297349;0.104114;0.879147
818;1.852128;0.695224;-9.620644;-0.007481;0.002614;-0.012875;-0.297437;0.103575;0.879939
819;1.81552;0.69042;-9.552644;0.006885;-0.006472;-0.017305;-0.296381;0.102593;0.880284
820;1.861746;0.741206;-9.562608;0.015478;-0.004205;-0.002258;-0.297589;0.104254;0.87952
821;1.869052;0.728969;-9.532939;0.019006;-0.004137;-0.000487;-0.297232;0.104112;0.878893
822;1.825292;0.675794;-9.549795;0.012724;-0.020454;0.002988;-0.295258;0.103762;0.879399
823;1.815586;0.675938;-9.598853;0.016405;-0.013273;-0.002294;-0.295655;0.106722;0.879291
824;1.830212;0.70025;-9.650409;-0.004906;-0.000853;-0.007586;-0.295132;0.105899;0.879343
825;1.837462;0.670822;-9.522625;0.004905;-0.014436;-0.007604;-0.295991;0.104342;0.877781
826;1.839934;0.675762;-9.571582;0.002866;-0.011397;0.004766;-0.295352;0.105632;0.880119
827;1.810625;0.70015;-9.547997;0.012072;0.002852;-0.010214;-0.295907;0.106196;0.879423
828;1.830185;0.680688;-9.581596;0.001211;0.002964;-0.002274;-0.295064;0.105348;0.880664
829;1.830181;0.673364;-9.561906;0.017331;-0.003339;-0.004919;-0.296681;0.105958;0.879519
830;1.83506;0.685539;-9.591389;0.008524;0.010983;-0.011079;-0.297259;0.107597;0.878399
831;1.825328;0.675874;-9.591368;0.020813;0.022234;-0.002214;-0.295852;0.106743;0.877978
832;1.835047;0.680635;-9.56685;0.028031;0.000388;-0.004897;-0.296308;0.108354;0.879208
833;1.85456;0.656192;-9.536783;0.012055;0.006494;-0.009316;-0.297574;0.107194;0.879825
834;1.854594;0.651391;-9.566044;0.012805;0.007598;-0.002248;-0.297731;0.1083;0.876792
835;1.854619;0.646572;-9.585524;0.01017;0.021153;-0.004873;-0.298459;0.108586;0.877785
836;1.859472;0.6465;-9.560994;0.011925;0.024824;-0.003979;-0.2985;0.108863;0.876994
837;1.871665;0.656205;-9.587878;0.0063;0.023301;0.009264;-0.299808;0.108381;0.876809
838;1.891168;0.651244;-9.585051;0.003136;0.013689;-0.009302;-0.301063;0.108957;0.877636
839;1.90334;0.643839;-9.555392;0.003035;0.015613;-0.00488;-0.301339;0.110041;0.877329
840;1.91063;0.651069;-9.545626;0.020879;0.024832;-0.005721;-0.303014;0.109192;0.875053
841;1.918043;0.622001;-9.603698;-0.007425;0.049747;-0.018067;-0.304271;0.110705;0.875852
842;1.959304;0.648231;-9.461695;0.008106;0.028653;0.006649;-0.305415;0.111305;0.873822
843;1.937432;0.641166;-9.518147;-0.025397;0.007032;-0.01022;-0.306388;0.110795;0.875086
844;1.993429;0.679764;-9.530197;-0.030844;0.004354;-0.005797;-0.3072;0.109496;0.874431
845;1.961767;0.670219;-9.535402;-0.014739;-0.026425;-0.005851;-0.306384;0.10852;0.875153
846;1.94717;0.645969;-9.515638;-0.005736;-0.030986;-0.009389;-0.306016;0.109981;0.87474
847;1.9398;0.677569;-9.511409;-0.023798;-0.039047;0.001172;-0.304923;0.107386;0.875785
848;1.903315;0.651096;-9.540847;-0.007795;-0.044261;0.004701;-0.302055;0.108744;0.876028
849;1.879075;0.632009;-9.653371;-0.02209;-0.035214;0.006462;-0.301586;0.106838;0.87754
850;1.903204;0.670355;-9.453148;-0.0163;-0.039437;-0.016495;-0.300949;0.106547;0.877322
851;1.832717;0.634564;-9.597874;-0.000637;0.00486;0.001257;-0.29992;0.106107;0.87713
852;1.917871;0.702072;-9.565967;0.005616;-0.002422;0.000395;-0.302469;0.106198;0.878032
853;1.898416;0.690075;-9.590508;-0.015713;-0.002683;-0.003169;-0.300948;0.106413;0.877326
854;1.883755;0.690064;-9.546712;-0.00025;0.004334;-0.018155;-0.300775;0.10506;0.878156
855;1.891096;0.675464;-9.551237;-0.014893;0.004666;-0.000507;-0.30166;0.105358;0.878621
856;1.91306;0.672981;-9.580206;0.001256;-0.00166;-0.004028;-0.301147;0.105741;0.878507
857;1.878838;0.689994;-9.497877;0.006652;0.004662;-0.00755;-0.301174;0.106014;0.877977
858;1.888682;0.675529;-9.578175;0.004745;-0.011513;0.000365;-0.298243;0.105886;0.879438
859;1.900792;0.699678;-9.539285;0.004864;-0.013501;-0.005816;-0.299664;0.104626;0.877057
860;1.891066;0.692465;-9.551534;-0.012857;-0.00471;-0.012004;-0.300392;0.105448;0.878035
861;1.878864;0.711994;-9.571622;-0.011349;-0.006165;0.001242;-0.300503;0.105984;0.878404
862;1.869118;0.712048;-9.574216;-0.013016;-0.00995;-0.00407;-0.301041;0.104269;0.878035
863;1.8643;0.665876;-9.546586;0.008432;-0.00709;-0.005812;-0.301316;0.104952;0.87774
864;1.903201;0.694727;-9.49759;-0.003136;-0.013622;-0.007592;-0.300028;0.105171;0.877542
865;1.908118;0.694797;-9.546425;-0.002242;-0.007242;-0.007576;-0.300454;0.10517;0.879341
866;1.864296;0.685372;-9.581161;-0.005856;-0.008092;-0.004945;-0.299055;0.104452;0.878786
867;1.878892;0.699865;-9.578747;0.004711;-0.00421;0.001263;-0.2992;0.105263;0.878494
868;1.847189;0.719484;-9.594241;-0.012247;0.00021;0.001246;-0.299999;0.104228;0.878092
869;1.891041;0.704599;-9.546854;0.001447;-0.014618;-0.01289;-0.299822;0.104346;0.879008
870;1.883789;0.680387;-9.566106;0.013881;-0.008073;-0.010217;-0.299186;0.104992;0.878763
871;1.891015;0.697227;-9.502709;0.009301;-0.002551;-0.005792;-0.298657;0.104301;0.878942
872;1.859412;0.690249;-9.578875;-0.014943;-0.00978;0.002989;-0.2988;0.104042;0.878682
873;1.869143;0.695038;-9.569029;-0.001403;0.007382;-0.005789;-0.299701;0.105413;0.878853
874;1.864346;0.695233;-9.65714;-0.000548;0.008383;-0.003137;-0.298999;0.10433;0.877361
875;1.883696;0.699684;-9.497972;0.004752;0.006601;-0.002247;-0.298466;0.105109;0.877627
876;1.861846;0.680479;-9.556659;0.013433;0.004282;0.010115;-0.299877;0.104626;0.877957
877;1.878843;0.711947;-9.547167;-0.004817;-0.002841;-0.012875;-0.299102;0.104329;0.877876
878;1.888672;0.680381;-9.575814;0.020178;-0.00445;-0.01285;-0.299074;0.103787;0.878414
879;1.874;0.699852;-9.559258;0.002142;-0.00437;-0.004041;-0.300089;0.104358;0.878864
880;1.883793;0.67552;-9.561131;0.018873;-0.003048;0.006579;-0.298308;0.104696;0.878168
881;1.874025;0.680403;-9.549137;0.006557;0.002988;-0.002256;-0.298952;0.104854;0.878259
882;1.878902;0.692574;-9.576174;-0.005845;-0.004482;-0.005816;-0.299323;0.105267;0.878618
883;1.859392;0.670701;-9.517399;0.020989;-0.007079;-0.009331;-0.298809;0.104846;0.878527
884;1.878934;0.680454;-9.58819;-0.011282;0.00648;-0.002268;-0.298762;0.105237;0.879429
885;1.869154;0.685309;-9.561523;-0.009267;-0.003783;-0.012887;-0.299016;0.105513;0.879537
886;1.859346;0.716922;-9.557331;-0.002232;0.010015;-0.009318;-0.299049;0.104986;0.878901
887;1.888638;0.699811;-9.576153;0.006633;0.002896;-0.005783;-0.299288;0.104188;0.879302
888;1.871597;0.685311;-9.568822;-0.014863;0.010998;-0.002265;-0.29982;0.103409;0.879036
889;1.874053;0.675589;-9.571061;0.006714;0.00099;-0.009326;-0.299707;0.105281;0.878727
890;1.878855;0.690032;-9.517441;-0.004041;-0.000883;-0.007574;-0.29985;0.105021;0.878467
891;1.869147;0.685295;-9.554187;-0.012135;-0.000851;-0.004053;-0.300239;0.1041;0.878473
892;1.900751;0.70934;-9.512554;0.011909;-0.006987;-0.002261;-0.299707;0.105281;0.878727
893;1.878962;0.678078;-9.615047;0.001368;0.002769;-0.009327;-0.299734;0.105019;0.878213
894;1.87879;0.728895;-9.520563;-0.004086;-0.000836;-0.005804;-0.300993;0.103723;0.878965
895;1.864294;0.670738;-9.549116;-0.005007;-0.006225;-0.003175;-0.300526;0.103581;0.877953
896;1.893481;0.709467;-9.55913;-0.002366;0.001089;-0.002262;-0.300618;0.105049;0.878685
897;1.871544;0.690069;-9.517552;0.005852;-0.004527;-0.011105;-0.300455;0.105438;0.879333
898;1.893482;0.69972;-9.541842;-0.000556;0.008332;-0.004013;-0.300029;0.104344;0.880038
899;1.878981;0.687873;-9.65679;-0.018339;0.011797;-0.005796;-0.301117;0.104128;0.879076
900;1.903268;0.663183;-9.511712;0.001271;-0.008057;-0.004929;-0.301314;0.104149;0.877764
901;1.854544;0.685412;-9.576419;0.010366;0.007282;-0.013729;-0.302244;0.106597;0.877382
902;1.888778;0.675742;-9.688221;0.03176;-0.000652;-0.011062;-0.301941;0.105507;0.878211
903;1.908067;0.69956;-9.497601;0.024745;-0.015483;-0.01816;-0.301183;0.106953;0.877818
904;1.908143;0.675349;-9.536304;0.027962;-0.02045;-0.000505;-0.301229;0.106428;0.876921
905;1.881394;0.675618;-9.605186;0.031657;-0.033247;-0.004949;-0.299671;0.108508;0.876942
906;1.869195;0.646393;-9.5315;0.015462;-0.035959;0.001202;-0.299782;0.109044;0.877311
907;1.854649;0.624695;-9.57536;-0.005098;-0.023341;0.002965;-0.299233;0.108482;0.877877
908;1.835156;0.612613;-9.555882;-0.009287;-0.006457;-0.011143;-0.299179;0.108469;0.878921
909;1.959061;0.806162;-9.498683;-0.023537;-0.007627;-0.014643;-0.298426;0.10898;0.878426
910;1.823041;0.568949;-9.550415;-0.043124;-0.019519;-0.012982;-0.297381;0.107065;0.878538
911;1.859448;0.685453;-9.610581;-0.020107;-0.019121;-0.004985;-0.297056;0.105033;0.879786
912;1.81084;0.617736;-9.629703;0.012824;0.008532;-0.00226;-0.29723;0.106787;0.878945
913;1.869116;0.702291;-9.552037;0.013961;-0.004544;-0.014627;-0.297971;0.106675;0.879689
914;1.883645;0.719075;-9.478746;-0.009687;-0.014215;0.006527;-0.298257;0.106156;0.879169
915;1.847248;0.646476;-9.517161;0.006437;-0.017746;0.004755;-0.296252;0.107138;0.880287
916;1.825417;0.641939;-9.625012;0.004887;-0.008004;-0.00583;-0.296942;0.106503;0.879489
917;1.825366;0.651578;-9.586054;0.011883;0.004921;-0.000496;-0.297588;0.107598;0.879552
918;1.839933;0.668447;-9.556782;-0.004726;-0.006556;-0.01643;-0.296027;0.107804;0.879629
919;1.844846;0.66607;-9.595793;-0.011965;-0.006475;-0.011138;-0.296025;0.107001;0.879653
920;1.835081;0.673396;-9.591177;-0.009365;-0.007268;-0.007606;-0.29738;0.106262;0.878562
921;1.825311;0.685589;-9.591537;-0.003928;0.023547;-0.01372;-0.295229;0.106164;0.87998
922;1.854527;0.680498;-9.546988;0.00222;-0.006275;-0.007585;-0.297122;0.10759;0.878536
923;1.839913;0.685467;-9.56686;-0.016624;-0.005378;-0.002309;-0.295745;0.106986;0.880059
924;1.839948;0.670919;-9.578834;-0.009332;-0.005498;-0.009367;-0.297165;0.105727;0.877678
925;1.83267;0.690532;-9.655093;-0.000498;-0.000747;-0.004931;-0.297146;0.106258;0.878054
926;1.844756;0.673185;-9.507883;-0.00069;-0.004208;0.00301;-0.297178;0.10798;0.879953
927;1.842353;0.670835;-9.542114;0.017211;-0.013193;0.001246;-0.296505;0.107973;0.877907
928;1.839967;0.651456;-9.561377;-0.007842;-0.007851;0.004758;-0.296471;0.10743;0.878576
929;1.839963;0.670952;-9.595951;0.003104;0.008298;-0.007558;-0.297548;0.10855;0.877835
930;1.839993;0.656389;-9.600589;0.006543;-0.002404;-0.000512;-0.297102;0.107987;0.878916
931;1.849728;0.651435;-9.5759;0.008387;0.004789;-0.004026;-0.296918;0.109064;0.877463
932;1.852128;0.670843;-9.571311;0.001352;0.00823;-0.009324;-0.297811;0.109206;0.880274
933;1.842412;0.636834;-9.541521;0.013658;0.006742;-0.000487;-0.298699;0.108726;0.878159
934;1.835099;0.644181;-9.553988;0.020934;0.014811;-0.007529;-0.298541;0.108313;0.8787
935;1.842419;0.646601;-9.568591;0.001022;0.007732;0.006567;-0.298686;0.108723;0.87842
936;1.859468;0.651367;-9.565969;0.00585;0.010037;-0.011081;-0.29903;0.108995;0.879304
937;1.854579;0.651358;-9.548926;0.001417;0.014501;-0.012845;-0.298352;0.110058;0.877357
938;1.874063;0.663422;-9.558622;0.001575;0.020658;-0.020774;-0.299614;0.110368;0.878062
939;1.878988;0.644005;-9.577773;0.005892;0.009986;-0.012843;-0.299378;0.109293;0.877585
940;1.879016;0.641629;-9.60463;-0.014632;0.018003;-0.01285;-0.300838;0.109624;0.876978
941;1.893655;0.624525;-9.589438;-0.008586;0.01375;-0.003135;-0.301371;0.109112;0.876704
942;1.913067;0.651056;-9.545588;-0.016548;0.021742;-0.007536;-0.302024;0.110075;0.876641
943;1.913076;0.646199;-9.545504;0.00108;0.003086;0.003927;-0.301949;0.111019;0.875576
944;1.915534;0.636481;-9.550188;0.006749;-0.008148;-0.010221;-0.304497;0.110039;0.87651
945;1.917994;0.636521;-9.577051;-0.0078;0.006607;0.002158;-0.304294;0.112048;0.875421
