time index;acc_x;acc_y;acc_z;gyr_x;gyr_y;gyr_z;mag_x;mag_y;mag_z
1;3.716697;5.848802;-6.990272;-0.021095;0.001299;-0.013782;-0.394557;-0.748112;0.348604
2;3.701902;5.833616;-6.960536;-0.008404;0.024172;-0.023329;-0.394123;-0.748648;0.348627
3;3.724151;5.848862;-6.997627;-0.005006;0.006554;-0.017275;-0.394418;-0.74759;0.348745
4;3.754064;5.834068;-7.019522;-0.010438;0.010069;-0.011961;-0.393629;-0.749762;0.349868
5;3.739173;5.833917;-6.997308;-0.014133;0.010966;-0.005777;-0.392389;-0.749226;0.349252
6;3.716797;5.826328;-6.99775;-0.008795;0.001287;-0.006727;-0.39338;-0.748951;0.349338
7;3.716871;5.818764;-6.982731;-0.001802;0.000402;-0.001439;-0.393274;-0.748137;0.348801
8;3.731701;5.833888;-6.997458;-0.012195;0.003921;-0.013767;-0.393811;-0.747895;0.349585
9;3.716706;5.833923;-7.020273;-0.008876;-0.003993;-0.003234;-0.393951;-0.749461;0.349042
10;3.716779;5.826359;-7.005255;-0.023084;0.006589;-0.003162;-0.393126;-0.748536;0.34881
11;3.731705;5.826448;-7.012459;-0.013868;0.027687;-0.01625;-0.394545;-0.748123;0.348875
12;3.731758;5.826355;-6.989945;-0.006946;-0.000485;-0.010269;-0.392533;-0.748699;0.349379
13;3.731783;5.811446;-7.012441;0.004035;-0.002269;-0.024402;-0.394516;-0.748933;0.349283
14;3.731736;5.833826;-6.982449;-3.2e-05;-0.002249;-0.001455;-0.394751;-0.748062;0.34738
15;3.716836;5.818827;-6.997741;-0.003423;0.000399;-0.008499;-0.394496;-0.749082;0.346315
16;3.701936;5.803828;-7.013033;-0.005387;0.02066;0.002228;-0.393308;-0.748497;0.347856
17;3.716549;5.863929;-7.020308;-0.026773;0.020682;0.004002;-0.394662;-0.748274;0.34941
18;3.761362;5.864134;-7.026913;-0.021277;0.003042;-0.004946;-0.392114;-0.746873;0.349935
19;3.761527;5.848976;-6.989371;-0.021014;0.003915;-0.017295;-0.39363;-0.748979;0.346761
20;3.67963;5.796115;-6.983455;-0.006979;-0.000458;-0.008508;-0.394189;-0.748065;0.347272
21;3.701823;5.818893;-7.02806;-0.01961;0.020678;0.002229;-0.392553;-0.748551;0.348972
22;3.731631;5.834013;-7.027477;-0.034639;0.004835;-0.003175;-0.394232;-0.749981;0.348895
23;3.746792;5.818818;-6.967122;-0.003512;-0.002254;-0.004988;-0.394893;-0.749103;0.346971
24;3.761666;5.819001;-6.99684;0.001731;-0.01547;-0.001552;-0.394575;-0.749139;0.347796
25;3.73167;5.826511;-7.027469;-0.015229;-0.014552;0.001984;-0.394942;-0.748535;0.346022
26;3.73167;5.826511;-7.027469;-0.008634;0.011837;-0.012832;-0.39367;-0.749984;0.348787
27;3.716836;5.818827;-6.997741;-0.034369;-0.002207;-0.016461;-0.394302;-0.748089;0.347942
28;3.709204;5.856243;-6.982926;-0.009776;0.010098;-0.002247;-0.394272;-0.749292;0.348216
29;3.73174;5.826386;-6.997449;-0.004398;-0.004006;-0.004999;-0.393944;-0.749207;0.349312
30;3.716801;5.818889;-7.01275;-0.020929;0.001293;-0.020848;-0.394742;-0.748982;0.350623
31;3.731758;5.826355;-6.989945;-0.014115;0.010089;-0.006666;-0.393686;-0.748665;0.348918
32;3.724308;5.818856;-6.997591;-0.009827;0.00569;0.000361;-0.392288;-0.747363;0.348982
33;3.746688;5.819005;-7.01215;-0.019634;0.009213;0.002148;-0.393958;-0.748672;0.349175
34;3.724221;5.819012;-7.035114;-0.023118;0.003064;-0.001424;-0.392048;-0.748892;0.347378
35;3.716823;5.811419;-7.020246;-0.015676;0.018014;-0.015438;-0.393804;-0.749077;0.345943
36;3.716892;5.811294;-6.990227;-0.04615;0.011899;-0.004893;-0.393695;-0.748787;0.348648
37;3.717179;5.766191;-6.967659;-0.046718;-0.003954;-0.020895;-0.391508;-0.748615;0.346863
38;3.731545;5.863894;-6.997494;-0.075044;0.008395;-0.026088;-0.391822;-0.751714;0.344965
39;3.702202;5.924374;-6.990935;-0.069154;0.012038;-0.008507;-0.391072;-0.751773;0.347367
40;3.680291;5.863932;-6.908762;-0.065614;-0.002918;-0.009501;-0.390571;-0.75185;0.345772
41;3.687584;5.871712;-6.968659;-0.037265;0.008487;-0.003244;-0.390087;-0.752695;0.343503
42;3.702497;5.894119;-6.930862;-0.071964;0.001484;-0.00329;-0.390998;-0.752496;0.342109
43;3.785493;5.788949;-6.816515;-0.095762;-0.010855;-0.013985;-0.392925;-0.75226;0.340126
44;3.802692;5.554592;-6.365655;-0.058099;-0.081331;-0.038327;-0.391085;-0.756328;0.338605
45;3.849076;6.165228;-7.190573;0.03035;-0.064023;-0.097131;-0.387306;-0.756328;0.3429
46;3.162964;5.996778;-7.024074;0.020364;0.006793;-0.041048;-0.384462;-0.756377;0.343173
47;3.341946;6.102121;-6.93054;0.040736;0.053411;0.087242;-0.384966;-0.756427;0.344633
48;3.330166;5.739685;-6.375062;0.268103;0.194066;0.229374;-0.390543;-0.752908;0.348
49;3.19752;6.150568;-7.894049;0.096963;0.380082;0.322455;-0.403622;-0.744725;0.349778
50;4.244512;6.701375;-9.464526;-0.60559;0.38046;0.430949;-0.419522;-0.741865;0.336312
51;5.97991;6.986961;-7.936602;-1.682504;0.184644;0.285721;-0.437508;-0.745414;0.294411
52;5.793854;6.510766;-5.448385;-1.58049;-0.83431;-0.681411;-0.428622;-0.765348;0.245749
53;3.909457;4.458033;-4.290831;-0.642382;-1.051316;-1.073149;-0.391241;-0.785688;0.231541
54;2.868462;6.255354;-4.54634;-0.292754;-0.473497;-0.601058;-0.362376;-0.806156;0.216786
55;2.582775;6.39118;-5.009993;0.455374;-0.37743;-0.488251;-0.342851;-0.812144;0.227735
56;2.323132;6.979892;-6.118988;0.646317;-0.294747;-0.341985;-0.32457;-0.811876;0.255213
57;2.005725;7.341831;-6.868688;0.613984;-0.165107;-0.228085;-0.313373;-0.80929;0.280048
58;1.987387;7.496478;-7.994874;0.179769;-0.130188;-0.112291;-0.305399;-0.806826;0.295547
59;2.289858;7.060152;-7.410488;-0.310713;-0.043341;0.046154;-0.308272;-0.805966;0.294866
60;2.394535;7.268512;-6.905821;-0.513525;-0.071282;0.040704;-0.309367;-0.809643;0.280917
61;2.66494;7.177824;-6.48755;-0.444508;-0.195752;-0.205475;-0.302899;-0.816085;0.267341
62;2.576933;7.025887;-6.113937;-0.172479;-0.223432;-0.375078;-0.292663;-0.821091;0.259748
63;2.562817;7.009486;-5.791517;-0.075108;-0.18922;-0.397765;-0.2778;-0.826247;0.257779
64;2.383352;7.083368;-5.690143;0.151013;-0.114574;-0.367203;-0.266113;-0.828562;0.258754
65;1.82985;7.007983;-6.128931;0.199524;-0.058904;-0.338584;-0.2537;-0.830903;0.26692
66;1.596663;7.099065;-6.606489;0.278753;-0.056215;-0.256489;-0.243674;-0.830749;0.276449
67;1.634314;7.135845;-6.395651;0.241563;-0.075549;-0.268085;-0.233381;-0.830324;0.285721
68;1.304215;7.055231;-7.167638;0.068708;-0.004706;-0.151159;-0.226842;-0.830043;0.293191
69;1.364145;7.084908;-7.031388;-0.100613;-0.019468;-0.135383;-0.225114;-0.830223;0.293815
70;1.334803;7.046661;-6.88185;-0.088688;-0.051995;-0.074725;-0.219603;-0.83068;0.290033
71;1.738765;7.158818;-6.408586;-0.143284;-0.043251;0.018006;-0.217026;-0.833612;0.28625
72;1.754318;7.18751;-6.078114;-0.242221;-0.036022;0.10807;-0.220357;-0.835067;0.277182
73;1.40195;7.188298;-6.602994;-0.196409;0.039796;0.140362;-0.222803;-0.834738;0.273013
74;1.61976;7.187113;-6.110835;-0.167365;0.058159;0.149326;-0.229876;-0.836738;0.265656
75;1.880167;7.346159;-6.225844;-0.082234;0.08169;0.160984;-0.236295;-0.836348;0.261295
76;1.796888;7.429541;-6.512773;-0.053849;0.078118;0.084202;-0.240304;-0.836514;0.260156
77;1.708354;7.285978;-6.3493;-0.014688;0.088679;0.082495;-0.243167;-0.836708;0.259343
78;1.902561;7.383441;-6.150391;-0.004426;0.06389;0.013515;-0.245241;-0.83477;0.257888
79;1.946217;7.489758;-6.419785;-0.033096;0.028691;0.022983;-0.246874;-0.834808;0.259429
80;1.693509;7.233721;-6.424585;-0.015965;0.016439;-0.027437;-0.246596;-0.834807;0.259308
81;1.962164;7.376546;-6.239238;-0.079669;0.012887;-0.0045;-0.246364;-0.834763;0.258104
82;1.813526;7.26307;-6.152049;0.028385;0.005771;-0.027497;-0.246319;-0.834415;0.255945
83;1.783152;7.263826;-6.362782;-0.016518;-0.002074;-0.004619;-0.24612;-0.835514;0.256903
84;1.902873;7.32343;-6.15032;0.066303;0.012729;-0.013319;-0.248043;-0.834107;0.255456
85;1.962559;7.323818;-6.186642;0.059783;0.03384;0.002707;-0.24739;-0.833413;0.257781
86;1.827833;7.219677;-6.526931;0.142435;0.023203;-0.032684;-0.2469;-0.832434;0.263067
87;1.857946;7.249113;-6.361263;0.060336;-0.015425;-0.024125;-0.245748;-0.831032;0.264065
88;1.857224;7.294995;-6.571448;0.012265;0.018083;-0.015952;-0.245775;-0.830745;0.266898
89;1.723431;7.233775;-6.408975;-0.023769;0.016454;0.004328;-0.247265;-0.831961;0.268044
90;1.903115;7.233817;-6.247773;-0.034475;0.00758;0.003382;-0.244462;-0.831581;0.267503
91;1.872768;7.279115;-6.345989;-0.050627;0.033145;0.013272;-0.247014;-0.831675;0.264005
92;1.850331;7.256773;-6.40645;-0.044745;0.000586;0.027158;-0.247264;-0.832354;0.264535
93;1.932506;7.279409;-6.359797;-0.043356;0.033981;0.006216;-0.2465;-0.832287;0.262546
94;1.880187;7.249512;-6.43586;-0.037782;0.002301;-0.006364;-0.248266;-0.833637;0.260439
95;1.931998;7.376929;-6.359914;-0.065128;0.000547;-0.018707;-0.249883;-0.834343;0.258743
96;1.902376;7.309455;-6.397957;-0.078681;0.012908;-0.006281;-0.248475;-0.833703;0.258809
97;1.858296;7.307941;-6.076155;-0.050962;0.003218;-0.018687;-0.248589;-0.834771;0.255702
98;1.813038;7.263942;-6.362181;-0.050538;0.035813;0.00976;-0.247333;-0.83451;0.255357
99;1.903021;7.308302;-6.120283;0.031574;0.003972;-0.01162;-0.247934;-0.833818;0.254786
100;1.828322;7.278255;-6.181786;-0.004644;0.0296;0.022082;-0.248347;-0.833171;0.255304
101;1.827708;7.286785;-6.42945;0.038383;0.019845;0.007891;-0.249373;-0.833255;0.25782
102;2.036254;7.437409;-6.372893;-0.049186;0.032191;0.027406;-0.251309;-0.832489;0.255834
103;1.857538;7.294434;-6.436363;0.00229;0.004021;-0.009869;-0.250669;-0.833086;0.257352
104;1.902837;7.264041;-6.300342;-0.064472;-0.008234;-0.008197;-0.251057;-0.83442;0.257741
105;1.932427;7.264687;-6.427322;-0.101794;0.01292;-0.005411;-0.251069;-0.834018;0.25423
106;1.902343;7.368968;-6.277953;-0.162148;0.030622;-0.011442;-0.251521;-0.834902;0.24989
107;1.93116;7.504766;-6.435113;-0.187958;0.029757;-0.009666;-0.250606;-0.836803;0.243999
108;1.701948;7.382772;-6.034644;-0.210096;0.03268;0.026425;-0.253965;-0.837205;0.236778
109;2.052168;7.57905;-5.997802;-0.195132;0.011365;0.02895;-0.254013;-0.838858;0.228277
110;1.933696;7.465191;-5.789938;-0.068207;-0.002835;-0.005562;-0.254364;-0.8414;0.225702
111;1.933108;7.458811;-6.060099;-0.037549;0.009454;0.020104;-0.254705;-0.840299;0.224738
112;1.992925;7.503554;-5.938876;-0.011113;0.015538;-0.011607;-0.255067;-0.840743;0.226071
113;1.933179;7.518137;-5.895067;0.08513;0.005758;-0.024015;-0.254561;-0.840041;0.228253
114;1.827889;7.397936;-6.099377;0.138418;0.006512;-0.020398;-0.253676;-0.837198;0.231431
115;1.975539;7.594927;-6.426815;0.068865;0.012685;-0.007986;-0.255091;-0.83744;0.234739
116;2.110585;7.564726;-6.251469;-0.010953;-0.009288;-0.020503;-0.253146;-0.836257;0.237665
117;1.797671;7.398412;-6.242567;-0.07218;0.030581;0.020341;-0.253215;-0.837627;0.235505
118;1.922837;7.595441;-6.600474;-0.42123;0.090877;0.136348;-0.259546;-0.83706;0.226557
119;1.818941;7.668086;-6.129868;-0.49749;0.166791;0.209263;-0.265507;-0.839841;0.211696
120;1.921025;7.00562;-5.474219;-0.659444;0.139726;0.295431;-0.277356;-0.841293;0.191957
121;1.725697;7.289174;-5.298349;-0.891461;0.100591;0.409036;-0.288857;-0.843335;0.16346
122;1.99468;7.282779;-5.307945;-0.805109;0.08462;0.607457;-0.305522;-0.839896;0.135376
123;2.860325;7.934598;-4.285679;-0.576757;0.106798;0.553931;-0.324638;-0.83834;0.108933
124;3.103858;8.059881;-5.316519;-0.298896;0.002302;0.369663;-0.341946;-0.833642;0.09634
125;3.548986;8.803023;-5.008209;0.034083;0.043812;0.174222;-0.349296;-0.831078;0.090849
126;3.345786;8.901474;-5.425138;0.174438;0.11938;0.107709;-0.353883;-0.828092;0.09737
127;3.679404;8.083997;-5.154892;-0.152958;0.006862;-0.048557;-0.356193;-0.82802;0.096313
128;3.197487;7.688978;-4.428723;-0.052281;-0.015922;-0.106977;-0.353287;-0.829173;0.090921
129;2.704688;8.718008;-5.212691;-0.157695;0.11132;0.089978;-0.353254;-0.8309;0.091062
130;3.068645;8.145079;-4.191669;-0.100273;0.084618;-0.025;-0.355224;-0.830495;0.084755
131;2.825242;7.573665;-4.113391;0.16902;0.061533;0.022411;-0.356185;-0.829336;0.085921
132;2.860498;7.689044;-4.765685;0.252402;0.056112;0.037377;-0.35743;-0.828038;0.093823
133;3.006703;8.16359;-5.093454;0.148914;0.046492;0.052376;-0.358958;-0.82687;0.098336
134;3.201388;8.156157;-4.924438;0.134991;0.045528;0.036482;-0.359773;-0.826627;0.105991
135;3.24731;7.916564;-4.990794;0.09089;0.02442;0.022164;-0.360819;-0.825779;0.108369
136;3.076275;7.773243;-4.964057;0.052144;0.013101;0.005297;-0.361918;-0.825534;0.10926
137;3.106084;7.818088;-4.895968;0.068351;0.00514;-0.006218;-0.362362;-0.824335;0.112611
138;3.172876;7.878611;-4.954727;0.129814;-0.002019;-0.012434;-0.362308;-0.82308;0.11774
139;3.142563;7.864395;-5.172946;0.139593;-0.005545;-0.00982;-0.361352;-0.825015;0.122921
140;3.157561;7.79747;-5.300145;0.075952;-0.001085;-0.023929;-0.36034;-0.824394;0.127019
141;3.082989;7.789491;-5.256609;-0.022327;0.008776;-0.000923;-0.359621;-0.823892;0.127457
142;3.098036;7.789362;-5.211281;-0.046393;0.022887;0.002704;-0.359248;-0.822023;0.126931
143;3.142954;7.819106;-5.10535;-0.088168;0.047569;0.002881;-0.360187;-0.822973;0.124457
144;3.158293;7.796161;-4.984947;-0.029525;0.024604;0.00096;-0.360305;-0.822342;0.121885
145;3.143276;7.803667;-5.000266;0.018267;-0.005398;-0.032775;-0.360888;-0.823101;0.121184
146;3.098124;7.818932;-5.10625;0.023247;-0.003615;-0.015114;-0.360761;-0.824002;0.123892
147;3.075513;7.826627;-5.174252;0.016563;-0.014147;0.005989;-0.359644;-0.82322;0.123809
148;3.113049;7.789296;-5.180962;-0.0241;0.012287;-0.001779;-0.359582;-0.823538;0.125163
149;3.098098;7.804116;-5.151261;-0.03846;0.017599;0.004438;-0.358196;-0.822877;0.124688
150;3.157949;7.81907;-5.082535;-0.034805;0.021085;-0.000829;-0.360677;-0.822124;0.123217
151;3.142932;7.826576;-5.097854;0.006553;0.001661;-0.023902;-0.360773;-0.823208;0.12389
152;3.128167;7.789042;-5.105614;0.008373;-0.013301;-0.02666;-0.359493;-0.822709;0.12422
153;3.075639;7.818969;-5.13672;0.009913;0.014018;-0.013227;-0.35825;-0.822696;0.12347
154;3.097998;7.826589;-5.143783;-0.004581;0.001709;-0.001843;-0.359303;-0.824321;0.124773
155;3.068246;7.803937;-5.136852;-0.022289;0.007907;-0.004451;-0.359345;-0.824151;0.123826
156;3.098272;7.803804;-5.076214;-0.029573;0.028154;0.004515;-0.359914;-0.824402;0.123664
157;3.113067;7.81899;-5.10595;-0.008057;0.01931;-0.004368;-0.358916;-0.822596;0.124518
158;3.105487;7.826587;-5.136128;0.001046;0.028098;-0.013129;-0.360499;-0.823334;0.123633
159;3.135465;7.819108;-5.113005;-0.015322;0.006988;0.001721;-0.359647;-0.823347;0.123674
160;3.112998;7.819115;-5.135969;-0.029364;0.008772;-0.006209;-0.359923;-0.823872;0.123662
161;3.060918;7.79622;-5.091965;-0.020491;0.003507;-0.006246;-0.359202;-0.823894;0.123967
162;3.142997;7.804165;-5.120341;-0.018853;0.017551;0.001791;-0.358704;-0.823055;0.122639
163;3.128019;7.80417;-5.135651;-0.026882;0.010527;0.002624;-0.359219;-0.823878;0.123561
164;3.128006;7.826487;-5.09065;-0.01244;0.014026;-0.007933;-0.360672;-0.822781;0.123084
165;3.083559;7.766176;-5.06146;-0.00434;0.001711;-0.013322;-0.360242;-0.823052;0.123105
166;3.11318;7.803925;-5.090923;0.000831;-0.003588;-0.006294;-0.35862;-0.823003;0.124668
167;3.150208;7.834387;-5.165256;-0.002486;0.005192;-0.015938;-0.359185;-0.823126;0.124641
168;3.128045;7.818985;-5.090641;-0.004505;0.019299;-0.004368;-0.359643;-0.822569;0.124078
169;3.128289;7.788824;-5.053081;0.020703;0.005174;-0.020352;-0.359748;-0.823774;0.124481
170;3.105665;7.789111;-5.143588;0.027675;-0.022991;-0.015256;-0.360277;-0.823019;0.125668
171;3.08312;7.80412;-5.166571;0.018817;-0.006245;-0.015137;-0.35905;-0.82273;0.128022
172;3.098654;7.743668;-5.046124;0.025867;-0.009778;-0.013404;-0.359712;-0.823546;0.128802
173;3.16592;7.706733;-5.119775;0.08575;-0.078586;-0.073894;-0.357035;-0.823438;0.131901
174;3.084594;7.504216;-5.203736;-0.050238;-0.100409;-0.114684;-0.353815;-0.825405;0.133681
175;3.381699;7.939559;-4.980614;0.151813;-0.151942;-0.261426;-0.346052;-0.828617;0.138655
176;3.056473;7.307721;-4.881402;0.524279;-0.173457;-0.379893;-0.335282;-0.830332;0.151734
177;2.185385;7.847268;-5.574883;0.657447;-0.137107;-0.366285;-0.322263;-0.831407;0.174777
178;1.795894;7.832626;-6.032954;0.587301;-0.027536;-0.108756;-0.312507;-0.830346;0.198466
179;2.498783;7.834356;-5.778692;0.648829;0.027541;-0.03338;-0.307902;-0.825773;0.222167
180;2.536155;7.656117;-6.175477;0.763602;0.095995;-0.065592;-0.306362;-0.820422;0.243964
181;2.571422;7.660003;-7.075292;0.590578;0.112909;-0.026695;-0.308003;-0.814185;0.264524
182;3.455941;7.361029;-6.494367;0.762099;0.038926;-0.485226;-0.301113;-0.810576;0.281589
183;2.915883;7.228931;-7.713273;0.314135;-0.103126;-0.894845;-0.279965;-0.810773;0.299621
184;2.42154;7.623068;-7.355924;-0.311621;-0.047957;-1.682371;-0.235453;-0.823426;0.299644
185;2.190595;6.57457;-6.188749;-0.46215;-0.121556;-1.678631;-0.177072;-0.84331;0.283345
186;1.110077;6.119338;-5.984837;-0.064348;-0.337854;-1.346607;-0.12607;-0.854075;0.273416
187;0.085561;6.176434;-6.260634;0.065993;-0.241181;-0.705272;-0.092518;-0.857524;0.275451
188;-0.501105;6.879686;-6.363241;0.073624;-0.146468;-0.317973;-0.075031;-0.859913;0.279678
189;-0.51783;6.890246;-7.114022;-0.031009;-0.005291;0.060641;-0.067242;-0.856887;0.284232
190;0.030425;6.837413;-6.367813;-0.19074;-0.03681;0.243838;-0.072933;-0.858269;0.279321
191;0.088939;7.092571;-6.336897;-0.240218;-0.017316;0.392259;-0.08495;-0.858254;0.272936
192;0.329839;7.936001;-6.888294;-0.598347;-0.015159;0.507089;-0.10106;-0.859892;0.259475
193;0.973145;7.877706;-6.687695;-0.436083;-0.133656;0.473598;-0.114887;-0.861317;0.243153
194;1.080042;7.606469;-6.302531;-0.476463;-0.137282;0.283815;-0.125929;-0.865216;0.224813
195;1.22821;7.995755;-5.969788;-0.426146;-0.042351;0.258972;-0.137984;-0.866082;0.207092
196;1.244967;7.680439;-5.894064;-0.279178;-0.065492;0.164348;-0.142625;-0.867875;0.200393
197;1.303955;8.053657;-5.390496;-0.206312;-0.021604;0.11798;-0.148304;-0.867524;0.193369
198;0.924062;7.633933;-5.840428;-0.082448;0.078729;0.082429;-0.150969;-0.867642;0.190541
199;0.843286;7.631089;-5.234198;-0.019385;0.073454;0.117717;-0.155899;-0.86799;0.187605
200;0.95853;8.159462;-5.907846;0.048662;0.033666;0.094574;-0.162001;-0.869588;0.190013
201;0.951648;7.933309;-5.794882;-0.044491;0.069796;0.128416;-0.163592;-0.866116;0.191306
202;1.033494;8.045714;-5.688299;0.061437;0.055512;0.077168;-0.167121;-0.865817;0.191675
203;1.198304;7.830056;-5.984925;-0.027919;0.053782;0.104446;-0.171033;-0.86529;0.193105
204;1.341583;7.746501;-5.599235;0.044328;0.09057;0.051757;-0.174087;-0.864131;0.191604
205;1.332507;7.905406;-5.937284;-0.013452;0.023762;0.089248;-0.17616;-0.864019;0.192854
206;1.319285;7.694184;-5.667164;0.054829;0.020098;-0.027278;-0.177253;-0.863779;0.19388
207;1.279494;7.995657;-6.043509;-0.044673;0.051974;0.055927;-0.178626;-0.8638;0.194894
208;1.198469;7.785172;-6.014891;-0.020622;0.027309;0.012484;-0.179368;-0.864281;0.193914
209;1.392855;7.874884;-5.755935;-0.144012;0.012432;0.039744;-0.181288;-0.864183;0.192066
210;1.168528;7.881765;-5.820485;-0.159599;0.039865;0.064649;-0.182936;-0.864731;0.186318
211;1.392396;8.009475;-5.65103;-0.21703;0.022217;0.043366;-0.185871;-0.865381;0.180238
212;1.43741;8.05391;-5.470069;-0.222373;0.008123;0.039751;-0.187342;-0.867139;0.171531
213;1.334009;7.941998;-5.569874;-0.117923;0.018693;0.025588;-0.1889;-0.86636;0.167515
214;1.498626;8.038815;-5.243986;0.030123;-0.022978;-0.046141;-0.188365;-0.866469;0.166731
215;1.408773;7.949634;-5.530858;0.060145;-8.8e-05;-0.03012;-0.187396;-0.867114;0.169344
216;1.215184;7.806476;-5.56461;0.154617;0.025408;-0.037016;-0.185737;-0.866836;0.175227
217;1.422846;8.010701;-5.77078;0.051795;0.021925;-0.00967;-0.184411;-0.86638;0.17664
218;1.244787;7.81453;-5.669085;0.079746;0.034318;0.015098;-0.184963;-0.864819;0.180928
219;1.266189;7.942766;-5.81888;0.011284;0.022948;0.015032;-0.186454;-0.865642;0.185582
220;1.437241;8.05633;-5.905618;-0.06576;0.002728;0.040487;-0.186766;-0.864568;0.185295
221;1.393489;7.905596;-5.77876;-0.098271;0.011586;0.023759;-0.188694;-0.864984;0.179669
222;1.438633;7.934934;-5.575268;-0.106597;0.015111;0.036147;-0.19077;-0.865;0.177409
223;1.453785;7.934618;-5.484911;-0.076522;-0.018403;-0.002024;-0.192314;-0.864992;0.174365
224;1.468355;7.979935;-5.544703;-0.079436;0.011528;0.012308;-0.191531;-0.86716;0.171979
225;1.310963;7.980198;-5.757987;-0.107757;0.008112;0.008751;-0.193313;-0.86745;0.169869
226;1.379147;7.919325;-5.486395;-0.029317;-0.002583;-0.004558;-0.192895;-0.866276;0.170156
227;1.430884;7.994855;-5.56048;-0.04481;-0.002581;0.013098;-0.193055;-0.865475;0.166637
228;1.274636;7.881598;-5.53348;0.032944;0.00443;-0.004509;-0.192948;-0.866488;0.168804
229;1.557459;8.129908;-5.445519;0.016516;0.004325;0.011411;-0.193528;-0.865684;0.168774
230;1.407999;8.025334;-5.696051;0.088091;0.014851;-0.004416;-0.194532;-0.865006;0.172098
231;1.483089;7.980367;-5.634459;0.07307;-0.006296;-0.010751;-0.193021;-0.864722;0.174465
232;1.273969;7.890222;-5.803658;0.017853;0.018524;-0.000891;-0.193434;-0.864467;0.174849
233;1.482793;8.010622;-5.694532;-0.06485;0.002685;-0.003635;-0.193027;-0.865108;0.174196
234;1.438216;7.995133;-5.620368;-0.084952;0.029159;0.023021;-0.195467;-0.865436;0.173269
235;1.505512;7.965575;-5.664009;-0.11833;0.018591;0.004405;-0.195268;-0.865102;0.168014
236;1.424637;7.799413;-5.470341;-0.058154;0.022089;0.016766;-0.196193;-0.865803;0.165946
237;1.520032;8.159613;-5.408782;-0.10082;-0.001667;0.009605;-0.196245;-0.866147;0.161221
238;1.438211;7.972847;-5.672874;-0.058595;0.046738;0.039905;-0.197401;-0.865849;0.160759
239;1.483531;8.061324;-5.259322;-0.012266;0.019379;0.026511;-0.19969;-0.867492;0.159573
240;1.57168;8.175847;-5.655404;-0.023786;0.025498;0.029204;-0.200261;-0.86761;0.159411
241;1.395064;7.798736;-5.335857;0.062782;0.020192;0.013237;-0.200986;-0.865889;0.159641
242;1.734857;8.221101;-5.704412;-0.028576;0.051759;0.085966;-0.2047;-0.864744;0.160291
243;1.378027;7.978663;-5.471181;0.058008;0.062387;0.070139;-0.20656;-0.865874;0.162769
244;1.911801;8.419268;-6.28641;-0.342911;0.096106;0.160383;-0.212344;-0.86399;0.157219
245;1.462157;6.877095;-3.86987;0.361172;-0.020822;-0.069108;-0.213478;-0.863714;0.153924
246;1.482042;7.786898;-6.15928;-0.054556;0.26875;0.616821;-0.224603;-0.861009;0.159725
247;2.047486;8.276451;-6.088416;-0.472599;0.050456;0.191796;-0.237831;-0.85882;0.148955
248;1.739159;7.693191;-5.028362;-0.585664;0.062306;0.316227;-0.247453;-0.85831;0.129048
249;2.397751;7.738384;-4.444848;-0.413187;-0.04386;0.298739;-0.260232;-0.856935;0.115197
250;2.200048;8.159958;-4.989591;-0.327404;-0.067663;0.278351;-0.268668;-0.855313;0.103715
251;2.817126;7.820032;-3.836162;0.189757;-0.035192;0.199155;-0.275225;-0.855579;0.095839
252;2.046322;8.672409;-5.698645;0.349512;-0.024538;0.143773;-0.27961;-0.853431;0.110202
253;2.672799;8.810653;-5.873814;-0.194625;0.033887;0.071782;-0.280896;-0.852489;0.113647
254;3.036559;8.342121;-4.702823;-0.125459;-0.038628;-0.099962;-0.279837;-0.852697;0.111809
255;2.035749;8.084866;-5.127889;0.084953;0.019673;-0.11545;-0.276532;-0.855003;0.115484
256;2.167882;8.312552;-5.635776;-0.144081;0.056896;-0.041067;-0.27357;-0.856077;0.111445
257;1.974746;8.413827;-4.919352;-0.402046;0.031043;0.117616;-0.274608;-0.856154;0.10019
258;2.054173;7.840886;-4.166699;-0.140711;0.118667;0.041395;-0.27903;-0.856459;0.089177
259;2.283655;8.113149;-4.477565;0.149324;0.028379;0.024052;-0.280565;-0.855544;0.093421
260;2.215981;8.009612;-4.899055;0.203732;0.050331;0.024177;-0.281269;-0.853318;0.101076
261;2.319098;8.235624;-5.032307;0.166859;0.036251;0.041758;-0.281803;-0.852948;0.10537
262;2.497459;8.26776;-5.373957;0.02376;0.038998;0.085873;-0.284469;-0.85189;0.106318
263;2.423197;8.296385;-5.112829;-0.134224;0.033957;0.069961;-0.287856;-0.851987;0.103185
264;2.597139;8.070355;-4.711358;-0.002519;0.015197;0.018627;-0.289267;-0.852101;0.106627
265;2.530821;7.981374;-4.877982;0.093967;-0.020924;-0.041746;-0.288758;-0.849976;0.107986
266;2.462681;8.086758;-5.029552;0.154611;-0.028018;-0.050598;-0.286367;-0.850123;0.110936
267;2.438905;8.215442;-5.330343;0.101153;0.005508;-0.039765;-0.286073;-0.850397;0.11446
268;2.425373;7.997343;-5.210308;-0.021594;-0.001368;-0.036329;-0.284216;-0.850827;0.11806
269;2.321058;7.981559;-5.122335;-0.055507;0.001375;-0.031014;-0.283661;-0.853302;0.120253
270;2.417361;8.154346;-5.090571;-0.079196;0.007538;-0.006235;-0.283943;-0.851604;0.117536
271;2.410558;8.078803;-4.970556;-0.043287;0.018932;-0.022046;-0.28355;-0.851712;0.113371
272;2.395845;8.041176;-4.955802;0.006494;0.003912;-0.023035;-0.283242;-0.852521;0.113658
273;2.395211;8.116627;-5.060958;0.027695;0.019731;-0.014972;-0.282676;-0.85279;0.113551
274;2.395205;8.064615;-5.180971;0.02078;0.017969;-0.022058;-0.28138;-0.85113;0.118063
275;2.41021;8.079427;-5.12065;-0.026744;0.015395;-0.004427;-0.282837;-0.851595;0.116914
276;2.425375;8.056793;-5.075295;-0.00904;0.01977;-0.000869;-0.280721;-0.85266;0.116344
277;2.410462;8.064112;-5.045586;-0.023888;0.002184;-0.015108;-0.283891;-0.851653;0.115379
278;2.410275;8.086741;-5.075631;-0.006389;-0.006634;-0.002811;-0.283642;-0.850191;0.115117
279;2.410232;8.101682;-5.06064;-0.015793;-0.006631;-0.020456;-0.283115;-0.852639;0.116633
280;2.410505;8.049171;-5.060577;-0.009853;-0.00135;-0.006311;-0.282138;-0.852771;0.116276
281;2.395432;8.093935;-5.015903;-0.002056;-0.005746;0.001611;-0.283161;-0.851945;0.11582
282;2.416941;8.086096;-5.060195;0.006274;0.03373;-0.01213;-0.283763;-0.851634;0.116477
283;2.379782;8.041004;-5.075902;0.013348;0.00381;-0.012346;-0.283358;-0.852143;0.115822
284;2.409252;8.101319;-5.120401;0.004048;0.000296;0.006168;-0.282766;-0.851914;0.116526
285;2.409513;8.071126;-5.075337;-0.023313;0.006489;-0.002619;-0.283639;-0.85162;0.116078
286;2.394613;8.056128;-5.090629;-0.000857;0.024946;-0.011315;-0.282726;-0.85156;0.117607
287;2.416949;8.071218;-5.090196;-0.005533;0.037272;0.000244;-0.283293;-0.850507;0.117982
288;2.425409;8.056731;-5.060286;-0.008949;0.008324;-0.006242;-0.28378;-0.851887;0.117949
289;2.410318;8.0718;-5.090623;0.001486;0.003922;0.004319;-0.283498;-0.851759;0.117962
290;2.417603;8.094459;-5.120518;-0.006598;-0.001351;0.007814;-0.2841;-0.85211;0.116989
291;2.410084;8.11681;-5.090676;-0.002212;-0.004871;0.00956;-0.282903;-0.851011;0.118934
292;2.410692;8.026543;-5.030531;0.007923;0.009191;-0.005357;-0.284321;-0.850989;0.118866
293;2.418067;8.01188;-5.105411;0.041873;-0.006708;-0.013413;-0.28312;-0.85159;0.120275
294;2.440109;8.057225;-5.165051;0.02955;-0.026955;-0.020608;-0.281091;-0.851139;0.121586
295;2.410474;8.012069;-5.158093;-0.010693;-0.076202;-0.054493;-0.281268;-0.851755;0.123874
296;2.411007;7.899641;-5.180473;-0.027399;-0.115826;-0.105971;-0.28018;-0.852772;0.125819
297;2.343672;7.9367;-5.136841;-0.049104;-0.101692;-0.129687;-0.274852;-0.853189;0.124457
298;2.32016;8.154094;-5.122541;0.041796;-0.115933;-0.225918;-0.268048;-0.855766;0.127087
299;1.847638;8.400749;-5.357435;-0.037704;-0.05744;-0.121338;-0.261461;-0.858663;0.127817
300;2.044072;8.130079;-5.023003;-0.034479;0.018227;-0.018499;-0.259424;-0.859394;0.125488
301;2.089417;8.173922;-4.699454;0.148529;0.071682;-0.0128;-0.258755;-0.858975;0.128084
302;2.021449;8.160091;-5.046003;0.348075;0.098728;-0.024963;-0.257886;-0.856133;0.136352
303;2.336893;7.913137;-4.889309;0.619688;0.121074;-0.084843;-0.257254;-0.855154;0.151767
304;2.159348;7.515392;-5.020018;1.33803;0.189631;-0.320866;-0.251592;-0.850003;0.18739
305;1.910048;7.430152;-6.405729;1.107671;0.315961;-0.162993;-0.24552;-0.842103;0.227075
306;2.127658;6.936716;-6.745728;1.041572;0.372112;-0.218206;-0.240278;-0.834973;0.261369
307;2.4939;7.664731;-8.285052;0.211126;0.280567;-0.126185;-0.239424;-0.831461;0.276252
308;3.10498;8.175311;-7.815564;-0.506036;0.259007;-0.437779;-0.231605;-0.836165;0.268541
309;2.558987;7.380488;-6.617474;-0.88919;-0.057345;-0.882177;-0.211784;-0.847007;0.240905
310;0.753433;6.040062;-5.301519;-0.78998;-0.128432;-0.423964;-0.189789;-0.857924;0.214455
311;1.280559;7.058835;-4.45155;-0.505665;-0.02321;-0.142405;-0.180701;-0.865776;0.191963
312;1.099224;7.299558;-4.785646;-0.061257;-0.025329;0.06766;-0.179731;-0.86825;0.183781
313;1.200106;7.722791;-5.444461;0.054162;-0.000793;0.24437;-0.185873;-0.867074;0.186317
314;1.272853;7.756329;-6.223485;-0.151962;-0.019032;0.328912;-0.1984;-0.863972;0.185838
315;1.719635;8.191816;-5.892295;-0.253975;0.025751;0.272822;-0.20878;-0.862489;0.178583
316;2.256906;8.358626;-5.806636;-0.401714;-0.006062;0.19319;-0.214332;-0.863825;0.167248
317;2.346157;8.404295;-5.879936;-0.536168;-0.022731;0.079238;-0.219845;-0.864808;0.150244
318;2.497772;8.207748;-5.373885;-0.443831;-0.073182;-0.087903;-0.221594;-0.866177;0.135042
319;2.290619;8.024905;-4.897572;-0.201476;-0.089282;-0.200953;-0.21852;-0.868663;0.123047
320;1.783635;7.857494;-4.810021;-0.115373;-0.041572;-0.149445;-0.211057;-0.870554;0.121387
321;1.618903;7.872357;-4.933417;0.032157;-0.020528;-0.103399;-0.206224;-0.870766;0.121757
322;1.543439;7.962584;-5.055101;0.029287;0.000693;-0.009702;-0.204636;-0.871077;0.122374
323;1.377836;8.008731;-5.486226;-0.119816;0.04853;0.070035;-0.207198;-0.871291;0.121981
324;1.974286;8.488966;-4.94946;-0.181558;0.02724;0.115854;-0.212532;-0.871263;0.116323
325;1.46752;8.150236;-5.154387;-0.226898;0.020476;0.080455;-0.214185;-0.871546;0.110574
326;2.347529;8.595064;-4.852023;-0.322983;0.005256;0.15629;-0.218883;-0.870549;0.100219
327;1.676711;8.299707;-4.820156;-0.193345;0.028269;0.085839;-0.222536;-0.870658;0.094103
328;2.438836;8.451262;-4.459806;-0.077036;-0.022447;0.041388;-0.226175;-0.870258;0.088526
329;1.863252;8.248857;-5.041481;0.048885;0.019875;-0.013054;-0.226452;-0.869216;0.08905
330;2.117903;8.33049;-4.586194;0.113712;0.002051;-0.059035;-0.226879;-0.869468;0.09227
331;1.841724;8.158004;-4.861712;0.260564;-0.010337;-0.062673;-0.221186;-0.86957;0.0997
332;1.870484;8.271608;-5.093891;0.155449;0.037342;-0.005863;-0.222454;-0.869687;0.106524
333;1.855076;8.324404;-5.176806;0.080314;0.014545;-0.027197;-0.22048;-0.870357;0.112831
334;1.810449;8.212394;-5.342676;0.059286;0.044533;0.005633;-0.221825;-0.86675;0.115863
335;2.00449;8.29529;-5.248815;-0.095834;0.027043;0.022277;-0.223784;-0.868441;0.115772
336;1.969619;8.023159;-4.783951;-0.022936;0.030501;0.019626;-0.224042;-0.867939;0.113193
337;2.034821;8.279749;-5.090598;-0.005962;0.011071;0.015115;-0.224628;-0.867131;0.113028
338;1.841227;8.14403;-5.109349;0.005362;0.021722;0.028407;-0.226001;-0.867152;0.114042
339;2.184437;8.294865;-4.975043;-0.016617;0.004851;0.012425;-0.226599;-0.867375;0.113203
340;1.900978;8.151732;-5.100653;0.032511;0.002278;0.004448;-0.227551;-0.866354;0.114505
341;2.079173;8.355094;-5.12731;-0.009876;0.012799;-0.009569;-0.226949;-0.866787;0.11521
342;1.960559;8.122581;-5.24951;-0.029527;-0.004726;-0.002677;-0.227032;-0.866188;0.113449
343;1.930657;8.211673;-5.055095;-0.104188;-0.018693;-0.00805;-0.227345;-0.866157;0.112759
344;1.982338;8.324461;-5.069188;-0.109394;-0.019595;-0.015096;-0.22805;-0.869282;0.108278
345;1.960227;8.308966;-4.972059;-0.173476;-0.02742;-0.013389;-0.227106;-0.869774;0.1036
346;1.914963;8.369021;-5.025565;-0.220717;0.027268;0.038178;-0.22865;-0.868724;0.097582
347;2.036067;8.262657;-4.587764;-0.08046;-0.024059;-0.043358;-0.228336;-0.868498;0.091657
348;1.997202;8.309796;-5.136413;-0.06824;0.002367;0.01682;-0.228016;-0.86971;0.09208
349;1.842455;8.097244;-4.681527;-0.079496;-0.001057;-0.00087;-0.229767;-0.869509;0.08754
350;2.093436;8.512434;-5.06716;-0.150062;-0.00635;0.055616;-0.230957;-0.868919;0.086401
351;1.961275;8.21048;-4.739297;-0.133184;0.023608;0.01696;-0.231871;-0.869632;0.081229
352;2.154033;8.563212;-4.593225;-0.138972;0.032342;0.032969;-0.233187;-0.869316;0.076979
353;2.005182;8.427824;-4.648599;-0.120267;0.0051;0.030993;-0.235213;-0.868597;0.07283
354;2.138929;8.600599;-4.57856;-0.122483;0.01295;0.008136;-0.235026;-0.868644;0.067169
355;2.035234;8.442506;-4.542951;0.009139;0.026917;0.008218;-0.237021;-0.868083;0.067071
356;2.096097;8.299586;-4.391485;0.066144;-0.043633;-0.044354;-0.235603;-0.868365;0.067005
357;2.101791;8.488586;-4.736776;0.0539;0.005685;-0.006046;-0.234617;-0.868633;0.070159
358;1.857204;8.194261;-4.546258;0.223417;-0.026112;-0.036296;-0.233226;-0.869019;0.076167
359;2.086029;8.519719;-5.022291;0.134495;0.010871;0.01164;-0.23403;-0.869439;0.083824
360;1.82729;8.119878;-4.726882;0.146449;0.011861;-0.006055;-0.233053;-0.867351;0.087646
361;2.13814;8.549991;-5.036285;0.123027;0.019659;0.008174;-0.232957;-0.866916;0.093455
362;2.020426;8.263846;-4.888253;0.062395;0.019803;0.017833;-0.234303;-0.865788;0.095547
363;2.123804;8.429939;-5.043947;0.0145;0.015404;0.012526;-0.236509;-0.866204;0.096791
364;2.057966;8.18935;-4.977469;-0.027355;0.021679;0.059293;-0.236489;-0.865309;0.0976
365;1.966694;8.39254;-5.219663;-0.115899;0.051801;0.128356;-0.240569;-0.86567;0.094704
366;2.279709;8.595831;-5.101029;-0.273161;0.120583;0.249743;-0.247632;-0.862983;0.089361
367;2.212099;7.572127;-4.328328;-0.331246;0.039654;0.135183;-0.25503;-0.861679;0.078875
368;1.62954;7.599185;-4.174969;-0.089091;-0.101135;0.226901;-0.25919;-0.861314;0.074353
369;1.871247;8.091885;-5.168724;-0.223326;-0.101015;0.398123;-0.272861;-0.857667;0.067068
370;2.384804;7.779346;-3.484598;-0.204618;-0.215708;0.327599;-0.282342;-0.855981;0.057696
371;2.740764;9.322408;-4.402156;0.111969;-0.082505;0.328797;-0.292361;-0.851832;0.060036
372;3.472025;8.117076;-4.288593;0.182633;-0.165856;0.109137;-0.298091;-0.849343;0.066098
373;3.14131;8.38685;-4.535671;0.737702;-0.120736;-0.066931;-0.293723;-0.849505;0.089125
374;2.477823;8.811176;-6.18541;0.464405;-0.03556;0.014868;-0.294204;-0.848788;0.111645
375;2.774151;8.149495;-5.533363;0.06501;0.011451;-0.011417;-0.29499;-0.847529;0.120379
376;2.807906;7.771108;-4.706797;0.205298;-0.020457;-0.094617;-0.290628;-0.848083;0.126261
377;2.052183;7.725537;-5.292263;0.260116;0.088167;0.018206;-0.290542;-0.846334;0.135711
378;2.674242;8.443921;-6.076003;0.018101;0.081107;0.029695;-0.290826;-0.844502;0.139743
379;2.326896;7.997257;-5.42962;-0.157749;0.011047;-0.069682;-0.291343;-0.84663;0.130003
380;2.337263;7.709704;-4.821249;-0.050841;0.05674;0.001203;-0.294118;-0.845604;0.125006
381;2.367193;7.69488;-4.835639;0.060081;0.063655;0.052433;-0.295068;-0.845757;0.129281
382;2.664389;7.907111;-5.077541;0.180485;0.09681;0.079165;-0.297317;-0.84561;0.133087
383;2.709288;7.877435;-5.114128;0.303096;0.101913;0.083613;-0.299319;-0.842432;0.140542
384;2.857432;7.939773;-5.531461;0.285128;0.022579;0.008046;-0.302598;-0.840668;0.150775
385;2.768413;7.730193;-5.728135;0.21084;0.029741;-0.004306;-0.301428;-0.839281;0.158928
386;2.738499;7.685535;-5.841252;0.034696;0.043184;0.004587;-0.301009;-0.838105;0.165965
387;2.693992;7.699647;-5.669562;-0.087112;0.035471;0.04336;-0.302223;-0.838145;0.164017
388;2.859412;7.638965;-5.35099;-0.096321;0.035418;0.054824;-0.305164;-0.838788;0.161176
389;2.799753;7.653393;-5.269657;0.000811;0.003606;-0.000973;-0.306605;-0.837702;0.157594
390;2.716809;7.728743;-5.428997;0.059419;0.001785;-0.03803;-0.305548;-0.838168;0.158996
391;2.679253;7.676929;-5.632312;0.039335;-0.010487;-0.011661;-0.304579;-0.837378;0.162146
392;2.768743;7.699875;-5.653052;-0.031529;0.019505;0.020309;-0.304262;-0.838717;0.162434
393;2.769418;7.676373;-5.412874;-0.072384;0.01076;0.014955;-0.305148;-0.838672;0.161582
394;2.784744;7.64602;-5.314977;-0.007829;-0.003427;-0.012496;-0.305806;-0.837274;0.159926
395;2.724445;7.683888;-5.458812;0.047542;0.004444;-0.022139;-0.304908;-0.837331;0.16105
396;2.739074;7.684507;-5.593596;0.05265;0.017637;-0.008816;-0.304376;-0.83835;0.163238
397;2.72427;7.654474;-5.601366;0.004765;0.004497;-0.015094;-0.304597;-0.836577;0.165383
398;2.716851;7.654352;-5.579002;-0.013048;0.010687;-0.013286;-0.30459;-0.836974;0.165384
399;2.740237;7.66968;-5.488789;-0.036228;0.009054;-0.008987;-0.303429;-0.837938;0.164205
400;2.75524;7.654767;-5.495975;0.009801;0.00195;-0.000213;-0.304293;-0.837131;0.164161
401;2.740366;7.624858;-5.533763;-0.004197;0.011651;-0.008977;-0.304256;-0.837295;0.164973
402;2.755127;7.640106;-5.578509;-0.004103;0.005477;-0.013431;-0.303898;-0.83802;0.166477
403;2.747508;7.68493;-5.541189;0.005804;0.003706;-0.020492;-0.303378;-0.836811;0.165824
404;2.725228;7.662308;-5.534108;0.008117;0.017809;-0.002748;-0.30279;-0.836317;0.166526
405;2.755092;7.640169;-5.593518;-0.009595;0.000207;-0.00641;-0.304963;-0.837024;0.168448
406;2.725275;7.639928;-5.5641;-0.01693;0.019604;0.005198;-0.305148;-0.83646;0.167628
407;2.800069;7.625215;-5.562581;-0.023941;-0.001554;-0.001132;-0.304005;-0.836615;0.167818
408;2.740214;7.647425;-5.5488;-0.015049;0.005508;-0.001075;-0.303621;-0.836193;0.167026
409;2.740218;7.639986;-5.5638;-0.002795;0.001976;0.007723;-0.303196;-0.837242;0.166644
410;2.769139;7.647147;-5.600456;-0.015098;0.025635;0.000932;-0.304096;-0.836653;0.167162
411;2.71692;7.654227;-5.548983;-0.022239;-0.003376;-0.00103;-0.304677;-0.836893;0.16673
412;2.74692;7.639277;-5.533355;-0.020407;0.005408;-0.002737;-0.304564;-0.836869;0.16606
413;2.746763;7.669283;-5.533391;-0.016716;0.021245;-0.007915;-0.302573;-0.837164;0.166157
414;2.739183;7.676881;-5.563569;-0.020399;0.010693;-0.002694;-0.30487;-0.835408;0.166042
415;2.724487;7.639222;-5.54131;-0.019206;0.008049;-0.016836;-0.304336;-0.836168;0.16499
416;2.746963;7.624337;-5.548347;-0.029423;0.005422;0.003436;-0.303987;-0.836364;0.166492
417;2.739222;7.669379;-5.56356;-0.020339;0.000127;-0.006299;-0.304566;-0.837779;0.165657
418;2.75413;7.669499;-5.578269;-0.038217;0.007187;-0.000957;-0.30418;-0.836705;0.165134
419;2.754504;7.624241;-5.518178;-0.03379;0.000141;-0.001013;-0.304371;-0.837963;0.163507
420;2.724531;7.654006;-5.488795;-0.01858;0.021262;-0.004386;-0.304498;-0.837453;0.16404
421;2.776806;7.639394;-5.532755;-0.023088;0.019481;-0.000875;-0.305827;-0.83595;0.163297
422;2.798887;7.706963;-5.52488;-0.016941;0.019465;0.001784;-0.306126;-0.837497;0.162341
423;2.754313;7.65431;-5.533223;-0.018714;0.024771;0.002695;-0.306003;-0.835915;0.162478
424;2.784252;7.654332;-5.510108;-0.032896;0.008048;-0.000952;-0.305875;-0.837209;0.161678
425;2.754227;7.684191;-5.50324;-0.023948;0.003649;-0.004505;-0.30858;-0.836638;0.161546
426;2.776676;7.684216;-5.48778;-0.029264;0.015968;-0.00442;-0.307326;-0.83768;0.160664
427;2.754365;7.654216;-5.510709;-0.018547;0.014203;-0.006202;-0.306215;-0.8365;0.16058
428;2.739578;7.594427;-5.57848;-0.052145;0.012485;-0.013288;-0.306219;-0.838062;0.159908
429;3.011088;7.241654;-5.272467;-0.186492;-0.137144;-0.062057;-0.305278;-0.839465;0.158202
430;2.961668;7.940834;-5.686959;-0.395807;-0.220596;-0.258425;-0.298408;-0.842237;0.152196
431;2.679296;7.818055;-5.29477;-0.366549;-0.191453;-0.297043;-0.289846;-0.845809;0.142359
432;2.119566;7.85189;-4.945847;-0.324608;-0.226452;-0.353717;-0.275908;-0.853101;0.13441
433;1.706557;8.218148;-5.022084;-0.166271;-0.069609;-0.101932;-0.268995;-0.855392;0.12962
434;2.052935;7.813374;-4.76704;0.112018;0.035522;-0.051845;-0.265057;-0.857508;0.128195
435;1.788699;8.144232;-5.207961;0.375615;0.135697;0.019521;-0.264857;-0.856519;0.136708
436;1.857033;7.756098;-5.6114;0.585254;0.295642;0.132624;-0.270114;-0.851599;0.151562
437;2.553463;8.408504;-6.693747;0.349514;0.479595;0.24513;-0.280196;-0.845561;0.163209
438;3.59424;9.105666;-7.386501;-0.787486;0.384454;0.074151;-0.289014;-0.844236;0.14928
439;4.755369;10.597036;-5.931463;-0.860969;-0.313928;-1.306959;-0.272277;-0.853501;0.116226
440;1.857071;5.395708;-4.438155;0.501516;-0.744148;-1.907179;-0.209015;-0.868679;0.123507
441;1.997716;6.245819;-3.085474;0.112233;-0.175249;-0.822108;-0.172603;-0.872844;0.125952
442;0.131519;6.798848;-4.361793;0.115361;-0.160834;-0.300389;-0.156681;-0.87677;0.132806
443;0.454728;7.58293;-4.994019;0.210041;-0.07903;0.095612;-0.153857;-0.875494;0.139824
444;0.42264;8.121831;-4.732598;0.188075;0.008293;0.286928;-0.155978;-0.873374;0.160912
445;0.359627;8.216573;-5.927156;0.166714;0.07524;0.349137;-0.164356;-0.871018;0.167926
446;1.396288;8.491532;-6.116745;-0.095042;0.050386;0.324245;-0.181239;-0.869197;0.157656
447;1.925839;8.666189;-6.121302;-0.262092;0.037077;0.235914;-0.188919;-0.869063;0.150129
448;2.049006;8.296025;-5.382999;-0.298395;-0.041341;0.094135;-0.195421;-0.869902;0.139962
449;2.066777;7.85256;-5.15703;-0.162639;-0.058264;0.065714;-0.194837;-0.869537;0.133779
450;1.619773;7.841074;-4.625689;-0.013974;-0.057409;-0.073653;-0.193562;-0.869424;0.13384
451;1.572874;8.022962;-5.11461;0.115643;0.000587;0.025607;-0.194845;-0.870442;0.133241
452;1.317254;8.270054;-5.24759;0.179482;-0.008189;-0.009694;-0.19529;-0.868851;0.1401
453;1.063298;8.068273;-5.672716;0.104838;0.041337;0.041781;-0.195443;-0.867401;0.14711
454;1.636297;8.624589;-5.414164;-0.07099;0.019299;0.062885;-0.198734;-0.865236;0.150455
455;0.946873;7.534579;-5.524388;0.097713;0.131316;0.259384;-0.201667;-0.864188;0.155171
456;1.831148;8.475657;-5.492633;-0.311407;0.094461;0.295421;-0.21518;-0.863431;0.143851
457;1.317889;6.984713;-4.630823;0.109809;0.173524;0.479308;-0.224963;-0.860154;0.14472
458;1.809544;8.087673;-6.017949;-0.285268;0.156101;0.418413;-0.24183;-0.858999;0.137962
459;1.750453;7.151304;-4.592295;-0.387617;0.026094;0.527674;-0.259864;-0.854665;0.128169
460;2.465981;8.619778;-5.269912;-0.289681;0.042323;0.514786;-0.276692;-0.850938;0.119922
461;2.245205;7.981187;-5.251141;-0.132288;-0.068763;0.386846;-0.286972;-0.848636;0.111994
462;2.854806;8.613317;-5.149526;0.029868;-0.084267;0.319789;-0.297224;-0.844399;0.112163
463;3.395198;8.217173;-4.980645;0.013842;0.024612;0.292222;-0.308615;-0.842491;0.111338
464;3.350127;8.366062;-4.749078;0.463389;0.010776;0.135132;-0.316611;-0.838144;0.121471
465;3.320307;7.971951;-5.612247;0.532044;-0.013251;-0.10691;-0.314711;-0.835086;0.14086
466;3.128089;7.618253;-5.525672;0.513913;-0.014957;-0.211102;-0.308365;-0.835144;0.157097
467;2.289178;7.863986;-5.887997;0.61992;0.02933;-0.216015;-0.301577;-0.834047;0.177538
468;2.470186;7.400899;-6.199038;0.319382;0.024351;-0.163234;-0.296402;-0.833271;0.193176
469;2.350945;7.414752;-6.036354;0.059293;0.075893;-0.014639;-0.290511;-0.834732;0.20143
470;2.291564;7.398956;-5.902452;-0.101473;0.187142;0.151136;-0.294086;-0.834;0.197475
471;2.865206;7.649425;-6.056292;-0.223355;0.053157;0.061092;-0.30044;-0.832367;0.191764
472;2.695643;7.488608;-5.429161;-0.199054;0.050581;0.040779;-0.302517;-0.833428;0.182351
473;2.644359;7.352817;-5.294966;0.021841;0.045915;0.020449;-0.304023;-0.832934;0.180387
474;2.754511;7.520186;-5.750699;0.080642;0.026401;0.016799;-0.306709;-0.832119;0.180795
475;2.798992;7.55071;-5.832386;0.013029;0.031746;0.020362;-0.307363;-0.830594;0.18265
476;2.858505;7.61086;-5.808742;-0.021878;0.022941;-0.011458;-0.306583;-0.83041;0.184442
477;2.829539;7.460465;-5.749126;-0.011089;0.015016;-0.016832;-0.306414;-0.831349;0.184723
478;2.695172;7.459724;-5.699295;-0.043073;-0.008642;-0.020523;-0.306362;-0.832182;0.182297
479;2.694921;7.53449;-5.639347;-0.022431;0.00896;0.011384;-0.305112;-0.831916;0.181817
480;2.769502;7.52759;-5.712884;0.022543;4.5e-05;-0.012506;-0.306925;-0.831395;0.182673
481;2.73922;7.550478;-5.833587;-0.012853;0.012421;-0.017716;-0.304407;-0.830877;0.185493
482;2.724868;7.489909;-5.71374;-0.021856;0.012446;-0.013311;-0.305595;-0.831855;0.183818
483;2.709968;7.47491;-5.729032;-0.01991;-0.00516;-0.02226;-0.304484;-0.831067;0.1836
484;2.739577;7.534976;-5.713493;-0.009527;0.007145;-0.008927;-0.304189;-0.831082;0.183884
485;2.739615;7.527474;-5.713484;-0.027143;-0.021006;-0.018832;-0.305085;-0.83181;0.182493
486;2.741922;7.203788;-5.44293;-0.022735;-0.116101;-0.066313;-0.303133;-0.833243;0.184616
487;2.664918;7.400812;-5.992507;-0.235963;-0.135225;-0.151151;-0.299259;-0.833473;0.182374
488;3.036892;7.813879;-5.752848;-0.1404;-0.156736;-0.303874;-0.288728;-0.839537;0.178037
489;2.536593;7.744515;-5.785339;-0.34154;-0.266306;-0.384064;-0.276032;-0.844755;0.171644
490;1.989717;8.086843;-5.646615;-0.441115;-0.227993;-0.304299;-0.262796;-0.852176;0.160422
491;1.753339;7.872973;-4.953229;-0.315005;-0.150447;-0.134337;-0.255775;-0.854437;0.151452
492;1.744782;8.038383;-5.051138;-0.071071;-0.07149;-0.062267;-0.254377;-0.856398;0.146934
493;2.034429;8.265587;-5.293207;0.130734;-0.004974;-0.014998;-0.252115;-0.855511;0.150551
494;1.767022;8.009055;-5.193241;0.573894;0.188245;-0.017183;-0.2512;-0.854145;0.162742
495;2.096874;7.725961;-5.3514;0.565232;0.392349;0.077702;-0.254747;-0.849389;0.177814
496;2.611984;8.559608;-6.895352;0.308346;0.48913;-0.027445;-0.257747;-0.844754;0.192373
497;3.278263;9.5245;-7.385802;-0.468781;0.499902;-0.761432;-0.247355;-0.850298;0.181549
498;2.910236;8.873993;-6.446945;-0.708599;-0.343388;-1.670091;-0.205111;-0.86423;0.157435
499;1.199223;5.51268;-4.331433;-0.545436;-0.403032;-0.990671;-0.163161;-0.874231;0.141262
500;0.452371;6.971789;-4.152916;-0.321029;-0.142852;-0.348798;-0.143015;-0.877937;0.127394
501;0.516858;7.415449;-4.347216;-0.237258;-0.148058;0.007731;-0.132527;-0.880961;0.119809
502;0.138217;7.898675;-5.458487;-0.36439;-0.143968;0.426949;-0.140522;-0.882099;0.111055
503;0.617839;7.972275;-4.660974;-0.387652;-0.151241;0.340448;-0.155593;-0.880407;0.096687
504;1.149143;9.026692;-5.161739;-0.482955;-0.128426;0.468708;-0.180119;-0.877181;0.083614
505;1.213759;8.527774;-4.184335;-0.44058;-0.106619;0.23144;-0.191745;-0.876623;0.06658
506;2.585273;9.133482;-4.217467;-0.447595;-0.005188;0.230445;-0.193194;-0.87436;0.049765
507;1.425551;8.07806;-4.074529;-0.079927;-0.050941;0.088819;-0.194097;-0.875083;0.044863
508;1.960673;8.783794;-3.704335;0.105129;-0.097305;-0.09843;-0.195683;-0.874513;0.04438
509;1.72122;8.560563;-4.369285;0.190228;0.00138;0.096332;-0.200684;-0.872966;0.053989
510;1.216293;8.047616;-4.168753;0.434595;0.074316;-0.012628;-0.199264;-0.872985;0.067558
511;1.494141;8.877063;-4.929513;0.279369;0.049799;0.133785;-0.199663;-0.873522;0.07807
512;1.019736;8.073262;-5.110772;0.38678;0.083293;0.073;-0.198952;-0.871443;0.092409
513;1.627047;8.969598;-5.40722;-0.026067;0.019312;0.160017;-0.207333;-0.869998;0.095646
514;1.245649;7.877754;-4.783333;0.160956;0.098515;0.196591;-0.214583;-0.868698;0.102177
515;2.074154;9.166689;-5.473493;-0.28705;0.062591;0.22738;-0.224524;-0.866581;0.095482
516;1.399135;7.358299;-4.194346;0.348931;0.084165;0.257307;-0.226713;-0.865576;0.101043
517;2.193275;9.056438;-5.90623;-0.021898;0.152083;0.436226;-0.242207;-0.861136;0.104604
518;2.021268;8.098845;-4.895561;-0.289244;-0.006072;0.163189;-0.250676;-0.85883;0.095953
519;1.849326;7.089114;-3.974885;0.173193;-0.014384;0.318314;-0.260412;-0.856772;0.097503
520;2.047958;8.364785;-5.683269;0.170872;-0.011917;0.269089;-0.271516;-0.852129;0.104515
521;2.191065;7.346621;-4.238453;0.295219;-0.123023;0.257589;-0.273673;-0.851024;0.110888
522;2.452316;8.238421;-5.577449;0.304933;-0.024634;0.235444;-0.281417;-0.848216;0.123062
523;3.255341;8.004772;-4.547973;0.656652;-0.001754;0.119118;-0.28388;-0.843821;0.140212
524;2.610884;8.873705;-6.663081;0.623206;0.037227;0.041849;-0.28579;-0.839156;0.167243
525;3.142889;7.625999;-5.570409;0.494941;-0.046599;-0.158381;-0.286053;-0.838254;0.181539
526;2.272577;7.963505;-6.383725;0.524988;0.050566;-0.217637;-0.276438;-0.837974;0.201578
527;2.321072;7.206527;-6.501996;0.123402;-0.073965;-0.229273;-0.269041;-0.837059;0.212868
528;1.880948;7.196129;-6.225665;0.021798;-0.045428;-0.218468;-0.262993;-0.83945;0.217756
529;1.572238;7.637652;-6.262366;-0.187855;0.122446;0.112794;-0.26305;-0.838747;0.209922
530;2.408556;7.730982;-6.26067;-0.382828;0.062373;0.038227;-0.267974;-0.839626;0.200236
531;2.142048;7.547159;-5.605445;-0.316571;0.080059;0.052473;-0.272562;-0.840558;0.188406
532;2.217696;7.501193;-5.303701;-0.246237;0.065878;0.084144;-0.275794;-0.841453;0.178532
533;2.39665;7.591721;-5.255177;-0.004682;0.063729;0.093865;-0.280792;-0.841218;0.17424
534;2.485023;7.713277;-5.538699;0.109962;0.042379;0.054909;-0.283641;-0.841163;0.173832
535;2.700821;7.790006;-5.744567;0.13069;0.021079;0.000935;-0.283601;-0.839765;0.178691
536;2.500536;7.504228;-5.763289;0.132784;0.017644;-0.010607;-0.283513;-0.837757;0.1849
537;2.42542;7.504655;-5.937399;0.036695;0.010758;-0.005371;-0.285898;-0.839049;0.188298
538;2.499894;7.594558;-5.838444;-0.027678;0.037226;0.011592;-0.285519;-0.837185;0.187907
539;2.544976;7.579417;-5.762478;-0.038368;0.033698;0.011565;-0.284864;-0.837016;0.186723
540;2.530137;7.579172;-5.71775;-0.031105;0.017849;0.002633;-0.285154;-0.838049;0.186172
541;2.515264;7.57899;-5.688031;0.007992;0.001963;0.001644;-0.286151;-0.836726;0.186525
542;2.500098;7.601623;-5.733387;0.00655;0.003723;-0.013341;-0.284838;-0.837562;0.187131
543;2.485394;7.549117;-5.748634;-0.002142;0.019579;-0.0203;-0.285975;-0.837412;0.187075
544;2.485151;7.609004;-5.718687;-0.021946;-0.019999;-0.013506;-0.285172;-0.83725;0.186034
545;2.583543;7.473357;-5.476423;0.029096;-0.069438;-0.077399;-0.282146;-0.83773;0.187126
546;2.455837;7.459232;-5.809165;-0.016834;-0.161813;-0.176885;-0.277972;-0.839674;0.191383
547;2.745631;7.701035;-5.953691;-0.111501;-0.172441;-0.240468;-0.271201;-0.841569;0.190095
548;2.003434;8.007345;-6.359164;-0.192345;-0.260027;-0.290428;-0.260729;-0.843533;0.189256
549;2.393007;7.940094;-6.051089;-0.402998;-0.291637;-0.297739;-0.24704;-0.850853;0.182105
550;1.722398;7.830154;-5.509125;-0.477767;-0.29649;-0.340991;-0.234565;-0.857171;0.170034
551;1.081797;7.690388;-4.981534;-0.094736;-0.043017;-0.15476;-0.227478;-0.858972;0.162821
552;1.521729;7.916646;-4.852871;0.123406;0.081529;-0.081488;-0.22532;-0.860859;0.162929
553;1.292417;7.465719;-4.871997;0.397545;0.162266;-0.084512;-0.220966;-0.859839;0.172588
554;1.398074;7.23386;-4.93716;1.046528;0.401769;0.061868;-0.222836;-0.852734;0.19813
555;1.305035;7.299009;-6.259863;1.600169;0.768149;0.11914;-0.22915;-0.840424;0.244505
556;3.195182;9.108136;-11.96466;-0.461666;0.193887;0.012692;-0.235469;-0.833338;0.258492
557;3.048159;11.167774;-9.508435;-2.78674;-0.187229;-0.836743;-0.226827;-0.853702;0.187004
558;1.830198;5.732058;-2.367866;-0.608054;-1.013621;-1.709579;-0.175815;-0.869576;0.141719
559;1.183104;6.146415;-3.409414;-0.253804;-0.464831;-0.771212;-0.138707;-0.876223;0.132864
560;0.25332;6.720963;-3.556297;-0.077133;-0.208245;-0.456024;-0.120153;-0.878309;0.122155
561;0.380417;7.790001;-4.350365;0.074666;-0.187993;0.004904;-0.108031;-0.880117;0.126931
562;-0.125718;7.383259;-4.435137;0.221029;0.02782;0.166953;-0.1122;-0.880914;0.131861
563;-0.25386;8.423737;-5.819641;0.233385;-0.016127;0.255037;-0.119295;-0.878324;0.135832
564;1.066519;8.967702;-5.486022;0.03419;-0.021803;0.247991;-0.138158;-0.877516;0.142073
565;0.58376;8.30665;-5.727638;-0.108325;0.051678;0.277496;-0.143843;-0.876115;0.13869
566;1.360081;8.54878;-5.487171;-0.075193;-0.058911;0.046449;-0.146737;-0.875108;0.134228
567;1.479782;8.459788;-5.619746;-0.247032;0.034683;0.27472;-0.152792;-0.874014;0.128667
568;0.827339;7.883381;-4.731711;-0.034646;0.018774;0.025738;-0.153747;-0.873905;0.126191
569;1.418954;8.847888;-5.201149;-0.080081;-0.054483;0.101253;-0.162696;-0.872454;0.12265
570;0.557267;7.876861;-5.224912;0.024307;0.075173;0.064952;-0.162328;-0.872406;0.124692
571;1.181879;8.60554;-4.875458;0.07661;-0.036174;-0.073346;-0.161523;-0.873419;0.126624
572;0.725669;8.337021;-5.679793;0.157689;0.048474;0.02072;-0.161553;-0.872606;0.132965
573;0.862558;8.095438;-5.181493;0.044664;0.030912;-0.060623;-0.159987;-0.872244;0.13331
574;1.010554;8.358695;-5.208823;0.056459;0.018518;-0.034194;-0.161009;-0.873636;0.135424
575;0.848002;8.057529;-5.099197;0.077236;0.036195;-0.004997;-0.160172;-0.87233;0.138971
576;0.884421;8.148534;-5.301181;0.066826;8.6e-05;-0.018477;-0.159211;-0.872445;0.141583
577;1.137287;8.307675;-5.44636;0.010923;0.029097;0.020562;-0.159339;-0.871542;0.14225
578;0.765857;8.012545;-5.183347;0.050165;0.006349;0.012432;-0.16124;-0.870416;0.144585
579;1.211673;8.338284;-5.519941;-0.007062;0.013241;0.029274;-0.161161;-0.871142;0.146211
580;0.85577;7.871237;-5.391507;0.019852;0.001055;0.020297;-0.163067;-0.871186;0.148009
581;1.159188;8.323545;-5.633545;-0.141647;0.029315;0.089374;-0.166291;-0.87039;0.145691
582;1.00517;7.990781;-5.133488;-0.024104;0.001081;0.075028;-0.168159;-0.870733;0.141552
583;1.105774;8.444239;-5.844871;-0.28706;0.008508;0.276302;-0.176551;-0.869672;0.137633
584;1.028665;7.95921;-4.735252;-0.028716;-0.002379;0.159721;-0.184631;-0.870078;0.130494
585;0.989078;8.052231;-5.494086;-0.388305;0.105655;0.485158;-0.196417;-0.86728;0.123977
586;1.26394;7.559694;-4.047195;-0.365861;-0.077698;0.241173;-0.206526;-0.866444;0.109446
587;1.167089;8.456574;-5.14575;-0.52918;0.101519;0.741094;-0.226467;-0.863198;0.097674
588;1.951971;8.681923;-4.469841;-0.503363;-0.102404;0.423817;-0.24355;-0.86028;0.076321
589;1.878451;7.543922;-3.276892;-0.015822;-0.021987;0.411008;-0.259548;-0.856285;0.067708
590;2.108484;8.757547;-4.466778;0.396522;0.07413;0.345707;-0.271298;-0.853516;0.075504
591;1.877722;6.89124;-5.069731;0.324713;-0.112401;0.225794;-0.276211;-0.850614;0.091054
592;2.855555;8.611978;-4.826823;1.05238;0.048088;0.072847;-0.279023;-0.847454;0.119666
593;2.310428;9.038887;-6.984481;0.824471;-0.041266;-0.020421;-0.276856;-0.842947;0.152699
594;2.710967;8.393176;-6.465435;0.448077;-0.134451;-0.298286;-0.272371;-0.840088;0.176264
595;2.175178;8.253442;-5.845686;0.486015;-0.002135;-0.239107;-0.264724;-0.84097;0.192836
596;1.679734;7.367465;-5.982543;0.4188;-0.014923;-0.242107;-0.256134;-0.840795;0.207394
597;1.666267;7.126954;-5.884996;0.287861;0.042502;-0.182638;-0.249735;-0.838556;0.219035
598;1.424873;7.442272;-6.175354;-0.004924;0.202552;0.214708;-0.254339;-0.837643;0.22097
599;2.125945;7.699925;-6.131529;-0.063834;0.12565;0.133894;-0.26062;-0.835423;0.217151
600;2.15777;7.473625;-5.800453;0.016954;0.088546;0.093019;-0.26469;-0.834228;0.215062
601;2.03937;7.263026;-5.78009;0.157091;0.141251;0.11454;-0.27099;-0.83225;0.217452
602;2.172221;7.286655;-6.069823;0.17591;0.174542;0.1934;-0.277601;-0.830357;0.223913
603;2.395009;7.446023;-6.298154;0.094346;0.148969;0.141168;-0.283713;-0.826338;0.224823
604;2.574181;7.491572;-6.257082;0.038782;0.089936;0.073694;-0.286559;-0.824721;0.228461
605;2.560127;7.333858;-6.227175;0.032209;0.014207;0.002546;-0.289348;-0.823808;0.229809
606;2.441237;7.220747;-6.199424;0.00322;0.016054;-0.012459;-0.290201;-0.823011;0.230036
607;2.388685;7.29531;-6.140526;-0.037909;0.000298;-0.004613;-0.289083;-0.824056;0.229283
608;2.388754;7.295185;-6.110507;-0.028644;-0.010287;-0.023215;-0.289389;-0.823771;0.228862
609;2.396312;7.265333;-6.14034;0.019252;-0.005068;-0.017005;-0.287039;-0.824141;0.230732
610;2.358737;7.28044;-6.201147;-0.009132;0.002025;-0.018721;-0.286059;-0.824013;0.230509
611;2.336235;7.310234;-6.171614;-0.014653;0.013494;-0.00981;-0.286319;-0.823379;0.231305
612;2.336353;7.28773;-6.171587;-0.026965;0.021428;-0.015054;-0.286904;-0.824397;0.230469
613;2.418606;7.295363;-6.124917;-0.032813;0.019649;0.007876;-0.286965;-0.823819;0.22925
614;2.39606;7.310373;-6.147899;-0.023368;0.007309;-0.018679;-0.287242;-0.824604;0.229103
615;2.381204;7.310159;-6.110675;-0.018246;0.002035;-0.009889;-0.286743;-0.824548;0.227507
616;2.39616;7.287899;-6.155376;-0.007684;-0.003266;-0.004638;-0.287274;-0.823269;0.228828
617;2.396226;7.295214;-6.110357;0.006228;0.023135;0.011434;-0.287058;-0.823992;0.230325
618;2.381326;7.280215;-6.125649;0.004788;0.004648;-0.005464;-0.28737;-0.82331;0.229904
619;2.380839;7.340539;-6.200768;-0.027354;0.009093;0.001633;-0.286761;-0.82414;0.23061
620;2.410982;7.317901;-6.140103;-0.013238;0.030191;0.007955;-0.287982;-0.824434;0.228392
621;2.381396;7.28009;-6.09563;0.009307;-0.003281;-0.00993;-0.287104;-0.824341;0.229109
622;2.381326;7.280215;-6.125649;0.00476;0.031937;-0.001744;-0.287943;-0.823687;0.229607
623;2.381204;7.280434;-6.178182;-0.000758;-0.005024;0.004173;-0.288193;-0.822931;0.230673
624;2.41096;7.295646;-6.200114;-0.020256;0.005547;0.002481;-0.288054;-0.824888;0.229875
625;2.396125;7.287962;-6.170386;-0.029271;0.00381;0.007763;-0.28779;-0.823308;0.230018
626;2.381421;7.265181;-6.118126;-0.036131;-0.000581;-0.004623;-0.287778;-0.823319;0.230289
627;2.403437;7.325436;-6.155271;-0.025586;0.0082;0.001625;-0.289186;-0.824743;0.229954
628;2.418493;7.310429;-6.139944;-0.011231;0.007291;-0.00456;-0.287692;-0.824835;0.228407
629;2.396121;7.295401;-6.155385;-0.027067;0.009958;-0.011604;-0.288116;-0.823526;0.228923
630;2.381283;7.295156;-6.110658;-0.023487;0.009081;-0.013373;-0.288681;-0.825085;0.22836
631;2.39688;7.318456;-6.140678;-0.018057;0.005646;-0.015264;-0.28807;-0.824496;0.228215
632;2.39691;7.325833;-6.110668;-0.000438;0.00739;-0.008189;-0.287817;-0.823299;0.227955
633;2.397067;7.295827;-6.110632;-0.009512;0.01797;0.001585;-0.288668;-0.82472;0.227377
634;2.397027;7.303329;-6.110641;-0.002914;0.025873;-0.015123;-0.288216;-0.824229;0.228208
635;2.396997;7.295952;-6.140651;-0.011087;0.009162;-0.008184;-0.289207;-0.824346;0.22816
636;2.396906;7.303547;-6.163174;-0.014489;0.028528;-0.013343;-0.287367;-0.823718;0.228382
637;2.426883;7.296068;-6.14005;-0.018233;0.010918;-0.006408;-0.287664;-0.823963;0.227964
638;2.41194;7.29601;-6.140351;-0.028923;-0.001384;-0.006494;-0.289848;-0.825442;0.229347
639;2.412031;7.288415;-6.117828;-0.021742;-0.003155;-0.010036;-0.29012;-0.82258;0.227302
640;2.419333;7.311042;-6.140219;-0.018323;0.005643;-0.002912;-0.290268;-0.822572;0.22716
641;2.411827;7.311075;-6.155378;-0.037006;-0.004893;-0.002988;-0.289683;-0.824032;0.227057
642;2.426458;7.371145;-6.155149;-0.0589;-0.026008;-0.020773;-0.288479;-0.825158;0.224958
643;2.381784;7.340965;-6.156014;-0.094806;-0.020648;-0.003977;-0.287213;-0.824516;0.225018
644;2.427058;7.325481;-5.997497;-0.094327;-0.05237;-0.030669;-0.287571;-0.826661;0.219067
645;2.292318;7.369999;-6.007757;-0.036952;-0.045346;-0.052663;-0.284589;-0.829058;0.218407
646;2.381899;7.415076;-5.938468;0.010133;-0.024321;-0.05074;-0.284117;-0.828716;0.219644
647;2.217566;7.310321;-6.159281;0.065895;-0.015508;-0.034813;-0.283197;-0.82775;0.22171
648;2.246142;7.399842;-6.158513;0.016108;0.007325;-0.036301;-0.280897;-0.82858;0.223614
649;2.142965;7.218527;-5.950268;-0.012409;0.053244;0.052233;-0.282977;-0.828071;0.224863
650;2.216586;7.369408;-6.084031;0.050841;0.040796;0.045112;-0.283939;-0.826387;0.226162
651;2.43988;7.557598;-6.027218;0.125924;0.084618;0.068395;-0.287341;-0.826599;0.225998
652;2.501209;7.176033;-6.213179;0.275498;0.079074;0.023284;-0.288336;-0.822144;0.234309
653;2.323846;6.948889;-5.878801;0.249626;0.103855;0.027843;-0.290054;-0.818971;0.241778
654;2.536497;7.35824;-6.700449;0.27452;0.096651;0.033129;-0.293928;-0.816128;0.251709
655;2.638842;6.66558;-5.999736;0.184709;0.056213;-0.011389;-0.294872;-0.8142;0.256924
656;2.531636;6.98939;-6.399972;0.360451;0.110569;-0.074478;-0.293258;-0.812184;0.265772
657;2.396471;6.952919;-6.777865;0.172873;0.078342;0.009977;-0.294453;-0.809759;0.275293
658;2.57798;6.682159;-6.436228;0.2405;0.068463;-0.036017;-0.294201;-0.80595;0.279346
659;2.441221;6.87892;-6.979502;0.05905;0.081979;0.015265;-0.294048;-0.80557;0.283133
660;2.68207;6.757798;-6.486749;-0.020533;0.050297;0.029143;-0.295739;-0.805554;0.283321
661;2.576641;6.833186;-6.676558;0.012424;0.074044;-0.011268;-0.297262;-0.805435;0.284192
662;2.680418;6.909387;-6.862164;-0.1263;0.024893;0.028973;-0.2978;-0.804019;0.282003
663;2.66744;6.727454;-6.419471;-0.117633;0.012559;-0.006426;-0.298629;-0.805463;0.278591
664;2.636215;6.908091;-6.592895;-0.123086;0.00906;-0.001127;-0.29832;-0.807449;0.275101
665;2.674061;6.877637;-6.449519;-0.132027;0.019622;0.000709;-0.299706;-0.808111;0.272201
666;2.651968;6.862111;-6.344885;-0.01252;-0.008696;-0.020656;-0.299049;-0.808725;0.270749
667;2.561843;6.884891;-6.496808;-0.021041;-0.014816;-0.03658;-0.297956;-0.808965;0.269722
668;2.62123;6.982424;-6.44319;0.018266;-0.008712;-0.005633;-0.297236;-0.809246;0.269893
669;2.665407;7.028355;-6.622457;0.024768;0.007969;-0.015222;-0.29758;-0.81049;0.271364
670;2.599735;6.802332;-6.450931;0.009123;0.010656;-0.031121;-0.296997;-0.809991;0.271931
671;2.593439;6.765161;-6.391273;0.007051;-0.012991;-0.017278;-0.295627;-0.809592;0.272894
672;2.665986;7.029437;-6.735301;-0.036332;-0.016507;-0.02433;-0.29616;-0.80818;0.274214
673;2.533444;6.78762;-6.437529;-0.046186;0.00911;-0.01977;-0.29676;-0.810098;0.272705
674;2.533418;6.802529;-6.415032;-0.048186;-0.003204;-0.011028;-0.295753;-0.810258;0.26965
675;2.532715;6.937556;-6.415194;0.004684;0.010828;0.010276;-0.295783;-0.809447;0.269242
676;2.576787;6.953948;-6.706994;-0.007391;0.024885;-0.001989;-0.295986;-0.809518;0.271122
677;2.546887;6.90715;-6.452106;-0.000445;0.031842;0.000814;-0.295841;-0.809897;0.272527
678;2.650846;6.968161;-6.592666;-0.040707;0.023041;0.013105;-0.297403;-0.80909;0.269344
679;2.622176;6.817235;-6.40547;0.023005;0.021202;-0.01516;-0.296973;-0.809361;0.272741
680;2.672539;7.043855;-6.734895;0.009429;0.01591;-0.002815;-0.296884;-0.810357;0.274502
681;2.569701;6.817344;-6.481568;-0.023176;0.024805;-0.016021;-0.296563;-0.809092;0.27249
682;2.621246;6.922942;-6.570699;-0.058517;-0.013916;-0.029515;-0.296655;-0.809398;0.270191
683;2.576261;6.982499;-6.504128;-0.057048;-0.017405;-0.01717;-0.295515;-0.810073;0.270113
684;2.562186;6.832255;-6.466726;-0.080049;0.009036;-0.018779;-0.294478;-0.810391;0.267734
685;2.576601;6.967029;-6.39154;-0.075114;0.009037;-0.002868;-0.29542;-0.811076;0.26526
686;2.576453;6.982156;-6.421577;-0.03756;0.021307;-0.011602;-0.294013;-0.812131;0.264655
687;2.591509;6.967149;-6.406249;-0.02148;-0.010413;-0.018001;-0.294281;-0.812402;0.264913
688;2.517062;6.921788;-6.392687;0.012564;-0.006025;-0.029445;-0.294302;-0.812513;0.264372
689;2.575597;7.080299;-6.571787;0.024811;0.005375;-0.018754;-0.292579;-0.812428;0.264996
690;2.562339;6.86914;-6.316677;0.048353;-0.001697;-0.040009;-0.292509;-0.812492;0.266619
691;2.486366;6.967709;-6.640997;0.0639;0.008008;-0.015224;-0.290722;-0.811423;0.269133
692;2.590882;6.968271;-6.676419;-0.016366;0.007183;-0.002887;-0.292464;-0.812142;0.27121
693;2.510298;6.809018;-6.34017;-0.021366;0.010752;-0.020525;-0.29061;-0.811657;0.271704
694;2.56832;7.042763;-6.571893;-0.012012;0.004555;-0.001122;-0.289577;-0.812362;0.272431
695;2.458123;6.801157;-6.303689;0.007184;0.008979;-0.025828;-0.289752;-0.811025;0.272149
696;2.531092;6.997796;-6.617618;-0.00728;0.001917;-0.013502;-0.289201;-0.812845;0.2711
697;2.598085;7.043097;-6.623825;-0.041399;0.010739;0.002446;-0.290079;-0.811894;0.270785
698;2.502605;6.861406;-6.317869;-0.026562;-0.008607;-0.029474;-0.289755;-0.812587;0.271477
699;2.501476;7.012059;-6.468142;0.02277;0.015108;-0.006339;-0.29041;-0.812498;0.269421
700;2.592366;6.938006;-6.466526;0.067674;0.010694;-0.024137;-0.2888;-0.812975;0.272422
701;2.48805;6.862772;-6.513566;0.085484;0.010721;-0.024148;-0.287446;-0.810327;0.275315
702;2.50234;6.878862;-6.760939;0.024862;0.007267;-0.013594;-0.287454;-0.811231;0.278152
703;2.472767;6.878185;-6.626454;-0.016561;0.032001;0.011288;-0.288777;-0.809342;0.277678
704;2.457277;6.953422;-6.694386;-0.070458;0.040895;0.03783;-0.289981;-0.810044;0.275732
705;2.503637;6.831952;-6.303098;-0.151752;0.055082;0.053796;-0.292937;-0.809628;0.272889
706;2.597763;7.088262;-6.661403;-0.073085;0.029305;0.071407;-0.294234;-0.810357;0.270176
707;2.769497;7.103994;-6.672977;-0.122217;-0.015631;0.037555;-0.298046;-0.810055;0.267155
708;2.629805;6.816984;-6.337777;-0.237685;-0.086711;0.025543;-0.298213;-0.811727;0.262561
709;2.402149;6.392821;-5.576449;-0.071211;-0.092981;-0.031888;-0.297054;-0.812943;0.25938
710;2.323635;6.860086;-6.171377;0.266112;-0.126872;-0.092033;-0.295563;-0.812117;0.264851
711;2.562054;6.758176;-6.691778;0.19037;-0.038857;-0.027057;-0.29237;-0.810142;0.270805
712;2.859774;7.058648;-6.506019;0.223027;-0.065466;-0.065131;-0.288953;-0.810204;0.27799
713;2.320132;7.022418;-7.327291;0.059205;-0.054442;-0.04214;-0.285333;-0.809804;0.28343
714;2.485461;6.999055;-6.963736;-0.061632;-0.013844;-0.004803;-0.283603;-0.807897;0.288233
715;2.426983;6.862737;-6.709615;-0.142385;0.002137;-0.011771;-0.284464;-0.809833;0.283877
716;2.293798;6.740975;-6.41949;-0.169342;0.042748;0.002621;-0.286654;-0.811701;0.27824
717;2.241081;6.830696;-6.398134;-0.178354;0.088615;0.092964;-0.288069;-0.811946;0.271422
718;2.77061;6.983098;-6.462702;-0.235016;0.075208;0.08052;-0.292037;-0.814762;0.263542
719;2.576121;7.138815;-6.211633;-0.170051;0.009186;0.025402;-0.295923;-0.814131;0.255523
720;2.517933;6.920229;-6.017452;0.067737;-0.001684;-0.036456;-0.296017;-0.815348;0.256196
721;2.45775;6.876142;-6.296273;0.170617;0.017579;-0.019565;-0.295612;-0.812986;0.25999
722;2.479298;6.900073;-6.618552;0.0845;0.040576;0.022053;-0.294322;-0.810537;0.264637
723;2.59772;7.103202;-6.646411;-0.036539;0.029232;0.025528;-0.297315;-0.812567;0.263417
724;2.658336;7.027609;-6.449998;-0.014547;0.008914;-0.008152;-0.298615;-0.812133;0.266323
725;2.532088;6.899404;-6.40737;-0.021616;0.001064;-0.00999;-0.297211;-0.811228;0.266389
726;2.532036;6.929223;-6.362377;-0.008413;-0.019194;-0.006594;-0.296725;-0.81077;0.264656
727;2.538955;6.982261;-6.482365;0.001423;0.001911;-0.006441;-0.296433;-0.81052;0.26494
728;2.576313;6.982406;-6.481615;-0.021872;-0.003354;0.001461;-0.296706;-0.811962;0.26466
729;2.531857;6.936974;-6.422424;-0.007339;0.012487;-0.011668;-0.296335;-0.810611;0.26724
730;2.524195;6.967013;-6.437619;-2.9e-05;-0.003369;-0.022361;-0.296621;-0.813345;0.266152
731;2.51661;6.982049;-6.452796;0.005785;0.024808;-0.000984;-0.296079;-0.811765;0.266175
732;2.561413;6.967407;-6.496906;-0.005413;0.001901;-0.018799;-0.294093;-0.812447;0.266002
733;2.55379;6.989945;-6.512093;-0.023564;0.00898;-0.001099;-0.294978;-0.81175;0.265418
734;2.509256;6.959516;-6.45292;-0.041395;0.007268;0.000651;-0.295808;-0.810975;0.266186
735;2.561544;6.982036;-6.406868;-0.047417;-0.020924;-0.011896;-0.295246;-0.812021;0.265676
736;2.509286;6.966892;-6.42291;-0.008966;0.004575;-0.019658;-0.29426;-0.813726;0.264917
737;2.501693;6.996807;-6.408086;-0.008038;-0.020951;-0.024242;-0.293752;-0.812897;0.26386
738;2.457845;6.831382;-6.356257;-0.032171;-0.022655;-0.017224;-0.294895;-0.81235;0.263803
739;2.621073;6.982705;-6.510733;-0.112717;-0.006778;0.009369;-0.292343;-0.813693;0.26339
740;2.388789;7.109331;-6.515538;-0.025723;-0.010313;-0.027677;-0.292034;-0.815286;0.263409
741;2.450001;6.965787;-6.213979;0.001255;0.00197;-0.002018;-0.291726;-0.813226;0.261394
742;2.517403;6.965768;-6.145085;0.226442;0.010421;-0.055769;-0.290401;-0.814463;0.265511
743;2.321778;7.00461;-6.651849;0.209476;0.042242;-0.002609;-0.290961;-0.81172;0.273442
744;2.524724;6.862023;-6.444999;0.221049;0.08969;0.040933;-0.292176;-0.810191;0.27878
745;2.501787;6.892596;-6.603084;0.321627;0.128297;0.040328;-0.294598;-0.805184;0.28702
746;2.576127;6.819243;-6.931701;0.318387;0.152916;0.074002;-0.296932;-0.801826;0.296754
747;2.803612;6.368247;-6.498892;0.310817;0.14398;0.012094;-0.297849;-0.79653;0.303852
748;2.845494;6.656096;-7.128727;0.36687;0.089242;-0.072081;-0.301091;-0.792453;0.315836
749;2.725885;6.551702;-7.393668;0.021752;0.027263;-0.023149;-0.299723;-0.791381;0.321839
750;2.633198;6.142067;-6.389505;0.097006;0.012261;-0.059464;-0.298903;-0.790844;0.321337
751;2.421174;6.354383;-7.136926;0.088631;0.061663;-0.030863;-0.297291;-0.789739;0.326408
752;2.668173;6.354561;-6.944354;-0.066435;0.040651;0.023685;-0.29801;-0.790242;0.325969
753;2.592487;6.467479;-7.111093;0.013446;0.111009;0.036554;-0.298467;-0.789684;0.325406
754;2.771376;6.550692;-7.107589;-0.148636;0.023106;0.041232;-0.30133;-0.789487;0.321352
755;2.713186;6.36927;-6.8309;-0.114885;0.024861;0.041225;-0.30359;-0.790507;0.317735
756;2.802272;6.489549;-6.806728;-0.093247;0.031825;0.026295;-0.304414;-0.791173;0.314727
757;2.80162;6.565032;-6.919388;-0.05056;0.022964;0.025364;-0.305928;-0.791584;0.312225
758;2.860889;6.595893;-7.068317;-0.181223;0.012533;0.02528;-0.306768;-0.794845;0.307872
759;2.728557;6.442878;-6.477968;-0.102016;0.026598;0.016557;-0.309268;-0.792509;0.303155
760;2.889995;6.775764;-7.000389;-0.161316;-0.002478;0.004917;-0.309853;-0.79392;0.298811
761;2.8031;6.502931;-6.416501;-0.038633;-0.017563;-0.041973;-0.30875;-0.795865;0.297384
762;2.74211;6.594057;-6.740512;-0.008636;-0.010532;-0.027796;-0.308574;-0.796551;0.297934
763;2.660209;6.578361;-6.652089;0.042258;0.014114;0.004149;-0.307867;-0.794602;0.298638
764;2.7723;6.54904;-6.709839;0.02996;0.040475;0.000791;-0.307853;-0.796963;0.30148
765;2.727175;6.608846;-6.703306;0.084734;0.040438;0.015808;-0.30821;-0.796237;0.303351
766;2.995092;6.700969;-6.95317;0.00693;0.003411;-0.004752;-0.309336;-0.795706;0.3037
767;2.742269;6.526886;-6.822983;0.039232;0.019337;-0.017011;-0.308665;-0.795811;0.306163
768;2.876468;6.57995;-6.827848;-0.021103;0.003498;-0.02418;-0.310042;-0.794133;0.304337
769;2.801929;6.542184;-6.83681;-0.00888;0.012328;-0.012651;-0.30788;-0.793414;0.30552
770;2.757669;6.48897;-6.710067;-0.030189;-0.003464;-0.016296;-0.309065;-0.793089;0.304382
771;2.802073;6.534495;-6.791772;-0.046751;-0.013135;0.009228;-0.308123;-0.794232;0.30281
772;2.80183;6.594383;-6.761825;-0.053503;0.019435;-0.005533;-0.308482;-0.794808;0.304144
773;2.743066;6.473441;-6.597779;-0.026614;0.012387;-0.017066;-0.307712;-0.794747;0.302291
774;2.838501;6.670073;-6.888744;-0.002219;0.015835;0.007689;-0.309369;-0.795806;0.302889
775;2.817369;6.526491;-6.656378;0.010504;0.015828;-0.006446;-0.307515;-0.795321;0.303382
776;2.741704;6.602213;-6.898119;0.021243;0.00792;-0.008257;-0.308092;-0.792956;0.304023
777;2.801986;6.564377;-6.761789;-0.008796;-0.000876;-0.018913;-0.30686;-0.794759;0.305707
778;2.757291;6.511942;-6.822665;-0.006271;0.010589;-0.01002;-0.307444;-0.793691;0.305676
779;2.817077;6.549307;-6.731452;-0.013987;0.017606;-0.024081;-0.30774;-0.793676;0.305392
780;2.757317;6.526758;-6.777655;-0.009722;0.014113;-0.015285;-0.307868;-0.795252;0.30512
781;2.801791;6.601884;-6.761834;-0.03404;0.010611;-0.002063;-0.306307;-0.795276;0.305195
782;2.832068;6.526986;-6.761144;-0.030372;0.008826;-0.006502;-0.307048;-0.796149;0.304082
783;2.802099;6.549312;-6.746762;-0.023939;0.003546;-0.017121;-0.307375;-0.795191;0.303388
784;2.823954;6.617286;-6.836449;-0.026518;0.005294;-0.02063;-0.307956;-0.795431;0.302956
785;2.742648;6.503915;-6.710385;-0.033954;0.010639;-0.005606;-0.30799;-0.794748;0.302413
786;2.801822;6.609261;-6.731824;-0.044488;5.5e-05;-0.013605;-0.308028;-0.794842;0.301466
787;2.712988;6.503393;-6.613425;0.021043;0.01235;-0.001174;-0.307723;-0.795128;0.301886
788;2.860386;6.745424;-6.948421;-0.016131;-0.001774;-0.008306;-0.308384;-0.795292;0.302935
789;2.712927;6.48864;-6.673445;0.024743;0.017621;-0.006436;-0.306467;-0.794867;0.301542
790;2.846313;6.654631;-6.776005;0.005238;0.021097;-0.009038;-0.308313;-0.794054;0.30172
791;2.772426;6.511657;-6.739813;0.020303;0.012313;-0.006474;-0.307209;-0.794955;0.304071
792;2.846207;6.625093;-6.88854;-0.021459;-0.006161;-0.008357;-0.307174;-0.793944;0.305285
793;2.720251;6.503797;-6.703331;-0.009705;0.010612;-0.017075;-0.306918;-0.794705;0.304354
794;2.786495;6.609889;-6.897228;-0.048072;-0.020183;-0.011987;-0.307921;-0.79442;0.30417
795;2.727504;6.519078;-6.763237;-0.039396;0.019457;0.000633;-0.308403;-0.795143;0.302529
796;2.779329;6.624177;-6.732292;-0.035318;0.00885;-0.025893;-0.308289;-0.794859;0.301993
797;2.801709;6.624327;-6.746851;-0.014619;-0.007015;0.002233;-0.307713;-0.795398;0.302023
798;2.802017;6.571754;-6.731779;-0.003688;0.007048;-0.008266;-0.309013;-0.795357;0.30142
799;2.7722;6.541788;-6.769867;-0.006995;0.007939;-0.018855;-0.30658;-0.795283;0.302077
800;2.787417;6.519061;-6.701998;0.002537;-0.005276;-0.009243;-0.30772;-0.795652;0.301753
801;2.771374;6.647307;-6.890068;-0.035849;0.000942;-0.00036;-0.307261;-0.794907;0.302853
802;2.743521;6.405741;-6.55267;-0.015961;0.001811;-0.017151;-0.307598;-0.795114;0.301487
803;2.7566;6.624651;-6.867827;-0.011109;0.013247;0.007666;-0.308405;-0.795011;0.302528
804;2.896588;6.851681;-7.210461;-0.154465;-0.010411;0.018104;-0.310158;-0.796896;0.300558
805;2.86717;6.761547;-7.210954;-0.376405;-0.028584;0.044417;-0.310791;-0.798525;0.291621
806;2.817854;6.592508;-6.296233;-0.463575;-0.045143;0.035475;-0.311676;-0.800701;0.279839
807;2.596942;6.348037;-5.444912;-0.290207;-0.080464;-0.01771;-0.310875;-0.805497;0.270169
808;3.101762;6.801721;-5.825486;0.082004;-0.121711;-0.049683;-0.310901;-0.80743;0.268823
809;2.695514;6.946329;-6.711814;0.251186;-0.080384;-0.049372;-0.307088;-0.804862;0.272916
810;2.754815;6.887951;-7.048254;0.102314;-0.061738;-0.023689;-0.304835;-0.804487;0.279504
811;2.800267;6.864717;-6.82969;0.09271;-0.051183;-0.033321;-0.30226;-0.802979;0.287455
812;2.814892;6.84305;-7.01698;-0.103311;-0.010442;-0.00659;-0.302532;-0.802593;0.287846
813;2.754465;7.014916;-6.913321;-0.174373;-0.041152;-0.056185;-0.300654;-0.803698;0.284969
814;2.696345;6.863095;-6.539107;-0.261171;-0.020739;-0.031355;-0.300449;-0.808067;0.27473
815;2.397594;6.906321;-6.395071;-0.259785;0.005835;-0.013497;-0.298883;-0.811361;0.266983
816;2.530927;7.012955;-6.655159;-0.3079;0.019934;0.036017;-0.298579;-0.811907;0.260519
817;2.636125;7.160928;-6.060364;-0.234842;-0.008389;-0.024132;-0.301755;-0.813507;0.25173
818;2.548276;6.852645;-5.971742;0.005968;0.012477;-0.015197;-0.299879;-0.815915;0.248316
819;2.398881;6.785112;-6.109749;0.047586;0.019541;-0.004568;-0.300072;-0.815863;0.250467
820;2.530912;7.131887;-6.392638;0.041672;0.030056;0.022909;-0.299754;-0.8159;0.251292
821;2.76943;7.223021;-6.43297;0.063049;0.047512;0.022157;-0.301494;-0.813881;0.254443
822;2.740559;7.027866;-6.433337;0.052325;-0.007062;-0.01885;-0.302329;-0.8131;0.255076
823;2.591809;6.929455;-6.361176;0.009136;0.001886;0.005906;-0.301858;-0.812366;0.256447
824;2.621439;6.98205;-6.353134;0.0067;0.000108;-0.005569;-0.30367;-0.813672;0.256632
825;2.695686;7.042633;-6.419247;0.008784;0.029988;-0.016825;-0.302525;-0.812916;0.257226
826;2.621274;6.997209;-6.390675;0.013053;0.005377;-0.010824;-0.302058;-0.811525;0.25873
827;2.65136;6.952378;-6.40503;0.001185;-0.017502;0.002241;-0.302299;-0.812083;0.25953
828;2.591466;6.98209;-6.391258;-0.00771;0.008068;0.004192;-0.301287;-0.811855;0.260118
829;2.6212;7.004773;-6.405694;-0.014566;0.001893;-0.008203;-0.303464;-0.810211;0.259469
830;2.651156;7.004764;-6.375074;-0.008608;0.00804;0.004194;-0.302741;-0.811801;0.259238
831;2.636313;6.982233;-6.382852;0.003089;-0.003415;-0.002948;-0.302601;-0.81167;0.259244
832;2.636374;6.967261;-6.390339;0.020928;0.005363;-0.004653;-0.303131;-0.80974;0.260834
833;2.658532;6.990102;-6.449953;-0.000603;-0.00342;0.004109;-0.302581;-0.810776;0.260053
834;2.651212;6.967506;-6.435067;-0.007624;0.015076;0.001587;-0.300829;-0.811761;0.26095
835;2.62123;6.982424;-6.44319;-0.008708;0.024781;0.011364;-0.303402;-0.81053;0.260823
836;2.681168;6.967497;-6.404448;-0.003963;0.024738;-0.002757;-0.301815;-0.8111;0.261306
837;2.666321;6.952405;-6.397225;-0.018888;0.000111;-0.013521;-0.302734;-0.811155;0.259642
838;2.681316;6.95237;-6.374411;-0.007347;-0.005192;-0.013557;-0.30321;-0.811883;0.26151
839;2.621412;6.937509;-6.465651;-0.022996;-0.016598;-0.029525;-0.303832;-0.811693;0.260265
840;2.665755;6.998006;-6.539869;-0.054968;-0.024505;-0.03134;-0.302144;-0.812228;0.259808
841;2.696067;6.923045;-6.524169;-0.201132;-0.015521;-0.012772;-0.299809;-0.813107;0.257763
842;2.516055;7.101948;-6.422921;-0.21061;-0.051512;-0.033275;-0.29916;-0.815803;0.251996
843;2.538482;7.26551;-6.047431;-0.062692;0.005535;-0.00988;-0.300095;-0.816626;0.246282
844;2.501662;7.175222;-6.018056;0.199031;0.008731;-0.025736;-0.299489;-0.817975;0.250095
845;2.502145;7.161612;-6.205931;0.31551;0.080887;0.025839;-0.299027;-0.814244;0.257624
846;2.607318;6.923186;-6.496226;0.447105;0.10178;0.032994;-0.299584;-0.808372;0.270135
847;2.711892;6.849326;-6.674148;0.497189;0.124535;0.024308;-0.300858;-0.804176;0.28518
848;2.809177;6.700795;-6.942187;0.365141;0.119351;0.010103;-0.303397;-0.800365;0.296925
849;2.909115;6.354296;-6.504551;0.467467;0.082157;-0.081088;-0.302912;-0.792205;0.311506
850;2.696656;6.56739;-7.439588;0.241698;0.066702;-0.033549;-0.302787;-0.789319;0.322302
851;2.925387;6.158755;-6.368934;0.227572;0.029637;-0.091211;-0.301585;-0.788876;0.327488
852;2.473791;6.266959;-7.563809;0.195847;0.040423;-0.08938;-0.297557;-0.785987;0.336854
853;2.772971;6.38646;-7.152693;-0.008138;0.012414;-0.038385;-0.297771;-0.785004;0.338865
854;2.639733;6.205341;-7.020096;-0.089037;-0.019079;0.00019;-0.296076;-0.78672;0.334767
855;2.624139;6.310491;-7.06555;-0.064476;0.029322;0.019078;-0.296127;-0.788498;0.33288
856;2.68373;6.385364;-6.974382;-0.132944;0.033785;0.018237;-0.296879;-0.788318;0.331898
857;2.728829;6.340467;-6.958418;-0.140258;0.023214;0.026977;-0.300127;-0.788152;0.325397
858;2.706251;6.444715;-6.79389;-0.050215;0.02487;0.012022;-0.299335;-0.791241;0.322879
859;2.876463;6.626665;-7.09084;-0.137537;0.007288;0.021616;-0.302317;-0.790672;0.319494
860;2.632656;6.30865;-6.615118;0.033929;0.005422;-0.017243;-0.303835;-0.792644;0.319695
861;2.787164;6.543925;-7.122562;-0.03131;0.023028;0.004072;-0.301432;-0.790717;0.320347
862;2.722229;6.33888;-6.583333;0.08851;0.02469;0.008488;-0.302583;-0.78964;0.320288
863;2.779842;6.363152;-7.09971;0.030465;-5.2e-05;-0.018954;-0.302644;-0.789302;0.323853
864;2.696851;6.520333;-7.094045;0.042581;0.032556;-0.00281;-0.302897;-0.789457;0.324516
865;2.877083;6.415354;-6.932717;-0.026782;0.00703;-0.004778;-0.302131;-0.789781;0.325769
866;2.640268;6.113088;-6.62947;0.037693;0.019385;-0.025902;-0.303717;-0.78856;0.325554
867;2.816092;6.536206;-7.189222;-0.025904;0.021138;-0.001135;-0.301987;-0.788089;0.326447
868;2.683776;6.264258;-6.861394;-0.037509;0.008024;-0.001262;-0.302282;-0.788857;0.325894
869;2.756859;6.475556;-7.09279;-0.079312;0.010677;0.000548;-0.302611;-0.789594;0.32453
870;2.750518;6.414051;-6.740147;-0.018845;0.001811;-0.004803;-0.304351;-0.789011;0.32377
871;2.801545;6.483419;-7.136927;0.000142;0.021106;-0.013494;-0.304516;-0.788595;0.323356
872;2.810421;6.339735;-6.851427;-0.026636;0.005301;-0.011858;-0.303919;-0.790458;0.323389
873;2.779534;6.44545;-7.047276;-0.02451;0.024665;-0.024945;-0.304336;-0.788895;0.324175
874;2.713785;6.293881;-6.740754;-0.032755;-0.010487;-0.019029;-0.302579;-0.789102;0.3221
875;2.727225;6.460125;-7.018325;-0.021488;5.6e-05;-0.003051;-0.304135;-0.790127;0.321758
876;2.772937;6.376973;-6.822204;-0.053351;-0.010488;-0.011961;-0.30177;-0.790381;0.320658
877;2.712768;6.399744;-6.943507;-0.015483;0.031753;0.009516;-0.303446;-0.790249;0.321251
878;2.772811;6.414356;-6.79223;-0.015941;0.019393;-0.013506;-0.303066;-0.790605;0.320056
879;2.77221;6.430294;-7.017389;-0.01269;0.008827;0.002298;-0.305581;-0.791254;0.320611
880;2.772368;6.459739;-6.88234;-0.042739;0.003583;-0.008319;-0.30477;-0.791229;0.319705
881;2.787676;6.399691;-6.859454;-0.007292;0.011456;-0.002096;-0.303698;-0.792231;0.321244
882;2.787124;6.482426;-6.912085;0.002936;-0.001774;-0.024233;-0.302884;-0.792079;0.320473
883;2.772924;6.369565;-6.844709;-0.010827;0.021151;-0.002033;-0.30345;-0.791419;0.320714
884;2.71971;6.475037;-7.003484;0.002821;0.015866;-0.016171;-0.302564;-0.790029;0.322103
885;2.787923;6.36209;-6.836895;-0.005112;0.009682;-0.020645;-0.30309;-0.791234;0.322621
886;2.682699;6.414818;-6.989153;0.019693;0.031708;-0.013422;-0.303515;-0.790184;0.323003
887;2.817188;6.41534;-6.986452;-0.028266;0.024658;-0.016126;-0.302603;-0.789732;0.321291
888;2.78741;6.407598;-6.957024;-0.042986;0.007101;0.004928;-0.304864;-0.789575;0.321451
889;2.742933;6.399361;-6.822831;-0.036626;0.007996;-0.003002;-0.304429;-0.789853;0.318233
890;2.802158;6.445163;-6.956769;-0.035778;0.001801;-0.000396;-0.304458;-0.79087;0.317154
891;2.713125;6.384242;-6.823413;0.002466;0.003561;-0.002149;-0.303924;-0.791237;0.319611
892;2.786459;6.5505;-7.047251;-0.032186;0.012364;-0.001187;-0.30305;-0.792315;0.319791
893;2.713195;6.384118;-6.793395;0.030042;0.018491;-0.002042;-0.303031;-0.791029;0.320733
894;2.809412;6.460444;-7.016674;-0.003533;0.012311;-0.010026;-0.303261;-0.790813;0.322072
895;2.691018;6.331582;-6.808792;0.017542;0.010596;0.00054;-0.302409;-0.790175;0.322381
896;2.831601;6.490663;-7.046278;-0.030784;0.029075;0.018329;-0.303415;-0.790408;0.321928
897;2.757746;6.38479;-6.91257;-0.060871;-0.015744;0.007413;-0.304949;-0.790279;0.319154
898;2.808899;6.505952;-7.136803;-0.178721;0.026642;0.035949;-0.30556;-0.792579;0.31724
899;2.890145;6.664021;-7.187873;-0.314155;0.005655;0.047289;-0.306706;-0.793336;0.309896
900;2.877146;6.519284;-6.670178;-0.406373;-0.048789;0.0266;-0.309502;-0.798162;0.298838
901;2.655607;6.275935;-6.089027;-0.364705;-0.092749;-0.01784;-0.308712;-0.801513;0.286059
902;2.565385;6.469815;-5.895939;-0.132782;-0.091227;-0.017766;-0.307407;-0.802605;0.279645
903;2.801166;6.9077;-6.341937;0.144105;-0.116369;-0.038158;-0.304975;-0.80279;0.283543
904;2.786244;6.684655;-6.83728;0.11281;-0.10049;-0.019579;-0.303929;-0.803244;0.28805
905;2.634606;7.015013;-7.050807;-0.02341;-0.050942;-0.006829;-0.301486;-0.803833;0.288709
906;2.918519;7.030993;-7.015102;-0.08891;0.00709;-0.015259;-0.300271;-0.804185;0.290524
907;2.897289;6.842995;-6.925272;-0.227653;-0.073755;-0.100574;-0.299223;-0.805557;0.288013
908;2.4429;6.742147;-6.559077;-0.245107;0.007534;-0.030288;-0.296435;-0.808949;0.278976
909;2.954145;7.569314;-6.549704;-0.420234;0.042794;0.086558;-0.300637;-0.811286;0.265683
910;3.071355;6.921441;-5.781202;-0.168841;0.033561;-0.030945;-0.302751;-0.81401;0.254788
911;2.757224;6.876211;-6.027604;0.014109;-0.029923;-0.065793;-0.302472;-0.813357;0.254935
912;2.279999;6.627397;-6.179505;0.096126;-0.035057;-0.031445;-0.301221;-0.812831;0.257964
913;2.472263;6.92899;-6.363578;0.102229;0.034405;0.020262;-0.300672;-0.811255;0.261496
914;2.633831;7.276505;-6.79596;0.0339;0.078435;0.061198;-0.302064;-0.811518;0.265345
915;2.889487;7.059076;-6.580465;-0.002439;0.01583;0.009537;-0.303466;-0.810729;0.26595
916;2.682158;6.787368;-6.381719;-0.025552;-0.016627;-0.033964;-0.304368;-0.809364;0.265228
917;2.517948;6.801296;-6.279974;-0.014781;0.001953;0.002356;-0.304349;-0.810164;0.265366
918;2.695999;6.982621;-6.419175;0.010019;0.02824;0.008741;-0.305785;-0.809475;0.26516
919;2.755675;6.968162;-6.493003;0.053;0.005256;-0.006425;-0.304012;-0.809957;0.266732
920;2.651711;6.855139;-6.472456;0.044338;0.003552;-0.01616;-0.30463;-0.80964;0.268996
921;2.606955;6.847402;-6.458339;0.028087;0.004483;-0.004683;-0.30436;-0.807674;0.269409
922;2.658744;6.922838;-6.509911;-0.014648;0.014196;-0.001078;-0.304181;-0.808233;0.270095
923;2.688747;6.900449;-6.509283;-0.000142;0.018555;-0.013406;-0.306186;-0.808837;0.269324
924;2.681615;6.855224;-6.464351;-0.004116;0.021217;0.006018;-0.304484;-0.808472;0.26954
925;2.696423;6.877818;-6.471583;-0.018049;0.014177;-0.008146;-0.304479;-0.808737;0.269541
926;2.681454;6.892669;-6.449387;-0.002286;-0.006954;0.000535;-0.304847;-0.809176;0.27074
927;2.6889;6.877882;-6.494247;0.005215;-0.001698;-0.016198;-0.304615;-0.807305;0.270206
928;2.666641;6.847789;-6.494661;0.012177;0.007111;-0.008199;-0.303122;-0.807396;0.272034
929;2.681549;6.84791;-6.509371;0.003301;0.012395;-0.008164;-0.304808;-0.808429;0.271955
930;2.681358;6.877978;-6.524416;-0.005808;-0.001672;0.000566;-0.305125;-0.80735;0.271532
931;2.651541;6.877738;-6.494998;-0.003785;0.022983;-0.008966;-0.303805;-0.807931;0.272407
932;2.651698;6.847732;-6.494962;0.004589;-0.002542;0.012911;-0.303514;-0.807681;0.27269
933;2.703794;6.870595;-6.531461;0.022836;0.021162;-0.006334;-0.306035;-0.808325;0.27311
934;2.65916;6.832913;-6.532317;-0.018082;0.012434;-0.005521;-0.305274;-0.805515;0.27206
935;2.65155;6.862859;-6.524999;-0.018045;0.028283;-0.006286;-0.305056;-0.807414;0.273155
936;2.681584;6.847847;-6.494361;-0.003914;0.021211;-0.002808;-0.305142;-0.806682;0.271394
937;2.71889;6.848086;-6.516125;-0.002532;0.0212;0.01572;-0.305108;-0.80593;0.272474
938;2.682555;6.833365;-6.472104;-0.004484;0.038912;-0.01338;-0.307041;-0.806095;0.272064
939;2.697324;6.86346;-6.479344;0.008588;0.023051;-0.002896;-0.307577;-0.806638;0.272579
940;2.667402;6.833681;-6.56246;-0.008092;0.033666;0.0307;-0.308138;-0.807026;0.272553
941;2.727254;6.848636;-6.493735;0.0079;0.040661;0.030753;-0.309587;-0.80541;0.272344
942;2.75787;6.758266;-6.380456;0.01506;0.051201;0.029048;-0.312559;-0.804067;0.272872
943;2.817278;6.788878;-6.469348;0.036762;0.031764;0.011266;-0.313615;-0.804383;0.274576
944;2.815942;6.833741;-6.581698;0.056218;0.019311;0.013055;-0.313408;-0.803519;0.274632
945;2.801076;6.788954;-6.649487;0.043884;0.021969;0.009533;-0.313904;-0.802271;0.276765
