time index;acc_x;acc_y;acc_z;gyr_x;gyr_y;gyr_z;mag_x;mag_y;mag_z
1;0.983366;4.070015;-8.816742;-0.004106;-0.005159;-0.002549;-0.357784;-0.335131;0.832775
2;0.990869;4.084974;-8.831519;-0.005896;-0.005186;-0.003453;-0.357696;-0.33487;0.833996
3;0.998349;4.069945;-8.816489;-0.01321;0.009328;0.006609;-0.357455;-0.332708;0.833963
4;0.998322;4.070049;-8.846377;-0.001405;0.006573;0.001134;-0.356146;-0.333228;0.8332
5;0.990844;4.070032;-8.83156;-0.013134;0.00922;0.001184;-0.357815;-0.335127;0.832366
6;0.998335;4.069997;-8.831433;-0.011186;0.016211;-0.007822;-0.357228;-0.333778;0.833175
7;0.998349;4.069945;-8.816489;-0.008565;-0.003461;-0.006151;-0.35735;-0.334051;0.833312
8;0.983341;4.055074;-8.816783;0.008645;0.009117;-0.007912;-0.356458;-0.334185;0.834296
9;0.96837;4.070138;-8.83194;-0.023833;-0.003619;-0.011529;-0.357229;-0.333928;0.834946
10;0.983309;4.040158;-8.824296;-0.00493;0.000123;-0.007033;-0.357381;-0.334722;0.83278
11;0.983352;4.070068;-8.831686;-0.007805;-0.011335;0.002845;-0.357859;-0.33379;0.833835
12;0.990819;4.05509;-8.8316;0.001193;-0.000457;0.007416;-0.357356;-0.332972;0.833428
13;0.983339;4.07012;-8.84663;-0.01676;-0.005167;-0.000709;-0.357104;-0.332967;0.833164
14;0.983335;4.047577;-8.809331;0.00146;-0.007172;-0.014334;-0.358345;-0.334341;0.834509
15;0.998322;4.070049;-8.846377;0.003199;0.00015;-0.00706;-0.357539;-0.333523;0.83452
16;0.998315;4.070075;-8.853849;-0.011153;0.008968;-0.011489;-0.357899;-0.333112;0.833412
17;0.990832;4.055038;-8.816656;-0.001301;0.010907;-0.006069;-0.357016;-0.33338;0.834262
18;0.990806;4.04762;-8.831621;-0.013108;-0.002524;-0.003416;-0.358121;-0.333794;0.833962
19;0.990844;4.070032;-8.83156;-0.013071;-0.010682;-0.007994;-0.359038;-0.334062;0.832577
20;0.968382;4.07761;-8.831919;-0.005887;0.002009;-0.002491;-0.357599;-0.334999;0.833458
21;0.990871;4.069928;-8.801672;-0.007635;0.002799;-0.007013;-0.35848;-0.334866;0.832611
22;0.990851;4.070006;-8.824088;0.003108;-0.007823;-0.002588;-0.356458;-0.334185;0.834296
23;0.99083;4.070085;-8.846504;0.010493;0.012671;-0.009705;-0.357028;-0.333918;0.834
24;0.96837;4.070138;-8.83194;-0.011508;0.006802;0.013836;-0.356861;-0.334444;0.83252
25;0.990857;4.06998;-8.816616;0.000504;-0.005292;-0.0098;-0.357077;-0.333374;0.833444
26;0.998335;4.069997;-8.831433;0.001265;-0.005069;0.00105;-0.356445;-0.335803;0.834191
27;0.983339;4.07012;-8.84663;-0.001362;-0.003392;-0.004353;-0.356878;-0.334862;0.834023
28;0.990856;4.077503;-8.831539;-0.015817;0.009173;-0.000619;-0.356774;-0.332701;0.833985
29;0.990857;4.06998;-8.816616;-0.002126;0.012586;-0.011483;-0.35549;-0.333772;0.834592
30;0.983295;4.047734;-8.854163;0.003026;0.003119;0.006534;-0.35625;-0.334864;0.835132
31;0.960878;4.070174;-8.832066;-0.011125;-0.003681;-0.016985;-0.356302;-0.335533;0.834327
32;0.983337;4.085166;-8.876478;0.00315;0.002041;-0.00252;-0.356917;-0.333645;0.833727
33;0.990833;4.047515;-8.801733;-0.013138;0.010114;0.001191;-0.356277;-0.334457;0.834851
34;0.990884;4.069876;-8.786728;-0.011453;0.003994;0.008381;-0.35621;-0.33391;0.834027
35;0.983332;4.070146;-8.854102;-0.002241;0.003775;-0.004303;-0.35528;-0.333628;0.83378
36;0.998327;4.085069;-8.868752;0.003135;0.005658;-0.000693;-0.357189;-0.334321;0.833595
37;0.983341;4.055074;-8.816783;0.004992;0.01097;-0.004272;-0.355958;-0.333905;0.833763
38;0.968325;4.047752;-8.839473;-0.022137;0.000157;-0.002462;-0.356881;-0.33257;0.834387
39;0.998284;4.047637;-8.846438;-0.025758;0.003758;-0.000633;-0.356368;-0.334733;0.835397
40;0.998335;4.069997;-8.831433;-0.024051;0.004807;0.006605;-0.357764;-0.334459;0.83317
41;0.983352;4.070068;-8.831686;-0.005049;-0.003296;0.001083;-0.356975;-0.335256;0.832668
42;1.013293;4.054984;-8.831222;-0.01505;-0.00773;0.005589;-0.356352;-0.333357;0.832244
43;0.990851;4.070006;-8.824088;-0.018689;0.004006;0.010208;-0.356573;-0.334038;0.832794
44;0.998335;4.069997;-8.831433;-0.011305;-0.003415;-0.003431;-0.35752;-0.334588;0.832773
45;0.983352;4.070068;-8.831686;-0.015715;0.010821;-0.007841;-0.356587;-0.3354;0.834179
46;0.983366;4.070015;-8.816742;-0.007773;-0.015891;-0.000803;-0.357528;-0.334048;0.832762
47;0.990844;4.070032;-8.83156;-0.005859;0.002862;-0.004303;-0.356862;-0.335941;0.834044
48;0.998349;4.069945;-8.816489;0.006766;-0.007886;-0.006218;-0.355915;-0.334718;0.834188
49;0.99087;4.077451;-8.816595;0.003206;0.009132;-0.006093;-0.356443;-0.335938;0.834194
50;0.998322;4.070049;-8.846377;-0.007488;0.003493;-0.016961;-0.356762;-0.334858;0.833755
51;1.005879;4.084799;-8.801378;-0.012235;-0.014196;-0.004408;-0.357203;-0.334575;0.831559
52;0.983339;4.07012;-8.84663;0.003141;0.005642;-0.001591;-0.356551;-0.333502;0.833192
53;0.990819;4.05509;-8.8316;-0.011221;-0.003542;-0.009759;-0.358053;-0.334729;0.832894
54;0.983346;4.070094;-8.839158;-0.014789;0.001788;-0.011522;-0.356308;-0.335128;0.834319
55;0.998361;4.077415;-8.816469;-0.009513;0.005609;-0.000661;-0.355887;-0.335934;0.834348
56;1.013331;4.069874;-8.816236;-0.000419;0.003734;-0.006129;-0.357062;-0.335802;0.833219
57;0.983352;4.070068;-8.831686;-0.004819;-4.2e-05;-0.015176;-0.357605;-0.335942;0.833204
58;0.998322;4.070049;-8.846377;-0.007782;0.003038;0.004744;-0.356824;-0.335526;0.832814
59;0.983378;4.077487;-8.816722;-0.011349;-0.004253;-0.000717;-0.356836;-0.334716;0.832798
60;0.983378;4.08501;-8.831646;-0.00954;0.003858;0.001142;-0.356881;-0.338096;0.833405
61;0.998335;4.069997;-8.831433;-0.005775;-0.001769;-0.011574;-0.358157;-0.335543;0.833178
62;0.998374;4.084886;-8.816448;0.00038;0.002097;0.001099;-0.357135;-0.335944;0.834035
63;0.998322;4.070049;-8.846377;0.003254;-0.001735;-0.011596;-0.356576;-0.335925;0.832421
64;0.99087;4.077451;-8.816595;-0.014773;0.017058;-0.009614;-0.356552;-0.335673;0.834593
65;0.983364;4.085062;-8.84659;-0.004961;-0.007923;-0.006184;-0.357787;-0.335669;0.832649
66;0.983391;4.084957;-8.816702;-0.007588;0.005435;-0.009706;-0.356405;-0.335523;0.832963
67;0.960898;4.077619;-8.824574;0.001311;-0.000633;-0.001619;-0.356446;-0.336193;0.832295
68;0.998335;4.069997;-8.831433;0.009635;0.020695;-0.011461;-0.355184;-0.335779;0.832872
69;0.998322;4.070049;-8.846377;-0.020224;-0.005406;-0.011562;-0.356334;-0.334572;0.832268
70;0.998374;4.084886;-8.816448;-0.000498;0.002057;-0.000708;-0.354416;-0.336051;0.833991
71;0.968408;4.085028;-8.816955;-0.011235;0.005482;-0.006977;-0.355196;-0.336317;0.83261
72;0.990857;4.06998;-8.816616;0.001404;0.001918;-0.007945;-0.355837;-0.335654;0.833256
73;0.960872;4.0702;-8.839538;-0.001273;-0.005326;-0.011593;-0.355141;-0.336592;0.833297
74;0.990903;4.137479;-8.891153;-0.002206;0.012738;-0.004249;-0.356029;-0.33553;0.834336
75;1.058251;4.084812;-8.875213;0.013078;0.041676;0.006735;-0.358469;-0.335152;0.83452
76;0.98333;3.904717;-8.548197;-0.048256;0.041269;-0.002123;-0.35938;-0.335825;0.833143
77;0.968731;4.016093;-8.331454;-0.027227;0.067431;0.046846;-0.360422;-0.335421;0.832013
78;1.027976;4.221517;-9.473117;0.034202;0.174272;0.087167;-0.364722;-0.334648;0.831042
79;1.133871;3.946352;-7.835699;0.096452;0.089212;0.041198;-0.370369;-0.332946;0.830416
80;1.117482;3.801498;-9.121552;0.097938;0.075833;0.084525;-0.374081;-0.326106;0.831116
81;1.259665;4.162375;-9.962514;-0.207141;0.109684;0.042008;-0.379095;-0.327747;0.827446
82;1.37307;4.082617;-8.668155;-0.296318;0.032901;-0.010782;-0.379952;-0.335957;0.823631
83;1.298534;4.367255;-8.780726;-0.21311;-0.039018;-0.038582;-0.37896;-0.341058;0.821448
84;1.186359;4.291825;-8.42417;-0.022838;-0.061591;-0.038245;-0.37619;-0.346695;0.821103
85;1.16361;4.232844;-8.618985;0.108198;-0.066675;-0.04854;-0.373563;-0.349099;0.821235
86;1.118411;4.196434;-8.829063;0.149707;-0.061011;-0.043158;-0.372786;-0.34452;0.823349
87;1.080915;4.068928;-8.635769;0.156959;-0.043097;-0.044844;-0.370345;-0.335764;0.82843
88;1.088238;4.069545;-8.822443;0.174889;-0.037369;-0.031287;-0.367494;-0.329549;0.831261
89;1.05809;3.965122;-8.830707;0.187445;-0.039893;-0.025891;-0.366489;-0.324693;0.832834
90;1.072844;3.845622;-8.860667;0.151926;-0.002616;0.007005;-0.366658;-0.320663;0.834928
91;1.110107;3.786044;-8.964807;0.075323;-0.026446;-0.004738;-0.364899;-0.317155;0.83723
92;1.072871;3.845517;-8.830779;0.041948;-0.041052;-0.011976;-0.364115;-0.312306;0.839476
93;1.050369;3.860774;-8.890894;0.080914;-0.033914;-0.02106;-0.362017;-0.311228;0.842244
94;1.057691;3.808756;-8.980575;0.107011;-0.026461;-0.012031;-0.359794;-0.308515;0.843353
95;1.020138;3.711552;-8.906752;0.089811;-0.004861;-0.004589;-0.36169;-0.306648;0.8438
96;1.027508;3.711986;-9.041122;0.032026;0.034626;0.008475;-0.360621;-0.305153;0.843806
97;1.057445;3.666837;-8.988434;-0.055497;0.038737;0.006899;-0.36221;-0.304904;0.844429
98;1.072677;3.906433;-9.159387;-0.062628;0.006231;-0.004171;-0.363288;-0.305575;0.842639
99;1.027737;3.711099;-8.787072;0.003015;-0.029313;-0.000924;-0.361917;-0.306251;0.844464
100;1.042631;3.786572;-9.025722;-0.020372;-0.01772;0.000105;-0.360622;-0.308522;0.84319
101;1.012746;3.846558;-9.048481;0.00328;-0.001693;-0.009785;-0.360608;-0.308793;0.843332
102;0.997724;3.711423;-8.839883;0.034049;-0.010791;-0.021667;-0.360609;-0.305963;0.843822
103;1.042646;3.771473;-8.980929;0.028523;0.005612;-0.007094;-0.359258;-0.304615;0.845745
104;1.050015;3.659114;-8.906388;-0.015859;0.020059;0.00668;-0.359717;-0.304075;0.845175
105;1.042632;3.771525;-8.995873;-0.042857;0.023479;0.00315;-0.36307;-0.306256;0.843611
106;1.050166;3.808923;-9.018062;-0.029337;0.023565;0.004922;-0.363348;-0.306528;0.843471
107;1.042515;3.741903;-9.070676;-0.026506;0.01981;-0.00415;-0.363278;-0.30625;0.842652
108;1.027678;3.756446;-8.936391;-0.094372;0.013469;0.005026;-0.362686;-0.309349;0.84273
109;1.050368;3.868297;-8.905818;-0.054469;0.014209;-0.009552;-0.364729;-0.311376;0.840526
110;1.050429;3.860539;-8.823646;0.033848;-0.015907;-0.008161;-0.363101;-0.31082;0.840569
111;1.042655;3.748878;-8.928686;0.048209;0.005921;0.004619;-0.363296;-0.310561;0.841645
112;1.042673;3.831527;-9.06296;0.042917;-0.004134;-0.004484;-0.362586;-0.308266;0.842441
113;1.057563;3.696459;-8.913631;0.040967;-0.000385;0.004591;-0.364415;-0.304504;0.842309
114;1.042557;3.726701;-8.995996;-0.005937;-0.005066;0.00287;-0.363763;-0.304779;0.843696
115;1.072561;3.741448;-8.980505;-0.015807;-0.005204;-0.001642;-0.363514;-0.305029;0.841533
116;1.042605;3.711472;-8.913844;-0.012229;0.002039;0.001125;-0.364056;-0.30478;0.843414
117;1.05016;3.808949;-9.025534;-0.025512;0.005248;-0.015109;-0.362912;-0.305433;0.84224
118;1.027652;3.749027;-8.951356;-0.016607;0.003638;-0.007894;-0.362173;-0.30651;0.842829
119;1.027706;3.741295;-8.876656;-0.043729;0.010778;-0.004161;-0.363707;-0.306252;0.842366
120;1.057781;3.846006;-8.950585;-0.003943;-0.003567;-0.011607;-0.362857;-0.307056;0.842681
121;1.042699;3.778787;-8.936077;0.028365;-0.006772;0.000964;-0.364318;-0.308962;0.842805
122;1.04261;3.734015;-8.951143;0.014125;0.00188;-0.011604;-0.363629;-0.306664;0.843328
123;1.042631;3.786572;-9.025722;-0.010942;0.040221;-0.016716;-0.364151;-0.30531;0.842061
124;1.057596;3.696328;-8.876271;-0.043743;0.005392;-0.004207;-0.364249;-0.307202;0.84223
125;1.080233;3.800866;-8.890552;-0.029231;0.019744;-0.005969;-0.364994;-0.307741;0.841264
126;1.072641;3.801293;-9.002759;-0.01658;0.016213;-0.006022;-0.365273;-0.308013;0.841124
127;1.072684;3.778567;-8.913155;-0.027592;0.007408;0.003897;-0.364896;-0.309353;0.840482
128;1.057781;3.846006;-8.950585;-0.014855;0.001918;-0.004308;-0.364279;-0.310703;0.841208
129;1.087659;3.786046;-8.935298;0.002346;0.00369;-0.007966;-0.366684;-0.308965;0.84028
130;1.057669;3.831404;-9.047762;0.014126;-0.005288;-0.011663;-0.36402;-0.309755;0.841198
131;1.072667;3.748553;-8.875876;-0.01119;0.005415;-0.008818;-0.364884;-0.310837;0.840375
132;1.057771;3.815966;-8.905834;-0.00938;-0.007175;-0.011616;-0.364447;-0.309218;0.841038
133;1.10266;3.748307;-8.845482;0.001509;0.016152;-0.011503;-0.364679;-0.309225;0.841575
134;1.072657;3.846353;-9.069885;0.017654;0.002058;-0.003489;-0.364941;-0.308555;0.841825
135;1.080146;3.741047;-8.87577;0.009488;-0.001589;-0.004396;-0.365366;-0.308003;0.839897
136;1.057652;3.80139;-9.010484;0.014164;-0.022467;-0.019012;-0.364918;-0.307344;0.842347
137;1.102581;3.733574;-8.905299;0.006996;-0.00552;-0.020706;-0.364302;-0.307061;0.841546
138;1.057627;3.786448;-9.010525;0.003287;-0.005331;-0.011635;-0.364796;-0.307072;0.84221
139;1.057665;3.801338;-8.99554;0.008669;-0.01517;-0.011714;-0.363992;-0.306119;0.842218
140;1.02765;3.771596;-8.996127;0.032251;-0.008949;-0.018953;-0.36416;-0.304245;0.843945
141;1.072551;3.831725;-9.15959;0.039409;-0.010572;-0.011767;-0.362818;-0.303421;0.843837
142;1.042661;3.756375;-8.936138;0.122691;-0.069246;-0.047622;-0.360794;-0.301527;0.845771
143;0.99754;3.621904;-8.877487;0.203502;0.011804;0.000682;-0.360125;-0.29466;0.848655
144;0.997265;3.31466;-8.609328;0.082496;0.011343;0.00099;-0.36102;-0.289689;0.850298
145;1.027135;3.630721;-9.302868;-0.02307;0.000378;0.008384;-0.36099;-0.287386;0.849304
146;1.042319;3.569709;-8.966536;-0.050746;0.005975;-0.018647;-0.36179;-0.288609;0.849301
147;1.012479;3.591923;-8.869843;-0.028489;0.009192;0.003039;-0.3615;-0.290495;0.84921
148;1.027265;3.607656;-9.116128;-0.04112;0.023642;0.010394;-0.361944;-0.2909;0.848659
149;1.072347;3.486604;-8.742092;-0.070208;0.048892;0.025095;-0.363066;-0.292255;0.847968
150;1.079836;3.629455;-9.010572;-0.092002;0.023914;0.034016;-0.365575;-0.295224;0.844814
151;0.997493;3.802562;-9.265545;-0.072794;0.057933;0.026986;-0.368091;-0.29957;0.84495
152;1.124863;3.771814;-9.188756;-0.067229;0.071173;0.017965;-0.369529;-0.300116;0.843826
153;1.027676;3.83165;-9.078156;-0.058991;0.030488;-0.002187;-0.370436;-0.301732;0.842331
154;1.222269;3.846479;-9.30646;-0.069084;0.100981;0.030788;-0.374378;-0.302297;0.840444
155;1.282457;3.589524;-8.543991;-0.16668;0.046456;0.014372;-0.376127;-0.307154;0.838031
156;1.222962;4.129535;-9.066581;-0.058025;-0.056082;-0.026376;-0.375634;-0.310512;0.836751
157;1.40541;-0.37851;2.266855;-0.492558;-0.518688;-0.230839;-0.368174;-0.31542;0.835594
158;0.708289;1.669921;-18.60125;0.041399;-0.011419;0.006485;-0.36063;-0.301543;0.847953
159;0.981635;4.873857;-12.229312;-0.74919;0.299341;-0.104559;-0.367862;-0.317593;0.83755
160;1.01546;3.617919;-5.619399;-0.350633;-0.010595;-0.197079;-0.367924;-0.336949;0.827852
161;0.89475;3.524029;-6.383837;0.004749;-0.056272;-0.044447;-0.364262;-0.33974;0.82721
162;0.991076;3.783373;-8.040296;-0.092127;-0.094221;-0.001106;-0.364806;-0.341228;0.826948
163;1.043366;4.2349;-9.046916;-0.312974;-0.07615;0.000417;-0.362639;-0.348482;0.825526
164;1.012973;4.642775;-10.279211;-0.292658;0.026378;0.010991;-0.361448;-0.360311;0.821166
165;1.179422;4.740894;-8.647236;-0.086245;0.053856;0.008796;-0.361907;-0.360595;0.822244
166;1.014301;4.156338;-7.904402;0.185197;-0.052206;-0.012384;-0.360514;-0.35708;0.823311
167;0.923789;4.14412;-8.563501;0.192602;-0.06207;-0.016957;-0.359043;-0.354652;0.825217
168;0.968336;4.190586;-9.093136;0.085464;-0.035653;-0.021063;-0.357873;-0.351684;0.826831
169;1.043438;4.1895;-8.882653;-0.015671;0.00446;-0.011531;-0.356523;-0.350336;0.828754
170;0.991243;4.218874;-8.666767;0.017673;0.005483;-0.011584;-0.354633;-0.3444;0.831423
171;0.938661;4.174559;-8.742496;0.037354;-0.017545;-0.002719;-0.353231;-0.344255;0.83201
172;0.938568;4.167401;-8.832181;0.044696;-0.024868;-0.011831;-0.354948;-0.34642;0.830499
173;0.938542;4.159983;-8.847145;0.043044;-0.019699;-0.021742;-0.354492;-0.344953;0.833206
174;0.938492;4.130099;-8.847227;0.032215;-0.015239;-0.020779;-0.353428;-0.344535;0.832961
175;0.945974;4.084978;-8.772502;0.010643;-0.003784;-0.026078;-0.353071;-0.338476;0.835169
176;0.945907;4.085239;-8.847222;0.001331;0.00025;-0.002512;-0.352809;-0.340494;0.834672
177;0.953412;4.085151;-8.832151;-0.034708;-0.001788;-0.007867;-0.353626;-0.341026;0.832751
178;0.938562;4.159904;-8.824729;-0.030098;-0.009121;-0.016968;-0.353838;-0.341709;0.833437
179;0.953541;4.129767;-8.772253;-0.015615;-0.007357;-0.020615;-0.353978;-0.342114;0.833305
180;0.923518;4.107575;-8.795237;-0.014907;-0.008842;-0.006142;-0.351836;-0.34155;0.832956
181;0.923537;4.11502;-8.787744;0.003026;0.009407;0.006599;-0.35334;-0.341968;0.832779
182;0.923522;4.130118;-8.832536;-0.002267;0.002017;-0.003388;-0.352874;-0.341416;0.831832
183;0.983457;4.159901;-8.883746;-0.009345;0.016188;-0.009633;-0.354157;-0.341303;0.832875
184;0.953436;4.047458;-8.735117;-0.033067;0.032639;0.010451;-0.353328;-0.342778;0.832795
185;0.953462;4.115035;-8.83207;-0.056662;0.047194;0.025075;-0.35334;-0.34399;0.832409
186;0.930881;4.115559;-8.952003;-0.072782;0.072206;0.023481;-0.357275;-0.344421;0.830656
187;1.058835;4.263015;-8.560898;-0.046142;0.065577;0.047737;-0.358752;-0.345097;0.828989
188;1.013853;4.2032;-8.4871;0.076539;0.069713;0.052006;-0.363625;-0.343113;0.827839
189;1.11096;3.948156;-8.321762;0.130345;0.054145;0.071639;-0.366692;-0.338839;0.829425
190;1.102763;3.905821;-9.024384;-0.064;0.026685;0.033041;-0.367676;-0.337782;0.831004
191;1.132895;4.220864;-9.426514;-0.257791;0.086056;0.034792;-0.370122;-0.343438;0.826408
192;1.268716;4.306664;-8.50493;-0.244405;0.040912;0.019932;-0.373323;-0.349917;0.822482
193;1.201353;4.562428;-8.916339;-0.004994;-0.026798;-0.006418;-0.373091;-0.354762;0.821086
194;1.081229;4.32338;-8.762101;0.082997;-0.081205;-0.054877;-0.369201;-0.353383;0.822412
195;1.058584;4.226392;-8.770218;0.079533;-0.094036;-0.068508;-0.366;-0.35243;0.825354
196;1.043653;4.188664;-8.643547;0.090157;-0.063121;-0.048421;-0.361617;-0.35119;0.827787
197;0.908885;4.27924;-8.727773;0.193164;-0.086261;-0.06144;-0.357337;-0.344564;0.831609
198;0.983401;4.114997;-8.861452;0.292523;-0.040055;-0.054165;-0.356233;-0.336229;0.836926
199;0.91577;3.943174;-8.773395;0.335756;-0.054187;-0.052521;-0.354105;-0.326124;0.8417
200;0.907754;3.712136;-8.923594;0.289542;-0.021604;-0.028663;-0.353436;-0.316562;0.845075
201;0.877464;3.548102;-8.976851;0.120649;0.009487;-0.011741;-0.352574;-0.308472;0.847126
202;0.944899;3.615412;-9.08761;-0.081512;0.012354;-0.009447;-0.352615;-0.306596;0.84872
203;0.952769;3.831979;-9.07195;-0.162853;0.00141;-0.003904;-0.353205;-0.311179;0.847292
204;0.968038;3.913512;-8.907087;-0.12688;0.00347;0.003249;-0.353628;-0.317636;0.844138
205;0.95313;3.965931;-8.922142;-0.013159;0.002101;0.002964;-0.352674;-0.322193;0.841536
206;0.982973;3.860989;-8.862144;0.019515;0.001913;-0.011597;-0.353379;-0.321539;0.843132
207;0.893019;3.83908;-8.88614;0.048281;-0.004977;-0.00444;-0.352367;-0.31574;0.844959
208;0.922928;3.801558;-8.878263;0.075352;0.009527;-0.000803;-0.351944;-0.315333;0.845237
209;0.922881;3.861899;-9.042486;0.046309;-0.000171;0.011863;-0.352531;-0.314137;0.846691
210;0.922836;3.786878;-8.953025;0.044595;0.016754;0.007462;-0.35511;-0.31334;0.845095
211;0.997685;3.636375;-8.742949;-0.036703;0.038061;0.014111;-0.35337;-0.31251;0.844864
212;0.997723;3.906944;-9.205483;-0.068953;0.034163;0.003298;-0.354407;-0.313335;0.84539
213;1.02027;3.726076;-8.787158;-0.090771;0.046748;0.010671;-0.356212;-0.314413;0.842903
214;0.937958;3.861463;-8.937624;-0.128731;0.02696;0.012469;-0.357112;-0.318591;0.841049
215;0.997992;3.958535;-9.003596;-0.114194;0.04489;0.010716;-0.358974;-0.323586;0.838907
216;0.998173;3.95783;-8.80185;-0.072769;0.029795;0.010514;-0.361246;-0.327388;0.838769
217;1.013082;4.018205;-8.995708;-0.038458;0.043482;0.015939;-0.362517;-0.326302;0.836531
218;0.998112;3.965588;-8.884023;-0.036346;0.057385;-0.005673;-0.36236;-0.326303;0.836808
219;1.050536;3.92028;-8.816011;-0.085371;0.035093;0.009656;-0.36441;-0.328749;0.836243
220;1.103095;4.054924;-8.934312;-0.083386;0.015958;-0.005881;-0.364421;-0.330335;0.832193
221;1.103238;4.03933;-8.747551;-0.077969;0.006895;-0.01138;-0.365831;-0.332246;0.832999
222;1.133237;4.039058;-8.709685;-0.031137;-0.01621;-0.009852;-0.365382;-0.334941;0.833065
223;1.118216;4.084397;-8.836841;0.024946;0.007274;-0.011639;-0.365914;-0.333585;0.831662
224;1.058191;4.017365;-8.815619;0.051806;-0.022005;-0.002828;-0.364034;-0.3325;0.833335
225;1.058107;3.995136;-8.867985;0.030293;0.007422;-0.006196;-0.365191;-0.331711;0.83437
226;1.043107;4.025351;-8.942878;0.003191;0.005593;-0.003424;-0.364199;-0.331286;0.833171
227;1.058144;4.017548;-8.867924;0.028757;-0.0128;-0.030749;-0.364143;-0.329539;0.834227
228;1.058115;4.040222;-8.942584;0.032113;0.006536;-0.006209;-0.36387;-0.327515;0.834606
229;1.148025;3.979586;-8.814203;0.041848;0.0239;0.01013;-0.36404;-0.326854;0.836083
230;1.043099;3.859948;-8.644444;0.053542;-0.003054;0.003639;-0.365039;-0.324283;0.834098
231;1.057957;3.830281;-8.726464;-0.011482;0.022005;0.01391;-0.366127;-0.324714;0.835838
232;1.110409;3.965343;-8.964318;-0.036663;0.01646;0.010289;-0.367804;-0.323379;0.835486
233;1.088091;4.009962;-8.87491;-0.020434;0.002108;0.006543;-0.366527;-0.324434;0.834188
234;1.058112;4.010156;-8.890361;0.015841;0.010095;-0.004334;-0.365305;-0.324302;0.835993
235;1.057962;3.965618;-8.972675;0.028413;0.014774;0.002903;-0.366178;-0.324035;0.83528
236;1.102932;3.829964;-8.695817;0.010296;0.013783;0.002929;-0.367156;-0.323383;0.836867
237;1.057953;3.867896;-8.801083;-0.01211;0.00181;-0.009742;-0.367506;-0.321626;0.836142
238;1.14776;3.950538;-9.053391;-0.025575;0.013437;-0.007864;-0.369105;-0.321377;0.836629
239;1.117972;3.919909;-8.799929;-0.058352;0.019955;0.010365;-0.366787;-0.322701;0.836458
240;1.118016;4.009976;-8.919237;-0.040822;-0.000319;-0.02057;-0.368952;-0.325001;0.834391
241;1.133007;3.934675;-8.769747;-0.000307;0.00622;-0.014297;-0.369002;-0.325131;0.833712
242;1.058071;4.010312;-8.935193;0.003299;-0.015283;-0.016232;-0.368244;-0.324053;0.83494
243;1.102993;3.950046;-8.852405;0.023188;-0.010802;-0.01898;-0.366712;-0.32202;0.835768
244;1.050442;3.928169;-8.935543;0.015939;-0.017943;-0.017179;-0.368233;-0.323381;0.8352
245;1.117853;3.905333;-8.904578;0.019453;0.000196;-0.006239;-0.366163;-0.320413;0.837931
246;1.072893;3.890551;-8.890433;0.03751;-0.012348;-0.009966;-0.365236;-0.32067;0.837558
247;1.117825;3.920483;-8.964314;0.012325;0.001855;-0.011638;-0.366643;-0.318388;0.837333
248;1.102875;3.920423;-8.927206;0.017523;0.005793;0.004662;-0.366122;-0.316763;0.837319
249;1.11782;3.89794;-8.927014;0.041268;0.025262;-0.011552;-0.366911;-0.315965;0.837822
250;1.072798;3.89844;-9.009966;0.088177;-0.021302;-0.019196;-0.365601;-0.31379;0.837551
251;1.080328;3.792977;-8.771019;0.093247;-0.032563;-0.000287;-0.366605;-0.31086;0.840998
252;1.012844;3.680738;-8.630494;0.057258;-0.019407;-0.008218;-0.364852;-0.308145;0.841276
253;1.042628;3.809141;-9.070493;0.104349;-0.050809;-0.019418;-0.364275;-0.306121;0.842073
254;1.04253;3.666647;-8.913966;0.08803;0.002296;-0.004545;-0.361104;-0.302469;0.845099
255;1.05739;3.621933;-8.96614;0.011984;0.010487;0.015591;-0.361954;-0.300318;0.84503
256;1.057283;3.622351;-9.085692;-0.097888;0.032275;0.005152;-0.36249;-0.301672;0.844902
257;1.087424;3.726801;-9.084902;-0.224354;0.053572;0.018252;-0.36475;-0.305325;0.84313
258;1.080163;3.831219;-9.024967;-0.298429;0.06958;0.025776;-0.367983;-0.314496;0.838302
259;1.14053;3.949555;-8.762107;-0.313258;0.041185;0.043685;-0.369417;-0.324056;0.833814
260;1.178397;4.308735;-8.977187;-0.207687;0.006586;0.041355;-0.371673;-0.334852;0.830817
261;1.02106;4.294511;-8.972412;-0.036579;0.037963;0.008648;-0.37226;-0.337399;0.827991
262;1.13328;3.888492;-8.381322;-0.042022;0.048521;0.003277;-0.373523;-0.335656;0.82778
263;1.223418;4.315758;-8.909159;0.000603;-0.039666;-0.022799;-0.371409;-0.337529;0.828429
264;1.04369;4.399075;-8.994164;0.218411;0.012988;-0.031957;-0.370759;-0.334689;0.828532
265;1.200453;3.844027;-8.574579;0.341174;0.031219;-0.035796;-0.370401;-0.321367;0.833866
266;2.273347;-3.040509;6.05518;-0.577317;-0.70767;-0.275542;-0.367127;-0.319074;0.83801
267;-0.345652;3.425445;-19.286808;-0.285841;-0.237366;-0.132242;-0.341766;-0.31286;0.852596
268;0.757124;5.280095;-12.732635;-0.026086;0.318282;0.028633;-0.346372;-0.315844;0.848694
269;0.878913;3.001037;-6.355627;0.254298;0.142041;-0.032855;-0.354763;-0.30728;0.847167
270;0.8409;2.687544;-6.387003;0.239154;-0.022586;-0.01761;-0.349373;-0.296467;0.852034
271;0.892881;3.20043;-7.849255;-0.094878;-0.125736;-0.008483;-0.345155;-0.295361;0.854055
272;0.831837;3.626157;-9.874053;-0.285531;-0.159951;-0.031762;-0.345477;-0.300345;0.852508
273;0.802721;4.254658;-10.104483;-0.479932;0.033065;-0.024581;-0.343691;-0.316217;0.848109
274;0.984019;4.65402;-9.181285;-0.060131;0.071413;0.026115;-0.346792;-0.324593;0.845174
275;0.878286;3.695299;-8.34132;0.164386;0.002926;0.011623;-0.342417;-0.326706;0.845086
276;0.720651;3.652159;-8.613092;0.089825;-0.037353;-0.019151;-0.342284;-0.321868;0.847719
277;0.802972;3.802491;-8.984897;-0.005881;-0.042918;-0.010854;-0.34411;-0.315546;0.848082
278;0.863022;3.9371;-9.10307;-0.02276;-0.015445;-0.022418;-0.342164;-0.316609;0.848438
279;0.848023;3.907157;-9.066045;0.013887;0.018536;0.011193;-0.342491;-0.317145;0.847622
280;0.818038;3.779538;-8.850207;-0.012903;0.017917;-0.014053;-0.341519;-0.319698;0.84743
281;0.818179;3.839148;-8.805212;-0.033989;-0.018596;0.001129;-0.341369;-0.321465;0.849101
282;0.84061;3.921926;-9.006354;-0.011285;-0.004241;-0.002462;-0.3415;-0.318891;0.847824
283;0.818136;3.922032;-9.006734;0.010397;0.011118;-0.000595;-0.341642;-0.31714;0.848058
284;0.818086;3.83199;-8.894897;0.013931;0.014802;0.003948;-0.343987;-0.318104;0.847455
285;0.833107;3.846809;-8.87966;-0.011505;-0.006659;0.011096;-0.340519;-0.319963;0.848012
286;0.833028;3.832076;-8.939477;-0.030107;0.012569;-0.009533;-0.341203;-0.319161;0.84811
287;0.818081;3.877129;-8.98444;-0.020365;0.003907;0.003053;-0.342318;-0.319573;0.847674
288;0.818153;3.891887;-8.932095;-0.016692;-0.003399;-0.004241;-0.340752;-0.318487;0.848792
289;0.81069;3.876772;-8.872485;-0.002192;-0.003458;-0.0097;-0.342733;-0.319173;0.847652
290;0.818173;3.891809;-8.909678;-0.00042;-0.005189;-0.007007;-0.341847;-0.3201;0.846611
291;0.818071;3.847089;-8.939689;0.000409;0.000341;0.000266;-0.339488;-0.320081;0.847232
292;0.80315;3.892037;-8.954763;-0.001336;0.007455;-0.002392;-0.340487;-0.317121;0.847143
293;0.803061;3.847264;-8.969831;-0.011081;-0.001857;-0.017804;-0.339813;-0.319554;0.848436
294;0.840567;3.892016;-8.998963;-0.012987;0.03881;-0.00036;-0.341159;-0.318476;0.847011
295;0.862899;3.651825;-8.707826;-0.084018;0.135716;0.063777;-0.345614;-0.320532;0.845272
296;0.802962;3.892768;-9.163981;-0.195961;0.15355;0.077752;-0.350769;-0.324211;0.842997
297;1.073483;3.707778;-7.897139;-0.260159;0.149309;0.064217;-0.356993;-0.329624;0.837048
298;1.088977;4.367465;-8.560107;-0.011933;0.015412;0.042779;-0.359209;-0.334225;0.835702
299;1.102047;4.074044;-10.1298;-0.00063;0.047793;0.042963;-0.361943;-0.331691;0.835972
300;1.103131;4.099906;-8.979022;-0.221683;0.049991;0.018201;-0.36353;-0.338016;0.831825
301;1.141132;4.210407;-8.582066;-0.123349;-0.007371;0.001278;-0.364689;-0.344489;0.829734
302;1.058582;4.248961;-8.814989;0.00141;-0.041323;-0.018218;-0.361239;-0.343785;0.830514
303;0.953654;4.204528;-8.786994;0.084668;-0.077356;-0.043944;-0.360048;-0.344324;0.831787
304;0.923499;4.10013;-8.802729;0.097252;-0.059211;-0.035697;-0.355916;-0.340393;0.834976
305;0.923588;4.144903;-8.787663;0.128089;-0.048527;-0.044748;-0.35521;-0.335133;0.836259
306;0.938435;4.1604;-8.966698;0.266996;-0.022603;-0.029548;-0.352453;-0.329733;0.839511
307;0.983032;3.815642;-8.712826;0.331978;-0.025174;-0.034251;-0.352781;-0.318843;0.844324
308;0.862885;3.719558;-8.849611;0.317438;-0.034899;-0.026992;-0.352273;-0.309685;0.847295
309;0.922357;3.563144;-9.065717;0.257837;-0.047599;-0.023333;-0.349803;-0.298491;0.851378
310;0.929751;3.413092;-8.89414;0.124254;-0.019348;-0.019194;-0.348682;-0.289064;0.855316
311;0.877221;3.50393;-9.163774;0.006978;-0.004439;-0.015172;-0.347948;-0.287041;0.856389
312;0.922226;3.473416;-9.043545;-0.086065;0.010585;-0.007623;-0.348026;-0.290282;0.856584
313;0.862552;3.638136;-9.066525;-0.121346;-0.009206;-0.005841;-0.347664;-0.293089;0.853658
314;0.89257;3.592674;-8.924172;-0.081544;0.006946;-0.011268;-0.34768;-0.297535;0.852654
315;0.870201;3.735248;-9.073606;-0.041709;-0.003832;-0.02048;-0.348003;-0.299689;0.851596
316;0.922612;3.622311;-8.893697;-0.001439;0.020165;0.007604;-0.348684;-0.299696;0.851574
317;0.907576;3.62259;-8.953726;-0.01851;0.04162;0.007795;-0.348007;-0.299419;0.851591
318;0.93749;3.600088;-8.968225;-0.047335;0.046829;0.005176;-0.350967;-0.298644;0.852159
319;0.900092;3.675235;-9.043374;-0.084172;0.044676;-0.006494;-0.352416;-0.301884;0.850405
320;0.952607;3.727335;-9.05729;-0.105032;0.013235;-0.005772;-0.352803;-0.307266;0.847911
321;0.922835;3.794401;-8.967949;-0.092381;0.001524;-0.011298;-0.353076;-0.308616;0.847656
322;0.907895;3.892062;-9.102434;-0.025633;0.018099;-0.002305;-0.353446;-0.309688;0.846168
323;0.892798;3.772261;-9.005876;-0.022959;0.014521;-0.002324;-0.35285;-0.309403;0.845094
324;0.967708;3.749363;-8.967312;-0.014879;0.018187;0.001269;-0.353152;-0.309687;0.84645
325;0.960361;3.771393;-8.847824;-0.023837;0.018002;-0.005943;-0.353752;-0.311574;0.845378
326;0.952816;3.771638;-8.907727;-0.001413;0.011123;0.003908;-0.355119;-0.311317;0.845328
327;0.967759;3.771723;-8.952307;-0.020393;0.027313;0.010387;-0.354383;-0.311301;0.844264
328;0.952788;3.786788;-8.967463;-0.047268;0.028717;-0.004003;-0.356491;-0.311465;0.84515
329;0.982826;3.85404;-9.011606;-0.048398;0.005662;0.008493;-0.355324;-0.313603;0.844005
330;0.960526;3.860991;-8.832636;-0.007544;-0.018028;-0.017986;-0.356328;-0.314416;0.843172
331;0.967871;3.846484;-8.967047;0.017686;0.00199;-0.007968;-0.356178;-0.314162;0.845212
332;0.952853;3.801573;-8.92259;0.024949;0.003737;-0.011584;-0.355901;-0.313755;0.845349
333;0.997786;3.816459;-8.966622;0.024835;0.002118;-0.002569;-0.356071;-0.311312;0.843529
334;0.982768;3.771548;-8.922165;0.031961;-0.001329;0.002825;-0.356259;-0.310784;0.844737
335;0.982752;3.801692;-8.996804;0.006917;0.003666;-0.011553;-0.355414;-0.310509;0.845167
336;1.012709;3.756464;-8.9217;-0.00936;0.010819;-0.008762;-0.354053;-0.310361;0.845209
337;0.98274;3.786699;-8.981901;-0.009441;0.000167;-0.0043;-0.35484;-0.311046;0.845468
338;0.937855;3.816742;-8.967634;-0.001264;-0.004382;-0.00976;-0.354652;-0.311574;0.84426
339;0.95282;3.741545;-8.848032;-0.00929;0.012495;-0.015057;-0.354586;-0.309828;0.845453
340;0.98278;3.8467;-9.048986;-0.007658;0.003837;-0.000664;-0.355022;-0.311447;0.84479
341;0.98268;3.719252;-8.922308;0.001505;-0.001792;-0.014286;-0.354853;-0.31091;0.845329
342;0.982719;3.734142;-8.907323;-0.026626;0.001929;-0.002434;-0.355135;-0.310238;0.845307
343;0.930373;3.854341;-9.027435;-0.002215;-0.000684;-0.004304;-0.354592;-0.311445;0.845076
344;0.952808;3.78671;-8.945046;-0.015763;0.001943;-0.00426;-0.353957;-0.311988;0.846195
345;0.967818;3.83917;-9.0119;-0.00775;0.012967;0.007544;-0.355625;-0.311716;0.843959
346;0.960323;3.756504;-8.862809;-0.011346;0.03358;0.008602;-0.356656;-0.310924;0.844862
347;0.967798;3.77909;-8.922398;-0.018406;0.025231;-0.004103;-0.355665;-0.311997;0.845187
348;0.982797;3.876714;-9.086266;0.004968;-0.010492;-0.002601;-0.356798;-0.311195;0.844727
349;0.997791;3.77132;-8.87708;0.009541;-0.007053;-0.009826;-0.355204;-0.312522;0.843988
350;0.982745;3.801718;-9.004276;0.001249;-0.012174;0.003731;-0.355885;-0.311181;0.844212
351;0.952788;3.786788;-8.967463;0.003102;-0.005046;0.001074;-0.35599;-0.310512;0.84474
352;0.982802;3.831576;-8.996723;-0.001263;-0.007082;-0.009797;-0.354778;-0.310228;0.844639
353;0.982814;3.726253;-8.78779;-0.022006;0.006237;-0.011461;-0.356257;-0.310246;0.844862
354;0.967833;3.831594;-8.982032;-0.004225;-0.009409;0.008291;-0.356114;-0.310649;0.844875
355;0.997726;3.756535;-8.921953;0.010359;0.010202;0.001141;-0.3561;-0.31092;0.845016
356;0.990196;3.741681;-8.937064;-0.014917;0.007423;0.001188;-0.35584;-0.310107;0.84501
357;1.005259;3.861614;-9.070983;-0.01313;0.003008;0.003856;-0.356926;-0.310388;0.844979
358;0.99776;3.816563;-8.996511;0.024886;-0.00785;-0.008063;-0.355477;-0.310653;0.84612
359;0.937892;3.906836;-9.094415;0.117865;-0.017381;-0.010143;-0.355539;-0.307143;0.845915
360;0.892806;3.757189;-8.968556;0.215336;-0.062072;-0.022415;-0.353018;-0.302153;0.849575
361;0.922524;3.570015;-8.893839;0.257611;-0.007712;-0.000453;-0.352247;-0.292991;0.852417
362;0.952057;3.300845;-8.87165;0.111614;0.029217;-0.007989;-0.35153;-0.28571;0.854206
363;1.011928;3.41359;-9.146798;-0.065277;0.01064;-0.007709;-0.352979;-0.285056;0.854962
364;0.98226;3.517853;-9.012522;-0.14495;0.028681;0.012515;-0.35415;-0.287889;0.853346
365;1.012401;3.509509;-8.802819;-0.148531;0.038434;0.00896;-0.353951;-0.29312;0.849644
366;1.027508;3.711986;-9.041122;-0.193716;0.024945;0.014393;-0.356334;-0.298393;0.847762
367;0.982707;3.779306;-9.004337;-0.177435;0.015943;0.008882;-0.358899;-0.305414;0.844956
368;0.907915;3.952142;-9.191936;-0.099769;0.018053;0.008728;-0.358017;-0.309725;0.845067
369;1.072626;3.635916;-8.711797;-0.094447;0.03779;0.012412;-0.357641;-0.312803;0.842282
370;0.90834;4.055768;-8.915185;-0.016187;0.002583;0.026507;-0.360625;-0.31526;0.841959
371;0.908023;3.951725;-9.072383;0.096149;0.01143;6.3e-05;-0.359783;-0.313892;0.840736
372;0.982621;3.711964;-8.974632;0.131081;0.021813;0.020828;-0.360476;-0.309195;0.843208
373;0.945167;3.742208;-9.027488;0.039451;0.019948;-0.010602;-0.361095;-0.305839;0.84462
374;1.162499;3.72582;-8.904307;0.033853;0.058823;0.010386;-0.361995;-0.306513;0.843379
375;1.140076;3.748286;-8.889682;0.019605;0.010758;-0.015217;-0.362763;-0.302348;0.84477
376;1.057335;3.637188;-9.055764;0.086712;-0.038008;-0.047327;-0.361663;-0.300856;0.845186
377;1.288069;4.514221;-12.344656;0.620677;-0.708971;-0.050557;-0.340776;-0.304903;0.854517
378;0.803595;7.409588;-15.012542;-0.446435;0.214654;0.027051;-0.338425;-0.316593;0.851145
379;0.983941;3.842183;-7.756322;0.162038;0.20108;0.020143;-0.347546;-0.316236;0.845671
380;0.818709;2.611349;-5.931791;0.311284;-0.084513;-0.034467;-0.346142;-0.306284;0.851647
381;0.742958;3.216551;-7.986241;0.014532;-0.13275;-0.02321;-0.342823;-0.301134;0.85329
382;0.825125;3.555482;-8.88058;-0.141521;-0.116905;-0.01011;-0.341758;-0.302873;0.852678
383;0.801498;3.913506;-10.822736;-0.526821;0.071835;-0.006108;-0.340487;-0.315249;0.849283
384;0.924308;4.668488;-8.965567;-0.369502;0.1266;0.020033;-0.344378;-0.330614;0.841833
385;0.9614;4.023025;-8.167175;0.073306;-0.006622;0.000884;-0.341908;-0.338542;0.840705
386;0.721085;3.845983;-8.493011;0.136579;-0.054963;-0.012154;-0.339722;-0.331917;0.84201
387;0.773156;3.907329;-9.015005;0.08636;-0.053637;-0.026521;-0.341964;-0.326692;0.843877
388;0.848133;3.944329;-9.013638;0.048387;-0.011378;-0.011705;-0.340512;-0.324396;0.845513
389;0.825698;3.951801;-8.98411;0.048252;-0.004878;-0.000799;-0.340227;-0.323855;0.845784
390;0.773135;3.854772;-8.940428;-0.002205;-0.012407;-0.009744;-0.336199;-0.323284;0.846993
391;0.743348;3.936936;-8.895877;-0.036623;-0.015964;-0.002438;-0.336278;-0.324369;0.847555
392;0.758396;3.959173;-8.865675;0.003278;-0.016118;-0.017016;-0.33794;-0.323305;0.847345
393;0.773233;3.937108;-8.985036;0.044874;-0.007934;-0.018878;-0.338297;-0.321817;0.846489
394;0.7806;3.854841;-8.970189;0.026782;-0.012448;-0.017055;-0.337794;-0.321433;0.849626
395;0.788156;3.869591;-8.92519;0.00158;-0.001864;-0.020544;-0.335904;-0.32222;0.849295
396;0.788197;3.869434;-8.880358;-0.011274;0.002004;-0.004205;-0.336048;-0.321008;0.849403
397;0.765695;3.877168;-8.925549;-0.016719;0.009255;0.000388;-0.336612;-0.321146;0.849115
398;0.773183;3.907225;-8.985117;-0.009251;0.001726;-0.01868;-0.336351;-0.320334;0.849108
399;0.788219;3.906945;-8.925088;-0.005759;-0.00081;-0.011475;-0.336405;-0.320868;0.848301
400;0.75823;3.877099;-8.895787;-0.004059;-0.000649;-0.004229;-0.335009;-0.321666;0.848634
401;0.743195;3.862333;-8.925969;-0.013116;-0.005121;-0.002421;-0.334492;-0.322466;0.848122
402;0.773166;3.877211;-8.947839;-0.015009;0.004012;0.006677;-0.335067;-0.322079;0.849591
403;0.773211;3.892074;-8.925382;-0.018374;0.006318;-0.01139;-0.33592;-0.321141;0.849274
404;0.773186;3.877132;-8.925423;-0.004983;-0.010514;-0.004299;-0.335504;-0.322066;0.847401
405;0.758217;3.877151;-8.910731;-0.00786;0.007736;0.012117;-0.336611;-0.322344;0.847098
406;0.77325;3.906963;-8.910397;-0.002231;0.005628;-0.004199;-0.335383;-0.321943;0.849035
407;0.750751;3.892128;-8.910817;-0.008582;-0.005144;-0.004245;-0.336554;-0.321407;0.848034
408;0.773161;3.862191;-8.925463;0.020386;-0.010569;-0.011597;-0.336478;-0.322358;0.848871
409;0.758202;3.892249;-8.955523;0.026723;0.002045;-0.009714;-0.336485;-0.319796;0.849229
410;0.773134;3.862295;-8.955351;-0.007675;-0.003334;-0.003339;-0.335081;-0.320461;0.849696
411;0.713217;3.862527;-8.94142;-0.00571;0.023448;-0.009472;-0.335345;-0.319656;0.849944
412;0.743143;3.847495;-8.955898;0.001402;0.00203;-0.006026;-0.335308;-0.319914;0.84859
413;0.728204;3.877476;-8.963542;-0.011203;0.01995;-0.004061;-0.33611;-0.320478;0.850479
414;0.758163;3.87736;-8.970508;-0.024661;0.013472;-0.01132;-0.335591;-0.320065;0.850216
415;0.773191;3.892152;-8.947798;-0.036795;0.011323;0.017632;-0.33673;-0.322363;0.849134
416;0.773225;3.892022;-8.910438;-0.032816;0.007161;-0.011348;-0.336143;-0.322885;0.847804
417;0.773289;3.921853;-8.895411;-0.025007;-0.006746;0.008437;-0.335854;-0.323289;0.847957
418;0.77325;3.906963;-8.910397;-0.02652;0.01622;-0.007686;-0.336977;-0.322488;0.847633
419;0.773262;3.921957;-8.925301;-0.023943;-0.012376;-0.004266;-0.336701;-0.324102;0.8474
420;0.750846;3.936875;-8.888279;-0.020362;0.005678;0.001282;-0.336564;-0.324625;0.845511
421;0.758292;3.929499;-8.925532;-0.020318;0.009226;-0.000507;-0.337142;-0.324927;0.848626
422;0.773314;3.936795;-8.895371;-0.004221;0.002294;0.008446;-0.336474;-0.3245;0.846736
423;0.75828;3.914505;-8.910629;-0.000424;-0.001568;-0.006054;-0.336256;-0.325854;0.847584
424;0.780746;3.929471;-8.94757;0.000618;-0.007167;-0.016958;-0.336373;-0.324375;0.848096
425;0.780715;3.899509;-8.925235;0.004958;0.002105;-0.002434;-0.33559;-0.32342;0.847832
426;0.758241;3.899616;-8.925614;-0.00138;0.003917;-0.000588;-0.336046;-0.323015;0.847265
427;0.773262;3.921957;-8.925301;-0.011296;-0.008744;-0.004273;-0.336241;-0.32343;0.848219
428;0.758278;3.929551;-8.940477;-0.012969;0.001862;-0.011428;-0.336174;-0.32423;0.847148
429;0.758267;3.907034;-8.910649;-0.004021;0.011003;-0.004152;-0.335859;-0.325714;0.847459
430;0.780755;3.906876;-8.895327;-0.020221;0.010863;-0.00774;-0.336113;-0.324236;0.847966
431;0.758319;3.921872;-8.880721;-0.025609;0.005397;-0.011373;-0.335018;-0.325843;0.847761
432;0.788237;3.929435;-8.947443;-0.020033;-0.003808;-0.024124;-0.335745;-0.325576;0.847188
433;0.780763;3.951962;-8.969925;-0.030863;0.006966;-0.02131;-0.334876;-0.32692;0.84765
434;0.758408;3.966644;-8.865655;-0.034775;0.012773;0.000456;-0.336057;-0.327057;0.84639
435;0.750924;3.959131;-8.843386;-0.006866;-0.00503;0.001176;-0.336499;-0.329903;0.847246
436;0.743355;4.057227;-9.112241;0.006638;0.056407;0.022354;-0.335512;-0.327725;0.846285
437;0.877957;3.455945;-8.259779;-0.127832;0.161322;0.098431;-0.339994;-0.328027;0.844511
438;0.728468;4.222361;-9.313791;-0.155321;0.180321;0.151111;-0.345954;-0.333721;0.840208
439;1.201012;3.631292;-7.55895;-0.195675;0.169947;0.100328;-0.353058;-0.337265;0.835554
440;1.08842;4.309474;-9.06837;-0.004769;0.00493;0.053544;-0.358751;-0.34053;0.831622
441;1.042904;4.469811;-9.995235;0.086203;0.049586;0.026491;-0.360089;-0.338794;0.832225
442;1.148302;4.083786;-8.701838;0.106799;0.025945;0.010885;-0.360762;-0.336121;0.8346
443;1.102802;3.980869;-9.121317;0.129791;-0.055468;-0.032206;-0.359287;-0.331941;0.83688
444;0.953078;4.071411;-9.175907;0.061312;-0.059443;-0.041051;-0.357873;-0.329776;0.837973
445;0.863344;3.996005;-8.85633;0.107345;-0.072894;-0.050257;-0.35374;-0.324348;0.839638
446;0.818188;3.936869;-8.976805;0.131754;-0.068305;-0.050266;-0.350839;-0.322467;0.844185
447;0.82573;3.8464;-8.752761;0.182345;-0.043075;-0.052029;-0.348939;-0.317056;0.845096
448;0.922913;3.636182;-8.587301;0.226137;-0.026137;-0.018589;-0.344754;-0.310286;0.847689
449;0.922644;3.637226;-8.886184;0.178308;-0.010895;-0.010231;-0.346508;-0.302773;0.851024
450;0.877396;3.683726;-9.305255;0.165877;-0.007468;-0.017399;-0.348869;-0.293912;0.85377
451;0.922245;3.428226;-8.939058;0.079073;0.0166;-0.006178;-0.347404;-0.291078;0.855668
452;0.862244;3.45134;-9.059562;-0.07968;-0.024587;-0.020511;-0.346851;-0.28998;0.854169
453;0.817683;3.653082;-9.007466;-0.153581;0.017278;-0.020039;-0.346006;-0.294557;0.85374
454;0.892788;3.682062;-8.849207;-0.102223;-0.004988;-0.021249;-0.346028;-0.298598;0.852728
455;0.892922;3.862015;-9.03552;0.039487;-0.012504;-0.020751;-0.345531;-0.302227;0.851454
456;0.877602;3.577646;-8.879633;0.086158;0.017717;0.00287;-0.347506;-0.299139;0.851058
457;0.944956;3.592634;-8.983063;0.071892;-0.010483;-0.014497;-0.345804;-0.295506;0.854445
458;0.914908;3.608135;-9.103081;0.069751;0.00268;0.015455;-0.346654;-0.293354;0.854376
459;0.899925;3.608207;-9.103334;0.046306;0.022371;0.018364;-0.345807;-0.291193;0.855178
460;0.847356;3.623997;-9.276036;0.0319;-0.015467;0.010026;-0.346349;-0.288638;0.855656
461;0.80255;3.676296;-9.216876;0.08791;0.007156;0.010057;-0.347587;-0.286103;0.857743
462;0.832258;3.210927;-8.634812;0.03894;0.043993;0.025808;-0.347016;-0.281368;0.857128
463;0.892208;3.466244;-9.088903;-0.087888;0.017833;-0.00394;-0.349803;-0.282872;0.855977
464;0.92218;3.533757;-9.207767;-0.143937;0.034912;0.008959;-0.350855;-0.288278;0.855501
465;0.929929;3.562796;-8.975925;-0.188385;0.019683;0.018009;-0.350826;-0.293911;0.851258
466;0.892593;3.622661;-8.953979;-0.215635;0.070264;0.041943;-0.354129;-0.298793;0.849882
467;1.072376;3.471454;-8.682356;-0.367389;0.055337;0.043959;-0.356368;-0.309845;0.845259
468;1.020563;4.115969;-9.18959;-0.388947;0.05172;0.043982;-0.35763;-0.323181;0.840576
469;0.878769;4.430365;-9.176194;-0.135299;0.020225;0.033245;-0.358919;-0.331933;0.836348
470;1.088296;4.091879;-8.799966;0.057102;0.049309;0.022041;-0.360191;-0.332345;0.835634
471;0.863123;3.996867;-9.102908;0.023246;-0.019739;-0.021657;-0.362512;-0.328729;0.836169
472;0.92357;4.302887;-9.101061;0.088549;-0.056009;-0.053754;-0.3592;-0.327891;0.836942
473;1.155577;3.911634;-8.619987;0.212708;0.074447;-0.002614;-0.359416;-0.322105;0.838729
474;0.98302;3.560015;-8.250251;0.063682;-0.026898;-0.024546;-0.360038;-0.317805;0.840258
475;1.072828;4.236716;-9.606813;0.086732;-0.118845;-0.057849;-0.356801;-0.316301;0.841968
476;0.603009;3.208889;2.957866;0.222784;-0.758187;-0.207767;-0.346503;-0.310725;0.84968
477;0.312645;3.832068;-21.082813;-0.418814;0.233598;-0.035905;-0.330504;-0.299594;0.861825
478;0.564291;4.874905;-9.830375;-0.529111;0.34136;-0.061217;-0.342615;-0.319304;0.847387
479;0.925123;2.800394;-4.584521;0.288293;0.07436;-0.056908;-0.349976;-0.315859;0.845992
480;0.818238;2.808698;-6.820436;0.291151;-0.133317;-0.00943;-0.344844;-0.299121;0.852097
481;0.832924;3.441452;-8.327827;-0.140068;-0.199425;-0.012469;-0.338054;-0.300427;0.855337
482;0.680844;3.796838;-11.482626;-0.332075;-0.056482;-0.009203;-0.3348;-0.306727;0.854068
483;0.698751;4.46217;-9.485503;-0.411953;0.163667;0.039477;-0.338372;-0.322648;0.84895
484;0.923988;3.797432;-7.69768;-0.127771;0.144782;0.080202;-0.344157;-0.328734;0.8433
485;0.863294;4.02628;-8.968329;-0.004774;0.050861;0.062095;-0.343868;-0.332357;0.841066
486;0.923861;3.858087;-7.951566;0.019977;0.147648;0.10518;-0.350409;-0.332408;0.839085
487;1.01414;3.97649;-7.747977;0.216079;0.008343;0.051266;-0.354687;-0.325572;0.839494
488;0.996862;4.173489;-10.654349;0.41102;-0.04601;0.023271;-0.352602;-0.314129;0.845736
489;0.996971;3.789552;-9.818518;0.023188;0.052642;0.01224;-0.354115;-0.306611;0.848671
490;1.057722;3.65072;-8.652232;-0.043709;-0.030766;-0.018918;-0.352986;-0.310512;0.848511
491;0.982478;3.847875;-9.385229;-0.081234;-0.049174;-0.038828;-0.350793;-0.312648;0.848351
492;0.862897;3.854869;-9.08835;-0.16438;-0.027803;-0.031194;-0.349732;-0.315464;0.847488
493;0.78821;3.869382;-8.865414;-0.21133;-0.006418;-0.029095;-0.349851;-0.321247;0.844874
494;0.781225;4.145681;-8.819954;-0.11551;-0.04232;-0.049476;-0.349696;-0.327163;0.842272
495;0.77382;4.085219;-8.611026;0.162385;-0.061046;-0.051182;-0.345319;-0.326192;0.844573
496;0.803503;4.093697;-8.93927;0.447554;-0.039995;-0.03819;-0.342891;-0.315668;0.847989
497;0.802859;3.735254;-8.98508;0.671296;-0.010199;-0.024056;-0.343413;-0.295625;0.855477
498;0.816929;3.370261;-9.314594;0.803161;0.001086;-0.02249;-0.343037;-0.268962;0.863414
499;0.801314;2.906566;-9.151725;0.736239;-0.006227;-0.016922;-0.342717;-0.241351;0.870786
500;0.860702;2.472243;-8.942676;0.375036;0.030426;0.002293;-0.345134;-0.219966;0.876827
501;1.107384;2.382912;-9.364653;-0.181604;0.05694;0.00012;-0.345122;-0.216598;0.87758
502;1.010623;2.847165;-9.536892;-0.590899;0.071917;-0.027696;-0.348381;-0.230888;0.871489
503;0.996844;3.053102;-8.587625;-0.675356;0.063903;-0.00764;-0.34861;-0.252698;0.864553
504;0.8925;3.743344;-9.282423;-0.500364;-0.007009;-0.004913;-0.349925;-0.272093;0.858079
505;0.832857;3.862821;-9.185973;-0.04542;0.007167;-0.008629;-0.349575;-0.287447;0.854575
506;0.847457;3.503289;-8.94012;0.142843;-0.013285;0.009775;-0.350405;-0.284774;0.856673
507;0.854631;3.39921;-9.097191;0.172929;-0.035178;-0.014867;-0.348916;-0.27438;0.858428
508;0.907035;3.293822;-8.939677;0.181786;-0.04757;-0.007752;-0.348779;-0.269812;0.861066
509;0.899524;3.233777;-8.850302;0.176298;0.004704;0.007993;-0.347338;-0.262663;0.863425
510;0.921394;3.115704;-9.298572;0.073607;0.011402;0.002856;-0.346278;-0.257123;0.864034
511;0.876413;3.296523;-9.672444;-0.05277;0.057946;0.021576;-0.348403;-0.256073;0.864896
512;0.944006;3.084984;-9.089056;-0.197019;0.058715;0.000212;-0.349755;-0.260116;0.862481
513;0.92173;3.355032;-9.372641;-0.358576;0.090651;0.012578;-0.353206;-0.271586;0.857962
514;1.012071;3.277679;-8.736201;-0.536709;0.11542;0.032146;-0.357568;-0.286425;0.851574
515;1.042593;3.636319;-8.787023;-0.666972;0.062282;0.042938;-0.361065;-0.309885;0.84429
516;1.140906;4.128568;-8.679426;-0.594998;0.058331;0.057148;-0.364107;-0.330621;0.834521
517;1.059012;4.668398;-9.120203;-0.235427;-0.019906;0.019573;-0.36364;-0.34097;0.829838
518;1.043756;4.225862;-8.598614;0.122856;-0.015143;0.013323;-0.362546;-0.342577;0.829632
519;0.961063;3.91906;-8.346789;0.200611;-0.043059;-0.00781;-0.360686;-0.336922;0.833665
520;1.013525;4.264637;-8.965148;0.335345;0.024824;-0.000491;-0.360015;-0.324665;0.837534
521;1.012849;3.695758;-8.652869;0.440403;0.026335;-0.032372;-0.361174;-0.30947;0.842918
522;1.117161;3.486914;-8.890774;0.38638;-0.085628;-0.062872;-0.358376;-0.297201;0.847944
523;1.056795;3.609211;-9.601305;0.292603;-0.090307;-0.058134;-0.355587;-0.285065;0.852837
524;-0.055763;4.195283;1.63432;0.198808;-0.682559;-0.198836;-0.341424;-0.282556;0.860734
525;0.261561;2.969779;-17.977646;-0.260972;-0.086976;-0.089013;-0.320199;-0.270299;0.873845
526;0.607387;4.332952;-10.869718;-0.523504;0.357716;-0.052985;-0.328894;-0.285424;0.864056
527;0.819833;2.877688;-5.183853;0.068115;0.134068;-0.036032;-0.336126;-0.288835;0.859531
528;0.810492;2.689409;-6.880664;0.161486;-0.118025;-0.027092;-0.335271;-0.278857;0.861817
529;0.713057;3.487157;-8.419394;0.013433;-0.182689;-0.012687;-0.32783;-0.277608;0.866934
530;0.665477;3.332177;-11.04329;-0.156043;-0.068664;-0.022354;-0.330515;-0.284214;0.86262
531;0.637514;4.023868;-10.115369;-0.368178;0.142705;0.012133;-0.33229;-0.295537;0.858697
532;0.803401;3.740662;-8.394767;-0.155661;0.112874;0.011364;-0.330618;-0.299298;0.858552
533;0.743121;3.561828;-8.448572;0.005632;-0.004036;0.004791;-0.333208;-0.299848;0.856573
534;0.682833;3.6387;-8.987369;-0.023974;-0.02669;-0.004314;-0.331833;-0.300644;0.856633
535;0.742742;3.721222;-9.165462;-0.052632;0.008937;-0.009461;-0.337159;-0.3042;0.85571
536;0.877688;3.772828;-9.148098;-0.052873;0.139815;0.038389;-0.339367;-0.306361;0.853095
537;0.780308;3.457425;-8.552834;-0.151001;0.14112;0.076683;-0.33976;-0.306097;0.853349
538;0.893157;3.740784;-8.550162;-0.255035;0.190593;0.106156;-0.347288;-0.313417;0.847801
539;1.118942;4.066531;-8.000011;-0.084349;0.004424;0.046504;-0.34947;-0.318006;0.845097
540;0.922464;4.239514;-10.207108;0.289975;-0.023061;0.028275;-0.353625;-0.315075;0.844633
541;0.952157;3.789243;-9.669836;0.086255;0.060196;0.019391;-0.354658;-0.307949;0.846639
542;1.065032;3.711548;-8.965769;0.039312;-0.0033;-0.006283;-0.351064;-0.305912;0.849574
543;0.989745;3.698319;-9.355621;-0.018411;0.009206;0.000303;-0.350324;-0.304294;0.850656
544;0.922653;3.622154;-8.848864;-0.186172;-0.000787;-0.019216;-0.351358;-0.308608;0.8488
545;0.773133;3.877341;-8.985199;-0.234772;-0.015493;-0.030902;-0.353532;-0.316957;0.84372
546;0.818537;4.115986;-8.924012;-0.083913;-0.016071;-0.042158;-0.352563;-0.32207;0.843033
547;0.818551;3.988094;-8.670308;0.117419;-0.061443;-0.061944;-0.34786;-0.321087;0.844257
548;0.878114;3.741091;-8.617663;0.223797;-0.039287;-0.048505;-0.345235;-0.313263;0.848002
549;0.877898;3.689291;-8.759775;0.227449;0.000335;-0.040107;-0.344962;-0.305862;0.851134
550;0.840237;3.652662;-8.917422;0.304778;-0.011468;-0.018653;-0.344057;-0.296564;0.853978
551;0.839987;3.488199;-8.887982;0.36254;-0.034672;-0.02437;-0.34344;-0.284166;0.857162
552;0.846859;3.332661;-9.284302;0.304782;-0.011325;-0.012313;-0.342377;-0.272323;0.862548
553;0.846513;3.063293;-9.165483;0.089969;0.016651;-0.007065;-0.342504;-0.266275;0.865556
554;0.92157;3.160138;-9.186369;-0.155571;0.028407;-8.6e-05;-0.342621;-0.266668;0.863928
555;0.817099;3.354562;-9.097945;-0.260233;0.008147;-0.008973;-0.343824;-0.275023;0.860919
556;0.900078;3.562494;-8.849406;-0.200816;0.004875;-0.00285;-0.344227;-0.283653;0.859439
557;0.802512;3.593726;-9.10502;-0.070712;-0.03794;-0.018795;-0.341801;-0.287265;0.858499
558;0.869919;3.608505;-9.148672;0.020323;0.005804;0.001144;-0.341956;-0.289705;0.859628
559;0.772496;3.563984;-9.105607;0.057339;-0.010279;-0.004439;-0.341262;-0.286855;0.858509
560;0.847405;3.608768;-9.193884;0.122386;0.015094;-0.001749;-0.341732;-0.282285;0.86031
561;0.82461;3.474765;-9.299239;0.172832;0.019078;0.008116;-0.343111;-0.275694;0.861228
562;0.817092;3.354588;-9.105417;0.190998;-0.000914;-0.008334;-0.342847;-0.270299;0.862086
563;0.832103;3.21905;-8.821593;0.215193;-0.094315;-0.021679;-0.341156;-0.262487;0.866072
564;0.801941;3.174837;-8.956718;0.212389;-0.063505;-0.005173;-0.339155;-0.255753;0.870362
565;0.801247;2.966986;-9.338363;0.102555;-0.033565;-0.011933;-0.336122;-0.246966;0.87247
566;0.771516;3.21437;-9.539943;0.003437;0.006424;-0.01142;-0.335096;-0.245766;0.875472
567;0.756517;2.996429;-9.152239;-0.042031;0.029125;0.012377;-0.335267;-0.246692;0.873037
568;0.816443;3.041284;-9.240769;-0.131235;0.030394;0.003533;-0.336572;-0.251294;0.872945
569;0.771862;3.055106;-8.860414;-0.235075;0.005622;-0.005402;-0.335795;-0.257481;0.871321
570;0.816927;3.332672;-9.247448;-0.246014;0.044611;0.01837;-0.339355;-0.266665;0.867571
571;0.742121;3.392767;-9.241077;-0.16651;0.080811;0.020254;-0.341832;-0.272317;0.862565
572;0.80237;3.421322;-8.941102;-0.143262;0.04688;0.023564;-0.341337;-0.278791;0.862569
573;0.779864;3.714828;-9.523508;-0.042098;0.059986;0.030634;-0.344247;-0.279608;0.859905
574;0.899665;3.293387;-8.805307;-0.045555;0.059419;0.007093;-0.346276;-0.280709;0.859859
575;0.712913;3.698273;-8.971755;-0.007252;-0.038168;-0.042435;-0.345908;-0.282048;0.859081
576;1.012143;3.773704;-9.5792;0.231113;0.004179;-0.028396;-0.344502;-0.276648;0.860656
577;1.171466;0.065402;-0.455713;0.083652;-0.221081;-0.07825;-0.345161;-0.26872;0.864155
578;0.756692;-0.044178;-19.875296;0.057859;-0.486501;0.039487;-0.318039;-0.265857;0.878047
579;0.679099;6.134782;-17.767782;-1.007976;0.578988;-0.029653;-0.325838;-0.288933;0.867895
580;0.842873;2.860342;-4.525973;-0.300919;0.33436;-0.076303;-0.342259;-0.30167;0.853455
581;0.685228;2.711957;-4.611229;0.267427;-0.058269;-0.012416;-0.347606;-0.298875;0.851594
582;0.74279;3.157046;-8.061125;0.143173;-0.158608;0.003438;-0.344016;-0.294935;0.852997
583;0.803098;3.636566;-8.537021;-0.02991;-0.191792;-0.010876;-0.338764;-0.294367;0.856014
584;0.709774;3.394656;-11.879238;-0.419377;0.009603;-0.004928;-0.334281;-0.301747;0.856438
585;0.863617;4.686768;-9.840768;-0.570484;0.220327;0.035644;-0.334805;-0.315352;0.852464
586;0.901855;4.112045;-7.906421;-0.001528;0.057712;0.005138;-0.339827;-0.321829;0.846031
587;0.75865;3.597231;-7.91023;0.206907;-0.07465;-0.021506;-0.342875;-0.324145;0.844887
588;0.697955;3.773444;-9.083885;0.205285;-0.10505;-0.021694;-0.339729;-0.318065;0.848002
589;0.802423;3.736951;-9.470763;0.060942;-0.017313;0.000911;-0.335652;-0.31347;0.8524
590;0.802972;3.802491;-8.984897;0.028272;0.006944;0.011103;-0.332267;-0.302398;0.855972
591;0.772911;3.697728;-8.896023;0.044741;0.003035;-0.007941;-0.333231;-0.299187;0.858192
592;0.720379;3.683296;-8.971669;0.015939;-0.016058;-0.017021;-0.334873;-0.306196;0.855007
593;0.727939;3.78827;-9.090811;0.016781;-0.021317;-0.011639;-0.334561;-0.306736;0.855436
594;0.720382;3.713362;-9.023892;0.039416;-0.024968;-0.018949;-0.334081;-0.305781;0.854753
595;0.742788;3.668404;-9.016163;0.061082;-0.006897;-0.015271;-0.330837;-0.298093;0.859473
596;0.720277;3.638575;-9.001679;0.02312;-0.003354;-0.010621;-0.329773;-0.297001;0.859352
597;0.720223;3.638784;-9.061457;0.001533;-0.003522;-0.015092;-0.331741;-0.297823;0.858351
598;0.72765;3.616441;-9.091279;0.003284;-0.007924;-0.01151;-0.332722;-0.299732;0.859443
599;0.712768;3.668755;-9.076446;-0.016362;-0.001117;-0.025884;-0.330879;-0.30011;0.858558
600;0.712809;3.668598;-9.031613;-0.007627;-0.005163;-0.006033;-0.330539;-0.297015;0.860007
601;0.697802;3.638681;-9.002059;0.006939;-0.00981;-0.016946;-0.330312;-0.298085;0.859218
602;0.682806;3.638805;-9.017257;-0.003844;0.005392;-0.016812;-0.330059;-0.299713;0.860482
603;0.69775;3.631367;-9.046912;-0.007791;-0.012107;0.004782;-0.329842;-0.298761;0.859927
604;0.712769;3.661232;-9.061522;-0.007728;0.007607;0.004906;-0.32903;-0.298348;0.859946
605;0.697814;3.653675;-9.016963;-0.015628;0.012626;-0.011315;-0.328988;-0.297005;0.860737
606;0.712765;3.638689;-9.024222;-0.016765;0.014779;0.006786;-0.328918;-0.296727;0.859918
607;0.697762;3.638838;-9.046891;-0.007541;0.00642;-0.009567;-0.328931;-0.298613;0.85941
608;0.697813;3.668721;-9.04681;-0.03;0.008879;-0.016732;-0.329344;-0.299695;0.859145
609;0.712779;3.638637;-9.009278;-0.011472;-0.008431;0.010236;-0.329006;-0.299968;0.859977
610;0.712745;3.638767;-9.046638;-0.011145;9.2e-05;-0.011415;-0.330182;-0.300659;0.860496
611;0.71281;3.661075;-9.016689;0.006808;0.002096;-0.004211;-0.32988;-0.300525;0.860911
612;0.697821;3.653649;-9.009491;-0.011316;-0.005063;-0.00059;-0.330309;-0.299703;0.858977
613;0.71277;3.653709;-9.046597;-0.00773;0.004003;0.003978;-0.329877;-0.299836;0.859266
614;0.697801;3.653728;-9.031907;0.008462;-0.00036;0.006629;-0.330121;-0.299033;0.859787
615;0.697819;3.668695;-9.039338;0.001313;-0.001393;0.001212;-0.329729;-0.30012;0.86118
616;0.712771;3.646186;-9.031674;0.003201;0.002084;-0.004202;-0.329565;-0.299702;0.859818
617;0.697787;3.65378;-9.046851;-0.011388;0.000464;0.006683;-0.330185;-0.299566;0.858843
618;0.697757;3.623818;-9.024516;-0.001244;-0.007039;-0.01148;-0.330167;-0.298909;0.861007
619;0.697807;3.661225;-9.039358;-0.007623;-0.012365;-0.007884;-0.331266;-0.299727;0.860714
620;0.697776;3.638786;-9.031947;0.010537;0.016344;-0.009545;-0.330604;-0.298895;0.858816
621;0.712772;3.638663;-9.01675;-0.001383;-0.004134;-0.000614;-0.329856;-0.299015;0.857891
622;0.71277;3.653709;-9.046597;-0.001211;0.001921;-0.011428;-0.33005;-0.299429;0.858845
623;0.697814;3.653675;-9.016963;-0.007641;0.003858;-0.003253;-0.328609;-0.299154;0.859975
624;0.705292;3.653692;-9.03178;-0.006678;-0.001628;-0.008722;-0.329463;-0.29808;0.859654
625;0.697787;3.65378;-9.046851;0.001576;0.012617;-0.014975;-0.329786;-0.298887;0.858843
626;0.697826;3.668669;-9.031866;-0.009274;0.007199;-0.014985;-0.331188;-0.299705;0.858133
627;0.697827;3.661146;-9.016942;-0.000365;0.002;-0.007806;-0.329647;-0.29902;0.85885
628;0.697813;3.661198;-9.031886;-0.023751;0.019804;-0.009438;-0.330574;-0.29794;0.857575
629;0.697794;3.653754;-9.039379;-0.005804;0.012829;-0.003197;-0.331534;-0.29985;0.85894
630;0.697787;3.65378;-9.046851;0.005065;0.012814;-0.005938;-0.329976;-0.300096;0.857908
631;0.690298;3.638769;-9.01713;-0.012214;-0.004167;-0.000578;-0.330401;-0.29902;0.857873
632;0.697789;3.638734;-9.017003;0.003217;-0.003346;-0.006945;-0.32958;-0.299431;0.859676
633;0.712784;3.653657;-9.031653;-0.00219;0.002027;-0.005998;-0.329016;-0.299293;0.859964
634;0.712732;3.638819;-9.061583;-0.009395;-0.003412;-0.007825;-0.329749;-0.298621;0.859383
635;0.742685;3.623684;-9.046173;-0.01303;0.005601;-0.00415;-0.331071;-0.298639;0.859884
636;0.682826;3.646249;-9.009764;-0.009624;0.002321;0.009411;-0.331389;-0.298367;0.859324
637;0.7128;3.683671;-9.068933;0.00148;0.010968;-0.007758;-0.330591;-0.299031;0.858955
638;0.720339;3.683452;-9.016501;0.008548;0.02921;0.006816;-0.33159;-0.297419;0.85862
639;0.757628;3.62377;-9.090753;-0.016705;0.05342;0.012453;-0.334285;-0.296626;0.857292
640;0.71267;3.654101;-9.158679;-0.039923;0.04219;-0.007447;-0.333464;-0.298235;0.857078
641;0.727971;3.62271;-8.747544;-0.052681;0.021448;-0.01027;-0.334752;-0.299874;0.857747
642;0.772916;3.712748;-8.918398;0.021161;-0.012176;-0.002559;-0.334433;-0.299995;0.856536
643;0.757636;3.668856;-9.165351;0.046725;-0.00702;-0.018861;-0.334876;-0.298379;0.856354
644;0.757626;3.578657;-9.008682;0.032234;-0.00346;-0.016989;-0.335199;-0.298661;0.857437
645;0.772704;3.623333;-8.985891;-0.004924;-0.01238;-0.00792;-0.334082;-0.297709;0.858
646;0.742812;3.690869;-9.031046;-0.011099;-0.008094;-0.016911;-0.334448;-0.2992;0.858288
647;0.750212;3.66863;-9.090757;0.012423;0.005437;-0.016881;-0.333568;-0.29785;0.859379
648;0.742737;3.638521;-9.016245;0.00874;-0.000797;-0.014196;-0.333047;-0.297573;0.859119
649;0.69775;3.623844;-9.031988;-0.007401;0.005302;-0.020428;-0.332498;-0.297837;0.859142
650;0.727703;3.623755;-9.046427;-0.007502;0.010856;-0.011358;-0.332217;-0.297027;0.859408
651;0.757717;3.668542;-9.075686;-0.000484;0.038206;0.010501;-0.333635;-0.29729;0.856782
652;0.772694;3.593293;-8.94114;0.004857;0.04008;0.014116;-0.334048;-0.2965;0.858658
653;0.742591;3.624049;-9.150782;0.004867;0.076171;0.025221;-0.337456;-0.297058;0.856652
654;0.802804;3.682827;-8.947862;-0.0158;0.056952;0.010645;-0.339608;-0.296274;0.857111
655;0.877764;3.689813;-8.909216;0.09294;0.031927;0.039124;-0.342116;-0.295485;0.856469
656;0.870094;3.607826;-8.954399;0.122146;0.022558;0.01367;-0.342926;-0.291181;0.857313
657;0.862106;3.369161;-9.059786;0.057114;0.022436;0.019267;-0.343972;-0.287288;0.858564
658;0.862324;3.639024;-9.320575;-0.002277;0.029256;0.012211;-0.343894;-0.28755;0.857756
659;0.937629;3.561951;-8.744165;0.102219;0.006285;0.011776;-0.346338;-0.284072;0.858425
660;0.877094;3.564584;-9.417662;0.257608;-0.012884;0.007669;-0.345473;-0.277599;0.860234
661;0.83193;3.392681;-9.336697;0.269548;-0.01858;-0.010463;-0.34488;-0.267236;0.864544
662;0.831605;3.236029;-9.404372;0.245276;0.000118;-0.012082;-0.344495;-0.258889;0.867526
663;0.809045;3.101112;-9.248205;0.175651;0.018902;-0.000916;-0.345303;-0.251351;0.868988
664;0.801487;2.793094;-8.748539;0.024123;-0.005427;-0.022396;-0.342996;-0.247822;0.86954
665;0.891325;2.838015;-8.89634;-0.190185;0.059259;0.025557;-0.346458;-0.249738;0.868375
666;0.891603;3.235484;-9.32864;-0.399473;0.053103;0.024204;-0.34733;-0.261331;0.865575
667;0.922216;3.571216;-9.237554;-0.314526;0.006393;0.003759;-0.348006;-0.271836;0.861945
668;0.907745;3.794889;-9.087754;-0.018412;-0.021497;-0.011628;-0.34638;-0.27667;0.861003
669;0.952118;3.473562;-9.125231;0.201842;-1.4e-05;-0.008415;-0.346961;-0.272374;0.863078
670;0.846865;3.279999;-9.179835;0.209063;0.013561;-0.004673;-0.346847;-0.265363;0.864036
671;0.869199;3.205237;-9.194604;0.176695;-0.011955;-0.019243;-0.34654;-0.260781;0.865319
672;0.831692;3.055214;-8.971482;0.080871;-0.012161;-0.01175;-0.345554;-0.252554;0.867235
673;0.876553;3.115499;-9.179778;0.01043;-0.010481;-0.004352;-0.346014;-0.252837;0.868313
674;0.906587;3.10005;-9.074703;-0.062008;0.025569;0.019573;-0.346525;-0.252831;0.866936
675;0.906587;3.22789;-9.313463;-0.094172;0.026851;-0.000245;-0.346364;-0.258627;0.866236
676;0.921632;3.144856;-9.089272;-0.170999;0.023937;0.003541;-0.34854;-0.262274;0.863786
677;0.899494;3.504607;-9.387557;-0.151923;0.017648;-0.001981;-0.349681;-0.267131;0.862209
678;0.937172;3.44341;-9.028429;-0.058088;0.026889;-0.00397;-0.349283;-0.268474;0.861839
679;0.907009;3.354084;-9.081484;0.003145;0.016553;0.004871;-0.350625;-0.269014;0.860174
680;0.899449;3.422062;-9.283173;-0.003947;0.011015;-0.002385;-0.351545;-0.269296;0.860557
681;0.929542;3.368789;-9.043703;0.017756;0.010926;-0.009684;-0.350055;-0.26928;0.860469
682;0.899484;3.35425;-9.11897;0.038438;-0.012252;-0.008068;-0.349942;-0.267944;0.862216
683;0.93691;3.324111;-9.096004;0.053616;-0.001158;0.006426;-0.348875;-0.265639;0.862343
684;0.891972;3.294206;-9.029595;0.039406;-0.032191;-0.019052;-0.348801;-0.26376;0.863669
685;0.906834;3.294605;-9.163839;0.051923;-0.017507;-0.00452;-0.349464;-0.263634;0.863917
686;0.891751;3.234909;-9.164255;0.033855;0.009466;0.002949;-0.348852;-0.261883;0.865128
687;0.921692;3.212303;-9.148866;-0.040111;0.012715;0.000428;-0.348193;-0.261065;0.864998
688;0.921815;3.30958;-9.193434;-0.069009;0.016252;0.003232;-0.3489;-0.263495;0.864205
689;0.899485;3.339204;-9.089123;-0.033888;-0.001543;0.003035;-0.349111;-0.265376;0.862874
690;0.906816;3.339796;-9.268326;-0.032994;0.013852;0.010368;-0.34906;-0.266055;0.863433
691;0.906906;3.369522;-9.223412;-0.038264;0.009091;-0.002315;-0.349475;-0.267676;0.863042
692;0.922047;3.398917;-9.103524;0.010454;0.007449;-0.003357;-0.350312;-0.266469;0.862991
693;0.891863;3.30967;-9.178995;0.032226;0.001996;-0.011572;-0.348638;-0.266187;0.863585
694;0.899258;3.272411;-9.216331;-0.014645;0.003543;-0.015066;-0.348506;-0.264568;0.863831
695;0.899467;3.384395;-9.193609;-0.037347;-0.016148;-0.009719;-0.347669;-0.266299;0.861987
696;0.907029;3.293848;-8.947149;0.009543;-0.01151;-0.009801;-0.348518;-0.26563;0.861674
697;0.884474;3.354426;-9.149112;0.046546;-0.019386;-0.00813;-0.348506;-0.264568;0.863831
698;0.921763;3.234585;-9.111444;0.042975;-0.01228;-0.009893;-0.34719;-0.262274;0.865462
699;0.89183;3.249642;-9.104438;0.008731;-0.001679;-0.011536;-0.347561;-0.262536;0.864095
700;0.87682;3.309976;-9.246497;-0.022043;0.007404;-0.000542;-0.348123;-0.262135;0.863933
701;0.921772;3.211989;-9.059201;-0.036451;0.016216;-0.00408;-0.347276;-0.263343;0.86412
702;0.869483;3.309411;-9.074766;-0.062824;-0.001568;0.006738;-0.346864;-0.264957;0.863892
703;0.921901;3.384445;-9.238062;0.001222;-0.00302;0.011972;-0.347574;-0.265769;0.86334
704;0.906918;3.324358;-9.126397;0.008492;-0.013917;0.00375;-0.34826;-0.264832;0.863436
705;0.846898;3.340027;-9.254394;0.023;-0.021102;-0.000832;-0.347457;-0.264703;0.865092
706;0.869407;3.272109;-9.089812;0.050204;-0.006862;-0.009855;-0.347072;-0.263753;0.86495
707;0.831788;3.280436;-9.284698;0.056456;-0.011152;-0.002649;-0.344698;-0.260635;0.866329
708;0.846825;3.272633;-9.209744;0.039503;-0.005244;-0.017045;-0.343981;-0.260902;0.866765
709;0.831836;3.205049;-9.090628;0.035748;-0.003283;-0.007968;-0.34402;-0.259011;0.866592
710;0.869173;3.205341;-9.224492;0.017808;0.006433;-0.011493;-0.345782;-0.257682;0.866917
711;0.87661;3.205515;-9.284142;-0.014613;-0.007277;-0.018745;-0.345337;-0.256603;0.867591
712;0.869265;3.220022;-9.149731;-0.027187;-0.000269;-0.024091;-0.343939;-0.256189;0.868173
713;0.891699;3.220072;-9.194183;-0.029169;0.030617;-0.003086;-0.345577;-0.25607;0.868117
714;0.831672;3.235768;-9.329652;-0.063479;0.020675;-0.00214;-0.346583;-0.257422;0.867157
715;0.831937;3.144499;-8.866629;-0.05894;0.024964;-0.011161;-0.345594;-0.260905;0.865216
716;0.862072;3.309133;-8.985228;0.001431;-0.014233;-0.010686;-0.345568;-0.261312;0.865497
717;0.876809;3.227301;-9.104752;0.071641;-0.010038;0.006351;-0.345796;-0.259433;0.866406
718;0.861809;3.144722;-8.970732;0.03934;0.007507;-0.006105;-0.346628;-0.257148;0.866607
719;0.891615;3.130161;-9.119707;0.013106;-0.024856;-0.00627;-0.34551;-0.254849;0.867416
720;0.906437;3.251034;-9.522619;-0.043812;-0.010412;0.008425;-0.344638;-0.254307;0.86825
721;0.816872;3.280246;-9.21023;-0.050902;0.027067;0.001495;-0.345385;-0.25567;0.868931
722;0.929092;3.190064;-9.208577;-0.019916;0.006896;-0.024989;-0.345386;-0.256059;0.867035
723;0.804049;2.610167;-5.573385;-0.277157;-0.307453;-0.092388;-0.339616;-0.260319;0.867033
724;0.774421;3.149468;-14.49401;-0.058958;-0.165818;-0.021492;-0.329459;-0.268895;0.872154
725;0.815817;3.855862;-11.450298;-0.295759;0.215615;-0.030145;-0.331777;-0.275358;0.867305
726;0.639133;3.017427;-6.449299;-0.287267;0.10056;-0.038035;-0.339725;-0.284028;0.861362
727;0.683373;3.245569;-7.658401;-0.056673;-0.036049;-0.014223;-0.339551;-0.289137;0.859153
728;0.698046;3.622695;-8.703218;-0.061814;-0.059464;-0.021629;-0.33761;-0.291951;0.859134
729;0.757604;3.714098;-9.284781;0.123883;-0.073507;0.00221;-0.334088;-0.290581;0.860991
730;0.876599;3.551471;-9.940746;0.019452;0.018682;0.015698;-0.331945;-0.286122;0.863153
731;0.779656;3.535162;-9.419388;-0.137346;0.075153;0.001129;-0.334985;-0.28802;0.860369
732;0.705502;3.577678;-8.658381;-0.145636;0.031863;-0.00996;-0.336204;-0.294098;0.859357
733;0.758142;3.704486;-8.672093;-0.025747;-0.012486;-0.008769;-0.335754;-0.294622;0.858022
734;0.78034;3.652815;-8.881074;0.10232;-0.033393;-0.0029;-0.33545;-0.294623;0.85844
735;0.779837;3.534457;-9.217643;0.089884;-0.0219;-0.009122;-0.335931;-0.292748;0.859612
736;0.757316;3.534746;-9.270327;-0.012983;0.011022;-0.002309;-0.335627;-0.290727;0.8604
737;0.712661;3.548856;-8.972162;-0.027476;0.018137;-0.002206;-0.333652;-0.288962;0.861655
738;0.742695;3.593565;-8.979007;0.008671;-0.008811;-0.011534;-0.334249;-0.289636;0.860832
739;0.720043;3.564285;-9.121436;0.043794;-0.021105;-0.006266;-0.332462;-0.28667;0.863418
740;0.742396;3.512013;-9.15856;0.008751;0.003746;-0.011448;-0.332329;-0.28827;0.861277
741;0.742483;3.511674;-9.061422;0.004902;0.004955;0.004851;-0.333416;-0.287877;0.86137
742;0.742534;3.534034;-9.046417;-0.016607;0.000136;-0.007792;-0.332499;-0.286262;0.863001
743;0.727523;3.549255;-9.106406;-0.00943;0.005658;-0.002341;-0.331464;-0.287324;0.862104
744;0.75752;3.564029;-9.098388;-0.005874;0.003944;0.001244;-0.330984;-0.285694;0.861544
745;0.742521;3.534086;-9.061361;-0.007479;-0.003581;-0.01598;-0.333904;-0.287619;0.862165
746;0.712569;3.534176;-9.046924;-0.013036;0.003816;-0.004146;-0.333214;-0.288152;0.862198
747;0.712565;3.564268;-9.106619;-0.018471;-0.003352;-0.003277;-0.332699;-0.288144;0.861807
748;0.712548;3.541777;-9.084264;-0.018351;0.001859;-0.011382;-0.333277;-0.287337;0.8615
749;0.772486;3.533944;-9.060856;-0.003926;0.021722;-0.005882;-0.332183;-0.287596;0.861541
750;0.839925;3.511004;-9.000002;-0.013347;0.056461;0.030526;-0.335641;-0.289782;0.860381
751;0.742474;3.534269;-9.113667;-0.016902;0.042927;0.025056;-0.336071;-0.289784;0.860095
752;0.802584;3.608485;-9.052674;0.009149;0.071082;0.039624;-0.339265;-0.287922;0.859547
753;0.877578;3.4875;-8.737908;0.041687;0.085393;0.034189;-0.342254;-0.286606;0.859832
754;0.907213;3.511207;-9.148304;-0.022899;0.046898;0.003322;-0.34305;-0.285793;0.85843
755;0.839853;3.67672;-9.388101;0.084464;0.01956;0.0038;-0.345004;-0.285538;0.857817
756;0.892162;3.519062;-9.238202;0.106254;0.020272;-0.008022;-0.34568;-0.281771;0.858539
757;0.892166;3.481447;-9.163583;0.15763;-0.013675;-0.011991;-0.345955;-0.277746;0.861037
758;0.884417;3.384727;-9.268583;0.147626;-0.01085;-0.003801;-0.345395;-0.271812;0.862303
759;0.846942;3.24962;-9.037949;0.124185;0.004242;-0.006334;-0.34717;-0.266169;0.863225
760;0.87671;3.212646;-9.186985;0.046628;-0.003288;-0.009823;-0.345528;-0.262379;0.864023
761;0.816904;3.235003;-9.090799;-0.015513;0.001652;-0.020467;-0.345967;-0.262665;0.865374
762;0.861934;3.219431;-8.970529;-0.002225;0.016428;-0.00052;-0.345999;-0.261179;0.865208
763;0.869386;3.339869;-9.23907;0.016701;0.010348;0.004811;-0.34521;-0.261977;0.864705
764;0.906881;3.234264;-8.999617;0.06645;-0.000544;-0.009866;-0.346228;-0.259974;0.865994
765;0.831852;3.18995;-9.045836;0.097048;-0.008364;-0.004534;-0.345434;-0.256324;0.866358
766;0.861621;3.145453;-9.179949;0.093193;0.004647;0.019067;-0.344325;-0.254982;0.868681
767;0.898893;3.115915;-9.328839;0.045559;0.002418;0.006492;-0.345627;-0.251498;0.870068
768;0.891426;3.138415;-9.343849;-0.047242;0.023443;-0.000373;-0.345763;-0.252024;0.86817
769;0.906671;3.129803;-9.037262;-0.067256;0.010876;0.003206;-0.345501;-0.254041;0.867673
770;0.876686;3.25034;-9.284019;-0.044636;0.027188;0.006883;-0.349108;-0.255418;0.866492
771;0.884222;3.212532;-9.164442;-0.007558;0.003754;-0.006028;-0.347127;-0.256604;0.865492
772;0.876719;3.250209;-9.246659;-0.009327;-0.010678;-0.010641;-0.348571;-0.256221;0.866253
773;0.86929;3.234963;-9.149691;0.008706;-0.005219;-0.009741;-0.34769;-0.256354;0.867101
774;0.884123;3.197878;-9.246675;0.008727;0.001989;-0.007889;-0.348069;-0.254728;0.865969
775;0.906616;3.145058;-9.126885;-0.012828;0.014296;-0.014996;-0.349656;-0.255289;0.866472
776;0.906654;3.227629;-9.238743;-0.032874;-0.000749;-0.002388;-0.347062;-0.256356;0.868209
777;0.92917;3.21232;-9.163683;-0.029202;0.009039;-0.005958;-0.347564;-0.257025;0.866846
778;0.876775;3.234954;-9.157036;-0.01666;-0.00877;-0.003374;-0.34652;-0.255931;0.866451
779;0.861814;3.219901;-9.105025;0.003163;-0.003263;-0.000665;-0.347468;-0.256346;0.866428
780;0.861767;3.220083;-9.15733;0.003459;0.001713;-0.020532;-0.34676;-0.256746;0.866731
781;0.89165;3.175143;-9.164417;-0.009252;-2.4e-05;-0.015096;-0.347631;-0.25594;0.866143
782;0.906676;3.212504;-9.186479;-0.009263;0.010802;-0.011413;-0.347694;-0.25541;0.867219
783;0.921627;3.189995;-9.178815;-0.013831;0.025268;-0.004075;-0.347729;-0.255811;0.866681
784;0.89917;3.220115;-9.216474;-0.038244;0.016261;-0.002258;-0.348531;-0.256899;0.866676
785;0.921699;3.272435;-9.253312;-0.054609;0.018193;0.007733;-0.349647;-0.259333;0.865869
786;0.906813;3.242048;-9.089261;-0.027389;0.018011;-0.005894;-0.34949;-0.261205;0.864006
787;0.906731;3.257408;-9.208773;-0.025784;-0.001436;0.006634;-0.349937;-0.259993;0.863696
788;0.906744;3.264879;-9.208753;-0.027468;0.01458;0.001317;-0.348227;-0.259445;0.86483
789;0.921833;3.271913;-9.10387;-0.011158;-0.008912;-0.010644;-0.34999;-0.260811;0.864662
790;0.90679;3.272219;-9.171372;0.021316;-0.007834;-0.007997;-0.350852;-0.258524;0.864454
791;0.89928;3.257286;-9.164067;0.016006;-0.012517;-0.017057;-0.350584;-0.258251;0.864458
792;0.906795;3.219557;-9.066906;0.030341;-0.007843;-0.009826;-0.349248;-0.257022;0.864342
793;0.921669;3.174792;-9.104136;0.003228;0.009231;-0.002414;-0.349613;-0.258123;0.866527
794;0.906663;3.205034;-9.1865;-0.012949;0.010003;-0.005982;-0.348786;-0.257831;0.864917
795;0.914258;3.234673;-9.126515;-0.02389;0.002002;-0.000586;-0.348173;-0.258237;0.865761
796;0.92913;3.212476;-9.208516;-0.020263;0.009222;0.001257;-0.350063;-0.258647;0.864075
797;0.921715;3.249814;-9.193596;-0.02567;0.009186;0.000367;-0.349861;-0.258922;0.864902
798;0.929214;3.294864;-9.268068;-0.025611;0.019028;-0.000477;-0.34924;-0.259868;0.865757
799;0.906839;3.249467;-9.074297;-0.007595;0.006469;-0.004211;-0.349507;-0.260275;0.865756
800;0.914178;3.295144;-9.328097;-0.004051;-0.003218;0.002945;-0.350491;-0.259458;0.863668
801;0.921775;3.249579;-9.126348;0.001527;0.001872;-0.011507;-0.350405;-0.259736;0.864764
802;0.899323;3.23456;-9.074464;0.008611;-0.006914;-0.004337;-0.348799;-0.259043;0.864532
803;0.906794;3.294762;-9.208672;0.00149;-0.008837;-0.009765;-0.349149;-0.260266;0.865087
804;0.921758;3.219565;-9.089069;0.005032;0.00203;-0.004277;-0.349576;-0.259055;0.86505
805;0.921696;3.234846;-9.186165;-0.018342;0.009046;-0.007792;-0.348405;-0.258918;0.866174
806;0.899276;3.234743;-9.126768;-0.018408;0.000123;-0.006033;-0.349663;-0.258253;0.865848
807;0.906685;3.250067;-9.246154;-0.032783;-0.003584;-0.009644;-0.350332;-0.25907;0.865842
808;0.906775;3.219636;-9.089322;-0.027426;0.013567;-0.004114;-0.349512;-0.258523;0.865994
809;0.921712;3.272383;-9.238367;-0.009372;0.010985;-0.002376;-0.349619;-0.25959;0.864379
810;0.921723;3.2949;-9.268195;-0.013088;0.005743;0.004833;-0.349234;-0.260946;0.865642
811;0.921743;3.294822;-9.245778;-0.015674;-0.025072;-0.011647;-0.348969;-0.260928;0.863746
812;0.846962;3.249542;-9.015532;0.041275;-0.021472;-0.021678;-0.347473;-0.258771;0.86593
813;0.876827;3.18211;-9.000265;0.07524;-0.029859;0.000785;-0.346878;-0.255267;0.867243
814;0.831598;3.175896;-9.299927;0.061233;0.006477;-0.017915;-0.347065;-0.252717;0.86882
815;0.9141;3.024732;-8.910396;-0.007824;0.023853;0.014002;-0.346057;-0.252698;0.867765
816;0.921594;3.250284;-9.328094;-0.065404;0.003724;0.003141;-0.346475;-0.254858;0.867248
817;0.846774;3.250273;-9.22475;-0.044412;-0.002881;-0.017727;-0.348115;-0.255278;0.867066
818;0.906743;3.33256;-9.335594;0.016071;-0.012547;-0.018873;-0.346697;-0.256887;0.867552
819;0.670472;2.846503;-4.611116;0.148655;-0.335618;0.031248;-0.336316;-0.257758;0.871581
820;0.548591;5.365599;-19.826864;-0.681337;0.267461;0.008235;-0.329472;-0.265929;0.872505
821;0.908369;3.784938;-8.37793;-0.328344;0.271969;-0.064075;-0.341036;-0.286877;0.861509
822;0.751943;2.563997;-5.118598;0.147131;-0.005483;-0.038928;-0.342054;-0.284439;0.859253
823;0.780148;3.021897;-7.91889;0.156125;-0.115892;-0.012599;-0.340111;-0.278494;0.860835
824;0.712815;3.548256;-8.800305;0.129889;-0.183942;-0.008464;-0.333803;-0.275769;0.865615
825;0.755081;3.122334;-10.975094;-0.126423;-0.062951;-0.009754;-0.332079;-0.271988;0.867503
826;0.846907;3.806221;-10.112417;-0.468998;0.163489;-0.002031;-0.335092;-0.284521;0.861387
827;0.893501;3.784565;-8.251158;-0.245757;0.08701;-0.008524;-0.335356;-0.295441;0.859546
828;0.750895;3.67349;-8.343532;0.058987;-0.030152;-0.010898;-0.335963;-0.296788;0.858464
829;0.72784;3.59314;-8.837291;0.190691;-0.059963;-0.004176;-0.334275;-0.292733;0.859938
830;0.77205;3.475483;-9.434621;0.120627;-0.024481;-0.010115;-0.336208;-0.287629;0.860458
831;0.77222;3.51242;-9.314966;-0.00569;0.023558;-0.004058;-0.335847;-0.288039;0.861565
832;0.742546;3.488869;-8.949403;-0.031152;0.021809;0.003245;-0.332298;-0.285054;0.864073
833;0.720089;3.51899;-8.987062;-0.020271;-0.008819;-0.006928;-0.33292;-0.28613;0.862849
834;0.712518;3.571974;-9.173847;-0.013962;0.002101;-0.000539;-0.333166;-0.28654;0.863121
835;0.727561;3.571668;-9.106345;-0.009365;-0.005244;-0.00965;-0.333613;-0.289505;0.862075
836;0.74256;3.541452;-9.031453;0.010546;-0.001687;-0.014203;-0.334633;-0.287891;0.861466
837;0.749964;3.481598;-9.016545;0.016728;-0.017671;-0.007994;-0.332555;-0.286136;0.864085
838;0.749909;3.496853;-9.10617;-0.000244;-0.010761;-0.017856;-0.331742;-0.284376;0.86435
839;0.749933;3.519318;-9.121053;-0.008417;9.4e-05;-0.011433;-0.332869;-0.286135;0.863531
840;0.720045;3.549238;-9.091589;-0.005899;0.01299;0.004939;-0.332288;-0.286253;0.862192
841;0.727533;3.519137;-9.039239;-0.020451;0.00408;0.01034;-0.333546;-0.286936;0.86162
842;0.727456;3.489358;-9.069209;-0.007614;0.003833;-0.004164;-0.331393;-0.285848;0.863302
843;0.712453;3.489507;-9.091878;-0.005815;0.00026;-0.004186;-0.331164;-0.285032;0.862886
844;0.727467;3.511875;-9.099036;-0.0074;0.016125;-0.016746;-0.33178;-0.286663;0.863441
845;0.72002;3.534297;-9.091629;-0.018435;0.005589;-0.004124;-0.332544;-0.286662;0.862328
846;0.712503;3.519391;-9.091797;-0.005757;-0.008832;-0.010579;-0.3328;-0.286397;0.862586
847;0.719983;3.504361;-9.076767;-0.006845;0.007645;0.006716;-0.33248;-0.285455;0.863395
848;0.757445;3.519204;-9.09851;-0.015578;0.005368;-0.015001;-0.332352;-0.286262;0.863142
849;0.719995;3.511832;-9.076746;0.001408;0.002076;-0.004195;-0.332317;-0.286535;0.863557
850;0.742482;3.519197;-9.076346;-0.011233;0.000231;-0.004186;-0.333608;-0.286406;0.862696
851;0.742519;3.549132;-9.091209;-0.01658;0.005516;-0.007757;-0.333598;-0.287081;0.862709
852;0.720058;3.549186;-9.076645;-0.001202;0.006419;-0.010493;-0.332977;-0.285046;0.862283
853;0.87726;3.51882;-9.14879;0.046435;0.074418;0.021437;-0.333263;-0.285062;0.863905
854;0.749853;3.391792;-8.971957;0.016271;0.085642;0.048779;-0.337199;-0.282663;0.862642
855;0.757336;3.594826;-9.359828;-0.01137;0.10319;0.03448;-0.341751;-0.283242;0.861688
856;0.90017;3.456858;-8.550809;0.024629;0.068904;0.020546;-0.346046;-0.280567;0.85932
857;0.952366;3.472595;-8.848765;0.165422;0.029931;0.017202;-0.347359;-0.277081;0.860571
858;0.876529;3.453984;-9.836402;0.178267;0.039087;0.020876;-0.346614;-0.271166;0.86429
859;0.929365;3.264198;-9.043988;0.062734;0.041932;0.008506;-0.348873;-0.267407;0.863873
860;0.906743;3.272402;-9.223677;0.039214;0.034802;0.013951;-0.351113;-0.264862;0.863479
861;0.921778;3.347326;-9.305412;0.003276;0.021846;0.000376;-0.350978;-0.263378;0.863727
862;0.921872;3.279279;-9.073962;0.030229;-0.00137;0.000159;-0.351864;-0.262975;0.862874
863;0.906915;3.294292;-9.074174;0.032264;-0.001709;-0.017028;-0.350768;-0.260539;0.863407
864;0.929345;3.264276;-9.066404;0.079156;-0.006884;-0.015377;-0.351918;-0.258133;0.86482
865;0.891761;3.264949;-9.209005;0.133357;-0.018393;-0.019191;-0.35038;-0.253809;0.866148
866;0.891527;3.070342;-9.104926;0.120488;-0.002823;-5.3e-05;-0.35119;-0.249505;0.866991
867;0.921318;3.010721;-9.186776;0.003218;0.031788;0.004979;-0.351216;-0.247077;0.86708
868;0.936357;3.17587;-9.432652;-0.058093;0.017159;0.0014;-0.35151;-0.248425;0.866552
869;0.936668;3.091941;-8.932249;-0.022949;0.005462;-0.005995;-0.35072;-0.247875;0.866296
870;0.951521;3.175094;-9.230654;-0.029323;0.020049;0.00677;-0.351441;-0.250319;0.867135
871;0.951509;3.1601;-9.215751;-0.041967;0.018209;0.00679;-0.3532;-0.250323;0.865445
872;0.921678;3.212355;-9.16381;-0.038287;0.005497;-0.002338;-0.35319;-0.252345;0.865212
873;0.981528;3.219908;-9.267386;-0.027351;0.023414;-0.00408;-0.354197;-0.253847;0.866023
874;0.951552;3.19001;-9.223142;-0.007585;0.021811;0.001301;-0.354802;-0.252634;0.865436
875;0.921631;3.212538;-9.216114;0.006873;0.003836;-0.00427;-0.355329;-0.253854;0.865442
876;0.959032;3.17498;-9.208112;-0.006574;0.001835;-0.0115;-0.355489;-0.254107;0.863266
877;0.981494;3.15988;-9.192828;-0.040117;0.001926;-0.000572;-0.353862;-0.253027;0.865203
878;0.981689;3.219281;-9.088058;-0.032908;-0.001674;-0.002424;-0.354544;-0.254382;0.864934
879;0.981661;3.234432;-9.147793;0.012329;-0.010652;-0.011641;-0.353735;-0.255181;0.864704
880;0.951515;3.160074;-9.208279;0.008763;0.003704;-0.010617;-0.354455;-0.253297;0.864509
881;0.951579;3.189905;-9.193254;-0.02744;0.016322;-0.000496;-0.354018;-0.255183;0.864559
882;0.966653;3.219561;-9.148087;-0.005815;0.007432;-0.000615;-0.354007;-0.255184;0.864695
883;0.981531;3.189816;-9.207691;-0.003852;0.014424;-0.009623;-0.355242;-0.254656;0.864645
884;0.951615;3.234887;-9.237964;-0.007568;-0.01062;-0.007058;-0.354498;-0.253832;0.863837
885;0.959108;3.219805;-9.20799;0.007062;-0.014468;-0.022498;-0.354883;-0.254108;0.864102
886;0.936648;3.212336;-9.178501;0.008965;-0.007416;-0.028777;-0.351923;-0.253685;0.865551
887;0.921614;3.190047;-9.193759;0.016845;-0.004306;-0.009775;-0.354037;-0.252485;0.864779
888;0.966502;3.129911;-9.148331;-0.007555;-0.003478;-0.007916;-0.353693;-0.253164;0.865619
889;0.951578;3.204951;-9.223101;-0.016622;0.005589;-0.001499;-0.353188;-0.251806;0.865338
890;0.936598;3.17493;-9.163659;0.001532;7.6e-05;-0.011522;-0.354613;-0.252488;0.864352
891;0.981525;3.129683;-9.103246;-0.01457;0.003365;-0.022331;-0.35348;-0.252616;0.864936
892;0.951632;3.197219;-9.1484;-0.025656;-0.003466;-0.00425;-0.352576;-0.25356;0.865935
893;0.959145;3.249741;-9.222852;0.003293;-0.003431;-0.007944;-0.354123;-0.25384;0.86521
894;0.936664;3.182192;-9.103862;0.021193;0.013025;0.004797;-0.353094;-0.253298;0.866321
895;0.936501;3.205388;-9.327963;0.022411;0.00274;-0.016985;-0.353418;-0.252622;0.865754
896;0.929099;3.182515;-9.186181;0.002348;0.002023;-0.004273;-0.351765;-0.252338;0.866075
897;0.95149;3.145133;-9.20832;-0.007532;0.003718;-0.006958;-0.353013;-0.252348;0.865762
898;0.936553;3.160067;-9.186115;-0.01672;0.000324;0.003901;-0.352892;-0.249919;0.865991
899;0.951542;3.15997;-9.178391;-0.012028;-0.00444;-0.01062;-0.351521;-0.251793;0.8658
900;0.936578;3.175008;-9.186075;-0.005815;-0.00335;-0.002482;-0.351526;-0.252197;0.865672
901;0.951556;3.159917;-9.163446;-0.007496;0.007246;-0.009649;-0.352234;-0.252471;0.865246
902;0.936585;3.174982;-9.178603;0.008767;0.003689;-0.011516;-0.354362;-0.251959;0.865982
903;0.929042;3.152658;-9.193734;0.005001;0.007521;0.001186;-0.351669;-0.251269;0.867553
904;0.944064;3.159953;-9.163573;-0.011115;0.012649;-0.007792;-0.353161;-0.250866;0.865865
905;0.944049;3.182574;-9.223289;-0.012781;0.005255;-0.018692;-0.35362;-0.251149;0.866943
906;0.929024;3.13769;-9.186303;-0.021989;0.012688;-0.00414;-0.353513;-0.251954;0.866418
907;0.921523;3.16032;-9.238673;-0.032757;0.021579;-0.005861;-0.352798;-0.252609;0.864958
908;0.944063;3.174999;-9.19342;-0.049207;0.013702;0.00678;-0.353627;-0.25344;0.866442
909;0.936632;3.234958;-9.238216;-0.071629;0.008922;-0.00405;-0.353254;-0.255858;0.865549
910;0.959361;3.294018;-9.065817;-0.026412;-0.009128;-0.01786;-0.354918;-0.257204;0.863072
911;0.929246;3.249622;-9.148638;0.037659;-0.018739;-0.018068;-0.353855;-0.25761;0.864474
912;0.921689;3.234872;-9.193637;0.052973;-0.015916;-0.014465;-0.353045;-0.25504;0.86486
913;0.90672;3.174732;-9.067028;0.038594;-0.005309;-0.018872;-0.352702;-0.254236;0.865944
914;0.906561;3.160313;-9.21651;0.046531;-0.010336;-0.003549;-0.350837;-0.251247;0.865948
915;0.921526;3.130228;-9.178978;-0.000313;0.001941;-0.007879;-0.350797;-0.250727;0.868388
916;0.936553;3.160067;-9.186115;-0.022046;0.018174;0.00132;-0.353177;-0.25046;0.86572
917;0.944041;3.250282;-9.357602;-0.004759;0.001891;-0.009693;-0.352709;-0.251001;0.866426
918;0.906608;3.220289;-9.276123;0.008724;-0.017808;-0.011649;-0.351637;-0.251123;0.866192
919;0.876699;3.129971;-9.04524;0.019521;-0.010602;-0.011611;-0.350525;-0.25044;0.866623
920;0.936587;3.092255;-9.021914;0.024815;-0.025727;-0.006321;-0.348811;-0.24814;0.868132
921;0.831563;3.130915;-9.255217;0.02673;0.002143;-0.00429;-0.348572;-0.245843;0.868096
922;0.951358;3.010292;-9.104077;-0.029403;0.011115;0.008527;-0.349583;-0.246401;0.869025
923;0.996304;3.145442;-9.357001;-0.103305;-0.030641;-0.004258;-0.348074;-0.248409;0.868841
924;0.876597;3.325884;-9.522922;-0.067079;-0.05311;-0.016214;-0.347886;-0.250958;0.867264
925;1.140667;1.061407;-3.233135;-0.153396;-1.130588;-0.127201;-0.326119;-0.261876;0.87621
926;0.796655;7.46668;-22.798338;-0.765012;0.430415;0.011139;-0.317263;-0.26854;0.877036
927;0.871601;3.075572;-6.295774;-0.121814;0.412569;-0.057257;-0.330731;-0.279924;0.865931
928;0.834547;2.096603;-4.027549;0.203868;-0.019957;-0.051836;-0.337286;-0.274703;0.862896
929;0.787196;2.963427;-8.300001;0.057726;-0.144879;-0.010745;-0.333826;-0.27078;0.866199
930;0.683515;3.778923;-8.493826;-0.045872;-0.185072;-0.031551;-0.338287;-0.275262;0.863962
931;0.657016;3.125432;-11.731416;-0.243533;-0.010268;-0.000938;-0.333785;-0.277658;0.865515
932;0.8774;4.195059;-10.252822;-0.53594;0.215745;0.023781;-0.329496;-0.291503;0.864016
933;0.818869;3.783823;-7.938597;-0.159385;0.066025;0.001106;-0.334542;-0.300688;0.858585
934;0.698504;3.538192;-8.038429;0.094975;-0.047966;-0.011981;-0.333381;-0.299876;0.859696
935;0.697961;3.660624;-8.867501;0.208642;-0.083133;-0.001651;-0.341383;-0.298702;0.854787
936;0.771941;3.490947;-9.584022;0.131472;-0.039707;-0.012054;-0.337415;-0.290862;0.858304
937;0.779761;3.54979;-9.329682;0.020513;0.00741;-0.009661;-0.331175;-0.286529;0.864274
938;0.742579;3.488739;-8.912043;0.00311;-0.003237;-0.000625;-0.330267;-0.284763;0.863998
939;0.720117;3.503839;-8.927326;0.019462;-0.017731;-0.011607;-0.331038;-0.283832;0.864771
940;0.674989;3.549869;-9.211901;0.019532;-0.01591;-0.01158;-0.33569;-0.28789;0.860072
941;0.697477;3.549711;-9.196577;0.005088;0.000236;-0.007828;-0.334634;-0.287082;0.861587
942;0.720063;3.504048;-8.987103;0.023037;-0.001434;-0.004271;-0.331486;-0.284641;0.864092
943;0.712456;3.459415;-9.032183;0.006791;-0.005075;-0.004251;-0.330684;-0.282205;0.864344
944;0.712419;3.489638;-9.129238;-0.016681;0.005692;0.000399;-0.332593;-0.283572;0.864035
945;0.742402;3.51951;-9.166011;-0.041797;0.009871;-0.009474;-0.333986;-0.285739;0.863215
946;0.727557;3.549125;-9.069046;-0.028261;-0.003616;-0.014114;-0.334333;-0.286273;0.862125
947;0.727515;3.504169;-9.031808;-0.007653;0.002075;-0.002367;-0.332496;-0.285049;0.86325
948;0.757403;3.474249;-9.061272;0.00317;0.012937;0.001286;-0.33166;-0.284908;0.863547
949;0.712446;3.489533;-9.09935;-0.009435;0.000265;-0.003273;-0.332708;-0.284773;0.862286
950;0.727462;3.496855;-9.07666;-0.014002;0.000317;0.000351;-0.334998;-0.285339;0.862494
951;0.720008;3.519303;-9.076726;-0.003964;-0.016016;-0.011539;-0.334122;-0.28574;0.86321
952;0.712517;3.511815;-9.061929;-0.011197;-0.010627;-0.009673;-0.332569;-0.285192;0.864067
