time index;acc_x;acc_y;acc_z;gyr_x;gyr_y;gyr_z;mag_x;mag_y;mag_z
1;1.387423;-9.594343;1.694041;0.010362;0.005875;-0.02292;-0.318993;0.62155;-0.332943
2;1.392274;-9.579791;1.691416;0.001068;0.004435;-0.005267;-0.31793;0.618572;-0.33241
3;1.377671;-9.591866;1.69385;-0.002351;-0.007574;-0.011483;-0.316919;0.618137;-0.332862
4;1.392285;-9.587082;1.693989;-0.014806;-0.006821;-0.013257;-0.318356;0.620194;-0.333128
5;1.377656;-9.587022;1.701102;0.00744;0.006151;-0.011443;-0.318975;0.619014;-0.332608
6;1.394713;-9.582237;1.693941;-0.000671;-0.001085;-0.007046;-0.317994;0.620585;-0.333639
7;1.423979;-9.596967;1.699532;-0.000789;0.004497;-0.001729;-0.318316;0.620319;-0.332352
8;1.382587;-9.618614;1.699281;-0.009938;-0.002544;0.009714;-0.317205;0.621484;-0.333364
9;1.401966;-9.55315;1.703326;-0.004175;-0.0003;-0.010576;-0.316916;0.620135;-0.332791
10;1.387385;-9.572486;1.69366;0.009078;0.003617;-0.004377;-0.317038;0.619739;-0.332656
11;1.375318;-9.630672;1.674927;-0.002484;0.002593;-0.005284;-0.316662;0.61946;-0.332887
12;1.39238;-9.625878;1.662876;-0.002406;0.001588;-0.008813;-0.318492;0.620334;-0.333269
13;1.402029;-9.587141;1.699028;0.002927;0.004354;-0.008796;-0.318458;0.619794;-0.332604
14;1.397093;-9.557997;1.710673;0.004635;-0.000997;-0.005271;-0.317564;0.619894;-0.332818
15;1.37275;-9.58463;1.732776;0.001114;-0.007434;-0.007064;-0.317286;0.620546;-0.332434
16;1.38986;-9.591917;1.689145;-0.018431;-0.004962;-0.010609;-0.318016;0.620033;-0.331551
17;1.392268;-9.579805;1.698753;-0.006101;-0.000129;-0.003518;-0.318859;0.619146;-0.332865
18;1.387411;-9.587057;1.693914;-0.002399;-0.013877;-0.008843;-0.317486;0.618702;-0.333816
19;1.382547;-9.591885;1.691479;-0.016778;-0.004785;-0.004427;-0.317843;0.619509;-0.33321
20;1.37523;-9.586986;1.688838;0.011559;-0.000653;0.005328;-0.317298;0.619749;-0.33267
21;1.367906;-9.577225;1.683666;-0.006068;-0.008326;-0.004424;-0.317912;0.619501;-0.332048
22;1.384971;-9.582173;1.686456;0.004616;-0.006401;-0.003521;-0.317701;0.620301;-0.332967
23;1.38257;-9.601585;1.684312;0.004578;-0.002717;-0.001749;-0.316811;0.61907;-0.333272
24;1.367872;-9.569986;1.707993;0.002878;0.008049;-0.00703;-0.318575;0.620196;-0.332363
25;1.423907;-9.560556;1.708679;0.004737;-0.019289;-0.008834;-0.318652;0.620855;-0.331349
26;1.40692;-9.592004;1.689406;-0.020332;-0.001209;-0.0053;-0.317669;0.620826;-0.332333
27;1.402033;-9.587132;1.694137;-0.014758;-0.001435;-0.015893;-0.318157;0.619108;-0.33179
28;1.380144;-9.591797;1.652316;-0.015062;-0.002853;-0.000888;-0.319169;0.619942;-0.33135
29;1.343622;-9.606164;1.642231;-0.002402;-0.001119;-0.00883;-0.317873;0.619891;-0.33128
30;1.392329;-9.591859;1.652502;0.004551;-0.006308;1.4e-05;-0.317838;0.619484;-0.330618
31;1.4606;-9.534174;1.659671;-0.027786;0.000687;0.005314;-0.319124;0.619282;-0.331351
32;1.382979;-9.771887;1.716429;-0.013195;-0.01405;-0.007109;-0.319112;0.620078;-0.331115
33;1.385134;-9.616496;1.72843;-0.076598;-0.047236;-0.003702;-0.318788;0.621252;-0.329837
34;1.395212;-9.737711;1.593753;-0.09688;-0.043984;-0.012558;-0.320815;0.623163;-0.326503
35;1.412326;-9.742551;1.540299;0.006458;-0.008411;-0.007062;-0.320605;0.623007;-0.324933
36;1.622498;-10.007496;1.240179;0.061326;0.110974;0.016243;-0.319555;0.62244;-0.326262
37;1.662002;-10.481957;1.601165;0.199775;0.213567;0.002443;-0.319233;0.620599;-0.330077
38;1.043038;-8.91898;1.217341;0.291673;0.038207;0.002175;-0.31889;0.616936;-0.338502
39;1.600914;-8.776003;1.174403;0.218895;-0.04352;0.073628;-0.31907;0.61447;-0.344528
40;2.383004;-10.242637;1.544351;0.807896;0.120362;0.149778;-0.314993;0.611756;-0.355763
41;0.868706;-10.200358;2.469456;1.263446;0.193035;0.192424;-0.307721;0.597904;-0.385416
42;0.366736;-9.283994;3.355569;0.619719;-0.120538;0.090302;-0.30764;0.584515;-0.406525
43;1.101095;-8.55022;3.759859;0.184959;-0.186561;0.012214;-0.311178;0.578582;-0.412498
44;0.793517;-8.325501;3.893116;-0.074178;-0.181333;-0.057024;-0.311811;0.577805;-0.412249
45;0.893139;-9.123325;3.037966;-0.421784;-0.183426;-0.098094;-0.31583;0.580155;-0.404888
46;0.972203;-9.604038;2.76387;-0.489384;-0.342035;-0.089687;-0.322648;0.585997;-0.389097
47;0.785066;-9.626873;2.379758;-0.431638;-0.418235;-0.030653;-0.332839;0.593943;-0.369414
48;1.183205;-9.892624;1.881786;-0.253822;-0.432926;0.049978;-0.3383;0.598412;-0.35494
49;1.499792;-9.853298;2.066856;0.055029;-0.368967;0.247501;-0.34086;0.597283;-0.351934
50;1.15781;-9.629042;2.527276;0.01564;-0.26105;0.070081;-0.342023;0.597304;-0.349406
51;1.02194;-10.019512;2.612708;-0.167556;-0.194951;-0.128784;-0.344967;0.597256;-0.346322
52;1.199376;-9.646016;2.405934;-0.256991;-0.178772;-0.036033;-0.350192;0.598571;-0.337312
53;1.411816;-9.821697;2.280163;-0.235797;-0.22878;0.065497;-0.354163;0.602326;-0.324033
54;1.504537;-9.80485;2.117437;-0.118337;-0.188195;-0.09058;-0.358379;0.6019;-0.318027
55;1.588725;-9.093434;1.969393;-0.136706;-0.171338;-0.241498;-0.365556;0.598256;-0.311825
56;2.317277;-8.912129;1.754755;-0.219221;-0.178971;-0.21931;-0.374812;0.59656;-0.30579
57;2.512499;-8.844285;1.326153;-0.267457;-0.18337;-0.127459;-0.380058;0.594816;-0.297209
58;2.399858;-8.632255;1.357632;-0.300354;-0.133449;-0.092078;-0.38509;0.597178;-0.288317
59;2.340719;-9.469065;0.982489;-0.297228;-0.072578;-0.062897;-0.389164;0.599383;-0.279529
60;2.0652;-9.475273;1.144704;-0.172439;-0.035043;-0.061871;-0.390346;0.599626;-0.272344
61;1.700382;-9.981301;1.304482;-0.054;0.005631;-0.008811;-0.391801;0.602862;-0.270443
62;1.427554;-10.133235;1.466829;0.213187;0.032637;-0.073895;-0.392613;0.604523;-0.273644
63;1.093491;-8.706868;1.783984;0.04155;-0.01707;-0.075918;-0.39366;0.600351;-0.277628
64;1.431194;-9.358852;1.494782;-0.117819;-0.011015;0.002547;-0.395691;0.600798;-0.274382
65;1.567822;-9.503043;1.606957;0.001609;-0.0419;-0.031801;-0.394921;0.600212;-0.271992
66;1.733723;-9.571744;1.537308;-0.020028;-0.018211;-0.02114;-0.395978;0.599991;-0.27243
67;1.939646;-10.164948;1.335562;-0.064738;-0.009233;-0.008807;-0.394471;0.601491;-0.26825
68;1.86406;-9.996431;1.042933;-0.016666;-0.019674;-0.044102;-0.396545;0.601572;-0.268362
69;2.002758;-9.853773;1.003427;0.083958;-0.006861;-0.036843;-0.397986;0.598968;-0.268751
70;1.903887;-9.229815;1.34809;0.155661;0.005791;-0.0632;-0.399363;0.596798;-0.272905
71;2.033038;-9.342643;1.586765;0.160141;-0.003209;-0.022565;-0.401336;0.595706;-0.276086
72;1.728505;-9.492029;1.770594;0.164613;0.006871;-0.024405;-0.402374;0.59404;-0.278682
73;1.95749;-9.46903;1.837244;0.031794;-0.043528;-0.027247;-0.403119;0.592223;-0.280611
74;1.935375;-9.279164;1.667321;-0.014508;-0.014933;-0.033409;-0.402863;0.590216;-0.280669
75;2.001033;-9.172545;1.617554;-0.011606;-0.025014;-0.001603;-0.404469;0.590797;-0.279216
76;1.880009;-9.604039;1.530306;0.031084;0.013824;0.007283;-0.403486;0.591035;-0.280208
77;1.875019;-9.601832;1.65735;-0.011783;-0.014682;0.009823;-0.40311;0.591289;-0.280454
78;1.987245;-9.619199;1.554203;0.005159;-0.001999;-0.031611;-0.402416;0.591519;-0.279517
79;1.933228;-9.453486;1.523799;-0.045249;-0.011637;-0.006958;-0.403224;0.592464;-0.278905
80;1.818435;-9.312064;1.529379;0.050953;-0.007916;-0.001559;-0.404144;0.591969;-0.279199
81;1.916271;-9.592134;1.682457;0.035922;0.018996;-0.008588;-0.403148;0.592471;-0.279938
82;1.791927;-9.628193;1.815694;-0.055442;-0.026913;-0.031788;-0.403992;0.59076;-0.278767
83;1.933303;-9.521583;1.573892;-0.151773;-0.043155;-0.030114;-0.405656;0.591996;-0.275911
84;1.792414;-9.588657;1.340418;-0.059309;-0.043866;-0.015922;-0.405993;0.592667;-0.273653
85;1.987248;-9.511923;1.337146;-0.030417;-0.020524;-0.034327;-0.408324;0.5938;-0.27122
86;1.820941;-9.27347;1.533439;0.003072;-0.019814;-0.019298;-0.408102;0.591934;-0.27193
87;1.967057;-9.254945;1.618473;-0.029507;0.002179;0.000181;-0.408877;0.592739;-0.269404
88;2.055559;-9.665693;1.558493;-0.048867;-0.037268;-0.005236;-0.40911;0.593276;-0.268914
89;1.948587;-9.676765;1.285631;-0.063739;-0.016714;-0.017603;-0.408736;0.59393;-0.269173
90;2.133701;-9.602358;1.255353;-0.059071;-0.011554;-0.028127;-0.408522;0.594014;-0.265019
91;2.089496;-9.485865;1.409157;-0.010971;-0.000237;-0.028051;-0.409718;0.595132;-0.265634
92;1.880307;-9.691143;1.363097;0.027518;0.012066;0.009919;-0.408549;0.593887;-0.265535
93;1.855921;-9.632543;1.263894;-0.02456;-0.019892;-0.014052;-0.409516;0.59367;-0.266746
94;2.050521;-9.602648;1.620899;0.006582;0.00385;-0.015682;-0.408932;0.594434;-0.265442
95;1.76262;-9.355689;1.504641;-0.055261;0.00306;0.038949;-0.408386;0.594141;-0.264886
96;1.821792;-9.776231;1.561764;-0.059612;-0.020856;-0.003523;-0.408495;0.593475;-0.264484
97;2.087878;-9.89848;1.294047;-0.147885;-0.04541;-0.042471;-0.409017;0.594138;-0.26207
98;2.094547;-9.409921;1.055782;-0.137476;-0.054052;-0.030061;-0.410769;0.597077;-0.255903
99;2.111827;-9.448524;0.880651;-0.101595;-0.027583;-0.038794;-0.412428;0.596181;-0.252985
100;1.972526;-9.270714;0.970814;0.053651;-0.000712;-0.001489;-0.413717;0.595564;-0.252906
101;1.811765;-9.545197;1.420652;0.095196;0.029098;0.012675;-0.412996;0.597411;-0.253958
102;1.725805;-9.239058;1.568078;-0.052447;-0.041806;-0.008831;-0.413044;0.594492;-0.254911
103;2.211834;-9.658499;1.198826;-0.146865;-0.024546;-0.008808;-0.414195;0.595576;-0.252155
104;2.084764;-9.522094;1.319238;-0.084254;-0.034243;-0.018494;-0.413081;0.595626;-0.248082
105;2.008844;-9.166597;1.035576;-0.031839;0.021922;-0.01212;-0.414055;0.595677;-0.24943
106;2.021009;-9.200835;1.126835;-0.149137;-0.025067;-0.031782;-0.414876;0.598066;-0.24527
107;2.063305;-9.569688;0.872243;-0.043588;0.003992;0.001939;-0.415792;0.597547;-0.242972
108;1.914788;-9.710015;0.987365;-0.078536;-0.002619;-0.032614;-0.413511;0.599041;-0.24134
109;2.231894;-9.774365;0.785437;-0.024774;0.019322;-0.04214;-0.413693;0.598658;-0.242375
110;1.902474;-9.505452;0.726857;-0.091004;-0.006314;-0.032617;-0.414923;0.598828;-0.24115
111;2.128951;-9.443592;0.797683;0.017946;0.014315;-0.040332;-0.414094;0.600117;-0.240108
112;2.234488;-8.531234;0.915454;-0.014698;0.023849;0.058682;-0.414481;0.599333;-0.240105
113;1.863742;-9.782599;0.980518;0.110628;0.102859;0.044635;-0.410142;0.601597;-0.243697
114;2.291705;-9.411464;1.337567;0.411101;0.220711;0.080697;-0.406438;0.599403;-0.252115
115;2.252225;-9.12467;1.322196;-0.052216;0.183735;0.13663;-0.400904;0.600064;-0.26013
116;2.276023;-10.149447;1.232797;-0.113741;0.19362;0.187713;-0.394806;0.604484;-0.259677
117;2.119896;-10.02223;1.157301;0.158105;0.31322;0.149381;-0.385447;0.607271;-0.268718
118;1.425635;-10.203324;1.174381;0.207483;0.299732;0.094446;-0.378859;0.609219;-0.276327
119;1.402207;-9.579983;1.640021;0.425221;0.302974;0.08062;-0.373269;0.608185;-0.288304
120;1.469454;-9.024243;1.665603;0.294968;0.298087;0.075233;-0.369067;0.605492;-0.302121
121;1.514866;-9.869434;1.583187;0.15725;0.195852;0.106592;-0.363493;0.606144;-0.309356
122;1.517203;-8.668319;2.090514;0.254056;0.247369;0.064527;-0.358433;0.603668;-0.321579
123;1.229774;-10.028795;1.850627;0.071297;0.236927;0.032295;-0.350724;0.603691;-0.327518
124;1.681363;-10.546293;2.042544;0.418807;0.134911;0.062583;-0.3462;0.603031;-0.332569
125;1.133069;-9.188477;2.07418;0.294602;0.070237;0.019897;-0.344071;0.598797;-0.343989
126;1.662217;-9.543976;2.430737;0.042997;0.006866;-0.017509;-0.345511;0.596749;-0.346855
127;1.125076;-10.123131;1.928933;0.088125;0.036389;0.008902;-0.344689;0.59729;-0.350971
128;2.182205;-9.810355;1.939514;0.141222;-0.043378;-0.052706;-0.345462;0.594656;-0.350935
129;0.271337;-8.743634;2.845668;0.468159;0.011589;-0.096805;-0.345648;0.591925;-0.357082
130;0.542157;-8.705317;2.418725;0.29577;-0.041098;-0.036972;-0.348418;0.585856;-0.365729
131;2.295092;-7.357728;1.732258;-0.082866;-0.044481;-0.024434;-0.348911;0.584563;-0.36779
132;1.850217;-6.956174;2.45213;-0.088555;0.200468;0.090785;-0.346301;0.583682;-0.369827
133;1.001869;-8.275681;2.582055;0.046942;0.414461;0.431928;-0.331776;0.587843;-0.376432
134;0.790916;-10.524326;3.050818;-0.0552;0.243494;0.607817;-0.310964;0.598088;-0.376407
135;1.408239;-13.913414;3.373474;0.160503;0.149263;0.144923;-0.294815;0.600756;-0.386638
136;0.148243;-10.982694;3.151757;-0.577089;-0.006249;-0.093876;-0.294106;0.604663;-0.380369
137;0.600424;-8.296535;1.859846;-0.829355;-0.129434;-0.065761;-0.293264;0.614171;-0.361433
138;1.034771;-8.585188;1.80543;-0.282679;-0.054558;-0.014548;-0.294665;0.622891;-0.348423
139;1.007775;-9.813639;1.682124;0.020276;0.036861;0.010591;-0.297537;0.623625;-0.343934
140;0.994076;-10.455126;1.90338;0.116083;0.033475;-0.044131;-0.296684;0.622028;-0.347468
141;0.841866;-9.876604;2.023053;-0.03595;-0.044654;-0.028555;-0.297963;0.619411;-0.3472
142;0.977418;-9.33325;1.996089;-0.11445;-0.098869;0.01196;-0.297422;0.619676;-0.349252
143;1.131434;-9.549934;1.877482;-0.013673;-0.024389;0.01225;-0.297674;0.621791;-0.346607
144;1.034184;-9.700075;1.910411;0.102234;0.014863;0.014189;-0.298117;0.622836;-0.342646
145;0.934054;-9.62446;2.0005;0.083161;0.018543;-0.014108;-0.298615;0.621701;-0.347302
146;0.899573;-9.488569;2.144333;0.02286;-0.018622;0.010478;-0.298735;0.620239;-0.347136
147;0.962873;-9.464652;2.16933;-0.013964;-0.008868;-0.02132;-0.296853;0.619269;-0.350764
148;0.953264;-9.517928;2.116314;-0.061021;0.005025;-0.031951;-0.296334;0.618849;-0.350724
149;0.934013;-9.590422;1.980344;-0.087968;0.008736;-0.021387;-0.298527;0.621149;-0.345597
150;0.99757;-9.668327;1.914194;-0.075386;-0.007592;-0.023162;-0.297651;0.622161;-0.343638
151;0.98786;-9.660878;1.855229;-0.03447;-0.017967;-0.016072;-0.299996;0.623297;-0.341464
152;1.017055;-9.629445;1.850233;0.018804;-0.013592;-0.004509;-0.298715;0.622208;-0.344214
153;0.987725;-9.629486;1.947603;0.05299;-0.007329;-0.01948;-0.297713;0.622974;-0.344831
154;0.953429;-9.559006;2.009436;0.033065;-0.000804;-0.007128;-0.298626;0.622479;-0.344994
155;0.972921;-9.5518;1.999825;0.004267;-0.020719;0.006051;-0.298755;0.622084;-0.344989
156;0.992439;-9.561604;1.9954;-0.004464;-0.008318;-0.003644;-0.29769;0.621771;-0.344406
157;0.968027;-9.522566;1.965007;0.002768;0.002535;-0.008915;-0.297634;0.621649;-0.345824
158;0.921876;-9.61707;1.978179;-0.027402;-0.008781;-0.015177;-0.298871;0.62222;-0.34474
159;1.177887;-9.610785;1.827893;-0.056546;0.015283;0.013173;-0.297736;0.623355;-0.342771
160;1.236131;-11.083588;2.255445;0.160125;0.152864;0.062148;-0.295444;0.624072;-0.343447
161;0.613171;-9.76975;1.367265;-0.127567;0.111849;-0.003655;-0.295851;0.624382;-0.346327
162;1.034945;-8.684756;1.80472;0.16832;-0.087081;0.093641;-0.293543;0.623496;-0.346697
163;1.609569;-9.670766;1.57872;0.404453;0.030867;0.154274;-0.292034;0.622695;-0.352552
164;0.798374;-10.041327;1.922556;0.745431;0.054626;0.143855;-0.288603;0.616567;-0.366308
165;0.006236;-9.058023;2.856902;0.807678;-0.069707;0.056989;-0.28656;0.607339;-0.384451
166;0.58669;-9.542707;3.32408;0.531627;-0.141051;0.037203;-0.287928;0.598738;-0.398518
167;0.53139;-8.744099;3.659028;0.123862;-0.214813;-0.009283;-0.292265;0.592067;-0.40749
168;0.541067;-8.702862;3.658457;-0.155773;-0.253383;-0.073266;-0.297305;0.591282;-0.402423
169;0.561591;-9.083433;3.242347;-0.398248;-0.221985;-0.118548;-0.30167;0.595478;-0.391769
170;0.401538;-9.214944;2.599083;-0.559804;-0.306418;-0.101293;-0.307891;0.600771;-0.37697
171;0.670839;-9.613404;1.993872;-0.459287;-0.403026;-0.070423;-0.315322;0.60623;-0.360557
172;0.722982;-10.084479;1.829241;-0.330006;-0.436908;-0.015616;-0.322902;0.611165;-0.344524
173;1.184678;-10.718248;1.842379;0.064766;-0.244214;-0.000573;-0.327882;0.611032;-0.338308
174;1.278337;-10.253727;2.500849;0.153491;-0.071865;-0.042447;-0.331913;0.608905;-0.336258
175;0.917833;-9.025769;2.635406;0.065026;0.010177;-0.012333;-0.334095;0.605948;-0.338489
176;0.966768;-8.945134;2.253271;-0.155598;-0.039534;-0.035626;-0.337547;0.603786;-0.335241
177;0.87633;-10.151495;2.175081;-0.153105;-0.128648;0.033826;-0.338804;0.604494;-0.334551
178;1.261612;-10.447934;2.506421;-0.225463;-0.172593;-0.086387;-0.344055;0.605149;-0.326041
179;1.784121;-9.524976;2.334441;-0.114969;-0.146789;-0.173409;-0.349175;0.605399;-0.317513
180;2.072836;-8.40056;1.575863;-0.341806;-0.128472;-0.166372;-0.357126;0.602984;-0.311258
181;2.087259;-8.293809;1.591341;-0.372959;-0.118681;-0.12928;-0.363293;0.606026;-0.297945
182;2.194413;-8.13362;1.360315;-0.218296;-0.047277;-0.021161;-0.366706;0.606362;-0.2914
183;1.893876;-9.098701;1.387227;0.046079;0.069677;0.050745;-0.365706;0.60846;-0.292056
184;1.382743;-9.660265;1.76339;0.107938;0.100135;0.07806;-0.361512;0.610442;-0.293446
185;1.288594;-10.252648;1.918993;-0.027015;0.070687;-0.031754;-0.360557;0.611485;-0.29498
186;1.061366;-9.750577;1.584025;-0.227112;-0.002486;-0.058639;-0.358953;0.61272;-0.291435
187;1.154335;-9.950156;1.569345;-0.067551;-0.010047;-0.049634;-0.359016;0.614066;-0.292643
188;0.904042;-9.1043;1.841826;0.031653;-0.041241;-0.024845;-0.359491;0.612479;-0.291845
189;1.07054;-9.481292;1.70419;-0.187899;-0.084661;-0.01281;-0.361017;0.615015;-0.286301
190;0.964217;-9.895618;1.492153;-0.174738;-0.057913;-0.040186;-0.362339;0.617397;-0.279317
191;1.480925;-9.727468;1.098468;-0.168992;-0.047135;0.028009;-0.362844;0.619521;-0.276557
192;1.451091;-9.392195;1.104408;0.104405;0.036316;0.000256;-0.359334;0.619272;-0.278695
193;1.75464;-10.278124;1.320055;0.010256;0.00959;-0.011393;-0.358878;0.617268;-0.279907
194;1.491332;-10.174633;1.236012;0.156422;0.041974;-0.006804;-0.359811;0.616643;-0.280456
195;1.294845;-9.587047;1.8048;0.092722;-0.012185;-0.040552;-0.360761;0.615647;-0.283845
196;1.386882;-9.327925;1.94107;0.040403;-0.00662;-0.017589;-0.362421;0.614401;-0.285969
197;1.201736;-9.231752;1.670047;0.001937;0.016234;0.030067;-0.362023;0.614407;-0.288279
198;1.245606;-9.256346;1.715156;-0.123891;-0.025855;-0.008131;-0.361123;0.61355;-0.285875
199;1.592731;-9.714072;1.412935;-0.161064;-0.052757;-0.012591;-0.362178;0.616476;-0.281224
200;1.773632;-9.903904;1.152438;-0.047487;0.004429;0.017718;-0.362065;0.617117;-0.279035
201;1.405474;-9.94628;1.421473;0.152671;0.029356;-0.001538;-0.360805;0.616432;-0.282187
202;1.446551;-9.766868;1.46788;-0.059611;0.016544;-0.005313;-0.360649;0.616421;-0.28166
203;1.247261;-10.003553;1.312476;0.047087;0.012626;0.015922;-0.360424;0.617085;-0.282315
204;1.343681;-9.460309;1.443868;-0.023843;-0.030495;-0.008899;-0.360213;0.616129;-0.280722
205;1.295083;-9.552387;1.464297;0.066234;-0.000617;-0.008757;-0.360539;0.616287;-0.282039
206;1.236086;-9.319176;1.579166;0.053093;-0.026529;-0.022068;-0.361887;0.615418;-0.283121
207;1.372856;-9.533752;1.670561;0.058847;0.009306;-0.042285;-0.364183;0.614327;-0.285024
208;1.602489;-9.728726;1.430455;-0.031025;0.016688;-0.007;-0.364805;0.614879;-0.284555
209;1.422041;-9.728047;1.549975;0.145337;0.023978;0.004649;-0.363718;0.614318;-0.286035
210;1.455794;-9.524245;1.561612;0.033119;-0.01086;-0.004355;-0.364762;0.612787;-0.288766
211;1.524473;-9.752778;1.512833;0.074135;0.006812;-0.001624;-0.365475;0.611629;-0.290065
212;1.328926;-9.431276;1.538508;0.118167;0.006779;-0.020143;-0.365779;0.61045;-0.290953
213;1.47219;-9.306392;1.885746;0.082067;0.003125;-0.005131;-0.36582;0.610726;-0.29174
214;1.389009;-9.143344;1.928109;0.056186;0.004899;0.035462;-0.363147;0.609855;-0.29507
215;1.334096;-9.78658;1.906681;-0.044134;-0.020887;0.020203;-0.36368;0.610545;-0.295377
216;1.329182;-9.645246;1.671839;-0.0882;-0.018221;-0.004556;-0.3642;0.609875;-0.292925
217;1.443912;-9.728296;1.621226;-0.045748;-0.011962;0.014076;-0.364087;0.610382;-0.290732
218;1.417146;-9.718318;1.554622;-0.039965;0.008477;-0.007077;-0.36306;0.612208;-0.29086
219;1.422361;-9.92237;1.570479;0.014643;0.007835;-0.0141;-0.364603;0.6124;-0.290689
220;1.363202;-9.570061;1.634366;0.053278;-0.010423;-0.029973;-0.364548;0.611722;-0.28963
221;1.413898;-9.300783;1.650011;-0.034318;-0.012856;-0.02474;-0.365004;0.611752;-0.29095
222;1.382619;-9.592278;1.769541;-0.018097;-0.025605;-0.030084;-0.367023;0.610889;-0.289995
223;1.4898;-9.514917;1.672006;0.033511;-0.004136;-0.024644;-0.366632;0.610074;-0.289951
224;1.498908;-9.175079;1.727363;-6.1e-05;-0.006554;-0.001691;-0.367088;0.609838;-0.291263
225;1.572871;-9.646517;1.692673;-0.013034;0.02925;-0.018437;-0.366925;0.610092;-0.290614
226;1.587571;-9.687863;1.686279;-0.039405;0.007857;0.007101;-0.366688;0.609929;-0.288525
227;1.412411;-9.820375;1.597897;0.002778;-0.019207;-0.000914;-0.366231;0.610589;-0.289686
228;1.339119;-9.664378;1.493812;-0.050307;-0.036507;-0.021328;-0.36725;0.611558;-0.289379
229;1.456178;-9.616035;1.306454;-0.055884;-0.012644;-0.010649;-0.36658;0.612702;-0.286398
230;1.519705;-9.75983;1.405288;0.085676;0.012476;0.001932;-0.366818;0.611908;-0.285999
231;1.304707;-9.557588;1.616145;0.145236;0.033157;0.006418;-0.365953;0.611374;-0.289305
232;1.347821;-9.259617;1.883046;0.102851;0.006642;-0.018377;-0.366734;0.608523;-0.294444
233;1.425169;-9.020073;2.134366;-0.016632;-0.020052;-0.024709;-0.367047;0.608945;-0.295509
234;1.387756;-9.737996;1.759928;-0.108086;-0.019014;0.00779;-0.366975;0.609728;-0.294104
235;1.544371;-10.012842;1.571458;-0.084356;-0.023927;-0.012488;-0.366409;0.611537;-0.290629
236;1.578419;-9.820578;1.270296;-0.061101;-0.007391;-0.015046;-0.367682;0.611559;-0.287719
237;1.414532;-9.489532;1.301175;0.015531;0.003325;-0.014949;-0.366762;0.612053;-0.287425
238;1.319227;-9.484752;1.588199;0.087283;0.015174;-0.03695;-0.366252;0.609504;-0.287583
239;1.596602;-9.218987;1.573106;0.136124;0.034056;0.012704;-0.366602;0.609292;-0.291869
240;1.293799;-9.018893;1.868256;0.116781;0.044568;0.0356;-0.364298;0.608699;-0.294838
241;1.674731;-9.535994;2.039533;0.15685;0.070332;0.04105;-0.362025;0.60827;-0.300922
242;1.663987;-9.031067;2.172412;0.10761;0.096482;0.083484;-0.361031;0.60733;-0.304209
243;1.528308;-9.404049;2.005672;0.095695;0.164359;0.141828;-0.353236;0.608001;-0.308479
244;1.506709;-9.495836;1.806424;-0.106093;0.182048;0.151335;-0.348003;0.610631;-0.312293
245;1.071498;-10.054516;1.750861;-0.245918;0.142566;0.10588;-0.341675;0.615023;-0.309885
246;1.123541;-10.381975;1.415;-0.259969;0.061182;0.022664;-0.337871;0.620544;-0.303758
247;1.430054;-10.097092;1.483159;0.032659;0.16058;0.012716;-0.333807;0.622663;-0.305158
248;0.933594;-9.247603;1.776299;0.115618;0.13845;0.002994;-0.332335;0.621979;-0.309205
249;1.017397;-9.662815;1.525588;0.05014;0.121063;-0.014795;-0.332338;0.621471;-0.311781
250;0.90452;-9.33728;1.760301;0.215499;0.14047;0.048138;-0.328099;0.620295;-0.31735
251;0.885284;-9.624279;2.033992;0.119156;0.134161;0.047979;-0.32468;0.619558;-0.323753
252;1.044834;-10.239343;1.954192;0.191187;0.164943;0.021615;-0.321738;0.618565;-0.329396
253;1.094569;-9.396846;1.925612;0.085857;0.089097;-0.063352;-0.321345;0.615401;-0.334334
254;1.577142;-9.418716;1.928417;-0.022531;0.089274;-0.084543;-0.321687;0.615539;-0.333449
255;0.861361;-9.827946;1.927134;0.131332;0.16706;-0.020853;-0.319994;0.614321;-0.338246
256;1.885825;-10.196826;1.633634;0.32425;0.013511;-0.098419;-0.321603;0.609781;-0.344415
257;0.770962;-8.653463;2.634037;0.450826;0.19669;0.037946;-0.321845;0.606422;-0.354173
258;0.483705;-8.89022;2.743843;0.392256;0.047018;0.033937;-0.318867;0.59921;-0.364165
259;1.614128;-8.326303;2.046905;0.120727;0.06868;0.092329;-0.315101;0.597559;-0.37389
260;1.276211;-7.879578;2.987694;0.320283;0.233423;0.207651;-0.3071;0.598631;-0.379197
261;1.002432;-10.068198;2.7233;0.365876;0.264217;0.394718;-0.292572;0.596846;-0.390808
262;-0.13568;-11.853771;3.500071;0.054525;0.08356;0.287518;-0.28249;0.599191;-0.398373
263;-0.415478;-10.398865;2.859172;-0.312881;-0.131122;-0.094807;-0.280973;0.602552;-0.393987
264;0.9903;-8.578992;2.482009;-0.410345;-0.175494;-0.179233;-0.284427;0.60607;-0.385725
265;1.473025;-8.663912;2.437007;-0.274704;0.000743;0.021007;-0.287435;0.610891;-0.376312
266;0.953386;-9.707815;2.354374;-0.133826;0.166305;0.109585;-0.282764;0.614145;-0.37344
267;0.332915;-10.311973;2.438624;-0.116862;0.034534;-0.004824;-0.284009;0.616267;-0.36748
268;0.676032;-9.861389;2.122979;-0.131396;-0.071069;-0.071156;-0.285685;0.617106;-0.364874
269;0.977193;-9.280114;2.146773;-0.091927;-0.10175;-0.000381;-0.283858;0.617564;-0.364531
270;0.957935;-9.462332;2.237684;-0.003737;0.001955;0.042301;-0.283206;0.619136;-0.364413
271;0.74602;-9.536589;2.260218;0.04844;0.043714;0.019419;-0.2812;0.618246;-0.363115
272;0.592578;-9.603868;2.288407;0.048836;0.018774;0.002539;-0.285818;0.61762;-0.362435
273;0.685129;-9.599589;2.345978;0.033252;-0.010147;-0.018709;-0.284953;0.618526;-0.363193
274;0.728842;-9.531892;2.387034;-0.039977;-0.013444;-0.016133;-0.282655;0.617668;-0.366284
275;0.689657;-9.395597;2.335161;-0.085257;-0.022261;-0.026798;-0.282291;0.618566;-0.364219
276;0.899715;-9.585771;2.175371;-0.098673;0.003127;-0.023188;-0.28395;0.621133;-0.361273
277;0.804776;-9.628937;2.140448;-0.009724;0.01697;-0.010722;-0.284849;0.619011;-0.358668
278;0.77801;-9.655524;2.145396;0.013262;0.01017;-0.000122;-0.285283;0.621434;-0.359539
279;0.726714;-9.609206;2.187829;-0.006297;-0.02459;-0.001992;-0.28341;0.620441;-0.360836
280;0.777688;-9.507526;2.218621;-0.008009;0.009755;-0.008965;-0.283746;0.620711;-0.359825
281;0.741105;-9.500088;2.235054;0.009735;-0.00359;-0.003683;-0.283677;0.61963;-0.358495
282;0.763198;-9.585172;2.222198;0.002541;-0.000839;-0.000155;-0.285014;0.61969;-0.359345
283;0.758284;-9.560857;2.219255;-0.01689;-0.011234;-0.009029;-0.286523;0.620008;-0.358527
284;0.770488;-9.558437;2.192499;-0.015387;0.00729;0.003379;-0.283223;0.621755;-0.359699
285;0.777829;-9.560846;2.163308;-0.01863;0.005966;-0.011639;-0.284374;0.620732;-0.359471
286;0.743694;-9.560711;2.182351;0.008129;0.006201;-0.011618;-0.283099;0.621485;-0.359814
287;0.76808;-9.58274;2.207558;0.007382;-0.004894;-0.017819;-0.285113;0.621287;-0.358749
288;0.787569;-9.570667;2.192971;0.014232;0.00096;-0.004545;-0.283661;0.621757;-0.358168
289;0.768055;-9.558415;2.187571;0.010562;0.006509;-0.000126;-0.283815;0.620569;-0.358659
290;0.76808;-9.580301;2.202625;0.009691;-0.008054;-0.000159;-0.284232;0.621257;-0.35922
291;0.74121;-9.543736;2.201581;-0.007149;-0.011961;-0.005489;-0.283852;0.622176;-0.359356
292;0.768049;-9.560868;2.199841;-0.016745;-0.00505;-0.016079;-0.284109;0.621253;-0.359342
293;0.750984;-9.551044;2.187184;-0.020394;-0.000433;-0.012544;-0.283251;0.621471;-0.357749
294;0.758371;-9.582605;2.163392;-0.026919;-0.004669;0.00157;-0.284238;0.621125;-0.359346
295;0.777892;-9.594837;2.15901;0.00457;-0.004732;-0.010755;-0.283868;0.622289;-0.357158
296;0.748551;-9.551022;2.182256;-0.010733;0.002562;-0.005462;-0.283357;0.622803;-0.357276
297;0.792428;-9.556097;2.180564;0.001106;-0.008544;-0.016058;-0.285469;0.621561;-0.358128
298;0.772968;-9.570545;2.168294;-0.011615;-0.011983;-0.004605;-0.284465;0.621528;-0.358722
299;0.768081;-9.560797;2.16316;-0.018678;0.00058;-0.009004;-0.284789;0.622327;-0.357467
300;0.780287;-9.570564;2.158624;-0.004266;0.010519;-0.01603;-0.284709;0.622576;-0.355916
301;0.770611;-9.609363;2.154262;0.00634;0.008021;-0.01073;-0.284502;0.621911;-0.356922
302;0.733963;-9.555747;2.152773;-0.015096;-0.008471;-0.009027;-0.284245;0.6235;-0.356955
303;0.772928;-9.536503;2.145693;-0.032967;-0.015866;-0.007284;-0.283699;0.622807;-0.356387
304;0.74382;-9.614065;2.144156;-0.032094;-0.017623;-0.005535;-0.284438;0.623628;-0.355673
305;0.777824;-9.512099;2.071982;-0.05848;0.000943;0.017455;-0.283827;0.624253;-0.353846
306;0.920402;-10.304852;2.246887;-0.009182;0.083947;0.049437;-0.280903;0.624923;-0.352286
307;0.621345;-11.861503;1.760813;0.147209;0.225057;-0.036872;-0.281187;0.623123;-0.357818
308;-0.018076;-7.327389;2.129491;-0.148813;-0.012484;0.006719;-0.277817;0.62747;-0.352586
309;2.064262;-8.824542;1.07937;-0.185368;-0.134803;0.167599;-0.278193;0.630255;-0.349838
310;1.199867;-11.107134;1.969199;0.942945;0.16364;0.257359;-0.273636;0.624357;-0.364318
311;-1.014033;-9.484893;2.726597;0.846455;-0.151275;0.005324;-0.268038;0.613163;-0.38623
312;0.816484;-9.812902;3.051051;0.367912;-0.286334;0.031457;-0.274909;0.607113;-0.394188
313;0.126948;-8.661355;3.370242;0.138263;-0.194243;0.070162;-0.278354;0.6038;-0.395828
314;-0.188025;-8.373399;3.472942;-0.116501;-0.312923;-0.114134;-0.282845;0.602261;-0.397705
315;0.473495;-8.774175;3.040001;-0.384565;-0.25053;-0.174224;-0.29103;0.604864;-0.38591
316;0.449229;-8.666553;2.707639;-0.529815;-0.279791;-0.135583;-0.298667;0.60848;-0.371008
317;0.548154;-9.283076;2.287041;-0.643387;-0.401988;-0.14659;-0.30688;0.616851;-0.34967
318;0.95577;-10.760582;1.72716;-0.522437;-0.248442;-0.1179;-0.312384;0.621438;-0.333518
319;1.034474;-11.066562;1.516042;-0.352575;-0.160685;-0.050409;-0.317431;0.624045;-0.321039
320;0.886682;-10.172146;1.52758;-0.193194;-0.113909;-0.089828;-0.321757;0.624151;-0.314666
321;1.002906;-9.759966;1.56863;-0.053422;-0.066942;-0.040925;-0.32647;0.624563;-0.310783
322;1.492321;-10.7551;1.260801;0.16257;-0.056893;-0.032668;-0.328475;0.623031;-0.309549
323;1.158296;-9.659657;2.033856;0.392037;-0.016422;-0.020834;-0.332069;0.617887;-0.314122
324;1.200799;-9.033923;2.346396;0.099683;-0.054378;-0.125394;-0.335965;0.613296;-0.319505
325;1.497734;-8.765677;2.253306;-0.014901;-0.06407;-0.107774;-0.340822;0.612143;-0.318433
326;1.653278;-8.343218;1.901072;-0.004771;-0.044024;-0.039629;-0.342842;0.611812;-0.317494
327;2.218183;-8.164332;2.107041;0.033924;-0.022274;0.024218;-0.344926;0.610298;-0.317819
328;1.294141;-9.149782;1.738491;-0.130704;0.040298;0.055609;-0.341219;0.611736;-0.316111
329;1.206594;-9.490233;2.202814;-0.110496;-0.012996;0.029849;-0.33963;0.613907;-0.312852
330;0.972582;-9.479416;2.243094;-0.167911;0.019478;-0.000242;-0.338751;0.616917;-0.310821
331;0.706994;-10.589104;1.610364;-0.175428;0.024852;-0.007477;-0.338621;0.618885;-0.308282
332;0.7879;-9.467538;1.609189;-0.051983;-0.0311;-0.030283;-0.336944;0.621726;-0.305815
333;0.768824;-9.685919;1.563793;-0.098386;-0.009606;-0.028552;-0.337354;0.621189;-0.303749
334;1.066909;-10.053857;1.423104;0.001557;0.023927;-0.026554;-0.337539;0.620916;-0.302326
335;0.895744;-9.847036;1.66389;0.064606;-0.022487;-0.014242;-0.339732;0.620226;-0.304754
336;0.998078;-9.949999;1.89465;0.05833;0.005347;-0.058336;-0.340562;0.61907;-0.3058
337;1.425629;-9.209211;1.986053;-0.043692;-0.022534;-0.007098;-0.341391;0.61818;-0.306854
338;1.231507;-9.59642;1.794221;0.052455;0.023257;0.005382;-0.340787;0.618939;-0.30516
339;1.221391;-9.47529;1.972916;0.06086;0.079781;-0.061607;-0.341157;0.617243;-0.307332
340;1.229242;-9.700857;1.805786;-0.106397;0.009106;-0.032817;-0.342154;0.617275;-0.306609
341;1.14883;-9.639477;1.67145;0.007018;0.00545;-0.037125;-0.342139;0.616472;-0.306325
342;1.138754;-9.474377;1.717331;-0.046927;-0.019968;-0.017796;-0.342181;0.617281;-0.307128
343;0.929808;-9.808323;1.64906;-0.056024;-0.007123;-0.04878;-0.343591;0.618108;-0.304378
344;1.343993;-9.661965;1.488953;0.012221;-0.039711;-0.024794;-0.346608;0.617943;-0.30272
345;1.004906;-9.558602;1.667861;0.080042;-0.019165;-0.030057;-0.344796;0.615741;-0.302689
346;1.30403;-9.286042;1.848607;0.006942;0.006238;-0.038815;-0.348197;0.614283;-0.303474
347;1.382072;-9.393582;1.998383;0.065358;-0.028179;-0.014963;-0.347527;0.614809;-0.305526
348;1.484435;-9.316073;1.837193;0.014963;-0.008078;0.00537;-0.348956;0.614358;-0.308179
349;1.234488;-9.970666;1.918156;-0.024559;0.001207;0.022876;-0.347023;0.615325;-0.305773
350;1.203065;-10.033318;1.747596;0.027421;0.001451;0.014091;-0.347658;0.615614;-0.305557
351;1.143543;-9.447772;1.760957;-0.039806;-0.019915;-0.017784;-0.347905;0.616154;-0.305326
352;1.079971;-9.308953;1.723342;-0.020212;0.014801;-0.019461;-0.34688;0.615583;-0.305514
353;1.155781;-9.469658;1.744406;-0.028007;0.001017;0.014068;-0.347579;0.616129;-0.304013
354;1.190674;-9.916692;1.750269;0.095763;-0.003201;-0.012328;-0.347851;0.615875;-0.304279
355;1.25781;-9.349009;1.878347;0.007675;-0.02169;-0.029175;-0.347929;0.614828;-0.305807
356;1.373066;-9.708817;1.778761;-0.027426;-0.010627;-0.010648;-0.347855;0.614545;-0.30437
357;1.260515;-9.504452;1.881093;0.010072;-0.024924;-0.014179;-0.349854;0.6149;-0.305522
358;1.277557;-9.519205;1.930515;0.038199;0.030286;0.001866;-0.349431;0.61461;-0.304844
359;1.036453;-9.617572;1.938353;-0.019679;0.017059;-0.001836;-0.348674;0.615251;-0.305211
360;1.219301;-9.586653;1.798757;-0.080978;-0.015568;-0.01075;-0.350545;0.615177;-0.303883
361;1.251085;-9.586587;1.681861;-0.045095;-0.005484;-0.01951;-0.34956;0.616589;-0.302318
362;1.268532;-9.761344;1.587353;-0.04339;0.012862;-0.014183;-0.349247;0.616167;-0.301253
363;1.492738;-9.899011;1.864581;-0.012019;0.04293;0.017754;-0.349065;0.616949;-0.30023
364;0.900166;-9.70179;1.891291;-0.080841;-0.045596;-0.015327;-0.349259;0.617877;-0.298973
365;1.248515;-9.460096;1.581807;-0.155445;-0.056674;-0.029444;-0.349709;0.61879;-0.295138
366;1.226414;-9.287265;1.429298;-0.128661;-0.059165;-0.03029;-0.352145;0.620988;-0.292223
367;1.289694;-9.295086;1.540434;-0.046828;-0.009215;-0.023013;-0.352231;0.621225;-0.288867
368;1.407464;-9.764441;1.56995;0.030861;0.003204;-0.022911;-0.350852;0.619956;-0.287202
369;1.256352;-9.707635;1.473748;-0.011129;0.012996;-0.020325;-0.350932;0.620108;-0.288765
370;1.351168;-9.654991;1.630771;-0.028707;-0.022094;-0.032752;-0.352726;0.619642;-0.288458
371;1.324414;-9.579161;1.418746;-0.030716;-0.025385;-0.020394;-0.352954;0.62071;-0.287854
372;1.112467;-9.61936;1.411342;0.012009;-0.015736;-0.015971;-0.35381;0.619427;-0.289416
373;1.295147;-9.63026;1.54635;0.031755;-0.014022;-0.022963;-0.352955;0.61887;-0.29039
374;1.031551;-9.427451;1.592622;0.003449;-0.012712;-0.037177;-0.354695;0.618392;-0.289044
375;1.607602;-9.92813;1.553825;-0.084488;0.007071;-0.008866;-0.354478;0.618101;-0.28734
376;1.664807;-9.204776;1.581229;-0.011521;0.002646;0.077845;-0.353023;0.620435;-0.286684
377;1.430733;-9.091705;1.490125;0.041447;0.040198;0.101777;-0.350741;0.620912;-0.290074
378;1.507688;-8.577548;1.643737;0.046028;0.117964;0.084347;-0.345876;0.621264;-0.290992
379;1.39694;-9.461373;1.853067;-0.012117;0.179566;0.094004;-0.340217;0.624803;-0.294034
380;1.116123;-10.372423;1.517426;-0.033757;0.185568;0.116794;-0.334124;0.626319;-0.296216
381;1.247774;-10.385168;1.485409;-0.005204;0.201584;0.200796;-0.324452;0.629567;-0.299166
382;0.686996;-10.297565;1.602542;0.11876;0.15904;0.160963;-0.317206;0.632663;-0.304053
383;0.627103;-9.500745;1.619556;0.088;0.171473;0.087709;-0.312263;0.633312;-0.308473
384;0.85975;-9.972376;1.271824;-0.054824;0.211936;0.012579;-0.307952;0.634892;-0.310104
385;0.546076;-9.233506;1.777515;0.30127;0.189258;0.037651;-0.304376;0.634143;-0.31598
386;0.899233;-9.150452;1.859674;0.25822;0.0646;0.055113;-0.300109;0.631411;-0.326036
387;1.324831;-10.053631;1.886735;0.333931;0.160575;0.020981;-0.298238;0.628493;-0.334917
388;-0.27529;-9.541572;2.479576;0.221134;0.010689;0.079324;-0.294639;0.627631;-0.342861
389;1.081113;-10.06705;1.92729;0.053547;-0.030634;-0.039857;-0.293514;0.625887;-0.346118
390;0.40547;-8.683154;2.616786;0.099753;0.033555;0.028274;-0.292824;0.626676;-0.347788
391;0.431061;-9.326619;2.50366;-0.07593;-0.057897;-0.003963;-0.291127;0.625032;-0.349982
392;0.632074;-9.910128;2.32368;-0.027282;0.142545;-0.07415;-0.293756;0.627758;-0.345797
393;0.41533;-8.651262;2.425643;-0.222192;-0.150478;-0.090811;-0.2936;0.626391;-0.34277
394;0.605179;-9.700524;2.00662;-0.069412;-0.03653;-0.09398;-0.294567;0.628147;-0.341448
395;0.485047;-9.174915;1.778015;-0.421448;-0.07895;-0.11123;-0.296241;0.628538;-0.333777
396;1.40206;-9.519362;1.68787;-0.402182;0.018971;-0.01099;-0.297545;0.634354;-0.323914
397;1.232757;-10.173871;1.515739;-0.244119;0.213984;0.019512;-0.294705;0.637925;-0.318946
398;0.976944;-10.169962;1.41887;-0.142492;0.255737;-0.020981;-0.288958;0.639955;-0.317794
399;1.232198;-9.755789;1.322608;-0.065621;0.185418;0.016167;-0.287496;0.642021;-0.317
400;0.467406;-10.140992;1.581816;0.200641;0.119691;0.086744;-0.281229;0.642613;-0.32083
401;0.107471;-10.532444;1.504921;0.074177;-0.043387;0.006643;-0.280102;0.639937;-0.324059
402;0.754208;-9.705336;1.595699;0.021676;-0.16541;-0.04287;-0.283119;0.637798;-0.324934
403;0.782593;-9.239308;1.649153;0.028799;-0.128057;-0.007406;-0.286425;0.638982;-0.323849
404;0.897648;-9.49961;1.582066;0.041223;-0.006873;0.03349;-0.285382;0.639473;-0.323678
405;0.734547;-9.717792;1.808363;0.053122;0.090215;0.054831;-0.283357;0.640467;-0.324507
406;0.471095;-9.612181;1.883228;0.04602;0.011686;-0.02842;-0.280655;0.638658;-0.327289
407;0.771144;-9.744701;1.814277;-0.001348;-0.053313;-0.060332;-0.283525;0.637576;-0.327798
408;0.783106;-9.57948;1.740668;-0.098623;-0.016685;-0.019722;-0.284675;0.637593;-0.32501
409;0.773146;-9.458005;1.740848;-0.15776;-0.011443;-0.009172;-0.285672;0.640132;-0.32177
410;0.817485;-9.661966;1.60813;-0.120688;0.031931;-0.03201;-0.286163;0.641986;-0.318742
411;0.739957;-9.826332;1.411742;-0.070509;0.01044;-0.03733;-0.286487;0.642786;-0.317487
412;0.732662;-9.850637;1.441399;-0.021264;-0.011881;-0.001997;-0.285316;0.642448;-0.314825
413;0.722521;-9.653989;1.498956;-0.04194;-0.017375;0.003283;-0.285332;0.64405;-0.315132
414;0.778598;-9.671284;1.504998;-0.01132;-0.00841;-0.010781;-0.286196;0.642478;-0.314354
415;0.773796;-9.705231;1.490844;0.011971;-0.003777;-0.015165;-0.285407;0.64351;-0.314084
416;0.754257;-9.705227;1.539455;0.018084;-0.009932;-0.008994;-0.286025;0.641664;-0.313544
417;0.7908;-9.700564;1.544818;-0.014576;-0.007928;-0.025798;-0.285638;0.642581;-0.313551
418;0.778562;-9.671364;1.54657;-0.020237;-0.018496;-0.010812;-0.286353;0.642489;-0.314881
419;0.812658;-9.661837;1.554257;-0.023889;-0.00119;-0.008121;-0.286032;0.641666;-0.313674
420;0.749351;-9.685768;1.536596;-0.052546;-0.010341;-0.00201;-0.286123;0.642728;-0.312933
421;0.788355;-9.666438;1.485499;-0.057822;-0.006845;-0.005529;-0.286107;0.643232;-0.310097
422;0.79094;-9.719756;1.422887;-0.052367;-0.008703;-0.009063;-0.287753;0.644089;-0.309433
423;0.788448;-9.693048;1.432166;-0.014175;0.000898;-0.001932;-0.287719;0.643815;-0.308775
424;0.807987;-9.719872;1.43782;-0.005871;-0.006639;-0.0143;-0.287974;0.64489;-0.308691
425;0.82263;-9.724774;1.423455;-0.00977;-0.006262;0.001598;-0.287176;0.644854;-0.308259
426;0.783566;-9.693043;1.441873;0.011639;0.013895;-0.000111;-0.287382;0.644853;-0.307234
427;0.788421;-9.676044;1.429424;-0.003276;-0.006515;-0.010765;-0.28759;0.643943;-0.308772
428;0.805577;-9.731988;1.430658;-0.004191;-0.008304;-0.009004;-0.289278;0.645209;-0.308899
429;0.790892;-9.695484;1.4298;-0.002422;-0.002826;-0.008991;-0.287032;0.644447;-0.30798
430;0.800621;-9.693138;1.447024;0.008246;0.007287;-0.008072;-0.288471;0.644106;-0.308306
431;0.788412;-9.685815;1.458938;0.004517;-0.000722;-0.000147;-0.288186;0.64449;-0.307784
432;0.810356;-9.685903;1.447046;-0.013056;-0.004835;-0.012534;-0.287795;0.643675;-0.307739
433;0.788436;-9.685762;1.432039;-0.01158;0.00465;0.001612;-0.287639;0.643797;-0.307216
434;0.771423;-9.705076;1.417445;-0.02206;0.007933;-0.008998;-0.286895;0.643774;-0.307824
435;0.783629;-9.722157;1.427709;-0.011142;0.003218;-0.018708;-0.287987;0.644626;-0.308943
436;0.808008;-9.710072;1.393633;0.011855;0.002751;-0.00896;-0.28815;0.643416;-0.307103
437;0.807968;-9.705286;1.430229;-0.00425;0.002656;-0.007212;-0.28794;0.644616;-0.308033
438;0.805524;-9.700411;1.427662;0.008247;-0.002695;-0.007209;-0.286324;0.644274;-0.306772
439;0.790885;-9.690622;1.42727;-0.006018;-0.010086;-0.007243;-0.287403;0.645523;-0.307643
440;0.778666;-9.680884;1.446478;-0.01134;-0.010175;-0.009018;-0.289017;0.644399;-0.308861
441;0.790856;-9.676061;1.431907;-0.004099;-0.002977;-0.014291;-0.28689;0.644838;-0.307725
442;0.803058;-9.680961;1.422396;-0.015669;0.005972;-0.016049;-0.287115;0.644574;-0.307082
443;0.783603;-9.724652;1.461987;-0.009563;-0.001069;-0.009001;-0.28711;0.645106;-0.306968
444;0.817912;-9.790228;1.375615;-0.041458;0.010233;-0.018725;-0.288571;0.644879;-0.305225
445;0.793328;-9.651616;1.343486;-0.018669;0.006375;-0.000153;-0.28672;0.646664;-0.304402
446;0.778722;-9.680761;1.382898;-0.002295;-0.008408;-0.014303;-0.285941;0.646101;-0.304344
447;0.79823;-9.702774;1.412921;-0.004462;0.010189;0.002516;-0.288781;0.647009;-0.304262
448;0.80559;-9.714893;1.381454;-0.013123;0.004362;-0.008986;-0.287689;0.646157;-0.303143
449;0.790875;-9.673579;1.404965;-0.009754;0.003713;-0.000152;-0.286993;0.646811;-0.30468
450;0.769079;-9.738989;1.378874;-0.01661;0.003345;-0.012537;-0.287599;0.645761;-0.303904
451;0.793498;-9.743879;1.332868;-0.041603;-0.005918;-0.010812;-0.288153;0.647255;-0.304625
452;0.803139;-9.675904;1.319604;-0.013171;-0.010089;-0.005479;-0.287306;0.645477;-0.303233
453;0.803199;-9.739157;1.376949;-0.016782;-0.006445;-0.003716;-0.288378;0.646325;-0.303962
454;0.759341;-9.736477;1.361565;-0.076286;-0.023598;-0.015312;-0.287571;0.647329;-0.30084
455;1.090978;-9.818172;1.299545;-0.045888;0.04479;0.021156;-0.287771;0.647858;-0.299701
456;0.942191;-11.114128;1.239147;0.106159;0.206876;0.047994;-0.284932;0.649105;-0.302307
457;0.14373;-8.503043;0.589827;0.002638;0.092703;0.080359;-0.2807;0.648414;-0.302969
458;1.154518;-9.666949;0.79658;0.231169;-0.090975;0.09542;-0.280381;0.648173;-0.30683
459;1.2113;-10.453064;1.527609;0.915029;0.008833;0.151098;-0.277943;0.643541;-0.319776
460;0.09996;-9.251049;1.966685;0.821845;-0.008234;0.069512;-0.276722;0.633845;-0.341317
461;0.607118;-9.799159;2.771314;0.515083;-0.145756;0.068955;-0.275961;0.626505;-0.356733
462;0.37275;-9.567281;2.778398;0.162141;-0.17344;0.094064;-0.278328;0.623215;-0.365051
463;0.257615;-9.234021;2.792861;-0.020137;-0.246244;-0.06085;-0.282274;0.620427;-0.363884
464;0.240755;-9.199361;2.496115;-0.261996;-0.244408;-0.054057;-0.286103;0.623424;-0.355367
465;0.29501;-9.346926;2.059343;-0.312919;-0.233652;-0.045256;-0.290996;0.628708;-0.344902
466;0.529836;-9.753319;1.876793;-0.187458;-0.252462;-0.106947;-0.295979;0.628818;-0.336232
467;0.603011;-9.831562;1.95996;-0.035177;-0.192059;-0.140197;-0.30429;0.626569;-0.331944
468;0.476346;-9.908794;2.042526;-0.119441;-0.224741;-0.076815;-0.309652;0.625917;-0.325603
469;0.316539;-10.451769;1.937067;0.047317;-0.184889;-0.069571;-0.313684;0.624589;-0.323576
470;0.6775;-10.579757;1.876297;-0.054236;-0.129178;-0.163104;-0.320298;0.621363;-0.321501
471;0.986211;-10.129635;1.887815;0.118349;-0.062503;-0.063725;-0.325916;0.618372;-0.320157
472;0.533885;-9.379735;2.075762;0.158083;-0.057929;-0.011616;-0.330126;0.61562;-0.321595
473;0.941057;-8.255615;2.412055;0.077818;-0.070081;-0.026531;-0.334657;0.609961;-0.324259
474;1.146385;-8.830637;2.853111;-0.219127;-0.070336;-0.074568;-0.334741;0.609399;-0.32088
475;2.090244;-8.877707;2.127298;-0.528236;-0.151614;-0.082778;-0.340897;0.61113;-0.309859
476;2.415458;-9.054909;1.240315;-0.386665;-0.142522;-0.05867;-0.344377;0.614871;-0.297072
477;2.223378;-9.128516;0.876773;-0.301627;-0.040941;-0.031924;-0.345636;0.617747;-0.286343
478;2.245589;-9.24503;0.791105;-0.196891;0.026028;-0.008708;-0.344624;0.621126;-0.281725
479;1.314729;-9.332741;0.856771;-0.092062;0.023056;-0.030053;-0.345892;0.622612;-0.278728
480;1.135013;-9.891159;1.252576;0.127517;0.065458;-0.07928;-0.344499;0.622696;-0.279304
481;0.500787;-9.684472;1.515688;0.152372;0.052651;0.007119;-0.34377;0.622592;-0.28522
482;0.797968;-9.771619;1.849387;0.299288;0.110114;-0.027853;-0.34204;0.621123;-0.291821
483;0.731706;-8.107754;1.848769;0.120954;0.167011;0.117043;-0.338055;0.619471;-0.302311
484;0.530239;-9.825561;1.560161;-0.304092;0.083169;0.245111;-0.331202;0.623975;-0.299749
485;1.612469;-10.103702;1.911529;0.248625;0.186614;0.21531;-0.322772;0.626863;-0.301718
486;0.880875;-9.896269;2.04355;0.041962;0.227523;0.236172;-0.314689;0.62903;-0.310419
487;0.995561;-11.034493;1.360837;-0.202349;0.213444;0.121862;-0.304402;0.635251;-0.30643
488;0.472415;-10.189475;1.524047;0.083834;0.224336;-0.049188;-0.298783;0.635336;-0.310279
489;0.743934;-9.238372;1.267076;-0.054416;0.080183;-0.0901;-0.299477;0.635239;-0.31122
490;0.771144;-9.75933;1.843875;0.286295;0.069242;0.083323;-0.297184;0.634539;-0.316906
491;0.69004;-9.265534;1.638425;0.346733;0.08456;0.090517;-0.293532;0.631424;-0.326335
492;1.041552;-9.795065;2.034443;0.298695;0.082187;0.127591;-0.291287;0.631534;-0.332954
493;0.088771;-9.755864;1.833471;0.314852;0.087354;0.166226;-0.286685;0.631171;-0.341507
494;1.007407;-9.682806;1.841234;0.338146;0.023135;0.08071;-0.282717;0.626702;-0.349844
495;-0.022192;-9.411998;2.627878;0.597442;0.194379;0.030755;-0.278196;0.624251;-0.362484
496;0.237047;-9.886682;2.532474;0.380138;0.06794;0.069132;-0.273421;0.617528;-0.375245
497;0.059408;-8.859367;2.966737;0.326916;0.104179;0.079789;-0.275514;0.612118;-0.385819
498;-0.141611;-8.353888;3.309468;-0.015172;-0.106888;-0.023495;-0.274895;0.611057;-0.388863
499;0.492555;-8.472941;2.939679;-0.165709;-0.035128;-0.076346;-0.275186;0.612249;-0.386971
500;0.805325;-9.028534;3.10081;-0.078186;0.034786;-0.208549;-0.275346;0.611413;-0.382551
501;0.5267;-10.91964;2.212493;-0.078965;0.370073;-0.123326;-0.27537;0.608114;-0.385564
502;0.14488;-10.255796;2.762472;-0.340649;-0.002137;-0.225118;-0.279046;0.610458;-0.379093
503;0.91348;-9.297636;2.581383;-0.545468;-0.006177;-0.165001;-0.283955;0.613748;-0.368958
504;1.307973;-8.883439;2.110649;-0.668018;-0.100897;-0.057435;-0.284584;0.621773;-0.356015
505;0.841191;-9.483159;2.011305;-0.382076;0.015356;0.047162;-0.283476;0.627878;-0.344479
506;0.511112;-10.165951;1.815221;-0.160833;0.044444;-0.030398;-0.283262;0.631559;-0.340301
507;0.169802;-9.954831;1.534939;-0.316855;-0.078126;-0.15366;-0.285797;0.634748;-0.329261
508;1.017758;-9.793662;1.373814;-0.301986;-0.113137;-0.094293;-0.289338;0.636662;-0.320179
509;1.266442;-9.78494;1.238047;-0.143979;-0.006982;0.022756;-0.289795;0.637976;-0.316485
510;0.888397;-9.700804;1.414253;0.095021;0.028059;0.064514;-0.287945;0.63872;-0.318223
511;0.68628;-9.840825;1.51144;0.269947;0.011162;0.020452;-0.287811;0.635167;-0.323163
512;0.763714;-9.654725;1.771027;0.244819;-0.018104;0.024815;-0.28721;0.636908;-0.326549
513;0.721897;-9.545668;1.995913;0.053216;0.008265;0.052025;-0.285093;0.634467;-0.33064
514;0.670897;-9.593772;1.888381;-0.111973;0.01693;0.017392;-0.28462;0.634058;-0.331509
515;0.724149;-9.392502;1.902803;-0.123168;-0.009343;-0.044464;-0.284884;0.635377;-0.329101
516;0.937133;-9.859528;1.735649;-0.127882;0.08092;-0.031905;-0.286666;0.635707;-0.328558
517;0.965891;-10.915831;1.610193;-0.031709;0.19592;0.023106;-0.282871;0.638432;-0.322608
518;0.340751;-9.754997;0.731979;-0.035093;0.18911;0.097226;-0.27878;0.640679;-0.323493
519;0.847037;-9.641928;1.216974;0.43846;-0.176483;0.166051;-0.27683;0.640383;-0.328303
520;1.470829;-9.718438;1.477187;0.842567;-0.029873;0.368341;-0.269501;0.636764;-0.341667
521;0.108299;-9.921673;2.127649;1.330353;0.012888;0.370356;-0.261784;0.625042;-0.372647
522;-0.466859;-9.197704;3.483061;1.075103;-0.183102;0.154064;-0.261707;0.607868;-0.401411
523;-0.117996;-8.436141;4.335858;0.311523;-0.288196;-0.029686;-0.265171;0.599196;-0.413516
524;0.050988;-8.837414;4.1889;-0.181503;-0.235098;-0.17056;-0.268102;0.597171;-0.412705
525;-0.214;-8.810243;3.392118;-0.646667;-0.353106;-0.265014;-0.279827;0.602027;-0.399351
526;0.457909;-9.321789;2.44774;-0.888431;-0.417333;-0.203456;-0.29178;0.609586;-0.375338
527;0.623455;-10.256194;1.723126;-0.603725;-0.379741;-0.109473;-0.302491;0.620496;-0.344752
528;0.882053;-10.454376;1.808746;0.021253;-0.287286;-0.17917;-0.312458;0.621588;-0.334951
529;0.374843;-10.364712;1.975562;0.206576;-0.081759;-0.141574;-0.316017;0.614838;-0.338827
530;0.475164;-9.36045;2.301953;0.080083;-0.046952;-0.123863;-0.323099;0.609962;-0.343334
531;0.197494;-9.485468;2.37328;-0.115904;-0.082972;-0.050063;-0.326544;0.607666;-0.339952
532;0.514009;-9.448741;2.646427;0.147598;-0.018555;-0.030112;-0.330267;0.604367;-0.341996
533;1.01988;-8.936772;2.81147;-0.075638;-0.053771;0.05983;-0.332006;0.60269;-0.340614
534;1.220712;-9.442669;2.683933;-0.145828;-0.056623;0.010292;-0.332776;0.602937;-0.335481
535;1.999832;-8.963114;2.572467;-0.299606;-0.107264;-0.058616;-0.33643;0.602504;-0.331129
536;2.511158;-8.427938;2.028038;-0.330089;-0.096519;-0.051367;-0.33849;0.603817;-0.320915
537;2.556;-8.655161;1.367537;-0.338159;-0.087861;0.001629;-0.340622;0.607678;-0.312075
538;2.18875;-9.161166;1.522388;-0.181662;0.010524;0.023057;-0.33971;0.611963;-0.304381
539;1.24136;-9.459714;1.403181;-0.153299;0.082278;0.030899;-0.338554;0.615891;-0.301974
540;0.795067;-10.635115;1.314167;0.05132;0.053921;-0.012434;-0.335855;0.61792;-0.302279
541;0.300447;-9.504166;1.729595;0.192599;0.065353;-0.044073;-0.334503;0.61713;-0.30866
542;0.137487;-9.74154;1.83396;0.034674;-0.009241;0.004983;-0.332458;0.616547;-0.311643
543;0.558293;-9.335893;1.945765;0.041418;-0.017167;0.019257;-0.332458;0.617903;-0.314143
544;0.797097;-9.351791;2.008351;0.199383;0.025935;0.0558;-0.331809;0.617211;-0.314089
545;1.175468;-8.382565;2.146385;0.207861;0.122758;0.144522;-0.327361;0.61526;-0.323121
546;0.880903;-8.675352;2.364651;-0.023501;0.092398;0.203257;-0.318708;0.616548;-0.325809
547;0.889363;-10.790851;2.479847;-0.134601;0.117342;0.116426;-0.310445;0.619691;-0.325981
548;0.809488;-10.881867;2.035167;-0.067186;0.172005;0.09451;-0.304503;0.623856;-0.326047
549;0.628018;-10.103321;1.774332;-0.200566;0.065014;0.075619;-0.300248;0.627797;-0.323735
550;0.968813;-9.75486;1.528899;-0.031295;0.061175;0.086532;-0.29663;0.632427;-0.321218
551;0.874235;-10.065395;1.613566;0.197705;0.131422;0.055088;-0.292809;0.631115;-0.324863
552;0.558843;-9.627222;1.897046;0.38874;0.198529;0.12252;-0.28747;0.628491;-0.336678
553;0.029123;-9.346131;2.341404;0.464364;0.126531;0.08701;-0.283927;0.623404;-0.348257
554;0.419106;-9.386993;2.360254;0.271837;0.113663;0.079799;-0.280672;0.621372;-0.357869
555;-0.021409;-9.790577;2.487758;0.229224;0.135039;0.070802;-0.276157;0.619273;-0.365598
556;0.636719;-9.849711;2.464529;0.131016;-0.007029;-8.2e-05;-0.274706;0.616063;-0.37009
557;0.601289;-9.050373;2.371829;0.238314;0.11258;0.016251;-0.274569;0.615039;-0.374974
558;0.016902;-9.594816;2.876187;0.367212;0.068576;-0.043964;-0.272874;0.610515;-0.382264
559;0.392388;-9.691401;2.863997;0.354307;0.089942;0.017981;-0.270104;0.608097;-0.391242
560;-0.249107;-8.319802;3.544444;0.075489;-0.06946;-0.012744;-0.269029;0.605166;-0.395503
561;0.398146;-8.826983;2.917511;-0.185174;-0.068054;-0.078262;-0.27288;0.606109;-0.394958
562;0.59466;-8.356997;2.995452;-0.16093;0.029809;-0.097365;-0.274209;0.606652;-0.390641
563;0.962666;-9.82105;3.114543;0.069006;0.207235;-0.126808;-0.275432;0.60458;-0.39181
564;-0.014131;-11.22364;2.593505;-0.151309;0.278872;-0.114945;-0.271208;0.604823;-0.39263
565;-0.25085;-9.780457;2.875359;-0.415338;-0.083707;-0.195406;-0.272654;0.607741;-0.385539
566;0.951538;-8.785505;2.629291;-0.578963;-0.112437;-0.182862;-0.280718;0.613379;-0.371366
567;1.504961;-8.724456;2.26737;-0.523516;0.036747;0.016384;-0.281313;0.61665;-0.362815
568;0.719695;-9.74992;2.133928;-0.254267;0.2225;0.066221;-0.276096;0.624357;-0.354346
569;-0.051908;-10.197362;1.946617;-0.121348;0.125461;-0.048008;-0.274137;0.627691;-0.3489
570;0.213772;-10.07916;1.664927;-0.192427;-0.076545;-0.131436;-0.276113;0.627726;-0.344602
571;0.99815;-9.83038;1.574674;-0.130289;-0.073751;-0.033087;-0.280298;0.630513;-0.340502
572;0.899838;-9.45141;1.767107;0.056186;0.020841;0.081259;-0.275837;0.62931;-0.344245
573;0.392992;-9.602293;1.996803;0.257256;0.026774;0.063683;-0.274158;0.628628;-0.349317
574;0.466186;-9.704874;2.107293;0.272091;-0.055749;-4.9e-05;-0.274324;0.62651;-0.350041
575;0.672683;-9.473334;2.392499;0.166529;-0.033828;0.007016;-0.275079;0.624054;-0.354672
576;0.52631;-9.414413;2.445498;-0.042465;0.022834;0.01304;-0.275418;0.624082;-0.356245
577;0.536083;-9.375401;2.339817;-0.151147;0.027207;0.005866;-0.27485;0.623808;-0.357761
578;0.563353;-9.54029;2.140136;-0.145181;0.004823;-0.018025;-0.273985;0.625865;-0.353501
579;0.531929;-9.627322;2.018908;-0.107203;0.019128;-0.040931;-0.274747;0.629173;-0.348199
580;0.546758;-9.712266;1.952141;-0.110816;0.021011;-0.037402;-0.27441;0.630344;-0.346661
581;0.524703;-9.641725;1.950579;-0.082635;-0.005548;-0.018876;-0.275296;0.631815;-0.343772
582;0.593032;-9.697939;1.957484;-0.08232;-0.023199;-0.032147;-0.275949;0.631043;-0.343913
583;0.813048;-10.172935;2.125588;-0.041678;0.036606;-0.014302;-0.275972;0.631024;-0.341842
584;0.888938;-11.478741;1.550354;0.001962;0.188119;-0.044068;-0.273908;0.632809;-0.341914
585;0.517845;-8.197975;1.343356;0.079472;-0.003561;0.070658;-0.275616;0.633123;-0.339942
586;1.246275;-9.566915;1.56896;0.433252;-0.12288;0.278431;-0.27333;0.632291;-0.345754
587;0.373143;-10.67024;1.741209;1.045786;0.012146;0.295845;-0.26356;0.623325;-0.366992
588;-0.290631;-9.387066;2.992622;0.88994;-0.253441;0.061892;-0.265209;0.61268;-0.389045
589;0.184288;-8.259506;3.882531;0.463496;-0.147051;0.034471;-0.265554;0.603217;-0.400831
590;0.092355;-8.654919;3.897801;-0.019515;-0.159809;0.013514;-0.268738;0.60085;-0.404946
591;-0.145617;-8.927286;3.458771;-0.297942;-0.200603;-0.142415;-0.273597;0.603887;-0.396355
592;0.145302;-9.15834;2.880319;-0.587069;-0.268501;-0.210828;-0.283393;0.606005;-0.383208
593;0.544195;-9.710094;2.091449;-0.639249;-0.239562;-0.093302;-0.290883;0.612918;-0.365415
594;0.050243;-9.922852;1.635275;-0.372614;-0.242929;-0.038396;-0.293803;0.61956;-0.351776
595;0.506489;-10.267762;1.731335;0.004265;-0.277797;-0.094468;-0.298819;0.619144;-0.343741
596;1.237621;-10.5006;2.176852;0.332832;-0.131201;-0.075955;-0.305084;0.614762;-0.347441
597;0.832101;-10.130135;2.545731;0.241031;-0.09767;-0.090201;-0.310205;0.608474;-0.351544
598;0.738941;-9.83834;2.595484;0.062717;-0.083736;-0.057697;-0.314159;0.60731;-0.353014
599;0.212579;-9.93797;2.745741;0.004822;-0.107984;-0.103893;-0.318183;0.602941;-0.353359
600;0.38847;-8.982801;3.145048;0.09491;-0.08859;-0.117746;-0.324647;0.600662;-0.353376
601;0.825714;-9.377713;2.777075;0.210132;-0.029214;-0.035271;-0.327726;0.595608;-0.355463
602;0.997816;-7.474742;2.834598;0.161101;-0.014571;-0.014754;-0.330309;0.591869;-0.357951
603;1.838212;-8.537379;2.60907;-0.383602;-0.10748;0.027835;-0.331306;0.593051;-0.35221
604;2.42009;-9.443101;2.288859;-0.24535;-0.085457;-0.001914;-0.331627;0.596732;-0.345859
605;1.971807;-9.401521;2.051477;-0.21146;0.004079;-0.00534;-0.332396;0.599775;-0.340679
606;1.538045;-9.345613;1.902099;-0.062591;0.022027;5.5e-05;-0.333237;0.602569;-0.33692
607;0.743168;-9.147429;1.95996;-0.054045;0.036211;-0.028366;-0.330683;0.60589;-0.332478
608;0.631297;-9.360882;2.118481;0.110489;0.060035;-0.005218;-0.329767;0.606409;-0.334776
609;0.16571;-9.495287;2.509909;0.210931;0.066817;0.008898;-0.32781;0.603606;-0.341973
610;0.680108;-9.629144;2.571388;0.142627;0.06558;-0.00872;-0.325261;0.601564;-0.347736
611;0.606843;-9.43408;2.359029;0.005613;0.06877;0.015859;-0.323855;0.602735;-0.350545
612;0.916081;-9.353354;2.504142;0.056958;0.026291;0.120137;-0.320884;0.604485;-0.350568
613;0.804747;-8.605618;2.919822;0.128641;0.076142;0.090331;-0.316426;0.60528;-0.35437
614;0.796123;-9.261313;2.940884;-0.09697;0.086794;0.048518;-0.311442;0.604298;-0.355502
615;1.040854;-9.811243;2.863687;-0.18012;0.163757;0.100703;-0.30614;0.607821;-0.355454
616;0.294121;-10.379596;2.34629;-0.463077;0.119323;0.078838;-0.301074;0.613697;-0.349918
617;0.572505;-10.460213;1.867734;-0.408927;-0.03341;0.065413;-0.297246;0.621694;-0.338292
618;0.708994;-9.137628;2.003288;-0.102335;0.029052;0.06164;-0.295505;0.626253;-0.334577
619;0.452154;-9.79613;1.614708;-0.109532;0.070523;0.114578;-0.291449;0.629657;-0.331095
620;0.949524;-10.054167;1.888391;0.326354;0.11435;0.129407;-0.287755;0.630081;-0.334667
621;0.25236;-8.913036;2.589122;0.373787;0.122243;0.060501;-0.282419;0.625993;-0.346569
622;0.343332;-9.379797;2.603515;0.12212;0.118487;0.069017;-0.280009;0.622784;-0.355025
623;0.371501;-10.098537;2.479511;-0.011842;0.185842;0.079539;-0.274428;0.623919;-0.357094
624;0.458511;-9.605691;2.325532;-0.15901;0.102576;0.037763;-0.270995;0.626435;-0.355691
625;0.099741;-9.205214;2.124832;-0.204669;0.095968;0.001429;-0.268967;0.630578;-0.35143
626;0.365423;-10.315176;1.502605;0.051781;0.122369;-0.044176;-0.26789;0.630661;-0.350599
627;0.460227;-9.014887;1.972927;0.414407;0.137457;0.002343;-0.264721;0.628866;-0.356854
628;-0.291564;-8.491981;2.277662;0.427358;0.157;-0.029555;-0.262648;0.62571;-0.369345
629;1.031296;-10.234971;3.489589;0.627826;0.042188;-0.004651;-0.259561;0.617057;-0.382268
630;-0.799886;-10.94401;3.205181;0.305053;0.151324;-0.138722;-0.257354;0.60899;-0.397198
631;-0.751105;-8.270857;3.406379;-0.214748;-0.264935;-0.239703;-0.262663;0.608375;-0.394871
632;0.963191;-8.55271;2.774582;-0.321424;-0.096985;-0.300857;-0.272792;0.606307;-0.388224
633;1.266687;-9.229095;2.634452;-0.411859;0.150494;-0.123798;-0.275883;0.609549;-0.380453
634;0.575879;-9.841898;2.350985;-0.492261;0.254356;-0.032071;-0.274035;0.61619;-0.37213
635;0.622092;-9.749695;2.271829;-0.389214;0.118462;-0.044573;-0.27123;0.621319;-0.362806
636;0.508449;-10.093303;1.928847;-0.166312;0.02633;-0.025137;-0.271023;0.624734;-0.358751
637;0.052753;-10.100669;1.90495;-0.177845;-0.0681;-0.021936;-0.267578;0.627781;-0.357103
638;0.436824;-9.497763;1.829365;-0.111773;-0.154307;-0.066032;-0.271387;0.6288;-0.35073
639;0.863089;-9.429713;1.944683;-0.041406;-0.077338;-0.025046;-0.27678;0.628579;-0.347512
640;0.822054;-9.638288;1.908565;0.039684;-0.001819;0.01933;-0.275873;0.62881;-0.347471
641;0.504981;-9.607994;2.14043;0.067664;0.01547;0.042274;-0.274437;0.628243;-0.349709
642;0.417103;-9.588367;2.265914;0.050749;-0.018526;-0.001114;-0.272744;0.628865;-0.351969
643;0.585498;-9.661828;2.140142;0.00094;-0.080146;-0.044533;-0.273185;0.627137;-0.350517
644;0.673012;-9.531114;2.131858;-0.06312;-0.036274;-0.014452;-0.274962;0.627999;-0.349859
645;0.572799;-9.360603;2.127371;-0.102375;-0.007548;-0.017982;-0.274817;0.629298;-0.34704
646;0.663479;-9.603724;2.030272;-0.102275;0.025081;-0.021445;-0.275994;0.629588;-0.34478
647;0.590579;-9.676022;1.932612;-0.050443;0.014596;-0.023199;-0.274108;0.631099;-0.343299
648;0.512679;-9.721755;1.924891;-0.045006;-0.010843;-0.025037;-0.275771;0.629828;-0.342962
649;0.622248;-9.656706;1.908302;-0.042964;-0.014822;-0.037371;-0.276608;0.631579;-0.341633
650;0.675813;-9.615644;1.883946;-0.021172;0.002315;-0.01433;-0.276916;0.63131;-0.340087
651;0.641764;-9.656762;1.886591;0.013429;-0.000769;-0.004594;-0.277156;0.631582;-0.339719
652;0.612428;-9.634874;1.946899;0.025807;-0.000548;-0.00017;-0.276405;0.631957;-0.340208
653;0.644139;-9.661788;1.967411;0.018943;-0.021839;-0.011697;-0.277051;0.63174;-0.342697
654;0.58308;-9.588634;1.972548;0.003346;-0.005093;0.006856;-0.276027;0.631569;-0.342897
655;0.587973;-9.598369;1.970346;-0.013633;0.003881;0.007739;-0.275443;0.632333;-0.341593
656;0.578253;-9.605573;1.953207;-0.009492;-0.003133;-0.01877;-0.277557;0.632157;-0.342477
657;0.597789;-9.627524;1.95144;-0.016455;-0.004315;-0.026725;-0.277152;0.630806;-0.342157
658;0.656309;-9.642379;1.945249;-0.029353;-0.001212;-0.007289;-0.277391;0.630812;-0.341781
659;0.617357;-9.656719;1.927791;-0.013012;-0.012293;-0.01967;-0.276166;0.631552;-0.340572
660;0.6075;-9.595963;1.931475;-0.024024;-0.015653;-0.005555;-0.276433;0.632496;-0.340744
661;0.612411;-9.612969;1.922064;0.008218;-0.008266;-0.011685;-0.275525;0.632061;-0.340683
662;0.595426;-9.656603;1.925011;0.000168;-0.00103;-0.010805;-0.276739;0.632117;-0.341655
663;0.617374;-9.656681;1.908228;-0.01157;-0.00368;-0.003753;-0.276762;0.632631;-0.339599
664;0.614901;-9.637244;1.910297;0.009896;-0.006295;-0.006382;-0.275506;0.632856;-0.340317
665;0.573408;-9.603043;1.913964;-0.003261;-0.000321;-0.017874;-0.276897;0.631838;-0.339713
666;0.602655;-9.622691;1.951429;0.014214;-0.0061;-0.000197;-0.275961;0.632087;-0.341613
667;0.612394;-9.615446;1.94656;-0.005906;0.000501;-0.019633;-0.275701;0.632077;-0.341599
668;0.641696;-9.637409;1.925378;-0.006136;-0.001031;-0.008149;-0.275906;0.631275;-0.34055
669;0.631933;-9.627641;1.922615;-0.000661;0.003407;-0.014317;-0.275764;0.632066;-0.340307
670;0.602659;-9.622683;1.946538;0.008124;-0.009972;-0.007277;-0.276584;0.633305;-0.341164
671;0.607457;-9.583868;1.955717;-0.03226;0.006311;0.00243;-0.276256;0.631814;-0.339808
672;0.595529;-9.705132;1.903849;-0.034482;-0.012372;-0.016172;-0.275649;0.632597;-0.340576
673;0.646602;-9.637362;1.888772;-0.02595;-0.007309;0.001532;-0.275068;0.631631;-0.339351
674;0.595336;-9.595855;1.906835;0.029496;-0.006098;-0.005477;-0.275124;0.632842;-0.340425
675;0.605147;-9.637209;1.917485;0.01159;-0.009802;-0.001974;-0.275616;0.632856;-0.339934
676;0.602793;-9.693084;1.933094;-0.015961;0.000741;-0.007289;-0.276523;0.632892;-0.339983
677;0.602739;-9.637131;1.883212;-0.040054;0.004185;-0.007304;-0.275848;0.632327;-0.339412
678;0.588012;-9.583655;1.89673;0.014173;-0.000582;0.001581;-0.275563;0.633377;-0.33891
679;0.595415;-9.644436;1.912572;0.014534;-0.000111;-0.015202;-0.276328;0.633671;-0.3387
680;0.617438;-9.666291;1.854598;0.011696;0.008257;-0.007235;-0.274739;0.633602;-0.337966
681;0.644148;-9.642264;1.918164;0.020984;-0.001238;-0.024898;-0.27507;0.632563;-0.339378
682;0.60276;-9.671217;1.927822;0.016887;0.006659;-0.000172;-0.276419;0.631827;-0.340464
683;0.602672;-9.622654;1.931866;0.001836;-0.00361;-0.005505;-0.276414;0.633025;-0.34037
684;0.605054;-9.578903;1.906687;-0.015065;0.011623;-0.00902;-0.276419;0.632227;-0.340476
685;0.595386;-9.627436;1.912276;0.00992;0.000943;-0.008138;-0.276087;0.632733;-0.339049
686;0.607668;-9.680918;1.908502;0.002505;0.008496;0.005115;-0.275432;0.632173;-0.338868
687;0.597836;-9.624982;1.892708;-0.016922;-0.006443;-0.003767;-0.276878;0.632234;-0.339335
688;0.592947;-9.627428;1.914684;-0.005897;-0.012199;-0.018782;-0.276419;0.632227;-0.340476
689;0.622189;-9.625143;1.912642;-0.009564;-0.008487;-0.014354;-0.276406;0.632224;-0.340216
690;0.617347;-9.6348;1.89562;-0.002575;-0.004603;-0.007275;-0.275596;0.632985;-0.339548
691;0.60766;-9.661432;1.878819;0.000755;-0.013344;0.005071;-0.275059;0.633759;-0.339154
692;0.602605;-9.578919;1.921323;-0.004638;-0.004296;0.005089;-0.275151;0.632715;-0.340941
693;0.60265;-9.644644;2.000718;-0.032971;-0.001185;-0.005542;-0.275858;0.634328;-0.339601
694;0.57352;-9.65643;1.892886;-0.125896;0.013706;0.001439;-0.275747;0.635634;-0.337432
695;0.636894;-9.588467;1.745944;-0.050102;0.000791;0.005058;-0.274085;0.636082;-0.335284
696;0.529721;-9.660932;1.823831;-0.013608;0.004855;0.008604;-0.273513;0.636049;-0.334217
697;0.60053;-9.741445;1.831196;-0.050344;-0.029053;-0.023291;-0.274539;0.637419;-0.334052
698;0.64196;-9.719712;1.78743;-0.066767;-0.004229;-0.007348;-0.275378;0.638614;-0.330246
699;0.602914;-9.656247;1.722154;-0.072134;0.006667;-0.007336;-0.275493;0.637817;-0.32997
700;0.761628;-9.846531;1.752326;0.00552;0.054649;0.031736;-0.276288;0.639982;-0.330335
701;0.544751;-9.8015;1.638214;0.060075;0.126979;0.063688;-0.273499;0.63802;-0.331425
702;0.578808;-9.714045;1.534503;0.122125;0.071708;0.086628;-0.268632;0.638929;-0.33482
703;0.568866;-9.704674;1.737153;0.25076;0.023844;0.164393;-0.2641;0.636935;-0.339702
704;0.244869;-9.790505;1.758189;0.363765;0.004212;0.13789;-0.261235;0.635718;-0.349358
705;0.372801;-9.296558;2.181913;0.333643;-0.059479;0.080396;-0.257988;0.632998;-0.356618
706;0.509713;-9.657094;2.400563;0.337932;-0.024788;0.087538;-0.255687;0.629523;-0.364684
707;0.095525;-9.701066;2.360815;0.229863;0.032743;0.090065;-0.25595;0.624812;-0.372331
708;0.117515;-9.722993;2.339521;0.264017;-0.033748;0.040514;-0.25386;0.622511;-0.376945
709;0.163332;-9.50977;2.470999;0.312894;-0.069545;0.048477;-0.254986;0.619424;-0.383779
710;0.142839;-9.087685;2.769011;0.294687;-0.091446;0.017531;-0.253841;0.615969;-0.389186
711;0.372162;-9.273599;2.866201;0.277305;-0.062995;0.037043;-0.255555;0.612494;-0.394874
712;0.226159;-9.477153;3.019142;0.174059;-0.018535;0.065217;-0.25715;0.607951;-0.400784
713;0.299217;-9.463015;3.051793;0.078966;-0.020735;0.047461;-0.256285;0.606884;-0.404074
714;0.108606;-9.126772;2.977027;0.027777;-0.030715;0.061494;-0.252772;0.607143;-0.403636
715;0.225672;-9.190557;3.004365;0.04079;-0.026748;0.036813;-0.253343;0.606642;-0.404688
716;0.138083;-9.350695;3.157436;0.02371;-0.015113;-0.000317;-0.252074;0.606864;-0.405145
717;-0.049541;-9.335052;3.093186;-0.041669;-0.038147;-0.02875;-0.254366;0.606547;-0.404481
718;0.318365;-9.217658;2.962226;-0.166421;-0.057641;-0.034119;-0.25548;0.608821;-0.40098
719;0.655075;-9.384261;2.840626;-0.039475;0.036061;0.035183;-0.254965;0.609576;-0.398514
720;0.006791;-9.393225;2.889643;0.021904;0.04719;0.084557;-0.251767;0.610656;-0.399153
721;0.095397;-9.815931;2.734504;0.096538;0.035233;0.021014;-0.249384;0.610844;-0.400586
722;-0.066551;-9.334855;3.036681;0.111521;0.01978;-0.019628;-0.249735;0.609809;-0.402388
723;0.21083;-9.132463;3.140069;-0.017342;-0.03367;-0.000361;-0.249022;0.608461;-0.403606
724;0.085273;-9.692383;2.918047;-0.048282;0.012485;0.033173;-0.24894;0.609266;-0.404532
725;-0.071755;-9.086894;2.919801;-0.04546;-0.04787;-0.018157;-0.250015;0.609957;-0.402796
726;0.246317;-9.743955;2.794228;0.020589;0.008123;-0.015292;-0.250616;0.609706;-0.401913
727;-0.029965;-9.320346;2.973405;0.020434;-0.013552;-0.012723;-0.248652;0.610158;-0.401434
728;0.157545;-9.231412;2.960027;-0.000635;-0.028761;-0.028616;-0.250797;0.610764;-0.4004
729;0.186928;-9.311706;2.96187;-0.002309;-0.016191;-0.033891;-0.252281;0.609635;-0.401611
730;0.179998;-9.530233;2.960677;-0.031279;-0.001335;-0.01272;-0.253057;0.608733;-0.401626
731;0.260408;-9.45997;2.835961;-0.045628;-0.017701;-0.007441;-0.252671;0.60896;-0.399151
732;0.230928;-9.357953;2.902208;0.041226;0.020923;0.015701;-0.253745;0.61114;-0.39992
733;0.206256;-9.234164;2.999939;0.02831;0.012197;0.03422;-0.251871;0.609481;-0.401196
734;0.138199;-9.328496;2.980986;0.002782;0.035412;0.059823;-0.249559;0.609927;-0.401475
735;0.004582;-9.546295;2.933844;-0.018195;0.030281;0.042068;-0.248265;0.611208;-0.401444
736;-0.010243;-9.480847;3.035185;0.0094;0.008554;0.002313;-0.246984;0.612359;-0.401669
737;0.065609;-9.597577;2.92099;-0.014783;0.0067;0.009357;-0.246443;0.611002;-0.401212
738;-0.046911;-9.361451;2.924956;-0.015306;-0.02646;-0.008383;-0.246705;0.612478;-0.401269
739;0.031134;-9.373905;2.88234;0.014374;-0.042858;-0.018077;-0.247209;0.611696;-0.401014
740;-0.012775;-9.354273;2.891114;0.043984;-0.035546;-0.02687;-0.248804;0.611233;-0.401862
741;0.12369;-9.389118;2.97204;0.024478;-0.023222;-0.0339;-0.24984;0.611008;-0.40191
742;0.101682;-9.323349;2.926546;-0.016578;-0.012637;-0.033924;-0.251368;0.610264;-0.401452
743;0.201276;-9.214871;3.08267;-0.016507;-0.050987;-0.037499;-0.25292;0.608726;-0.401489
744;0.240433;-9.268338;3.001052;-0.039222;-0.001607;-0.019754;-0.253503;0.609669;-0.400252
745;0.211741;-9.549762;2.929709;-0.052873;0.004162;-0.003895;-0.25232;0.610128;-0.397353
746;0.231094;-9.442912;2.881681;-0.031993;0.003163;0.020872;-0.252192;0.611189;-0.397378
747;0.067883;-9.471179;2.855246;-0.005247;0.023463;0.020897;-0.252554;0.612288;-0.399372
748;0.126368;-9.461733;2.841296;-0.007712;0.006821;0.012046;-0.250249;0.611911;-0.397296
749;0.055648;-9.441974;2.854552;-0.012065;0.017564;0.005863;-0.249656;0.612564;-0.39832
750;-0.012731;-9.38343;2.898958;0.032774;0.008568;-0.005599;-0.249156;0.612015;-0.398666
751;0.094928;-9.602436;2.845713;0.027609;-0.004385;-0.010922;-0.249859;0.612586;-0.399756
752;0.086989;-9.277112;2.915737;0.0178;-0.013654;-0.014456;-0.251054;0.611948;-0.397858
753;0.204223;-9.428289;2.925036;0.05368;0.000924;-0.0232;-0.251608;0.610802;-0.401092
754;0.118544;-9.282429;3.070364;0.020756;-0.024945;-0.0286;-0.250926;0.610503;-0.400399
755;0.091769;-9.272469;3.013542;-0.043569;-0.005366;-0.025107;-0.252216;0.611085;-0.400355
756;0.163033;-9.525063;2.842954;-0.064228;0.000185;-0.014524;-0.253084;0.611378;-0.399632
757;0.19229;-9.534935;2.84846;0.001953;0.016154;0.019152;-0.252785;0.611625;-0.398847
758;0.077548;-9.412904;2.834815;0.044954;-0.020913;0.012041;-0.251916;0.610799;-0.399554
759;0.079649;-9.31127;3.016479;0.049448;-0.009213;0.006779;-0.25223;0.611355;-0.400623
760;0.075042;-9.432548;2.952496;0.016858;0.011847;-0.012657;-0.251221;0.611853;-0.401102
761;0.094329;-9.306339;2.94081;-0.032308;-0.000279;-0.008305;-0.250598;0.6113;-0.401571
762;0.070108;-9.420465;2.996227;0.002637;-0.008333;-0.014482;-0.250959;0.610244;-0.401041
763;-0.032095;-9.470803;2.922193;-0.032633;-0.019956;-0.032242;-0.252078;0.610013;-0.400187
764;0.252665;-9.282925;2.977038;-0.063945;-0.019373;-0.030415;-0.252025;0.6104;-0.399159
765;0.192316;-9.530002;2.809249;-0.023993;0.009499;-0.018867;-0.252569;0.612;-0.397162
766;0.165424;-9.508113;2.862258;0.057724;0.001529;-0.002015;-0.253495;0.610975;-0.39757
767;0.077424;-9.408302;2.966782;0.042954;-0.033621;-0.020666;-0.254768;0.610512;-0.399696
768;0.123585;-9.335717;2.985781;0.013771;-0.006077;-0.035638;-0.2546;0.611564;-0.398941
769;0.040463;-9.199355;3.013937;-0.030852;0.007176;-0.037438;-0.25614;0.610423;-0.39873
770;0.277427;-9.457709;2.87775;-0.046284;-0.007314;-0.062174;-0.256572;0.61069;-0.397077
771;0.333097;-9.258933;2.919151;-0.011226;0.006381;-0.035576;-0.257551;0.611517;-0.395988
772;0.28439;-9.243981;2.849683;-0.047288;0.0311;-0.018797;-0.258327;0.610748;-0.396006
773;0.328831;-9.598866;2.900549;-0.017254;0.062635;-0.003707;-0.257563;0.61072;-0.396224
774;0.040926;-9.422617;2.929797;-0.075938;0.050149;-0.01446;-0.255657;0.612227;-0.394354
775;0.201859;-9.393983;2.772791;-0.118519;0.032243;-0.023329;-0.254837;0.614584;-0.393473
776;0.287656;-9.634659;2.680467;-0.060145;0.046131;0.003263;-0.254308;0.61507;-0.390739
777;0.055494;-9.237529;2.623574;-0.016269;0.065576;0.033357;-0.253948;0.615993;-0.391265
778;0.14808;-9.306309;2.785122;0.025457;0.037755;0.00157;-0.25216;0.616327;-0.391698
779;0.48016;-9.706389;2.850917;0.013353;0.076354;0.026416;-0.249334;0.615821;-0.392052
780;0.075215;-9.510178;2.909833;-0.019404;0.121246;0.008715;-0.247329;0.617087;-0.393278
781;0.080268;-9.43179;2.549079;-0.123663;0.056606;-0.032151;-0.245517;0.618214;-0.393215
782;-0.253717;-9.454717;2.718035;0.081416;0.044903;-0.027619;-0.246538;0.61692;-0.392972
783;-0.106335;-8.82445;2.924491;0.028038;-0.118017;-0.117117;-0.248405;0.615938;-0.394078
784;0.410698;-9.052958;2.948532;0.041415;-0.07011;-0.16016;-0.253465;0.614806;-0.394443
785;-0.227499;-9.331828;3.146675;0.031779;-0.016813;-0.214139;-0.255636;0.611689;-0.393948
786;0.185179;-9.627095;2.803494;-0.216398;-0.063314;-0.23916;-0.262681;0.609287;-0.392697
787;0.692437;-9.750783;2.649498;-0.389658;-0.058807;-0.142955;-0.268345;0.612627;-0.384676
788;1.343715;-9.8308;2.14235;-0.380453;0.031187;-0.071047;-0.270494;0.616866;-0.373646
789;0.59247;-9.516342;2.237975;-0.142663;0.149542;0.021143;-0.268915;0.620904;-0.370572
790;0.085523;-9.484605;2.219956;-0.017327;0.073062;0.005098;-0.266372;0.620922;-0.368884
791;0.286143;-9.942214;2.238297;0.083745;-0.019189;-0.039124;-0.265098;0.622208;-0.369243
792;0.427001;-9.724607;2.366249;0.058916;-0.097826;-0.044555;-0.266172;0.618552;-0.37256
793;0.630935;-9.337306;2.484868;0.000943;-0.079289;-0.009164;-0.268056;0.617949;-0.371476
794;0.626154;-9.337073;2.377196;-0.065671;0.017179;0.01392;-0.270117;0.618427;-0.371341
795;0.467948;-9.460156;2.391612;-0.00302;0.02117;0.005113;-0.268564;0.619965;-0.371303
796;0.465824;-9.664232;2.439147;0.004791;-0.012254;-0.023229;-0.268574;0.619943;-0.368972
797;0.412214;-9.654199;2.413707;-0.027296;-0.030692;-0.023317;-0.269234;0.619172;-0.369243
798;0.599456;-9.390328;2.358155;-0.104894;-0.045999;-0.025127;-0.269663;0.621303;-0.367515
799;0.558254;-9.504196;2.325277;-0.071738;0.002466;0.00855;-0.270702;0.62132;-0.36511
800;0.582673;-9.521277;2.303937;-0.109297;0.019327;-0.030314;-0.270039;0.622599;-0.362263
801;0.558969;-9.831728;2.159814;-0.120902;0.065876;0.013893;-0.268538;0.625189;-0.360705
802;0.458963;-9.758276;2.113003;-0.044589;0.06343;0.033386;-0.266297;0.626692;-0.359853
803;0.417156;-9.583371;2.194913;0.009346;-0.000237;0.015658;-0.26544;0.627177;-0.358267
804;0.485313;-9.48638;2.093999;0.035549;0.017013;0.041364;-0.265494;0.627322;-0.359311
805;0.626817;-9.591584;2.127319;0.098792;0.056856;0.086589;-0.263034;0.62685;-0.361757
806;0.490878;-9.933449;2.194787;0.239347;0.089691;0.14857;-0.258607;0.626588;-0.366177
807;0.205425;-9.830317;2.352503;0.218282;0.040979;0.132479;-0.255322;0.624791;-0.372686
808;0.340668;-9.209635;2.524707;0.169784;-0.005793;0.100627;-0.252892;0.623818;-0.378227
809;0.084884;-9.303179;2.588482;0.172308;0.025375;0.105914;-0.248643;0.622614;-0.381075
810;0.194843;-9.517625;2.681913;0.112039;-0.013065;0.048368;-0.247426;0.623538;-0.385053
811;0.080519;-9.548255;2.494867;0.071365;-0.026249;0.076524;-0.245532;0.622141;-0.385948
812;0.309363;-9.428049;2.528034;0.144636;-0.012282;0.068761;-0.245376;0.620023;-0.38795
813;0.144053;-9.672531;2.5469;0.256917;0.056307;0.114887;-0.241516;0.617261;-0.393363
814;-0.051168;-9.713556;2.921238;0.338039;-0.032185;0.077644;-0.240631;0.615172;-0.401285
815;-0.076261;-9.344473;3.012248;0.210471;-0.104392;0.034985;-0.23873;0.612756;-0.407072
816;-0.057511;-9.024422;3.227044;0.128767;-0.106615;0.011958;-0.241321;0.609686;-0.40971
817;0.020521;-9.039342;3.204033;-0.014431;-0.066602;-0.011067;-0.243611;0.60817;-0.409009
818;-0.049367;-9.432181;3.087543;-0.0734;-0.058839;-0.044736;-0.244999;0.609017;-0.408331
819;-0.02784;-9.126018;2.943156;-0.155768;-0.083894;-0.073106;-0.245974;0.610484;-0.404669
820;0.309375;-9.549921;2.757572;-0.111257;-0.029589;-0.023433;-0.248369;0.611607;-0.400943
821;0.165532;-9.583447;2.888024;-0.045694;-0.066611;-0.000515;-0.24913;0.612143;-0.39815
822;0.113927;-9.32084;2.853327;-0.064588;-0.078593;-0.03676;-0.250566;0.61271;-0.395911
823;0.245433;-9.216888;2.755698;-0.075865;-0.081649;-0.009353;-0.253676;0.614139;-0.393528
824;0.606952;-9.636187;2.636426;0.001435;-0.014123;0.049223;-0.25352;0.614528;-0.393013
825;0.041622;-9.769695;2.825808;0.143824;0.01127;0.063401;-0.251738;0.614198;-0.393556
826;-0.109887;-9.543115;2.844021;0.067177;-0.051593;-0.023388;-0.251425;0.612892;-0.397516
827;0.213343;-9.032351;2.854704;0.07007;-0.043714;0.003264;-0.25276;0.612152;-0.398343
828;0.121142;-9.394228;3.10903;0.076947;-0.057855;0.017312;-0.253576;0.611126;-0.399133
829;-0.02207;-9.626266;2.915269;0.046934;-0.009281;0.003186;-0.253784;0.61035;-0.400676
830;-0.003364;-9.233175;3.03587;0.032906;-0.088126;-0.050824;-0.255622;0.608296;-0.401231
831;0.362042;-9.208549;3.160802;-0.064332;-0.048281;-0.055169;-0.257064;0.608331;-0.399106
832;0.272098;-9.258784;3.001366;-0.088403;-0.001895;-0.014503;-0.257844;0.609828;-0.399192
833;0.240501;-9.277939;2.942532;-0.09531;-0.020354;-0.02339;-0.257679;0.610589;-0.395967
834;0.392204;-9.577227;2.847336;-0.099642;-0.000331;0.01552;-0.257275;0.611878;-0.393134
835;0.177563;-9.418074;2.736162;-0.062464;0.028577;0.027061;-0.256522;0.613427;-0.391067
836;0.13878;-9.529554;2.717952;0.013409;0.018315;0.027106;-0.257582;0.614539;-0.391545
837;0.023962;-9.441822;2.858959;0.023593;0.022446;0.006788;-0.255567;0.614204;-0.392594
838;0.18254;-9.520262;2.821158;-0.000204;0.006429;-0.004717;-0.254789;0.613907;-0.392544
839;0.133788;-9.490786;2.775889;0.014766;0.003195;0.004998;-0.254672;0.613505;-0.392785
840;0.128793;-9.459335;2.851072;0.046783;-0.021875;0.010284;-0.255922;0.614079;-0.391961
841;-0.015322;-9.315497;2.939307;0.049076;-0.022499;-0.016237;-0.254193;0.61336;-0.393532
842;0.177289;-9.360171;2.933223;-0.070124;-0.04759;-0.030508;-0.255086;0.61286;-0.393306
843;0.28479;-9.450318;2.804373;-0.025922;-0.01763;-0.010943;-0.257062;0.613852;-0.391497
844;0.197474;-9.597658;2.619767;0.035238;-0.001957;0.010319;-0.257483;0.613475;-0.392156
845;0.157912;-9.423192;2.9218;0.082354;-0.023301;0.014748;-0.257265;0.613607;-0.392925
846;0.135749;-9.33095;3.000555;0.054311;-0.025112;-0.010898;-0.257301;0.611884;-0.393654
847;0.138064;-9.297104;3.073361;-0.011919;-0.022722;-0.002134;-0.256518;0.610412;-0.39603
848;0.175006;-9.42808;2.8928;-0.020424;-0.019581;-0.018918;-0.256822;0.61134;-0.39439
849;0.174955;-9.398936;2.892292;-0.02025;-0.001639;-0.028594;-0.25804;0.612172;-0.392924
850;0.177399;-9.384306;2.855394;-0.014267;-0.023047;-0.014497;-0.258467;0.61153;-0.393705
851;0.172386;-9.345584;2.937786;-0.034937;-0.013997;-0.009202;-0.258143;0.612171;-0.392412
852;0.221569;-9.525255;2.790047;-0.032966;-0.017758;-0.014509;-0.259009;0.611932;-0.391673
853;0.21163;-9.428113;2.815104;0.006916;0.019193;-0.005549;-0.257858;0.613088;-0.391905
854;0.158028;-9.47657;2.895831;0.009291;0.015948;0.008558;-0.258852;0.612877;-0.393636
855;0.133423;-9.330691;2.873357;0.004404;-0.015553;-0.012701;-0.257527;0.611754;-0.393014
856;0.206705;-9.413574;2.844121;-0.010345;0.00852;0.009423;-0.2578;0.611767;-0.393288
857;0.114036;-9.403488;2.893893;-0.001244;-0.009774;0.001423;-0.257775;0.613093;-0.392808
858;0.187518;-9.554188;2.770471;0.028857;0.011708;0.013872;-0.256764;0.612259;-0.393248
859;0.118909;-9.410828;2.908766;0.032953;-0.009857;-0.012669;-0.256756;0.611724;-0.393102
860;0.201677;-9.365133;2.923898;0.025042;-0.010115;-0.018834;-0.256251;0.611974;-0.393342
861;0.148124;-9.403728;2.928648;0.036256;0.015901;-0.002006;-0.257129;0.61176;-0.395325
862;0.20419;-9.389356;2.885232;0.041216;0.009156;0.017433;-0.25689;0.611888;-0.395704
863;0.089627;-9.40345;2.937538;0.04141;0.00985;0.007687;-0.257234;0.610852;-0.397376
864;0.24061;-9.350836;2.963365;0.02823;0.000332;-0.002017;-0.25604;0.610667;-0.396789
865;0.172348;-9.33104;2.952204;-0.003428;0.01606;0.017393;-0.254543;0.609553;-0.397843
866;0.1069;-9.524958;2.935024;0.012888;-0.003111;0.008504;-0.254281;0.61154;-0.397758
867;0.009078;-9.339935;2.954775;-0.004402;-0.003951;-0.019789;-0.254453;0.609424;-0.398612
868;0.138237;-9.340601;2.961635;-0.004766;-0.009912;-0.002103;-0.254611;0.610101;-0.399158
869;0.04086;-9.398383;2.956274;-0.021482;-0.009383;-0.012751;-0.254748;0.610774;-0.399314
870;0.106888;-9.490853;2.880633;-0.016486;-0.019958;-0.03572;-0.254344;0.612063;-0.396481
871;0.172612;-9.479167;2.945005;-0.027341;-0.018103;-0.029528;-0.256393;0.612672;-0.39609
872;0.187135;-9.384383;2.870215;-0.009601;-0.025995;-0.024211;-0.256755;0.612414;-0.395583
873;0.187101;-9.374707;2.889609;0.046388;-0.009834;-0.015281;-0.258285;0.611162;-0.3977
874;0.1334;-9.384377;3.00634;0.008018;-0.008358;-0.016222;-0.256792;0.610825;-0.396316
875;0.050532;-9.393727;3.03459;-0.044825;-0.009624;-0.048986;-0.258333;0.61035;-0.396124
876;-0.046516;-9.567799;2.884537;-0.102843;-0.031009;-0.085349;-0.259823;0.610796;-0.394921
877;0.411664;-9.50183;2.738723;-0.090045;-0.062272;-0.096747;-0.264064;0.611331;-0.391924
878;0.556954;-9.002431;2.810485;-0.000696;0.004963;0.013978;-0.264276;0.610931;-0.391017
879;0.452013;-8.965658;2.906069;0.045025;0.037032;0.042332;-0.263649;0.611843;-0.391399
880;0.206428;-9.389809;3.112691;0.030329;0.12723;0.015895;-0.259651;0.609849;-0.394107
881;0.25997;-9.331733;3.080703;-0.179638;0.084785;-0.009142;-0.256943;0.612384;-0.391707
882;0.258264;-9.593395;2.767335;-0.328221;0.124284;0.017242;-0.255176;0.617336;-0.387484
883;0.125152;-9.897838;2.315781;-0.255388;0.100178;0.041944;-0.251235;0.62245;-0.381208
884;0.222418;-9.681836;2.132541;-0.060277;0.088327;0.013048;-0.249886;0.62516;-0.377589
885;0.107819;-9.747206;2.327569;0.19464;0.111802;0.06369;-0.247281;0.624837;-0.382234
886;-0.110468;-9.164089;2.754274;0.171086;0.054418;0.031743;-0.244916;0.621457;-0.386543
887;0.094813;-9.524678;2.82235;0.145325;0.045683;-0.012443;-0.242926;0.619178;-0.393106
888;-0.01547;-9.203681;2.886007;0.107134;0.07778;-0.026551;-0.242226;0.615727;-0.397112
889;-0.090818;-9.354004;2.95595;-0.069109;0.004829;-0.082579;-0.243822;0.615797;-0.397976
890;0.157456;-9.209668;3.018336;-0.087528;-0.050533;-0.138273;-0.245243;0.617535;-0.392921
891;0.198111;-10.069202;2.830947;-0.0478;-0.007656;-0.110831;-0.249343;0.616755;-0.392209
892;-0.653746;-9.224307;2.6615;-0.115452;-0.120092;-0.159863;-0.253503;0.614766;-0.390169
893;0.553341;-8.307782;2.771443;-0.189323;-0.207168;-0.214468;-0.262622;0.616393;-0.383965
894;1.128872;-9.781801;2.480589;-0.157076;0.028744;-0.133559;-0.265777;0.615545;-0.379963
895;0.603382;-10.267127;2.402818;-0.175207;0.194726;-0.083088;-0.265459;0.61632;-0.378803
896;0.64573;-9.385754;2.38323;-0.197415;0.131938;-0.007192;-0.263981;0.619425;-0.375189
897;0.341927;-9.821196;2.303061;-0.003663;0.08114;0.036078;-0.261806;0.622517;-0.373092
898;-0.17695;-9.959485;2.331837;0.077491;-0.02708;0.003117;-0.260381;0.621153;-0.375567
899;0.241103;-9.40825;2.514428;0.013794;-0.184996;-0.061587;-0.262136;0.620944;-0.374488
900;0.777062;-9.250496;2.421993;-0.08717;-0.096865;-0.060477;-0.265721;0.620787;-0.371306
901;0.636232;-9.46804;2.262251;-0.095505;0.04363;-0.009032;-0.265282;0.621535;-0.367808
902;0.400172;-9.661133;2.264479;-0.022106;0.081493;0.021076;-0.265017;0.622056;-0.36768
903;0.304925;-9.612339;2.39668;0.035687;-0.00517;-0.008204;-0.264555;0.62338;-0.36873
904;0.40243;-9.642039;2.430464;0.057279;-0.067186;-0.055091;-0.264203;0.621775;-0.369441
905;0.499494;-9.428925;2.48447;-0.033548;-0.043562;-0.025072;-0.265581;0.621288;-0.368594
906;0.465246;-9.32177;2.418507;-0.056218;0.01301;-0.011733;-0.26682;0.622525;-0.36753
907;0.59249;-9.560181;2.302317;-0.059777;0.046622;-0.010772;-0.267895;0.621375;-0.36833
908;0.397719;-9.670906;2.301292;-0.027497;0.025905;-0.01614;-0.267343;0.621347;-0.367653
909;0.402724;-9.714523;2.238548;-0.014826;-0.006864;-0.021494;-0.264701;0.623365;-0.366535
910;0.504766;-9.537773;2.2468;-0.006826;-0.02591;-0.020596;-0.266694;0.623029;-0.365077
911;0.490031;-9.496502;2.29232;0.025931;-0.006281;-0.010804;-0.264879;0.62309;-0.364983
912;0.477974;-9.588799;2.330424;0.032895;-0.007816;-0.00198;-0.268016;0.622819;-0.365659
913;0.478007;-9.603352;2.320896;0.016698;-0.011406;0.005058;-0.267782;0.621616;-0.366129
914;0.480289;-9.515944;2.3243;-0.003006;-0.022395;0.008555;-0.267641;0.623074;-0.365906
915;0.451036;-9.52069;2.343502;-0.014395;-0.014571;-0.002049;-0.267162;0.622796;-0.366649
916;0.490003;-9.511192;2.353709;-0.009826;0.010737;-0.009046;-0.267354;0.622524;-0.365356
917;0.514444;-9.530664;2.312847;-0.04017;0.015048;-0.008183;-0.266862;0.622377;-0.365844
918;0.627688;-10.152812;2.249586;-0.002032;0.076797;0.047599;-0.266485;0.621698;-0.366063
919;0.486394;-10.17879;2.238114;0.097564;0.099885;0.061851;-0.263452;0.623724;-0.367386
920;0.274272;-8.837619;2.463429;0.048204;0.020697;0.107626;-0.260319;0.624553;-0.369317
921;0.675466;-9.372622;1.796569;-0.006083;0.085901;0.151921;-0.257547;0.624459;-0.370722
922;0.46663;-9.986689;2.161111;0.255719;0.117097;0.217521;-0.250856;0.624919;-0.376338
923;-0.079931;-9.80498;2.553146;0.400221;0.030067;0.175864;-0.244076;0.623809;-0.385272
924;-0.124354;-9.554885;2.68995;0.387138;-0.041522;0.120072;-0.241486;0.618852;-0.392761
925;-0.020667;-8.965458;2.781523;0.312564;-0.11091;0.100498;-0.241512;0.615735;-0.40083
926;0.028174;-9.233654;3.200194;0.341614;-0.097795;0.074046;-0.240082;0.612796;-0.40572
927;-0.073926;-9.315455;3.070467;0.223008;-0.020652;0.068735;-0.240506;0.606899;-0.413988
928;-0.037806;-9.197151;3.333053;0.127937;-0.089459;0.008447;-0.240955;0.604954;-0.417711
929;0.103862;-9.350749;3.274295;0.032146;-0.058066;0.024323;-0.241041;0.603085;-0.416884
930;-0.067007;-9.150584;3.18997;-0.064329;-0.039604;0.027756;-0.24155;0.604701;-0.416699
931;-0.061712;-9.356899;3.12028;-0.078597;-0.067804;0.03208;-0.241057;0.606394;-0.41465
932;-0.013268;-9.160334;3.068687;-0.105476;-0.08537;-0.005047;-0.244695;0.607955;-0.409967
933;0.01174;-9.519855;3.05576;-0.084826;-0.070751;-0.008554;-0.245743;0.609173;-0.407727
934;0.045944;-9.510086;2.938732;-0.059662;-0.065283;-0.016451;-0.245372;0.610203;-0.405536
935;0.191765;-9.324001;3.028182;-0.091091;-0.079957;-0.008512;-0.247122;0.610792;-0.40435
936;0.382201;-9.52167;3.027173;-0.025173;-0.046429;0.038474;-0.247703;0.612909;-0.400558
937;0.025881;-9.204067;2.977118;-0.032298;-0.041884;0.034876;-0.247261;0.613015;-0.399501
938;0.084955;-9.485866;2.870432;-0.015843;-0.027618;0.019017;-0.246236;0.612578;-0.399693
939;0.057722;-9.286763;2.959477;0.018356;-0.01869;0.001422;-0.246753;0.615261;-0.39967
940;0.007211;-9.626333;2.874143;0.064007;0.028135;0.037735;-0.245228;0.613875;-0.400196
941;-0.144674;-9.22262;2.969965;0.064288;-0.021317;0.022617;-0.245346;0.612304;-0.402487
942;0.06026;-9.354815;2.980263;0.051122;0.001865;0.012094;-0.245113;0.612033;-0.402985
943;-0.00065;-9.381286;3.014035;0.069463;0.015229;0.029786;-0.243567;0.611732;-0.405614
944;-0.088586;-9.305715;3.094529;0.068544;0.010506;-0.012635;-0.243074;0.611051;-0.406086
945;0.03792;-9.258089;3.25212;0.0394;0.006141;-0.028537;-0.243537;0.611083;-0.407537
946;-0.003464;-9.213894;3.111338;-0.038683;0.036997;-0.007372;-0.24292;0.609999;-0.40812
947;-0.010256;-9.468685;3.025192;-0.028217;0.021133;0.008479;-0.241269;0.610607;-0.408698
948;-0.178408;-9.480012;3.042403;-0.022389;-0.001138;-0.012803;-0.241916;0.609699;-0.408705
949;-0.088565;-9.315419;3.089807;-0.013426;-0.035708;-0.014591;-0.241033;0.610711;-0.406616
950;0.016513;-9.471345;3.074551;-0.002496;-0.010464;-0.025111;-0.241838;0.61128;-0.407193
951;-0.096091;-9.223218;3.151668;-0.014121;-0.014209;-0.026906;-0.242077;0.611019;-0.40681
952;0.0019;-9.456623;3.034948;-0.057522;0.001452;-0.039282;-0.242726;0.610089;-0.404356
953;-0.013007;-9.286527;3.02198;-0.05939;-0.014832;-0.035773;-0.245761;0.612059;-0.40302
954;0.055447;-9.374157;2.948737;-0.057982;-0.026135;-0.01547;-0.244651;0.612267;-0.401543
955;0.045901;-9.461424;2.891423;-0.016893;-0.001289;-0.018032;-0.245458;0.613903;-0.402152
956;-0.017438;-9.495178;2.930176;-0.040517;0.010857;0.001375;-0.245008;0.613075;-0.400938
957;0.001843;-9.36167;2.911027;0.016586;-0.010493;0.001415;-0.244933;0.613881;-0.401994
958;0.026132;-9.361975;3.004324;0.061491;0.000365;-0.014403;-0.244453;0.613204;-0.402725
959;-0.032466;-9.315599;3.036863;0.018469;0.011142;-0.006494;-0.243948;0.613186;-0.402957
960;0.016459;-9.369073;2.933385;-0.039203;0.008679;0.02259;-0.244237;0.611338;-0.403566
961;0.070328;-9.515058;2.934297;0.016261;0.001708;0.01734;-0.244064;0.612922;-0.402697
962;-0.056824;-9.315448;3.021819;0.048552;0.018981;0.005032;-0.243739;0.611589;-0.403936
963;-0.0126;-9.505036;2.991554;0.016286;-0.000134;0.015548;-0.241772;0.611532;-0.405902
964;-0.062002;-9.199077;3.137092;0.018503;-0.006209;-0.009176;-0.242201;0.611689;-0.406706
965;-0.076203;-9.397978;3.052306;-0.000666;0.002234;-0.028633;-0.242045;0.611545;-0.406176
966;-0.081224;-9.315391;3.055683;-0.036186;-0.021894;-0.035782;-0.243612;0.610543;-0.406489
967;-0.022638;-9.342288;2.998351;-0.067707;-0.036315;-0.019937;-0.244095;0.611863;-0.403315
968;0.075143;-9.476206;2.923913;-0.041887;0.005761;-0.01804;-0.244528;0.61253;-0.401674
969;-0.032432;-9.322838;3.012536;-0.014492;0.009003;-0.008303;-0.244717;0.612283;-0.402842
970;-0.017794;-9.34238;3.032661;-0.031312;-0.01764;-0.01279;-0.245013;0.612543;-0.401052
971;0.126438;-9.549343;2.935745;-0.045238;-0.007253;-0.026896;-0.245481;0.614017;-0.400084
972;-0.003106;-9.310616;2.895391;-0.033381;-0.009999;0.001362;-0.244511;0.613858;-0.401323
973;0.065454;-9.510157;2.924357;0.015064;0.008245;-0.01091;-0.246112;0.613131;-0.402293
974;-0.037319;-9.315528;3.012335;0.021067;-0.007794;-0.001231;-0.24422;0.614906;-0.400691
975;0.057911;-9.393613;2.956449;-0.017642;-0.004963;0.016413;-0.245352;0.614145;-0.400081
976;-0.071286;-9.380841;2.96894;0.014625;0.028758;0.00677;-0.243546;0.613301;-0.40268
977;-0.081085;-9.383344;3.032414;0.011502;-0.006342;-0.012739;-0.24532;0.613097;-0.401991
978;0.038282;-9.33286;2.986884;0.006165;-0.017338;-0.01273;-0.243674;0.612507;-0.402664
979;0.050394;-9.301393;3.008528;-0.015397;0.002622;-0.007409;-0.243547;0.612211;-0.400187
980;-0.037033;-9.461168;2.975748;-0.024576;0.002944;0.006673;-0.244593;0.613586;-0.400413
981;0.011612;-9.388492;2.940986;-0.015905;-0.009408;0.019043;-0.244389;0.614521;-0.401465
982;-0.002989;-9.383493;2.906443;0.002439;-0.017115;-0.003917;-0.243868;0.613568;-0.40141
983;0.03128;-9.485725;2.938086;0.052264;0.008891;0.001491;-0.243933;0.612384;-0.402674
984;-0.061644;-9.354309;3.037094;0.020942;-0.01036;0.004935;-0.244303;0.612927;-0.402321
985;-0.046941;-9.388336;3.013456;0.027552;-0.009832;-0.011836;-0.243784;0.612774;-0.402289
986;-0.035093;-9.228243;3.079319;0.016953;-0.013753;-0.018904;-0.244103;0.612398;-0.40346
987;-0.022546;-9.420098;3.048614;0.001028;0.016873;-0.025056;-0.24565;0.611525;-0.403387
988;-0.080955;-9.451317;3.018927;-0.025072;-0.022257;-0.053447;-0.246195;0.611418;-0.403931
989;-0.081496;-9.120959;2.978935;-0.089025;-0.052254;-0.06768;-0.247359;0.611972;-0.401419
990;0.269283;-9.059702;3.036984;-0.080476;-0.055523;-0.050796;-0.250258;0.612979;-0.397457
991;0.479713;-9.502594;2.954958;-0.045761;0.05135;-0.006362;-0.249209;0.614001;-0.397173
992;0.046071;-9.543935;2.861072;-0.020153;0.111304;0.045777;-0.24667;0.613911;-0.398071
993;0.089728;-9.43248;2.879357;-0.052825;0.064448;0.073927;-0.244805;0.615426;-0.396981
994;0.089867;-9.515062;2.885687;-0.015742;0.046902;0.051846;-0.242363;0.616266;-0.397265
995;-0.139305;-9.518973;2.994767;-0.044518;0.072213;0.017357;-0.238173;0.616517;-0.398734
996;-0.49565;-9.233118;3.035742;-0.13763;0.020659;-0.051814;-0.237661;0.618871;-0.396315
997;0.29471;-9.408542;2.525027;-0.193344;0.047516;-0.111675;-0.240364;0.621214;-0.393547
998;0.055676;-9.354145;2.647614;-0.009464;0.104536;-0.079614;-0.241062;0.621759;-0.392046
999;-0.251039;-9.556589;2.646488;0.034178;0.066106;-0.071797;-0.240058;0.62146;-0.392632
1000;0.138476;-9.283998;2.576734;0.042966;-0.036813;-0.145169;-0.241868;0.618733;-0.392648
1001;0.908058;-9.064786;2.743533;0.214941;0.078173;-0.10388;-0.245071;0.615438;-0.397125
1002;-0.440373;-10.370649;3.401171;0.429953;0.181083;-0.148082;-0.244131;0.60859;-0.409049
1003;-0.837444;-9.084021;3.431448;-0.016712;-0.139366;-0.196928;-0.246103;0.604859;-0.414743
1004;0.543915;-8.723903;3.230931;-0.252881;-0.196823;-0.248128;-0.254237;0.602595;-0.409539
1005;1.059097;-9.121753;2.922879;-0.318361;-0.049431;-0.148879;-0.261837;0.604677;-0.401454
1006;0.689763;-9.678159;2.775352;-0.341719;0.166658;-0.021437;-0.261496;0.608063;-0.3948
1007;0.343563;-9.515809;2.610776;-0.370824;0.115313;-0.034017;-0.261236;0.616213;-0.384664
1008;0.18361;-9.844568;2.244825;-0.246739;0.060971;-0.069385;-0.260798;0.619601;-0.378652
1009;0.140005;-9.951034;2.157985;-0.094119;-0.061238;-0.062416;-0.259774;0.621536;-0.376323
1010;0.434247;-9.61752;2.227556;-0.024387;-0.118059;-0.027014;-0.26223;0.620009;-0.373818
1011;0.650701;-9.434322;2.369479;-0.002813;-0.071762;0.001442;-0.263045;0.620823;-0.372072
1012;0.577585;-9.453465;2.41272;0.014764;-0.020428;0.010377;-0.267771;0.618865;-0.37097
1013;0.392248;-9.443042;2.529551;0.013895;0.02132;0.005112;-0.267589;0.620471;-0.372432
1014;0.363184;-9.537572;2.511193;-0.03997;-0.012463;-0.017998;-0.264934;0.621045;-0.373603
1015;0.485195;-9.584159;2.423375;-0.070561;-0.044367;-0.044565;-0.266629;0.621356;-0.371371
1016;0.504453;-9.428761;2.386728;-0.118472;0.001375;-0.018893;-0.267505;0.620827;-0.368293
1017;0.494891;-9.481932;2.279913;-0.100354;0.002158;-0.030359;-0.268583;0.622161;-0.364116
1018;0.563439;-9.637615;2.234755;-0.055637;0.006968;-0.033826;-0.268403;0.623742;-0.363116
1019;0.485509;-9.661476;2.219316;-0.048705;5.5e-05;-0.023257;-0.269524;0.624177;-0.362282
1020;0.45126;-9.598207;2.24215;-0.046978;-0.025296;-0.019778;-0.269446;0.625359;-0.360758
1021;0.490161;-9.527908;2.207281;-0.063286;-0.011523;-0.009153;-0.269092;0.624927;-0.358913
1022;0.573167;-9.598702;2.180427;-0.04352;0.010262;-0.016135;-0.270171;0.626043;-0.35978
1023;0.529313;-9.605765;2.179886;-0.01872;-0.006543;-0.006438;-0.270364;0.626172;-0.358499
1024;0.526891;-9.613034;2.17753;-0.016785;-0.01942;-0.012646;-0.270659;0.626299;-0.356705
1025;0.548818;-9.608283;2.175334;-0.014191;-0.013857;-0.009093;-0.269498;0.625721;-0.356756
1026;0.548721;-9.55974;2.18916;0.001031;-0.010183;-0.012596;-0.270648;0.627229;-0.356473
1027;0.509733;-9.557094;2.178742;-0.015049;0.00607;-0.012591;-0.270879;0.626567;-0.355947
1028;0.529284;-9.588765;2.179589;-0.018275;0.005623;-0.028491;-0.271227;0.62604;-0.355173
1029;0.529301;-9.583851;2.15016;-0.009785;-0.001028;-0.007298;-0.271238;0.628307;-0.35537
1030;0.568372;-9.622883;2.139205;-0.015766;0.004044;-0.019652;-0.271443;0.628038;-0.354337
1031;0.514767;-9.625025;2.131093;-0.031083;-0.006773;-0.011757;-0.271655;0.627771;-0.353434
1032;0.52928;-9.557079;2.120349;-0.040162;-0.021198;-0.003838;-0.272199;0.626998;-0.353958
1033;0.536648;-9.583808;2.1087;-0.016607;-0.006907;-0.021446;-0.271648;0.62777;-0.353304
