time index;acc_x;acc_y;acc_z;gyr_x;gyr_y;gyr_z;mag_x;mag_y;mag_z
1;1.302154;-9.117721;-3.161606;0.039853;0.026048;0.003761;-0.364367;0.899227;0.075313
2;1.361906;-9.073864;-3.131018;-0.002821;0.00849;0.007434;-0.365485;0.900445;0.074983
3;1.33973;-9.073389;-3.205808;-0.050652;0.028331;-0.007312;-0.365761;0.901247;0.074966
4;1.302595;-9.117012;-3.340699;-0.047141;0.012293;0.005521;-0.365546;0.900143;0.076363
5;1.362062;-9.176589;-3.385411;-0.01635;0.015735;0.011023;-0.364048;0.899534;0.078634
6;1.451775;-9.095956;-3.346893;-0.009081;0.021074;0.009198;-0.364353;0.899153;0.078073
7;1.392039;-9.132433;-3.369971;-0.007202;0.0263;5.1e-05;-0.365528;0.898337;0.079136
8;1.399559;-9.117675;-3.369818;0.016385;0.025999;-0.010858;-0.364613;0.899414;0.078337
9;1.362223;-9.124843;-3.355223;0.02356;0.020705;0.000115;-0.365805;0.899872;0.07663
10;1.376915;-9.140018;-3.29551;0.041614;0.016209;0.007457;-0.364972;0.899726;0.076803
11;1.362158;-9.10288;-3.287918;0.038069;0.020528;-0.007158;-0.36392;0.900801;0.076009
12;1.376909;-9.125317;-3.265564;0.037985;0.004403;-0.007088;-0.364691;0.900851;0.074461
13;1.376942;-9.117908;-3.265516;0.050633;0.002593;-0.001591;-0.365031;0.899557;0.073215
14;1.377056;-9.125081;-3.325262;0.023482;0.001824;-0.005274;-0.365589;0.899833;0.073053
15;1.376845;-9.147486;-3.280634;0.056151;0.013212;-0.008926;-0.364703;0.900259;0.071706
16;1.376605;-9.184649;-3.251027;0.057929;0.016954;0.003828;-0.365698;0.901684;0.06862
17;1.227432;-9.183626;-3.207377;0.059812;0.026704;-0.001697;-0.36491;0.901427;0.067964
18;1.249725;-9.117714;-3.057529;0.048892;0.016906;-0.006222;-0.366424;0.899118;0.065299
19;1.286935;-9.118102;-3.034862;0.005535;0.035067;-0.012739;-0.365677;0.899946;0.063944
20;1.331365;-9.170416;-3.012477;-0.017151;0.034471;-0.002732;-0.365471;0.900043;0.065193
21;1.443415;-9.163553;-3.101133;-0.047122;0.018588;4.1e-05;-0.364693;0.900123;0.066879
22;1.428907;-9.148083;-3.235468;-0.068783;0.019424;-0.013677;-0.365551;0.900613;0.068772
23;1.391862;-9.147429;-3.325295;-0.054303;0.015719;-0.012735;-0.365168;0.899625;0.070726
24;1.391786;-9.184327;-3.362848;-0.005447;0.013716;-0.001718;-0.36643;0.900116;0.072741
25;1.406744;-9.177009;-3.370149;0.021709;0.009013;-0.004395;-0.365436;0.899691;0.073336
26;1.347186;-9.16171;-3.370502;0.05616;0.019573;0.000161;-0.364635;0.900692;0.070464
27;1.369385;-9.132725;-3.250744;0.078798;0.019405;-0.003449;-0.365214;0.900047;0.069893
28;1.376344;-9.177712;-3.131584;0.065247;0.025755;-0.007141;-0.365195;0.899374;0.065209
29;1.346452;-9.16289;-3.072014;0.043463;0.016032;-0.008954;-0.365856;0.901364;0.06572
30;1.271966;-9.140151;-3.050043;-0.019915;0.02462;-0.001787;-0.364457;0.900672;0.066195
31;1.272216;-9.125037;-3.124568;-0.048931;0.015842;-0.00179;-0.36542;0.900083;0.068643
32;1.361755;-9.14766;-3.206124;-0.064375;0.007023;0.000969;-0.365939;0.899808;0.069176
33;1.4214;-9.192242;-3.295512;-0.028908;0.033645;-7e-06;-0.365254;0.900532;0.071681
34;1.481269;-9.162909;-3.339643;-0.016266;0.019105;-0.009042;-0.365113;0.898666;0.071701
35;1.466493;-9.125801;-3.324588;0.014462;0.011804;-0.002584;-0.365069;0.899442;0.072525
36;1.34707;-9.147186;-3.295783;0.019906;0.009891;-0.00714;-0.365939;0.899474;0.071662
37;1.361835;-9.162243;-3.265919;0.010854;0.017228;0.000113;-0.364306;0.900262;0.071446
38;1.346789;-9.177059;-3.236279;0.023565;0.017026;-0.00899;-0.364717;0.899468;0.071435
39;1.302084;-9.125189;-3.14673;0.018169;0.027855;-0.00722;-0.3651;0.89999;0.071968
40;1.361571;-9.147956;-3.131502;0.000835;0.012;0.003774;-0.365374;0.90006;0.069473
41;1.391421;-9.148137;-3.146202;-0.043449;0.022951;-0.005451;-0.36597;0.899756;0.071107
42;1.361844;-9.140162;-3.228462;-0.051627;0.023109;0.004564;-0.365322;0.899967;0.072924
43;1.362079;-9.132429;-3.310498;-0.03437;0.019186;-0.010901;-0.365049;0.900762;0.07293
44;1.377062;-9.139781;-3.355207;-0.032572;0.015581;-0.010883;-0.36508;0.900445;0.074862
45;1.399315;-9.147489;-3.325239;-0.00637;0.006483;-0.008069;-0.365299;0.899223;0.075828
46;1.384545;-9.125082;-3.34013;0.0163;0.01534;-0.003517;-0.364523;0.900235;0.077507
47;1.429114;-9.118328;-3.265123;0.022696;0.026034;-0.007196;-0.365836;0.90002;0.076076
48;1.272164;-9.375208;-3.566484;0.108701;0.009157;-0.008862;-0.365663;0.898472;0.074163
49;1.479372;-10.048617;-4.203607;0.248194;0.014612;0.013176;-0.365908;0.900259;0.067243
50;1.880657;-10.892286;-5.27319;-0.016231;-0.000642;0.022899;-0.366585;0.899531;0.064876
51;2.602307;-11.841705;-6.482821;0.871729;0.083021;0.052032;-0.370158;0.89492;0.049592
52;1.461122;-10.907107;-4.425741;1.341573;0.266341;0.044558;-0.374461;0.888685;0.005874
53;1.722738;-11.471688;-2.725974;1.664192;0.21329;0.101819;-0.379665;0.876914;-0.044461
54;0.930846;-11.085831;-1.266816;1.913004;0.164588;0.060387;-0.386351;0.860693;-0.106962
55;0.57184;-11.987019;0.620081;1.873784;0.156395;0.073119;-0.390209;0.838681;-0.163099
56;0.238871;-12.56619;1.598843;1.584322;0.031673;0.03493;-0.393946;0.812684;-0.21465
57;-0.055105;-13.466529;1.277332;1.786427;-0.135181;-0.201259;-0.405551;0.779075;-0.262324
58;-0.128541;-12.919863;1.84002;2.044959;-0.317215;-0.567629;-0.429166;0.729331;-0.314363
59;-0.058019;-12.120476;1.912916;1.719059;-0.37308;-0.913442;-0.45946;0.674508;-0.353253
60;0.403734;-10.619541;1.791853;1.002381;-0.279994;-1.185588;-0.495469;0.623106;-0.373637
61;1.169012;-9.418588;1.962179;1.012129;-0.275086;-1.378819;-0.531338;0.568105;-0.384057
62;1.637235;-7.978137;2.13181;0.882092;-0.276369;-1.49654;-0.568686;0.51091;-0.391486
63;2.287472;-6.122178;1.79061;0.354291;-0.188719;-1.670799;-0.606769;0.451813;-0.387343
64;2.902424;-5.297183;1.778251;0.178072;-0.117611;-1.687673;-0.636929;0.399037;-0.383618
65;3.833839;-3.851335;1.518604;0.084696;-0.034519;-1.566732;-0.659682;0.352306;-0.384743
66;4.747345;-2.719121;1.906021;0.162366;0.099616;-1.367341;-0.677487;0.306452;-0.385675
67;5.350936;-2.724161;1.95534;0.04475;0.205239;-1.03502;-0.688119;0.27148;-0.388054
68;5.823575;-3.411716;2.47683;0.312806;0.23739;-0.774839;-0.692259;0.240878;-0.391997
69;6.30684;-3.314547;3.152754;0.246919;0.276543;-0.575305;-0.693522;0.215969;-0.400832
70;6.518575;-3.860317;3.9493;0.240526;0.292487;-0.330946;-0.694184;0.199608;-0.410947
71;6.591126;-4.239229;4.059324;0.123102;0.267374;0.021938;-0.691438;0.192865;-0.41865
72;6.380856;-4.394558;4.41492;0.225375;0.247944;0.238284;-0.685516;0.193795;-0.42573
73;5.606543;-5.715681;4.669107;0.253978;0.245296;0.341277;-0.679972;0.203557;-0.434406
74;5.25961;-6.58744;4.720507;0.078584;0.247361;0.275304;-0.674427;0.211587;-0.438105
75;5.378093;-6.56021;5.087246;0.125553;0.20547;0.240003;-0.669855;0.21478;-0.444703
76;5.106869;-6.989346;5.477912;0.123574;0.159491;0.217368;-0.666399;0.218659;-0.451628
77;5.350032;-7.407718;5.850162;0.074669;0.118817;0.153657;-0.662312;0.222556;-0.454527
78;4.910014;-7.58852;5.621773;0.002973;0.032329;0.093685;-0.660072;0.225505;-0.456114
79;5.201051;-7.627051;5.407317;0.006285;0.026733;-0.063126;-0.660589;0.227622;-0.45546
80;5.524911;-6.844525;5.482024;0.069404;-0.032966;-0.080964;-0.661002;0.224568;-0.455593
81;5.653443;-6.783763;4.84908;-0.024745;-0.0396;-0.081065;-0.662109;0.220727;-0.455885
82;5.603452;-6.279665;4.889292;0.023809;-0.073444;-0.03889;-0.664367;0.218651;-0.452098
83;5.552996;-6.2912;4.164969;0.043726;-0.064342;-0.002446;-0.666393;0.218588;-0.449006
84;5.261765;-6.473645;4.049636;-0.100918;-0.042305;-0.031959;-0.668076;0.219354;-0.447148
85;5.448366;-6.430573;4.021482;0.024507;-0.009126;-0.105782;-0.668388;0.218977;-0.447848
86;5.777727;-6.085219;4.085926;0.033371;-0.000333;-0.052868;-0.670229;0.215232;-0.446515
87;5.889359;-6.130516;4.071552;-0.115142;0.044456;0.002378;-0.669094;0.216266;-0.445787
88;5.946324;-6.591311;4.307788;0.026012;0.045682;0.030833;-0.668327;0.218946;-0.446742
89;5.839857;-6.976368;4.46119;-0.004927;0.062785;0.089978;-0.668147;0.220853;-0.448404
90;5.824622;-6.939999;4.662799;0.072726;0.052037;0.12935;-0.666371;0.222435;-0.448482
91;5.495232;-7.138291;4.882887;0.04551;0.037744;0.121133;-0.664903;0.225965;-0.451621
92;5.212789;-7.061209;4.702146;0.081874;0.020605;0.071067;-0.664341;0.227283;-0.451332
93;5.185628;-6.541823;4.578455;-0.004924;0.020738;0.035391;-0.664255;0.226776;-0.452291
94;5.381272;-6.15055;4.54517;0.00499;0.019013;0.041827;-0.664036;0.227398;-0.450769
95;5.396823;-6.112856;4.351508;0.057525;0.027756;0.056451;-0.663057;0.230571;-0.450339
96;5.410824;-6.224764;4.515062;-0.042887;0.055417;0.058933;-0.661522;0.231142;-0.452351
97;5.439991;-6.262817;4.709061;-0.014087;0.041209;0.080927;-0.661148;0.235014;-0.452916
98;5.438715;-6.529666;4.737166;-0.068532;0.031934;0.097301;-0.659382;0.237931;-0.453142
99;5.301889;-6.966849;5.016861;-0.032518;0.005918;0.113857;-0.658223;0.242612;-0.454371
100;5.271325;-7.254683;4.790882;-0.079513;0.004146;0.095543;-0.657547;0.24733;-0.451896
101;5.233488;-7.372988;4.80475;-0.036003;-0.008146;0.070112;-0.657751;0.249559;-0.450541
102;5.262976;-7.550282;4.609796;-0.011468;-0.022228;0.037367;-0.658108;0.251797;-0.449468
103;5.315689;-7.527766;4.431242;-0.035615;-0.004816;-0.01381;-0.657381;0.254429;-0.44863
104;5.315365;-7.623908;4.385839;0.028818;0.008875;-0.028377;-0.658984;0.253493;-0.44786
105;5.420263;-7.469392;4.447339;0.013475;0.004244;-0.052073;-0.658225;0.25212;-0.446578
106;5.234984;-7.267607;4.387546;0.02975;-0.011299;-0.062941;-0.66048;0.249645;-0.447754
107;5.393527;-6.912548;4.219419;0.096789;-0.011823;-0.068297;-0.661399;0.24684;-0.447081
108;5.305123;-6.638011;4.302622;0.107694;0.007991;-0.055597;-0.663375;0.242165;-0.445747
109;5.365988;-6.290791;4.439667;-0.020624;0.01431;-0.126914;-0.663352;0.238296;-0.445442
110;5.426091;-6.290504;4.246099;-0.096619;0.043791;-0.103431;-0.663847;0.237943;-0.446976
111;5.695355;-6.041049;4.324389;0.046028;0.043351;0.002592;-0.66325;0.237515;-0.446122
112;5.650262;-6.026578;4.503242;0.083723;0.062424;0.110176;-0.661638;0.237382;-0.446745
113;5.31863;-6.794846;4.58528;-0.037693;0.054365;0.121846;-0.66127;0.241325;-0.449932
114;5.061893;-7.474864;4.683386;-0.031886;0.056712;0.033336;-0.659939;0.243725;-0.450586
115;5.419174;-7.419653;4.984956;0.107668;0.046301;-0.016543;-0.65886;0.242925;-0.450951
116;5.448542;-7.494162;5.029469;0.074882;0.014336;-0.011889;-0.659211;0.243366;-0.452347
117;5.387684;-7.775172;5.012255;0.056846;0.02698;-0.011983;-0.658166;0.240721;-0.45339
118;5.223034;-7.892634;5.069943;0.103956;-0.029033;-0.088303;-0.660333;0.235941;-0.453028
119;5.136861;-7.305584;4.819381;0.006332;-0.064501;-0.176743;-0.663807;0.231142;-0.451477
120;5.320748;-6.438379;4.378664;-0.091004;-0.03253;-0.250849;-0.66683;0.22632;-0.449218
121;5.474465;-5.593574;4.042048;-0.065981;-0.049789;-0.184132;-0.66951;0.22146;-0.445704
122;5.718822;-4.482759;3.707849;0.017043;-0.020205;-0.070096;-0.670313;0.218266;-0.445437
123;5.751127;-4.059731;3.472044;-0.11193;0.025735;0.090051;-0.670239;0.219293;-0.444062
124;5.722555;-3.7927;3.458639;-0.090566;0.087877;0.264919;-0.668165;0.227776;-0.443489
125;5.737261;-3.675454;3.758014;0.04265;0.112402;0.496653;-0.663138;0.23859;-0.446539
126;5.184839;-3.812199;3.85741;-0.119008;0.16605;0.687662;-0.656123;0.25926;-0.450546
127;4.605988;-3.421027;3.549601;-0.398036;0.210242;0.782797;-0.647241;0.285591;-0.452865
128;4.510626;-3.101504;3.513643;-0.202043;0.268316;1.226952;-0.62939;0.325172;-0.456299
129;3.614291;-3.266629;3.990836;-0.171342;0.174039;1.590287;-0.606854;0.367822;-0.461774
130;2.412662;-3.730412;3.792144;-0.842014;0.264275;1.860617;-0.579561;0.423944;-0.460122
131;1.21055;-6.281256;2.975412;-0.705932;0.178158;1.975862;-0.541076;0.492348;-0.454108
132;-0.001257;-7.264243;2.92998;-1.378137;0.317924;1.771731;-0.497821;0.561649;-0.443634
133;-0.623901;-10.146424;2.279663;-1.43909;0.34073;1.452185;-0.446029;0.639488;-0.41729
134;-0.969693;-10.73684;2.385139;-1.4103;0.26398;0.939967;-0.405483;0.700548;-0.391414
135;-0.380624;-10.535189;2.659568;-1.052281;0.203337;1.001891;-0.369263;0.752909;-0.367166
136;-0.946045;-10.455441;2.379685;-0.181161;-0.010986;0.99482;-0.327155;0.797705;-0.355869
137;-0.94393;-9.848891;2.637372;-0.757969;-0.040029;0.925786;-0.283042;0.839584;-0.350677
138;-4.227216;-32.728428;1.441318;-0.771078;-0.165444;-0.533045;-0.256336;0.882149;-0.310048
139;-1.361165;-15.427458;1.389001;-0.25111;0.084859;-2.020024;-0.312575;0.863296;-0.315482
140;8.841669;-9.26158;1.028871;-0.903409;0.099035;-0.214957;-0.33044;0.866941;-0.290846
141;0.757012;-13.417342;-1.551947;-1.072414;-0.041601;0.408217;-0.324829;0.882841;-0.260527
142;-1.304557;-10.85366;-1.103158;-0.247065;0.193513;-0.077867;-0.323652;0.888702;-0.241348
143;0.050542;-7.025207;0.476758;-0.004009;0.204932;-0.241446;-0.343426;0.869758;-0.24228
144;0.976714;-6.345398;0.943416;0.197188;0.04865;-0.045209;-0.348674;0.867569;-0.247993
145;1.269245;-9.531687;0.387612;0.261651;-0.012858;0.100974;-0.334296;0.875153;-0.253264
146;1.079957;-12.033135;0.011708;-0.020942;0.017388;-0.052864;-0.332118;0.879064;-0.255964
147;1.285632;-10.880163;0.334192;-0.074229;0.026312;-0.098509;-0.335777;0.878547;-0.255142
148;1.112208;-9.516552;0.62532;-0.03482;0.016436;-0.014476;-0.342139;0.870588;-0.253822
149;0.874972;-9.13747;0.805087;0.057207;-0.011384;0.033186;-0.342337;0.870887;-0.254936
150;0.963514;-9.35294;0.774507;0.004836;-0.004216;0.003901;-0.337891;0.87414;-0.253815
151;1.051654;-9.73823;0.593569;-0.132671;-0.010061;-0.034573;-0.33805;0.875613;-0.249142
152;1.065658;-10.019308;0.442597;-0.166969;0.009887;-0.031981;-0.339935;0.877209;-0.243436
153;1.021768;-9.899929;0.32364;-0.119972;0.002588;-0.013649;-0.340498;0.875891;-0.243725
154;0.993453;-9.632485;0.205764;-0.116251;0.020463;-0.013718;-0.341158;0.876616;-0.240722
155;0.978807;-9.639302;0.086209;-0.078087;0.034365;-0.024675;-0.340541;0.879633;-0.234374
156;1.022958;-9.765619;0.085722;-0.0581;0.048608;-0.021972;-0.341315;0.880548;-0.233446
157;1.127208;-9.722477;0.206193;0.001499;0.027787;-0.009931;-0.340886;0.879737;-0.233147
158;1.126878;-9.767138;0.258138;0.034988;0.02852;-0.005329;-0.341639;0.878581;-0.23441
159;1.082242;-9.74458;0.265409;0.017638;-5e-05;-0.005233;-0.341111;0.878453;-0.234802
160;1.067443;-9.736933;0.235496;-0.007619;0.013467;-0.012623;-0.340356;0.878677;-0.233532
161;1.037907;-9.69947;0.190741;0.036837;0.033849;-0.005357;-0.340641;0.880015;-0.233691
162;1.022936;-9.677387;0.257934;0.043015;0.010632;0.003872;-0.340701;0.87938;-0.234792
163;1.067326;-9.722409;0.310215;0.059399;0.028466;0.003822;-0.341602;0.876702;-0.238809
164;1.059629;-9.752164;0.354738;0.035818;0.015985;-0.004365;-0.342029;0.876714;-0.239102
165;1.037371;-9.692975;0.422117;0.006904;0.028712;-0.007194;-0.340386;0.8763;-0.239171
166;1.022594;-9.692649;0.36977;0.000505;0.021675;0.001033;-0.340121;0.877499;-0.239307
167;1.067307;-9.722439;0.317677;0.001412;0.007092;-0.017141;-0.34206;0.876729;-0.239656
168;1.067296;-9.737169;0.295194;-0.016602;0.031504;-0.009976;-0.341473;0.877237;-0.238946
169;1.082263;-9.751901;0.242974;-0.000428;0.009953;-0.003477;-0.342001;0.877764;-0.238557
170;1.052566;-9.722054;0.250405;0.020485;0.023189;-0.008068;-0.342079;0.878268;-0.237461
171;1.060177;-9.663017;0.295622;0.012328;0.032376;0.003741;-0.340348;0.876148;-0.238479
172;1.067441;-9.692802;0.317871;0.029511;0.023218;-0.002579;-0.341925;0.877926;-0.239659
173;1.096785;-9.796771;0.317417;0.028564;0.019724;0.003818;-0.341388;0.876862;-0.239905
174;1.059482;-9.752399;0.414436;0.004118;0.021679;0.001952;-0.339311;0.877231;-0.239549
175;1.230966;-9.812523;0.28102;-0.021483;-0.004627;0.03305;-0.341201;0.878565;-0.238945
176;1.305522;-9.989615;-0.05538;-0.118667;-0.039383;0.071363;-0.338898;0.879819;-0.23693
177;1.362692;-10.86199;-0.665084;-0.108211;-0.06346;0.169938;-0.336035;0.882256;-0.22966
178;1.243774;-12.189164;-0.21194;-0.221078;0.046483;0.222164;-0.332087;0.884822;-0.222622
179;0.412156;-12.866152;0.284802;-0.121699;0.083518;0.097106;-0.331798;0.883679;-0.214878
180;0.728515;-12.179265;0.202118;0.330036;0.074525;0.12426;-0.330958;0.877346;-0.21728
181;0.801611;-11.976215;1.166658;0.775993;0.031014;0.168868;-0.332493;0.864347;-0.238215
182;-0.488535;-15.051005;1.853281;1.115843;-0.132719;-0.091913;-0.337793;0.842107;-0.265578
183;-0.887009;-15.568267;2.302109;1.258075;-0.206281;-0.438914;-0.361676;0.803863;-0.304607
184;-0.677878;-15.657501;1.959838;1.372435;-0.37039;-0.940547;-0.39501;0.754466;-0.33621
185;-0.732144;-13.172284;1.318887;1.100362;-0.410626;-1.355641;-0.436165;0.701687;-0.357895
186;0.077441;-10.754014;0.863151;0.923736;-0.401328;-1.580124;-0.485848;0.638095;-0.370325
187;0.968438;-8.491791;0.354781;0.732271;-0.325105;-1.626164;-0.532571;0.578023;-0.376179
188;1.662152;-6.85885;0.109473;0.555279;-0.193361;-1.597673;-0.578125;0.512848;-0.375878
189;2.657074;-5.691432;0.796236;0.538204;-0.083445;-1.528705;-0.611646;0.455088;-0.378597
190;3.353551;-4.867836;0.97105;0.560056;0.001695;-1.466927;-0.634399;0.408558;-0.382206
191;4.027306;-3.809267;1.729295;0.453765;0.0855;-1.310451;-0.653986;0.357802;-0.388279
192;4.593929;-3.578153;2.093296;0.36846;0.181483;-1.159518;-0.66715;0.314973;-0.394564
193;5.102934;-4.392496;2.748562;0.657789;0.237511;-0.986046;-0.676861;0.272765;-0.405406
194;5.67536;-4.009627;4.068797;0.678759;0.256169;-0.814542;-0.682212;0.23565;-0.419144
195;5.811909;-4.975114;4.354592;0.37027;0.248456;-0.679966;-0.682707;0.20464;-0.424179
196;5.95966;-3.436442;4.69407;0.182818;0.171544;-0.572204;-0.683703;0.18299;-0.430544
197;6.290589;-2.941458;4.393835;0.270066;0.161431;-0.196263;-0.685379;0.16826;-0.436573
198;5.602738;-3.432231;4.355577;0.195142;0.151374;-0.026777;-0.681991;0.163525;-0.439988
199;5.488622;-3.994075;4.261508;0.088238;0.180553;0.029463;-0.679661;0.161244;-0.44512
200;5.598631;-4.18909;4.6342;0.058869;0.181115;0.118809;-0.67593;0.161062;-0.449659
201;5.730111;-4.532824;5.095638;-0.05736;0.179286;0.182511;-0.673418;0.166072;-0.453733
202;5.918381;-5.440609;5.673239;0.002784;0.140516;0.255723;-0.669737;0.17396;-0.456401
203;5.660962;-6.401231;5.530714;0.146995;0.078036;0.365566;-0.665578;0.183874;-0.460307
204;5.31421;-7.103523;5.822018;-0.018691;0.037088;0.300716;-0.664104;0.191392;-0.463199
205;5.305082;-7.628394;5.53496;-0.076247;-0.011182;0.146694;-0.661734;0.197467;-0.462321
206;5.306398;-7.449747;5.327181;0.028775;-0.051907;0.106886;-0.662158;0.202465;-0.459892
207;5.614382;-7.080568;5.033416;0.039497;-0.091539;0.096162;-0.661918;0.204008;-0.457962
208;5.377459;-6.987847;4.554621;0.002772;-0.063426;0.044888;-0.664142;0.207169;-0.455867
209;5.557186;-7.002631;4.182762;-0.06843;-0.055785;-0.023633;-0.664435;0.208178;-0.453679
210;5.633925;-6.602486;4.021771;-0.01549;-0.021984;-0.084793;-0.666236;0.20694;-0.451536
211;5.665589;-6.14371;4.114545;0.047816;0.006993;-0.031004;-0.666912;0.20508;-0.451411
212;5.808328;-5.878238;4.147204;-0.037263;0.037508;-0.008428;-0.666379;0.205614;-0.45167
213;5.86094;-5.716129;4.268057;0.012861;0.045488;0.148481;-0.666582;0.208043;-0.452799
214;5.723837;-6.352356;4.29273;-0.101177;0.080708;0.180972;-0.665359;0.214553;-0.452798
215;5.452194;-6.870432;4.690277;-0.030757;0.064467;0.210288;-0.662478;0.221308;-0.452593
216;5.22684;-7.283369;4.641108;0.056302;0.059808;0.180294;-0.65934;0.22614;-0.455261
217;5.269681;-7.522121;4.968231;0.01406;0.073578;0.106312;-0.658584;0.230023;-0.456363
218;5.134305;-7.831932;4.890564;-0.023635;0.050842;-0.00493;-0.656996;0.233892;-0.457293
219;5.419561;-7.382253;4.895652;0.076993;0.043409;-0.047581;-0.655916;0.232826;-0.457656
220;5.286211;-7.372523;4.581278;0.097959;0.034633;-0.083103;-0.656114;0.229267;-0.458879
221;5.324412;-7.165366;4.582915;0.144344;0.050041;-0.115927;-0.656702;0.222509;-0.459819
222;5.498356;-6.647808;4.512974;0.077389;0.044849;-0.141499;-0.658318;0.217656;-0.461917
223;5.636024;-5.878274;4.504098;0.198278;0.030942;-0.04639;-0.659674;0.209017;-0.461909
224;5.637057;-5.641239;4.520572;0.091363;0.066493;0.010774;-0.657762;0.208537;-0.464587
225;5.43318;-6.055772;4.829756;-0.08422;0.101049;0.023128;-0.656603;0.209893;-0.46593
226;5.447518;-6.100938;4.978822;-0.020051;0.070935;0.013317;-0.656199;0.210891;-0.468542
227;5.619801;-5.850849;5.093692;0.015112;0.084868;0.064404;-0.654943;0.213329;-0.470578
228;5.364672;-6.145795;5.246552;-0.09019;0.083679;0.127162;-0.652769;0.218372;-0.470804
229;5.107603;-6.701303;5.711129;0.019868;0.056915;0.194883;-0.65073;0.22295;-0.473514
230;4.749638;-6.831166;5.550857;-0.001035;-0.003766;0.144912;-0.648964;0.225467;-0.473737
231;4.705942;-6.814453;5.162583;-0.143007;-0.041694;0.053669;-0.647938;0.230811;-0.469873
232;5.153631;-6.831959;4.934526;-0.065256;-0.062677;0.063024;-0.649766;0.234774;-0.468044
233;5.243624;-6.883274;4.613986;-0.018066;-0.058722;0.052126;-0.650247;0.237937;-0.466707
234;5.466702;-7.047723;4.525059;0.065315;-0.045806;0.054023;-0.650633;0.239192;-0.463697
235;5.452;-7.091409;4.360487;-0.03048;-0.016609;0.045552;-0.650885;0.238784;-0.46329
236;5.363235;-7.030766;4.196033;0.004155;0.015229;0.03542;-0.652089;0.241042;-0.462666
237;5.392993;-7.075225;4.13627;0.036761;0.015913;0.037285;-0.650442;0.242355;-0.462609
238;5.259003;-6.992968;4.217876;0.010807;0.051492;0.002433;-0.65093;0.241998;-0.464006
239;5.108663;-7.133574;4.47701;0.019345;0.105683;-0.032457;-0.648504;0.240533;-0.464863
240;5.243713;-6.713955;4.891202;0.125866;0.068636;-0.009315;-0.647671;0.24072;-0.467176
241;5.185219;-6.490992;4.839971;0.029802;0.062244;0.000613;-0.647507;0.239575;-0.46923
242;5.258996;-6.529583;5.07908;0.087507;0.054457;0.04816;-0.644931;0.239365;-0.472298
243;5.006288;-6.364598;5.093161;0.172496;0.046993;0.075649;-0.645065;0.238635;-0.474781
244;5.035511;-6.483474;5.114997;-0.048219;0.076868;0.047859;-0.644334;0.239736;-0.476415
245;4.8547;-6.794075;5.328019;-0.042855;0.036921;0.011536;-0.643711;0.24129;-0.475021
246;5.050582;-6.483329;5.04795;0.040269;0.020622;0.044574;-0.64291;0.241958;-0.475408
247;5.020011;-6.59464;5.151469;-0.061135;0.041293;0.062582;-0.640959;0.243652;-0.47479
248;4.929254;-7.007948;4.924218;-0.064894;0.019948;0.080881;-0.640915;0.24762;-0.473852
249;5.034909;-6.697751;4.964349;-0.003328;0.010441;0.068259;-0.641158;0.250866;-0.475679
250;5.146724;-6.698622;4.957728;-0.016147;0.010103;0.102909;-0.640217;0.253926;-0.475939
251;5.004103;-6.816795;5.149904;-0.016072;0.01984;0.092823;-0.639673;0.256249;-0.473451
252;4.974698;-6.904167;4.820762;-0.036213;-0.008407;0.122998;-0.638067;0.258913;-0.474096
253;5.066377;-6.496732;4.659931;-0.114149;-0.01131;0.133866;-0.636607;0.265106;-0.472289
254;4.860384;-6.108238;4.272845;-0.036419;0.006901;0.208659;-0.636071;0.271624;-0.472315
255;4.821626;-4.980264;3.921685;-0.045768;0.034377;0.323462;-0.632019;0.280059;-0.470697
256;4.566067;-4.013433;3.537983;-0.237677;0.116564;0.416777;-0.629176;0.293482;-0.470956
257;4.488976;-2.960431;3.484546;-0.489991;0.16025;0.610523;-0.620172;0.315628;-0.47117
258;3.93694;-3.383418;2.895533;-0.795385;0.205057;0.746629;-0.607499;0.350055;-0.469119
259;3.803534;-3.006004;3.285026;-1.010809;0.285699;1.04148;-0.590642;0.394647;-0.460491
260;2.955201;-4.156528;3.644237;-0.779659;0.241911;1.401194;-0.567033;0.443679;-0.456176
261;1.493107;-6.122779;3.545737;-0.837464;0.197389;1.568902;-0.536688;0.503009;-0.446285
262;0.872836;-7.993443;3.797519;-0.316405;0.109942;1.616385;-0.499818;0.55592;-0.442706
263;-0.288791;-9.369891;3.839458;-0.573267;0.134269;1.582028;-0.453396;0.610821;-0.437517
264;-0.29483;-11.056649;3.186666;-1.151413;0.19931;1.323709;-0.41184;0.669588;-0.420826
265;-0.721278;-11.614849;2.806676;-1.273288;0.176753;0.982488;-0.37561;0.721214;-0.398917
266;-0.463845;-11.213223;1.908275;-1.17871;0.157597;0.878748;-0.338954;0.771561;-0.369257
267;-0.349535;-9.226776;1.511622;-0.361727;-0.029665;0.838781;-0.30421;0.808695;-0.352405
268;-0.362433;-6.894413;1.959518;-0.135541;-0.116095;0.987288;-0.259304;0.847054;-0.345362
269;-3.106124;-25.12282;2.073895;-0.998701;-0.126071;-0.017883;-0.225873;0.888492;-0.319767
270;-3.8532;-15.823647;1.703339;-0.584229;0.084591;-2.038969;-0.259526;0.886257;-0.318069
271;4.879463;-9.774051;1.876068;-1.323675;0.296739;-0.622601;-0.294689;0.89154;-0.278553
272;1.473486;-15.953835;-0.533181;-0.812226;-0.032767;0.093914;-0.293243;0.902121;-0.251811
273;-0.101295;-11.708566;-0.965267;-0.882683;0.133931;-0.200589;-0.316777;0.897662;-0.220721
274;0.396086;-6.699987;-0.018496;-0.74341;0.100449;-0.262037;-0.327819;0.896799;-0.194398
275;0.36;-6.462415;-0.062;-0.490904;0.011082;-0.10262;-0.317937;0.904938;-0.179024
276;0.426565;-8.807508;-1.143886;-0.297024;-0.012138;-0.104175;-0.3191;0.906906;-0.167636
277;1.112032;-10.75256;-1.591625;-0.150709;-0.025581;-0.233425;-0.322682;0.90821;-0.16034
278;1.932001;-10.876649;-1.854865;-0.15696;0.018052;-0.199807;-0.339086;0.901562;-0.154468
279;1.72454;-10.416955;-1.510173;0.062225;-0.001612;-0.009728;-0.343136;0.901704;-0.153253
280;1.017888;-9.872063;-1.086624;0.330881;0.005572;0.071733;-0.333628;0.904116;-0.15744
281;0.819009;-9.182597;-0.777686;0.475882;0.027803;0.062725;-0.333629;0.900797;-0.17259
282;0.981985;-9.266422;-0.523269;0.59211;0.070592;0.029888;-0.331855;0.897265;-0.190425
283;1.112903;-9.750813;-0.0926;0.555938;0.084313;0.022492;-0.335204;0.88962;-0.211747
284;1.065775;-10.033832;0.367878;0.416488;0.088829;0.012248;-0.334333;0.886335;-0.228518
285;0.886694;-9.900324;0.695739;0.407335;0.082764;0.020465;-0.331419;0.883966;-0.240522
286;0.813556;-9.485577;0.891907;0.345507;0.05024;0.033299;-0.329046;0.881067;-0.252407
287;0.828301;-9.493312;0.944207;0.240459;0.050963;0.031331;-0.32821;0.878396;-0.262285
288;0.88709;-9.679023;0.943445;0.14909;0.055854;0.012945;-0.330415;0.874568;-0.267588
289;0.946135;-9.739278;1.070364;-0.007744;0.013745;-0.004408;-0.329466;0.874764;-0.27031
290;0.938983;-9.753446;0.920967;-0.094714;0.011751;0.005509;-0.328151;0.876972;-0.268756
291;0.962511;-9.656126;0.623277;-0.118997;0.020517;-0.018276;-0.328266;0.876896;-0.265863
292;0.992641;-9.707345;0.399297;-0.089211;0.009738;4.7e-05;-0.328645;0.87768;-0.260229
293;0.962529;-9.817918;0.316262;-0.023014;0.025402;0.001885;-0.330444;0.878835;-0.257964
294;0.977467;-9.766499;0.398797;0.035006;0.028423;-0.012635;-0.330484;0.879653;-0.258662
295;0.962316;-9.752062;0.525639;0.062039;0.021372;0.009322;-0.328366;0.879004;-0.260089
296;0.932361;-9.722628;0.637541;0.049382;0.026836;0.007458;-0.32867;0.879356;-0.263139
297;0.902517;-9.693016;0.70467;0.014087;0.023343;-0.005343;-0.327285;0.878005;-0.262935
298;0.902536;-9.692986;0.697208;-0.027586;0.027333;0.003702;-0.329761;0.878565;-0.263039
299;0.947557;-9.670794;0.615606;-0.027623;0.012891;-0.003529;-0.329072;0.877159;-0.260518
300;0.917639;-9.722212;0.562807;-0.03487;0.009311;-0.005353;-0.329581;0.879539;-0.259728
301;0.984867;-9.729867;0.488642;-0.013997;0.020886;0.000102;-0.328559;0.879631;-0.258584
302;0.977417;-9.737157;0.473613;-0.009434;0.01618;-0.014464;-0.32911;0.880303;-0.258611
303;0.977514;-9.707579;0.488731;-0.007662;0.027231;0.009203;-0.32839;0.879082;-0.258021
304;0.947662;-9.700047;0.518404;0.017688;0.020688;0.001968;-0.329361;0.879762;-0.258203
305;0.902703;-9.736852;0.547673;0.021338;0.020564;-0.005327;-0.329551;0.879391;-0.259174
306;0.947555;-9.707575;0.548204;0.009546;0.027095;0.007402;-0.330205;0.878518;-0.261125
307;0.947293;-9.737418;0.600246;0.034862;0.008818;-0.007076;-0.328131;0.880218;-0.260778
308;0.947381;-9.72992;0.577907;0.014986;0.023385;0.00013;-0.328984;0.879178;-0.261357
309;0.977175;-9.73019;0.585594;0.015789;0.006406;0.003855;-0.328572;0.879306;-0.261341
310;0.947408;-9.707811;0.607901;0.011306;0.019951;0.009261;-0.328602;0.879321;-0.261894
311;0.932538;-9.707632;0.592865;-0.000354;0.030593;-0.005395;-0.3286;0.878389;-0.261887
312;0.932465;-9.70775;0.622714;-0.005863;0.016298;-0.00534;-0.328274;0.879159;-0.260914
313;0.947378;-9.72257;0.59288;-0.014918;0.014541;-0.007168;-0.329091;0.879031;-0.260808
314;0.940092;-9.685465;0.593066;-0.024118;-0.004054;0.005667;-0.329145;0.87959;-0.26178
315;0.947284;-9.759499;0.562789;-0.04394;0.003955;-0.008988;-0.327879;0.879761;-0.258696
316;0.940035;-9.722333;0.548051;-0.051186;0.007657;-0.003542;-0.329058;0.880809;-0.257647
317;0.962608;-9.707459;0.488619;-0.025812;0.00561;-0.00897;-0.330009;0.882543;-0.257422
318;0.962615;-9.722159;0.458673;-0.031162;0.026335;-0.002683;-0.329566;0.881658;-0.254363
319;0.917866;-9.736558;0.443315;-0.017655;0.016472;0.00558;-0.328841;0.88203;-0.253647
320;0.93265;-9.751585;0.465717;-0.014961;0.01106;0.003785;-0.329805;0.882707;-0.253691
321;0.962548;-9.736978;0.458576;0.008453;-0.005066;0.016657;-0.328929;0.883337;-0.252694
322;0.910443;-9.721739;0.45828;0.00317;0.020892;0.011974;-0.328651;0.882269;-0.252675
323;0.932862;-9.6924;0.488491;-0.031184;0.024579;5.9e-05;-0.328961;0.884151;-0.253253
324;0.940108;-9.722216;0.518202;-0.03315;0.011436;0.022001;-0.328267;0.884206;-0.250605
325;0.85787;-9.810229;0.457306;-0.033177;0.004239;0.022931;-0.327673;0.884576;-0.249756
326;0.828577;-9.779732;0.300569;-0.000661;-0.004796;0.038512;-0.327368;0.884225;-0.246707
327;0.782098;-10.642794;-0.578511;0.268339;-0.085633;0.192386;-0.323113;0.885247;-0.251647
328;2.78253;-13.193717;-0.385904;-0.613043;0.099064;0.241582;-0.316908;0.886963;-0.248513
329;-0.672747;-15.538925;0.080093;-0.480133;0.029854;0.013659;-0.317602;0.890888;-0.220981
330;0.625978;-11.660637;0.421126;0.502003;0.16078;0.020169;-0.322067;0.879466;-0.225215
331;0.253175;-11.290097;1.159499;0.832382;-0.079659;-0.034896;-0.331219;0.860461;-0.247653
332;-0.33805;-13.743318;0.646535;1.185286;-0.059778;-0.362053;-0.346664;0.832004;-0.277586
333;-0.029553;-14.209165;1.645823;1.610461;-0.139092;-0.608239;-0.375406;0.784461;-0.320467
334;0.13928;-13.422986;1.114914;1.594194;-0.266017;-1.005313;-0.409961;0.729753;-0.362012
335;0.488106;-11.694949;1.875049;1.366951;-0.225902;-1.242803;-0.447117;0.673534;-0.39096
336;1.024676;-10.054401;1.89725;0.924495;-0.207702;-1.338225;-0.486121;0.614502;-0.40865
337;1.287529;-9.464859;2.17919;0.887635;-0.182869;-1.391225;-0.525521;0.556727;-0.418502
338;1.492539;-8.548331;2.335956;0.907524;-0.223043;-1.447515;-0.565801;0.491671;-0.424612
339;2.165155;-6.332098;2.65397;0.925475;-0.208124;-1.418225;-0.596232;0.432516;-0.431059
340;2.98919;-3.877906;2.452303;0.583025;-0.139652;-1.316689;-0.616699;0.382128;-0.435651
341;3.678213;-3.296982;2.177731;0.377876;-0.067238;-1.102884;-0.63756;0.339581;-0.434662
342;4.127115;-2.907986;2.206052;0.482466;-0.015365;-0.925069;-0.64989;0.301525;-0.435569
343;5.173049;-1.897318;3.078747;0.509076;0.033645;-0.762753;-0.65853;0.264771;-0.441717
344;5.558908;-2.160618;3.296374;0.169108;0.144827;-0.535663;-0.663653;0.239776;-0.445878
345;6.042905;-3.501276;4.059965;0.197917;0.170101;-0.245696;-0.663284;0.225895;-0.449624
346;5.77603;-4.707788;4.281433;0.457756;0.162421;0.000868;-0.661824;0.216463;-0.455842
347;5.696682;-5.398987;4.970351;0.403033;0.182248;0.110133;-0.659529;0.209478;-0.464251
348;4.948224;-5.993835;5.139907;-0.114936;0.165627;0.082962;-0.654255;0.215914;-0.467949
349;5.1706;-6.394789;4.900186;-0.036996;0.178639;0.093047;-0.651945;0.222353;-0.470662
350;4.871213;-6.526815;5.165707;0.086673;0.141669;0.144419;-0.650658;0.221385;-0.474741
351;4.840871;-6.696602;5.06736;0.057059;0.155571;0.096884;-0.644297;0.223293;-0.478776
352;4.986891;-7.004266;5.745556;0.040638;0.125027;0.067831;-0.641369;0.226833;-0.482822
353;5.121933;-6.606727;6.122292;0.213896;0.0529;0.118572;-0.642146;0.226953;-0.486993
354;4.933239;-7.226889;5.937727;-0.030563;0.039887;0.098188;-0.639705;0.227939;-0.484971
355;4.864127;-7.442927;6.368624;-0.120704;-0.006519;-0.081399;-0.639202;0.228888;-0.485785
356;4.716023;-7.771185;5.365388;-0.212372;0.004682;-0.213861;-0.640237;0.226606;-0.484706
357;5.271152;-6.872474;5.569468;0.20552;-0.067692;-0.195563;-0.643763;0.220968;-0.481634
358;5.259617;-6.359408;5.139891;0.091215;-0.055249;-0.119161;-0.646656;0.215882;-0.479506
359;5.12765;-5.994391;4.917388;-0.017325;-0.045813;-0.135772;-0.647711;0.212546;-0.478834
360;5.131803;-5.502256;4.129593;-0.031925;-0.036127;-0.073823;-0.650948;0.208296;-0.477968
361;5.435263;-4.62078;3.5854;-0.031659;0.029593;-0.049437;-0.650861;0.206656;-0.476435
362;5.718137;-4.513281;3.931521;-0.174937;0.12874;0.113227;-0.649888;0.212093;-0.476022
363;5.503431;-5.551041;4.467908;0.096941;0.129148;0.29048;-0.647598;0.220404;-0.479025
364;5.152275;-6.841493;5.471756;0.068828;0.13846;0.293999;-0.642598;0.226577;-0.482732
365;4.681065;-8.588317;5.956811;-0.051113;0.113871;0.133341;-0.637922;0.233841;-0.487287
366;4.99348;-8.532982;6.317741;-0.064656;0.02266;-0.010337;-0.635941;0.236185;-0.486121
367;5.161423;-7.851211;5.957785;0.086976;-0.048662;0.033981;-0.637112;0.233839;-0.48753
368;4.951048;-8.506882;5.429549;0.031087;-0.049958;-0.011744;-0.638628;0.234854;-0.485116
369;4.8434;-7.962365;4.738259;0.216983;-0.097593;-0.117086;-0.641318;0.231796;-0.484236
370;4.90934;-6.72433;4.44831;0.012199;-0.037732;-0.243438;-0.644516;0.22327;-0.482785
371;5.21096;-6.081187;4.215979;-0.140281;0.03895;-0.291354;-0.646948;0.216691;-0.4798
372;5.535188;-5.055338;4.590773;0.202349;0.031171;-0.168573;-0.648115;0.209422;-0.481311
373;5.4911;-4.781812;4.83848;0.078761;0.069867;-0.01842;-0.64862;0.203089;-0.483216
374;5.087506;-4.890711;5.088437;-0.071967;0.081292;0.095286;-0.646269;0.20472;-0.485341
375;5.114609;-5.241013;5.549041;-0.009028;0.054061;0.164803;-0.643804;0.209086;-0.485273
376;5.12946;-5.0794;5.871093;0.086408;0.008719;0.239014;-0.642774;0.213365;-0.486367
377;4.894136;-6.187737;5.5636;-0.118258;0.027544;0.281451;-0.639404;0.223734;-0.487135
378;4.718974;-7.060316;5.474509;-0.062108;0.000748;0.256971;-0.63897;0.234359;-0.486367
379;4.829736;-7.415943;5.241698;0.005792;-0.046993;0.208928;-0.637405;0.241631;-0.485116
380;4.953994;-7.906353;5.336464;-0.02367;-0.040889;0.106718;-0.637232;0.2464;-0.484316
381;5.043979;-7.979749;4.978468;0.020046;-0.029191;0.069333;-0.637025;0.24889;-0.482947
382;4.999832;-7.779872;5.113759;0.006533;-0.041221;0.030157;-0.635606;0.249784;-0.482069
383;4.803959;-8.436313;4.749803;-0.197373;-0.010367;-0.108925;-0.63824;0.252151;-0.479985
384;5.022421;-7.96357;4.679909;-0.056694;-0.014202;-0.196233;-0.641426;0.248406;-0.478154
385;5.04855;-7.192722;4.56572;0.066668;0.015235;-0.210758;-0.642169;0.245582;-0.476784
386;5.110437;-6.667327;4.614381;0.012406;0.031747;-0.214527;-0.644009;0.237846;-0.47556
387;5.142967;-6.170384;4.423834;-0.029472;0.018203;-0.173472;-0.646253;0.233504;-0.476584
388;5.383448;-5.595392;4.683123;0.091737;0.0506;-0.108646;-0.646344;0.226899;-0.478471
389;5.162555;-5.059657;4.565531;-0.040581;0.07006;-0.056023;-0.64488;0.224779;-0.479362
390;5.121575;-4.303027;4.435815;-0.265471;0.089028;0.043924;-0.645124;0.227958;-0.478705
391;5.052625;-3.146003;4.293566;-0.36006;0.101951;0.162324;-0.643441;0.236967;-0.477738
392;5.103673;-1.856337;4.09339;-0.489494;0.131158;0.411947;-0.637934;0.254725;-0.476819
393;4.79239;-1.571499;3.898856;-0.339619;0.167459;0.817803;-0.630053;0.283943;-0.477267
394;4.134792;-1.899982;3.981283;-0.018094;0.227588;1.361452;-0.613079;0.319836;-0.481813
395;2.877584;-2.714529;4.526141;-0.74329;0.178367;1.479096;-0.593331;0.364662;-0.483002
396;1.790794;-5.728685;4.460985;-0.989665;0.167539;1.51052;-0.567193;0.427006;-0.474682
397;1.093087;-6.841122;4.254434;-0.861568;0.061678;1.523808;-0.537112;0.488795;-0.467028
398;0.743666;-6.984004;3.624003;-1.427793;0.126317;1.45248;-0.500192;0.556838;-0.447004
399;0.170723;-9.012659;2.516937;-1.210927;0.035459;1.513208;-0.46175;0.623728;-0.424291
400;-0.262657;-9.584673;1.898004;-1.369294;0.067867;1.319435;-0.424045;0.684731;-0.400184
401;-0.322235;-9.687095;1.687936;-1.264573;0.072525;1.185482;-0.380986;0.745278;-0.371031
402;-0.741092;-10.186288;1.360625;-1.27609;0.046256;1.103434;-0.333496;0.804761;-0.338656
403;-0.965735;-12.154772;1.189407;-1.499699;-0.136446;0.866709;-0.279883;0.86487;-0.302178
404;-5.585511;-37.863941;-1.251575;-0.283593;-0.124573;-1.113858;-0.262981;0.906103;-0.262762
405;5.188607;-13.075406;0.409214;-1.042322;0.181924;-0.864424;-0.297843;0.897417;-0.258307
406;4.133448;-11.784587;-1.575424;-1.50268;-0.000253;-0.027179;-0.309831;0.905794;-0.21388
407;-1.181472;-10.392417;-1.815627;-1.120606;0.045685;-0.118541;-0.312457;0.914657;-0.166322
408;-0.837195;-6.080547;-0.508884;-0.634313;0.114581;-0.327726;-0.343597;0.895214;-0.149361
409;0.311638;-5.860079;-0.506201;-0.251349;0.060709;-0.149014;-0.351185;0.893644;-0.137654
410;0.999607;-9.254824;-1.612588;0.005554;0.04843;-0.040153;-0.334943;0.908547;-0.128695
411;1.487936;-11.865702;-1.924365;0.007693;0.022935;-0.135842;-0.334976;0.909362;-0.129254
412;2.166426;-11.708931;-1.724174;0.201092;-0.024444;-0.107937;-0.337279;0.908374;-0.131271
413;1.768873;-10.417935;-1.35313;0.355927;-0.038989;0.097544;-0.345687;0.897512;-0.149876
414;0.924635;-9.09311;-1.134504;0.535264;-0.011358;0.121346;-0.343834;0.895537;-0.166202
415;0.881258;-8.52422;-0.631144;0.565755;0.068321;0.049937;-0.33543;0.8973;-0.175533
416;1.041202;-9.09838;-0.044126;0.58119;0.092643;0.055337;-0.333573;0.894459;-0.194336
417;1.095902;-9.99679;0.308647;0.533949;0.084354;0.077181;-0.330814;0.891106;-0.214203
418;0.884361;-10.59549;0.36285;0.434365;0.071271;0.056087;-0.331798;0.885217;-0.237374
419;0.781755;-10.047549;0.664136;0.340255;0.060667;0.011332;-0.329474;0.880746;-0.250214
420;0.829716;-9.248307;0.818948;0.209933;0.072176;-0.0071;-0.326687;0.882029;-0.254388
421;0.754727;-9.292575;0.922566;0.139133;0.058613;0.014743;-0.327248;0.881244;-0.259647
422;0.856851;-9.753021;0.980047;0.066625;0.048407;0.016509;-0.326233;0.879214;-0.263729
423;0.976038;-9.857061;0.816099;-0.017837;-0.003017;0.015707;-0.328275;0.877166;-0.266004
424;0.939684;-9.759674;0.622431;-0.060301;0.00882;0.011033;-0.328078;0.877666;-0.264896
425;0.91826;-9.632948;0.473842;-0.056658;0.006919;0.007396;-0.326648;0.879684;-0.261266
426;0.85846;-9.691593;0.435694;-0.003144;0.008999;-0.008964;-0.325778;0.879785;-0.260405
427;0.902632;-9.825231;0.412773;0.052086;0.007754;-0.006148;-0.326038;0.879914;-0.26014
428;0.917792;-9.736676;0.473164;0.041325;0.032074;-0.004438;-0.327867;0.878226;-0.261029
429;0.872792;-9.722058;0.614706;0.035799;0.023278;0.0038;-0.328852;0.878115;-0.261482
430;0.902542;-9.707687;0.667262;0.012262;0.016117;-0.009876;-0.325912;0.879188;-0.262889
431;0.88029;-9.69998;0.637293;0.003166;0.023606;0.011052;-0.326362;0.878812;-0.263594
432;0.887683;-9.729558;0.607307;-0.010397;0.019992;0.001928;-0.326424;0.878909;-0.262217
433;0.91755;-9.72971;0.585145;0.001425;0.027956;8.9e-05;-0.327262;0.878127;-0.262521
434;0.932567;-9.729653;0.540484;0.004979;0.016318;0.003792;-0.326446;0.878388;-0.262628
435;0.902825;-9.721945;0.525384;0.024957;0.027844;0.00559;-0.327273;0.879462;-0.262669
436;0.932548;-9.729683;0.547946;0.02307;0.019908;0.013833;-0.326844;0.87965;-0.264861
437;0.902562;-9.751788;0.577425;0.050226;-0.001212;-0.010666;-0.327171;0.878547;-0.263348
438;0.887679;-9.722208;0.62228;0.026756;0.0233;0.000141;-0.324864;0.878536;-0.263807
439;0.902713;-9.677991;0.652532;0.01959;0.03584;-0.005391;-0.325749;0.878177;-0.264944
440;0.887673;-9.707508;0.652226;0.02501;0.025822;-0.014462;-0.325728;0.879097;-0.264536
441;0.894999;-9.751905;0.622142;0.026795;0.026815;-0.005346;-0.324624;0.877554;-0.266963
442;0.895133;-9.722268;0.622336;0.008716;0.037768;5.5e-05;-0.325219;0.877716;-0.267816
443;0.910276;-9.677875;0.607815;-0.0032;0.010987;0.001981;-0.327894;0.878108;-0.266547
444;0.932313;-9.737416;0.629982;0.026841;0.026663;-0.018109;-0.326607;0.876807;-0.268141
445;0.902457;-9.722535;0.674628;0.026676;0.01809;0.012022;-0.325907;0.877857;-0.267845
446;0.895059;-9.722386;0.652185;0.028593;0.015904;-0.017151;-0.326602;0.877735;-0.26801
447;0.873052;-9.648085;0.645039;0.006846;0.032499;0.007372;-0.324579;0.878663;-0.268625
448;0.880034;-9.744523;0.659389;0.016759;0.019837;0.00379;-0.326254;0.8763;-0.269227
449;0.917352;-9.737385;0.652256;0.026817;0.028563;-0.00991;-0.326285;0.876315;-0.26978
450;0.902405;-9.729974;0.682041;0.025736;0.003629;0.002051;-0.326187;0.877398;-0.270473
451;0.902372;-9.737383;0.681993;0.025029;0.030313;-0.01448;-0.326751;0.876746;-0.270767
452;0.887563;-9.707685;0.696999;0.01221;0.009905;-0.00529;-0.325406;0.876346;-0.271262
453;0.887489;-9.707803;0.726847;0.008684;0.011426;-0.029013;-0.325651;0.876734;-0.270723
454;0.86514;-9.729673;0.681761;-0.004091;0.016399;0.003776;-0.326705;0.87679;-0.272421
455;0.887399;-9.752081;0.681784;0.012305;0.028733;-0.004461;-0.325957;0.877151;-0.27129
456;0.894952;-9.729914;0.681985;0.020395;0.010648;-0.012579;-0.326223;0.876352;-0.271157
457;0.902584;-9.678198;0.704767;0.010409;0.02082;0.005607;-0.326788;0.876099;-0.271454
458;0.872723;-9.692746;0.696983;0.005067;0.031486;-0.00357;-0.324885;0.875823;-0.271789
459;0.902235;-9.759669;0.696772;0.004068;0.019963;0.005599;-0.325773;0.877194;-0.272938
460;0.887532;-9.722445;0.681977;-0.000455;0.016333;0.000136;-0.325186;0.877435;-0.272227
461;0.8877;-9.685398;0.68222;0.014049;0.018003;-0.001674;-0.325206;0.876381;-0.272634
462;0.872656;-9.707565;0.696886;0.035756;0.012473;-0.001623;-0.3252;0.876777;-0.272498
463;0.857616;-9.737082;0.69658;0.028517;0.010679;-0.005275;-0.326343;0.876013;-0.273366
464;0.887477;-9.722533;0.704364;0.023069;0.01259;0.000184;-0.326176;0.876729;-0.275296
465;0.932204;-9.700813;0.742157;0.028421;0.005531;0.01026;-0.32534;0.875384;-0.275115
466;0.909845;-9.700633;0.741989;0.0077;0.018986;0.00014;-0.326762;0.875822;-0.276003
467;0.902237;-9.722889;0.764174;0.017626;0.013565;0.002;-0.324821;0.875394;-0.275646
468;0.887464;-9.693132;0.764255;0.012143;0.011029;0.011123;-0.32485;0.874743;-0.276194
469;0.887452;-9.707862;0.741772;0.032144;0.020661;0.004723;-0.32537;0.875267;-0.275667
470;0.872516;-9.722502;0.726638;-0.000418;0.019843;-0.006264;-0.325539;0.875683;-0.276229
471;0.872473;-9.70786;0.771508;0.013981;0.003633;-0.005261;-0.325865;0.874914;-0.277202
472;0.857673;-9.700212;0.741596;0.01588;0.030673;0.008303;-0.324528;0.874917;-0.277838
473;0.887342;-9.708039;0.786545;0.020438;0.023244;-0.010806;-0.325231;0.875199;-0.278144
474;0.894825;-9.69334;0.801622;0.006773;0.021786;0.007423;-0.326134;0.875445;-0.277078
475;0.879907;-9.70795;0.779027;0.006753;0.007272;-0.005285;-0.325484;0.875324;-0.277741
476;0.88733;-9.722769;0.764062;0.006759;0.001787;-0.01347;-0.325918;0.874807;-0.278169
477;0.879962;-9.707861;0.75664;-0.00769;0.01725;-0.003524;-0.324064;0.875285;-0.276856
478;0.872576;-9.692983;0.756681;-0.009437;0.03436;0.001871;-0.326846;0.87613;-0.277526
479;0.872436;-9.707919;0.786433;-0.004069;0.01631;-0.005339;-0.326338;0.874815;-0.278324
480;0.8578;-9.655876;0.771735;-0.004056;0.023557;0.001013;-0.325801;0.876477;-0.275969
481;0.872558;-9.693012;0.764143;0.006779;0.0163;0.000147;-0.325547;0.87582;-0.276368
482;0.872583;-9.707683;0.726735;-0.006846;0.012893;0.007438;-0.324325;0.875947;-0.276595
483;0.887411;-9.737351;0.704267;-0.003183;0.014564;0.00014;-0.324984;0.876605;-0.276075
484;0.85778;-9.692685;0.711795;-0.000447;0.017207;-0.001693;-0.324914;0.876637;-0.277314
485;0.880036;-9.707743;0.726791;0.011306;0.023571;0.011065;-0.326647;0.875832;-0.276412
486;0.872473;-9.70786;0.771508;0.019576;0.034045;-0.007208;-0.32589;0.87599;-0.277624
487;0.902437;-9.678434;0.764464;0.017737;0.023216;-0.014456;-0.325044;0.876369;-0.277179
488;0.887275;-9.722857;0.786448;0.003215;0.032536;0.005546;-0.323667;0.875688;-0.277119
489;0.880023;-9.678343;0.786683;-0.004057;0.021738;-0.001713;-0.325348;0.876121;-0.277741
490;0.887312;-9.722798;0.771524;0.005082;0.039632;0.000957;-0.324117;0.875578;-0.277826
491;0.872369;-9.722737;0.786336;0.00869;0.025067;-0.01448;-0.324121;0.877309;-0.277839
492;1.01337;-10.004365;0.516923;0.133174;-0.011468;0.073396;-0.324731;0.876946;-0.278964
493;1.125391;-10.137303;0.181094;-0.03304;0.01207;0.005579;-0.32262;0.876168;-0.280529
494;0.929196;-10.772194;-0.011085;-0.069621;-0.020165;0.067638;-0.323873;0.875857;-0.27837
495;0.521563;-11.380402;0.966921;-0.16761;0.039921;-0.062291;-0.324074;0.875422;-0.272029
496;0.629206;-10.750723;0.785269;-0.223527;0.035903;-0.127075;-0.330949;0.873567;-0.264843
497;0.943214;-10.597209;0.676711;-0.220554;0.073351;-0.145438;-0.337505;0.868695;-0.25445
498;1.265971;-11.505544;1.121003;0.123168;0.085073;-0.034655;-0.34395;0.860179;-0.252163
499;0.885508;-13.383384;0.829792;0.537491;0.036349;0.044445;-0.348016;0.849293;-0.261628
500;0.465734;-15.536363;0.864846;1.296775;-0.094181;-0.202128;-0.357448;0.826704;-0.289292
501;-0.035899;-15.54335;1.771424;1.464232;-0.129306;-0.481755;-0.377622;0.786824;-0.328299
502;0.518358;-14.749018;2.138994;1.609704;-0.239835;-0.794715;-0.409304;0.734285;-0.367399
503;0.294038;-13.522692;1.652741;1.272319;-0.240953;-1.126216;-0.448854;0.669808;-0.400245
504;0.38468;-11.324859;2.182635;1.187903;-0.258411;-1.364192;-0.490005;0.607582;-0.41717
505;0.876086;-8.510464;1.51065;1.051409;-0.28744;-1.470834;-0.528921;0.544846;-0.425863
506;1.445775;-7.538873;1.991427;0.981691;-0.232369;-1.430938;-0.564185;0.48469;-0.432911
507;1.820117;-5.555857;1.932537;0.758517;-0.25231;-1.371779;-0.59438;0.425483;-0.437554
508;2.872033;-3.667628;1.982644;0.244966;-0.083764;-1.395838;-0.621966;0.373562;-0.436904
509;4.060036;-2.701494;2.587475;0.435802;-0.022014;-1.056421;-0.640336;0.330581;-0.435535
510;4.652826;-3.270872;2.961394;0.749663;-0.047207;-0.769471;-0.650629;0.294244;-0.436787
511;4.617089;-4.236365;3.596621;0.262992;0.105632;-0.727035;-0.658674;0.264111;-0.441856
512;5.041259;-5.981421;3.692964;0.334967;0.122022;-0.812746;-0.66451;0.236808;-0.444098
513;5.209426;-4.983003;3.827595;0.507901;0.109943;-0.830646;-0.666977;0.203517;-0.452644
514;5.643409;-4.564486;3.915696;0.240293;0.223348;-0.811376;-0.670231;0.172941;-0.457931
515;5.766075;-3.581677;4.340919;-0.015721;0.218052;-0.677586;-0.673053;0.147339;-0.460202
516;5.695475;-4.24879;4.544995;0.110358;0.221341;-0.492318;-0.67183;0.130442;-0.465961
517;5.723081;-3.004817;4.702545;0.12591;0.210901;-0.326225;-0.671266;0.118328;-0.471092
518;5.920571;-2.103047;4.859158;0.04379;0.250862;-0.129467;-0.665063;0.112867;-0.478251
519;5.87858;-3.037131;5.061715;-0.040433;0.27546;0.135671;-0.660435;0.114968;-0.483874
520;5.820384;-3.943761;5.846405;0.036647;0.233769;0.270914;-0.656816;0.120095;-0.487767
521;5.776073;-5.234638;6.337663;0.166593;0.203394;0.345059;-0.652667;0.124761;-0.494531
522;5.285661;-6.402479;6.602463;-0.034364;0.169837;0.282835;-0.647263;0.134391;-0.498247
523;5.223557;-6.773757;6.927928;-0.088932;0.076164;0.213843;-0.644329;0.148834;-0.501821
524;5.265515;-6.133945;6.193618;0.032106;0.007177;0.223431;-0.643214;0.15573;-0.501275
525;5.239295;-4.174047;5.303199;-0.153281;-0.071356;0.301072;-0.643882;0.160782;-0.500787
526;5.156083;-3.545464;3.918627;-0.37749;0.02573;0.366901;-0.641863;0.17694;-0.498479
527;5.084655;-1.35797;3.648735;-0.544728;0.037981;0.532658;-0.63844;0.20025;-0.495339
528;4.723196;-0.444288;3.801186;-0.808117;0.082382;0.778341;-0.631204;0.237368;-0.492285
529;4.160545;-1.313626;3.679328;-0.310111;0.072442;1.269624;-0.62078;0.280091;-0.490936
530;3.168382;-1.145265;4.337063;-0.746218;0.058153;1.602801;-0.605973;0.327694;-0.489586
531;1.835729;-2.541763;4.176087;-1.145542;0.07653;1.873769;-0.579701;0.401143;-0.478445
532;0.355331;-3.758413;3.80621;-1.147425;-0.032043;2.253424;-0.543172;0.48215;-0.465154
533;-0.933704;-7.258036;3.2513;-0.973445;-0.015886;2.536054;-0.487992;0.577335;-0.446526
534;-2.232358;-9.439765;2.973537;-1.461408;-0.00508;2.310788;-0.423875;0.665171;-0.425278
535;-2.689313;-12.467615;1.353402;-1.567753;0.050198;1.857878;-0.361635;0.750408;-0.39581
536;-2.183346;-12.679008;1.318552;-1.416162;-0.00453;1.227268;-0.298607;0.82255;-0.359868
537;-3.598743;-29.196955;0.909361;-2.027523;-0.029027;0.184373;-0.253167;0.886966;-0.312163
538;-4.065943;-20.560072;0.685871;-0.65605;0.057833;-2.170476;-0.298507;0.890902;-0.27815
539;8.963037;-10.882026;0.213301;-1.794827;0.151501;-0.505558;-0.332888;0.889411;-0.229585
540;-0.080826;-11.48644;-2.829298;-1.955444;-0.182829;0.272593;-0.342064;0.901379;-0.171278
541;-1.971714;-9.03566;-2.282935;-0.673181;0.073267;-0.080705;-0.34366;0.905479;-0.130127
542;0.120867;-5.765417;-1.56671;0.198122;0.09318;-0.144935;-0.349257;0.901;-0.129767
543;1.437726;-4.8042;-1.848973;0.160978;0.072962;0.053156;-0.334687;0.903367;-0.129199
544;1.414868;-9.952997;-2.03188;-0.17301;0.022106;-0.021123;-0.329025;0.908544;-0.125836
545;0.951772;-13.54973;-2.193108;-0.081781;0.043071;-0.131604;-0.339652;0.907354;-0.132048
546;1.577641;-11.645327;-1.62375;0.403169;0.013736;-0.086904;-0.344075;0.905156;-0.137728
547;1.333947;-9.215078;-1.102343;0.566264;-0.010411;0.063966;-0.345114;0.902018;-0.1543
548;0.760724;-8.812188;-0.641393;0.537541;0.04347;0.057279;-0.336071;0.900938;-0.162067
549;0.817519;-9.140858;-0.090874;0.534176;0.079026;0.021563;-0.333878;0.897531;-0.179749
550;0.888226;-9.750752;0.345985;0.415353;0.047651;0.018799;-0.339064;0.891925;-0.201987
551;0.908856;-10.114131;0.381091;0.373617;0.04275;0.033346;-0.33828;0.889081;-0.215316
552;0.887091;-9.884974;0.561517;0.236919;0.039859;0.00947;-0.338655;0.888273;-0.224705
553;0.761491;-9.558539;0.711938;0.130846;0.046413;0.04213;-0.332155;0.888315;-0.223754
554;0.768058;-10.199952;-0.113061;0.322638;-0.033117;0.253362;-0.327475;0.88793;-0.231012
555;2.333502;-13.833002;-0.826293;0.448967;0.055473;0.514914;-0.318664;0.886568;-0.248029
556;-0.815417;-17.72875;-0.494919;-0.045876;0.087679;0.236429;-0.310092;0.885651;-0.24685
557;-0.054347;-13.759532;0.424705;0.616444;0.159791;-0.045468;-0.315854;0.868157;-0.257437
558;-0.948185;-16.041031;2.05977;1.500782;-0.125303;-0.555692;-0.333399;0.836417;-0.288259
559;-0.611212;-13.91077;2.314979;1.288201;-0.115887;-0.864166;-0.368378;0.786373;-0.329855
560;0.11269;-12.417221;1.658555;0.957771;-0.160627;-1.184428;-0.409505;0.735643;-0.353484
561;-0.343374;-11.271066;1.304349;1.109606;-0.210232;-1.393782;-0.455669;0.677892;-0.37161
562;0.815836;-8.672809;1.464362;1.134997;-0.227863;-1.460045;-0.498046;0.614279;-0.390919
563;1.253112;-7.609072;1.399971;0.701614;-0.177852;-1.510934;-0.540658;0.55091;-0.39948
564;2.121161;-6.551239;1.950734;0.51343;-0.073274;-1.456787;-0.573993;0.498511;-0.40361
565;3.001794;-6.291652;1.974026;0.465967;0.002212;-1.275596;-0.599929;0.451628;-0.407759
566;3.009403;-7.392111;2.92213;0.860409;-0.047613;-1.256614;-0.62089;0.403946;-0.413771
567;3.706493;-7.624045;3.940811;0.936786;-0.089962;-1.194226;-0.639131;0.349532;-0.422934
568;3.876426;-6.505102;3.57625;0.432608;-0.086308;-1.253253;-0.655385;0.300517;-0.425712
569;4.326516;-5.775845;3.748581;0.19412;-0.043787;-1.366775;-0.670584;0.25723;-0.424076
570;4.722335;-4.198979;3.299161;0.150807;-0.005687;-1.358711;-0.685311;0.211183;-0.423917
571;5.503875;-2.9077;3.082147;0.242574;0.030387;-1.166199;-0.693558;0.171039;-0.42299
572;5.86426;-2.031043;3.635345;0.259692;0.040799;-0.923555;-0.698217;0.136104;-0.424025
573;6.263792;-1.210506;3.31536;-0.114048;0.103918;-0.68169;-0.697043;0.112246;-0.423389
574;6.685445;-1.513248;4.062841;0.023942;0.102357;-0.329418;-0.697843;0.098212;-0.42594
575;6.894676;-1.499344;3.870493;0.098868;0.111186;-0.019262;-0.699044;0.088832;-0.428127
576;6.991476;-2.909849;4.347118;0.106957;0.137156;0.256945;-0.695184;0.092377;-0.432687
577;6.132334;-4.808613;4.693918;-0.018208;0.126767;0.303193;-0.692628;0.101487;-0.435824
578;6.081565;-6.024275;4.916966;0.092494;0.10158;0.216776;-0.689751;0.113764;-0.438005
579;6.255415;-5.256783;5.348639;-0.045716;0.01501;0.227044;-0.687707;0.118804;-0.438098
580;6.415238;-4.848176;4.755507;-0.069696;0.025836;0.366512;-0.687949;0.124843;-0.439807
581;5.760019;-5.069862;4.062544;-0.092762;-0.01628;0.451387;-0.686085;0.13895;-0.440387
582;5.810592;-3.950135;3.741858;-0.204004;0.015912;0.456602;-0.684364;0.155123;-0.438505
583;6.246925;-3.402799;3.10695;-0.382324;0.114524;0.572714;-0.681032;0.182203;-0.436914
584;5.691546;-2.465712;3.355096;-0.237524;0.143154;0.860957;-0.675153;0.208555;-0.438939
585;5.734427;-1.750863;2.382479;-0.582737;0.192161;1.225984;-0.664017;0.244543;-0.439858
586;4.581247;-2.765354;2.688025;-0.147555;0.171523;1.551194;-0.647742;0.292086;-0.441759
587;3.301431;-2.030785;3.153235;-0.673841;0.169322;1.806662;-0.624842;0.348986;-0.442634
588;1.991458;-4.689418;3.573763;-0.505871;0.189692;1.974405;-0.590678;0.423319;-0.437665
589;0.675958;-5.361588;3.835529;-0.394665;0.120399;2.176258;-0.553511;0.488321;-0.438302
590;-0.596182;-8.137297;3.80783;-0.63402;0.195618;2.143473;-0.508519;0.554171;-0.433801
591;-1.431769;-10.078452;3.587382;-0.149152;0.14453;2.013789;-0.455221;0.616777;-0.435564
592;-1.404799;-10.502522;3.965417;-0.542483;0.157686;1.630161;-0.402224;0.670488;-0.438102
593;-1.422012;-11.58001;2.913527;-1.377507;0.255412;1.340352;-0.344959;0.737375;-0.417391
594;-1.236439;-10.496788;2.183189;-1.781913;0.268545;1.032439;-0.29039;0.80426;-0.380786
595;-1.178012;-13.995058;2.295208;-1.485008;-0.033421;0.929161;-0.24305;0.863947;-0.341108
596;-7.537426;-38.41798;0.401625;-0.186782;-0.232336;-1.48917;-0.228051;0.900605;-0.309046
597;0.968654;-7.87358;1.411018;-1.227832;0.291911;-1.709875;-0.293068;0.882301;-0.30187
598;6.648657;-8.168236;0.690999;-1.467953;0.182938;-0.224486;-0.309565;0.890713;-0.252108
599;-1.203576;-15.13545;-1.555601;-1.503772;-0.034683;0.056235;-0.305617;0.910553;-0.199399
600;-0.389929;-9.925596;-1.552863;-0.755477;0.122491;-0.313438;-0.315237;0.911845;-0.169586
601;0.450189;-6.660528;-0.734231;-0.271223;0.00882;-0.218147;-0.325234;0.908342;-0.15934
602;0.667403;-6.719388;-1.277731;-0.288147;-0.007097;-0.06397;-0.328442;0.909594;-0.150236
603;0.975587;-9.566243;-1.51032;-0.231897;-0.024946;-0.09033;-0.324071;0.910354;-0.140548
604;1.167219;-11.834073;-1.777341;-0.196172;-0.019096;-0.166062;-0.326068;0.913068;-0.13182
605;1.601685;-11.304448;-1.681051;-0.130107;-0.006646;-0.149547;-0.33345;0.912995;-0.126322
606;1.540641;-9.808402;-1.380747;0.063113;-0.020769;-0.036087;-0.335293;0.910315;-0.124997
607;1.014223;-9.100945;-1.2085;0.196058;-0.00299;0.029655;-0.337116;0.910022;-0.128241
608;0.879459;-9.137618;-1.03066;0.258772;0.024937;0.004075;-0.334804;0.906087;-0.136258
609;1.010858;-9.628592;-0.808981;0.296949;0.067948;0.018537;-0.335097;0.905837;-0.146614
610;1.053087;-10.05957;-0.587588;0.217166;0.052394;0.016667;-0.333712;0.90655;-0.153875
611;0.896112;-10.059048;-0.402212;0.1756;0.066913;0.007417;-0.334441;0.905916;-0.159693
612;0.801291;-9.510636;-0.235189;0.108543;0.0702;0.01462;-0.33376;0.903386;-0.164889
613;0.734261;-9.414396;-0.078359;-0.009174;0.049986;-0.020109;-0.335303;0.904018;-0.16799
614;0.949586;-9.645468;-0.167779;-0.054618;0.034495;0.003619;-0.334166;0.90352;-0.164768
615;0.947577;-10.325401;-0.605042;0.29023;-0.058046;0.185027;-0.331155;0.904293;-0.169895
616;1.723263;-11.007447;-2.081174;0.179098;-0.132227;0.296475;-0.324899;0.906454;-0.178349
617;2.050817;-14.52128;-2.325417;-0.128247;-0.018688;0.324665;-0.316432;0.90745;-0.174016
618;-1.041974;-15.067019;-0.45694;0.476405;0.051596;0.008452;-0.315026;0.90057;-0.176116
619;0.784021;-11.82862;-0.511583;0.879042;0.145426;-0.048574;-0.325962;0.880587;-0.201102
620;-0.448485;-14.826167;1.131182;1.448095;-0.08597;-0.448254;-0.3415;0.853574;-0.235187
621;-0.567844;-14.339919;2.073716;1.37566;-0.077782;-0.705541;-0.369955;0.811076;-0.27768
622;0.025531;-14.981913;2.074041;1.336527;-0.156362;-0.993405;-0.406609;0.760729;-0.312306
623;-0.343854;-14.201329;2.173329;1.498656;-0.339971;-1.241376;-0.452677;0.692299;-0.354076
624;-0.15997;-12.92222;2.496468;1.378134;-0.400323;-1.554024;-0.500856;0.624442;-0.37676
625;0.337109;-11.726277;2.605028;1.011383;-0.431852;-1.851606;-0.547043;0.55679;-0.383089
626;0.811322;-9.342056;2.071902;0.684423;-0.396898;-2.036314;-0.594091;0.483511;-0.382789
627;1.41817;-7.255579;1.612472;0.687574;-0.371904;-2.122028;-0.637172;0.408267;-0.380247
628;2.000957;-5.715961;0.835876;0.499224;-0.266005;-2.215675;-0.67489;0.326046;-0.377713
629;2.892816;-4.611846;0.87967;0.526124;-0.169852;-2.273382;-0.702499;0.248732;-0.373292
630;4.323161;-1.672861;0.521579;0.371432;0.002105;-2.118156;-0.71923;0.178936;-0.370419
631;5.773003;-0.721964;0.702933;0.323803;0.150157;-1.8159;-0.727861;0.112383;-0.372349
632;6.491363;0.262506;1.371485;0.457095;0.284691;-1.486038;-0.729164;0.05597;-0.37792
633;6.976427;0.936293;2.379523;0.294718;0.343421;-1.148071;-0.72172;0.007533;-0.386371
634;7.232759;0.250214;2.966544;0.164099;0.399087;-0.805564;-0.714472;-0.024446;-0.397846
635;7.544954;0.83479;4.398055;0.2357;0.379631;-0.430471;-0.708891;-0.045892;-0.404362
636;7.137644;-0.081829;4.672581;0.367293;0.317549;0.118928;-0.704786;-0.055968;-0.4124
637;6.601791;-1.07394;5.557568;0.163361;0.25134;0.293973;-0.702254;-0.05263;-0.418668
638;6.349793;-2.420372;5.531976;-0.074672;0.162642;0.386984;-0.698539;-0.038372;-0.42552
639;6.649409;-3.712269;5.585546;-0.0005;0.147916;0.394434;-0.698789;-0.024415;-0.429633
640;6.797616;-3.611866;6.124625;0.093774;0.060587;0.472488;-0.697238;-0.016802;-0.431144
641;7.094557;-4.248743;5.436183;-0.085128;-0.016531;0.521814;-0.698028;-0.001315;-0.43253
642;7.000788;-3.669219;5.23029;-0.168739;-0.033191;0.579231;-0.699355;0.018361;-0.431072
643;6.857901;-2.52535;4.818744;-0.488792;-0.148804;0.763525;-0.701949;0.044982;-0.429992
644;6.726262;-1.478421;2.675349;-0.894747;-0.104769;0.941498;-0.701515;0.085664;-0.423237
645;6.216615;-0.628332;2.348661;-0.709275;-0.015906;1.346259;-0.700117;0.130259;-0.418817
646;4.99314;-0.885156;2.322787;-0.376189;0.032957;1.939163;-0.692402;0.189351;-0.416318
647;4.041168;-2.372062;1.768597;-0.535965;0.175799;2.261019;-0.673102;0.261466;-0.417311
648;2.459946;-5.768803;2.018092;-0.662082;0.303825;2.286485;-0.641157;0.349136;-0.417357
649;1.454723;-7.820719;3.90753;0.078008;0.101956;2.174246;-0.607076;0.414802;-0.421709
650;0.955924;-9.482821;3.639213;-0.167338;0.146042;2.003071;-0.572319;0.471821;-0.426522
651;0.538038;-9.892189;3.081155;-0.840746;0.338605;1.713981;-0.52953;0.532843;-0.424834
652;0.236658;-10.69677;2.916924;-1.02461;0.285941;1.432093;-0.488191;0.594713;-0.41452
653;-0.152172;-10.776594;3.27912;-0.685572;0.245864;1.28769;-0.44645;0.64694;-0.402188
654;-0.379606;-10.467355;2.368979;-0.402734;0.19744;1.180635;-0.407071;0.691161;-0.398169
655;-0.189307;-8.844265;3.754081;-0.499372;0.172661;1.258234;-0.366571;0.736423;-0.393699
656;-0.727124;-9.452367;3.104271;-0.739177;0.109391;1.391239;-0.314407;0.786351;-0.378999
657;-1.285166;-7.845529;2.632887;-0.504867;-0.034607;1.278164;-0.258511;0.83184;-0.368946
658;-3.069397;-23.582006;2.099118;-1.356274;0.150539;0.524037;-0.20505;0.877599;-0.348232
659;-5.847041;-18.429703;1.462321;0.259448;-0.200954;-2.268522;-0.252048;0.875052;-0.344724
660;4.048006;-5.611535;2.120708;-1.21919;0.534572;-0.893372;-0.287946;0.877378;-0.318733
661;2.172662;-15.513067;0.877942;-0.83986;-0.062165;0.121481;-0.288042;0.891649;-0.294977
662;-0.90183;-13.675643;-0.327428;-0.393813;0.061662;-0.248985;-0.294011;0.894861;-0.273584
663;0.214023;-7.005245;0.716928;-0.426388;0.117047;-0.272629;-0.329451;0.87595;-0.259972
664;0.112775;-6.249168;0.84794;-0.280561;0.048722;-0.141705;-0.336314;0.874954;-0.250033
665;-0.075623;-8.602079;0.383458;-0.158338;0.068191;-0.075152;-0.319922;0.887921;-0.243399
666;0.720915;-10.652173;0.040353;-0.064663;0.046387;-0.189836;-0.321343;0.887892;-0.241801
667;1.913376;-10.86779;-0.317669;-0.104962;-0.001751;-0.136687;-0.326197;0.886105;-0.242811
668;1.825593;-10.540771;-0.390833;-0.149056;-0.03491;-0.018047;-0.337092;0.878926;-0.239058
669;0.978172;-9.941898;-0.214265;0.064473;-0.039554;0.026892;-0.337448;0.880431;-0.235497
670;0.684085;-8.947373;-0.030927;0.23137;0.003853;0.006876;-0.330078;0.884631;-0.236059
671;0.95124;-9.076436;0.20906;0.334581;0.030563;0.039762;-0.330096;0.881053;-0.246517
672;0.976806;-9.929382;0.367883;0.397909;0.040379;0.069881;-0.329794;0.878713;-0.258627
673;0.975272;-10.196645;0.500459;0.424359;0.059608;0.044293;-0.330825;0.871847;-0.275172
674;0.842313;-9.752312;0.830691;0.417148;0.066753;0.033318;-0.329479;0.866996;-0.288325
675;0.708682;-9.529722;1.025151;0.432579;0.072849;0.026016;-0.325467;0.865813;-0.300294
676;0.744524;-9.635286;1.412787;0.40627;0.058557;0.007812;-0.324258;0.860964;-0.313452
677;0.855295;-9.726101;1.666762;0.287684;0.067406;-0.002405;-0.322111;0.855915;-0.324502
678;0.855358;-9.623021;1.831608;0.196941;0.042194;0.005794;-0.325828;0.850243;-0.334956
679;0.810857;-9.534046;1.906475;0.064718;0.02124;-0.023479;-0.325548;0.848177;-0.337413
680;0.781613;-9.48876;1.757297;-0.020541;0.011362;0.001978;-0.324715;0.851489;-0.337128
681;0.744238;-9.613678;1.569638;-0.056801;-0.006465;-0.005304;-0.322961;0.852482;-0.335133
682;0.781763;-9.657696;1.383073;-0.051304;0.011549;0.007392;-0.323443;0.852587;-0.333912
683;0.826443;-9.694895;1.330933;-0.032988;0.035362;-0.012747;-0.325256;0.853217;-0.33192
684;0.871414;-9.643362;1.324146;-0.009542;0.023687;-0.002627;-0.326353;0.852165;-0.331957
685;0.819062;-9.650587;1.383403;0.013948;0.025515;0.012897;-0.324378;0.853448;-0.330921
686;0.826568;-9.606428;1.443447;0.012083;0.007469;0.00112;-0.324782;0.852916;-0.330795
687;0.811577;-9.621156;1.4507;-0.000546;0.016505;0.00015;-0.325392;0.852686;-0.331922
688;0.826268;-9.67311;1.443011;-0.009584;0.018337;-0.001695;-0.324956;0.852271;-0.331487
689;0.856628;-9.584204;1.384119;-0.013184;0.016473;-0.008983;-0.324917;0.851853;-0.330793
690;0.856474;-9.650651;1.323986;0.001255;0.013818;0.0029;-0.324363;0.853307;-0.330644
691;0.826418;-9.680224;1.368341;0.019438;0.023471;-0.003503;-0.324089;0.853837;-0.330636
692;0.78936;-9.650169;1.338405;0.029358;0.01716;0.000182;-0.323966;0.853443;-0.330904
693;0.781734;-9.635674;1.435454;0.044706;0.019927;0.012961;-0.324775;0.853645;-0.333146
694;0.818953;-9.613983;1.495578;0.025747;0.023506;0.000158;-0.323947;0.852571;-0.333104
695;0.789186;-9.591604;1.517885;0.009466;0.030835;0.00375;-0.322318;0.851765;-0.333447
696;0.818865;-9.621481;1.517916;0.01492;0.030733;-0.001712;-0.324259;0.851927;-0.333802
697;0.826425;-9.614014;1.488172;0.001308;0.021813;-0.00534;-0.322138;0.853671;-0.335109
698;0.826471;-9.636005;1.428329;0.011183;0.01293;0.007478;-0.323496;0.852481;-0.334879
699;0.789146;-9.665224;1.398006;0.000387;0.017328;-0.003505;-0.322448;0.852229;-0.3358
700;0.811542;-9.665345;1.38325;0.047449;0.025303;0.014766;-0.322951;0.851546;-0.334988
701;0.826478;-9.650705;1.398383;0.064717;0.032268;0.007466;-0.323555;0.851978;-0.335981
702;0.811455;-9.636063;1.47299;0.080933;0.017841;0.008463;-0.322559;0.85122;-0.337867
703;0.886362;-9.533082;1.51154;0.048384;0.021533;-0.003441;-0.322477;0.849186;-0.341435
704;0.900465;-9.666892;1.592864;-0.001533;0.029535;0.032935;-0.321891;0.849959;-0.340727
705;0.72147;-9.724488;1.531432;0.042709;0.004139;0.038555;-0.321344;0.851418;-0.340716
706;0.647393;-9.590758;1.59144;0.023033;0.036241;0.014677;-0.319738;0.850623;-0.341473
707;0.64739;-9.583408;1.606413;0.028444;0.030806;0.012885;-0.319278;0.850396;-0.343109
708;0.736441;-9.66566;1.614016;0.041247;0.034869;-0.014469;-0.317367;0.849717;-0.343303
709;0.796185;-9.643883;1.607148;0.04305;0.035802;-0.011728;-0.319673;0.850061;-0.345329
710;0.766558;-9.606567;1.599704;0.025834;0.035041;-0.009926;-0.318503;0.849682;-0.346521
711;0.781238;-9.636472;1.636933;0.015724;0.00735;-0.008907;-0.318471;0.849001;-0.345963
712;0.796338;-9.577436;1.667282;0.017544;0.017326;0.000176;-0.319372;0.849181;-0.34738
713;0.736653;-9.606475;1.63679;-0.016868;0.005715;-0.013508;-0.321002;0.850253;-0.347039
714;0.721665;-9.628552;1.62907;-0.005887;0.023489;-0.019044;-0.322895;0.849461;-0.346558
715;0.736697;-9.621116;1.59192;-0.013158;0.028191;-0.005393;-0.32062;0.849531;-0.345087
716;0.759375;-9.554584;1.585062;0.01214;0.018185;-0.003488;-0.320356;0.85113;-0.345226
717;0.796266;-9.621685;1.614756;0.008502;0.020087;0.001973;-0.321161;0.849267;-0.344969
718;0.788628;-9.6587;1.62192;0.001273;0.023732;0.002858;-0.31881;0.850033;-0.344605
719;0.781597;-9.57705;1.60001;-0.014966;0.025459;-0.01085;-0.319636;0.850175;-0.344639
720;0.751591;-9.635966;1.569549;-0.014149;0.018464;0.004679;-0.31985;0.850148;-0.343544
721;0.714381;-9.635577;1.546882;0.008531;0.016347;-0.007141;-0.320127;0.851216;-0.343563
722;0.736904;-9.591361;1.562265;-0.005967;0.027413;0.0083;-0.318906;0.851476;-0.343791
723;0.811168;-9.651235;1.562439;0.013824;-0.003264;0.00208;-0.319776;0.850642;-0.342165
724;0.811168;-9.651235;1.562439;0.021138;0.020152;0.014757;-0.321043;0.850671;-0.342768
725;0.736715;-9.621086;1.584458;0.012092;0.013789;0.003823;-0.319547;0.851195;-0.342987
726;0.692245;-9.561482;1.591971;0.004964;0.024377;-0.012651;-0.319546;0.850529;-0.342982
727;0.737034;-9.554374;1.577432;0.001295;0.023654;-0.001704;-0.320655;0.851344;-0.343171
728;0.811101;-9.666054;1.562342;0.006719;0.020019;-0.003502;-0.320722;0.850845;-0.344411
729;0.796109;-9.680781;1.569595;0.001326;0.030856;9e-05;-0.320724;0.851511;-0.344416
730;0.751773;-9.59154;1.577302;-0.000573;0.016569;0.003796;-0.32076;0.850398;-0.342616
731;0.752004;-9.532326;1.592614;0.004796;0.005806;0.005676;-0.321064;0.849884;-0.343177
732;0.826371;-9.577322;1.57796;0.004944;0.031752;0.00101;-0.320112;0.851075;-0.343285
733;0.781148;-9.68075;1.591869;0.00308;0.025561;0.00741;-0.321081;0.85069;-0.343459
734;0.766616;-9.613829;1.562344;0.003042;0.017486;0.007445;-0.319187;0.850684;-0.343935
735;0.744491;-9.561785;1.562515;0.004845;0.017493;0.009271;-0.32112;0.851242;-0.344154
736;0.751859;-9.576693;1.569937;-0.013182;0.024629;-0.003552;-0.319071;0.850294;-0.344341
737;0.736515;-9.665542;1.584167;-0.002339;0.020988;-0.001701;-0.320196;0.851516;-0.344809
738;0.736466;-9.68033;1.576608;-0.008867;-0.013878;0.002087;-0.31914;0.850262;-0.343102
739;0.789178;-9.532774;1.630205;-0.006938;0.02034;0.012898;-0.319187;0.85095;-0.343937
740;0.676704;-9.783048;1.441162;0.021031;0.004115;0.027573;-0.318401;0.851359;-0.344598
741;0.689343;-10.257563;1.490409;0.058812;-0.033562;0.046014;-0.318347;0.8508;-0.343626
742;1.427708;-11.775249;1.538377;-0.301616;-0.005379;0.080082;-0.316397;0.852561;-0.340526
743;0.247808;-12.269646;1.541139;-0.637777;0.007213;-0.075601;-0.319141;0.856639;-0.322871
744;0.761292;-11.174394;0.850678;-0.258614;0.095557;-0.11005;-0.326378;0.854163;-0.30728
745;0.730877;-9.574299;1.010104;-0.003747;0.018821;-0.091081;-0.33252;0.849086;-0.299351
746;0.933087;-9.294843;1.132855;0.155886;0.042385;-0.131059;-0.341825;0.838927;-0.299237
747;1.117048;-8.184787;1.111619;0.287877;0.030341;-0.096119;-0.347161;0.828669;-0.306826
748;0.854647;-6.863848;1.133144;0.054899;0.092835;0.038285;-0.353558;0.821197;-0.31365
749;0.724651;-9.116226;1.356312;0.417986;0.072318;0.038789;-0.351719;0.816565;-0.320301
750;0.854827;-9.829829;1.666084;1.005846;0.035266;0.189314;-0.350021;0.809613;-0.339632
751;0.419775;-11.608154;2.546722;1.409295;-0.062767;0.170144;-0.345566;0.792991;-0.376577
752;0.290547;-11.552347;3.680408;1.047628;-0.069638;-0.022731;-0.347721;0.769996;-0.411671
753;0.319618;-11.458157;4.158843;0.760198;-0.126056;-0.255419;-0.355185;0.74497;-0.438549
754;0.459177;-10.39872;3.913065;0.349458;-0.151868;-0.396273;-0.371885;0.723445;-0.448581
755;0.795327;-8.887643;3.35829;-0.059154;-0.133134;-0.55644;-0.391355;0.706808;-0.44138
756;0.815553;-7.967134;2.886828;-0.341287;-0.114288;-0.632581;-0.41324;0.693826;-0.430578
757;1.632172;-7.246044;2.509659;-0.037776;-0.137417;-0.464168;-0.430833;0.681514;-0.421539
758;1.950769;-6.224562;2.130667;-0.043775;-0.086219;-0.250937;-0.444796;0.669269;-0.416355
759;1.984018;-7.099265;2.155081;-0.0674;-0.025589;-0.147288;-0.452569;0.663405;-0.413176
760;2.206478;-7.279418;2.289922;0.042319;-0.017408;0.055307;-0.45307;0.661791;-0.412357
761;2.017984;-7.649174;2.487576;0.010335;0.013826;0.16819;-0.448729;0.664564;-0.413168
762;1.865953;-8.19705;2.684348;-0.088715;0.037508;0.28466;-0.442345;0.672444;-0.41159
763;1.498498;-8.742034;2.588467;-0.105027;0.04404;0.306441;-0.432544;0.682423;-0.410165
764;1.40607;-9.444891;2.50857;0.041852;0.059791;0.291948;-0.422389;0.691963;-0.412309
765;1.255408;-9.64486;2.789703;0.021236;0.053705;0.223533;-0.415216;0.695662;-0.413979
766;1.163461;-10.192479;2.800369;-0.000241;0.065767;0.176914;-0.409896;0.701343;-0.414359
767;1.148646;-10.192211;2.762946;0.014376;0.068887;0.149559;-0.402526;0.70581;-0.414923
768;1.042754;-10.385101;3.037002;0.062697;0.060131;0.049334;-0.400116;0.708276;-0.41843
769;1.059398;-9.919033;3.189409;0.050247;0.045735;-0.036327;-0.398824;0.708036;-0.419894
770;1.182501;-9.170897;3.001183;0.023071;0.052341;-0.02633;-0.399219;0.707101;-0.419627
771;1.154172;-8.874054;2.943198;0.130436;0.029225;0.047792;-0.400046;0.705317;-0.422268
772;1.153567;-8.919158;3.107076;0.216328;0.036361;0.088921;-0.397001;0.70421;-0.426828
773;1.065073;-8.725681;3.077813;0.034332;0.013823;0.051375;-0.396076;0.700827;-0.430076
774;1.049341;-8.851931;3.181348;0.022615;0.032848;0.059482;-0.396306;0.70134;-0.429262
775;1.026253;-8.948542;3.299945;0.053049;8.8e-05;0.106173;-0.391856;0.703062;-0.430613
776;0.927522;-9.347917;3.311524;0.054252;0.015499;0.053191;-0.389767;0.705221;-0.432476
777;0.852762;-9.450662;3.213276;-0.00722;0.010106;0.02211;-0.388164;0.705891;-0.433244
778;0.986652;-9.555146;3.131524;0.051659;-0.00126;0.005831;-0.387563;0.70679;-0.432261
779;0.986959;-9.503163;3.102014;0.037126;-0.010127;0.00585;-0.387982;0.707132;-0.434901
780;1.04762;-9.35487;2.954188;-0.078448;0.018725;-0.04276;-0.387738;0.706678;-0.432957
781;1.124944;-8.865519;2.719156;-0.107401;0.027976;-0.034614;-0.389899;0.709143;-0.429751
782;1.247262;-8.170134;2.754456;-0.071495;0.043346;0.060251;-0.389415;0.710964;-0.428365
783;1.008264;-8.367611;2.587184;-0.093458;0.060679;0.150399;-0.383788;0.715095;-0.425686
784;0.838144;-9.56041;2.891563;0.085681;0.03629;0.16438;-0.377791;0.718512;-0.426298
785;0.806517;-9.857305;3.083418;0.087687;0.032868;0.106023;-0.373631;0.721243;-0.430427
786;0.686061;-10.034814;3.245525;-0.069399;0.056915;0.008109;-0.37035;0.722811;-0.430582
787;0.730558;-10.072309;3.268007;0.039326;0.052332;-0.011783;-0.369633;0.723321;-0.430005
788;0.724009;-9.835421;3.33666;0.071817;0.019642;-0.028917;-0.371599;0.721568;-0.433382
789;0.612304;-9.834372;3.298507;0.066465;-0.002476;-0.076264;-0.373317;0.718296;-0.434807
790;0.702739;-9.642247;3.248205;0.126282;-0.006693;-0.09439;-0.375372;0.71499;-0.434865
791;0.898307;-9.287871;3.177367;0.048421;-0.006199;-0.101766;-0.37879;0.709766;-0.43731
792;0.943509;-9.258035;3.036116;0.043961;-0.013664;-0.125449;-0.38257;0.705784;-0.436329
793;1.0662;-8.576759;2.892227;0.028764;0.016775;-0.138338;-0.390052;0.699976;-0.435346
794;1.171692;-8.310957;2.917143;0.069195;0.021206;-0.053468;-0.394133;0.697674;-0.437286
795;1.172517;-8.103677;2.963272;0.069899;0.025505;0.001241;-0.39251;0.696472;-0.437764
796;1.098888;-7.903028;2.964019;-0.06048;0.050917;0.025577;-0.392992;0.696777;-0.439027
797;1.008124;-8.220726;2.916489;-0.001052;0.058038;0.12775;-0.388287;0.7007;-0.438177
798;0.945808;-8.651189;3.219181;0.064793;0.052047;0.182572;-0.381825;0.704952;-0.440293
799;0.733424;-9.376287;3.384493;-0.026612;0.048823;0.164181;-0.375788;0.711342;-0.44258
800;0.686533;-9.776614;3.530784;-0.042689;0.059116;0.118502;-0.370411;0.715132;-0.441978
801;0.640073;-10.154181;3.542901;0.009793;0.026088;0.089516;-0.366187;0.718561;-0.442385
802;0.562742;-10.709743;3.658102;0.091347;0.011678;0.059571;-0.363901;0.72122;-0.44314
803;0.419272;-11.064656;3.759181;0.113153;-0.023362;-0.003199;-0.362709;0.718637;-0.446522
804;0.472275;-10.872497;3.775758;0.073495;-0.058357;-0.099761;-0.367535;0.714442;-0.447099
805;0.609693;-10.279898;3.541853;0.095485;-0.079395;-0.190813;-0.373011;0.707043;-0.447127
806;0.807978;-9.50925;3.130467;0.120986;-0.0873;-0.232661;-0.381398;0.699822;-0.447687
807;1.097013;-8.472415;2.676726;0.030789;-0.034966;-0.254846;-0.392003;0.690039;-0.446249
808;1.324289;-7.754816;2.504016;0.018923;-0.018148;-0.211118;-0.400869;0.680859;-0.44309
809;1.431439;-7.133285;2.50887;0.019712;0.041464;-0.109201;-0.405856;0.677209;-0.444091
810;1.432477;-6.866819;2.577774;0.055431;0.060197;0.041256;-0.404999;0.676386;-0.443499
811;1.297905;-6.800207;2.868224;0.076681;0.078927;0.182558;-0.399408;0.677611;-0.446594
812;1.055471;-7.488668;3.197722;0.007777;0.1334;0.269743;-0.391303;0.685039;-0.448667
813;0.850256;-8.23635;3.437567;-0.003387;0.130804;0.342659;-0.379442;0.696993;-0.45214
814;0.586522;-8.827309;3.513811;-0.131941;0.138846;0.346054;-0.364501;0.70862;-0.454521
815;0.419985;-9.447975;3.4115;-0.1817;0.126297;0.325937;-0.352082;0.719499;-0.45286
816;0.3287;-9.83271;3.45308;-0.073903;0.119059;0.311503;-0.3387;0.730699;-0.453645
817;0.392385;-9.135251;3.084973;-0.343336;0.123165;0.208995;-0.327914;0.744115;-0.451654
818;0.525127;-6.937305;1.637619;-1.141144;0.168601;0.050898;-0.318235;0.763258;-0.42961
819;0.856657;-5.941182;2.019737;-1.686307;0.24706;0.124674;-0.30797;0.799528;-0.386286
820;0.37763;-3.437724;1.375683;-1.41349;0.191121;0.469122;-0.290364;0.836754;-0.346674
821;-0.410333;-6.217779;1.463566;-0.968343;0.014703;0.606208;-0.258371;0.877171;-0.312301
822;-5.205896;-26.306295;2.0652;0.858873;-0.030161;-1.062967;-0.240197;0.903023;-0.305276
823;-0.116245;-13.409638;2.001103;1.250727;0.221047;-1.037062;-0.278961;0.878598;-0.357557
824;5.210753;-14.850605;3.308221;0.591032;0.023916;-0.11367;-0.288611;0.861771;-0.386515
825;1.108883;-13.106027;1.437754;-0.077064;0.06978;0.204019;-0.293395;0.85164;-0.399048
826;-0.749631;-8.57244;1.744181;-0.295398;0.038928;-0.067949;-0.297388;0.848958;-0.391878
827;-0.809918;-5.150712;2.25104;-0.555063;0.091345;-0.334712;-0.309523;0.847909;-0.378012
828;0.184637;-5.672973;3.0089;-0.490545;0.073152;-0.212239;-0.301446;0.862653;-0.340274
829;0.992497;-8.699872;2.323716;0.056227;-0.105863;0.112085;-0.301869;0.866718;-0.337838
830;1.411872;-12.159107;1.207409;-0.200944;-0.096457;0.169964;-0.304328;0.865145;-0.347719
831;0.873343;-12.81984;0.751277;-0.536575;-0.037187;-0.053359;-0.303405;0.87273;-0.333115
832;0.873418;-9.522453;0.727946;-0.558002;0.027407;-0.069977;-0.306885;0.877904;-0.316326
833;0.431238;-8.311861;0.911566;-0.265079;0.024131;0.045346;-0.297564;0.886585;-0.296151
834;0.370813;-8.533332;0.82758;-0.07322;0.006829;0.062083;-0.295106;0.889756;-0.291247
835;0.618429;-9.839243;0.783652;0.049831;-0.007237;0.080533;-0.299037;0.888909;-0.292916
836;0.615501;-10.520653;0.719499;0.031929;0.004077;0.047604;-0.295702;0.890518;-0.294587
837;0.632038;-10.143022;0.75193;-0.044034;0.037038;0.058317;-0.292955;0.892085;-0.294488
838;0.378416;-9.986863;1.124148;-0.073036;0.018998;0.030985;-0.28651;0.896543;-0.2944
839;0.426849;-9.216284;1.032514;-0.020455;0.02936;0.027391;-0.284423;0.895577;-0.293895
840;0.455196;-9.513099;1.083036;-0.027675;0.020222;0.009176;-0.287366;0.895635;-0.290013
841;0.498975;-9.794477;0.947213;-0.01408;0.016486;0.007378;-0.287367;0.896301;-0.290018
842;0.498046;-10.016634;0.915911;-0.050301;0.016745;0.009144;-0.287325;0.897743;-0.289199
843;0.492084;-9.734671;0.828149;-0.047596;0.004003;-0.003559;-0.284778;0.899408;-0.28773
844;0.507334;-9.68275;0.783828;-0.02133;0.013838;0.009204;-0.284681;0.899891;-0.285936
845;0.425062;-9.778172;0.722883;0.01037;0.014521;0.01288;-0.286745;0.900114;-0.283538
846;0.544098;-9.875098;0.633605;0.066461;0.010702;0.024835;-0.285474;0.899352;-0.285412
847;0.647924;-10.031237;0.558752;0.062678;0.009474;0.06679;-0.283488;0.899634;-0.286714
848;0.528627;-10.089195;0.46792;0.057204;0.011472;0.084085;-0.279024;0.898889;-0.290391
849;0.229051;-10.331858;0.605858;0.191135;0.003529;0.100684;-0.2778;0.898816;-0.2931
850;0.486954;-10.831527;0.895603;0.11336;0.032891;0.102292;-0.27734;0.895731;-0.297336
851;0.088521;-11.562031;0.932606;-0.275498;0.065658;0.008537;-0.275588;0.896324;-0.290372
852;-0.105847;-11.15686;1.918819;-0.329273;0.094043;-0.130262;-0.281242;0.89393;-0.278443
853;0.101216;-11.389172;2.15768;0.457121;-0.028654;0.08841;-0.286875;0.885813;-0.281369
854;0.057951;-11.349699;1.635232;0.115149;-0.07109;-0.041392;-0.292351;0.873363;-0.291568
855;-0.244347;-12.118975;1.911512;0.101529;-0.083972;-0.282168;-0.303586;0.862031;-0.291661
856;-0.154215;-12.192134;1.493819;0.326537;-0.158875;-0.473059;-0.326584;0.841094;-0.296433
857;0.155352;-11.261392;1.59177;0.253801;-0.187805;-0.682728;-0.354017;0.815302;-0.302176
858;0.59476;-10.032411;0.961317;0.001346;-0.197582;-0.744066;-0.384678;0.786449;-0.301818
859;0.965867;-8.782786;0.867783;0.146091;-0.19627;-0.71188;-0.41325;0.758823;-0.298351
860;1.268204;-8.182623;0.262052;0.200442;-0.13918;-0.629939;-0.440073;0.73552;-0.29788
861;1.799202;-7.838241;0.163843;0.504467;-0.121255;-0.543814;-0.461772;0.711014;-0.304091
862;2.165711;-7.316842;0.602839;0.639074;-0.091986;-0.44155;-0.47679;0.685664;-0.316097
863;2.330345;-7.081718;0.769792;0.38654;0.004126;-0.360201;-0.488196;0.664512;-0.32716
864;2.492464;-7.262542;1.19521;0.388865;0.00447;-0.272627;-0.496867;0.649387;-0.335675
865;2.657668;-6.70286;1.729941;0.355174;0.042602;-0.198007;-0.504971;0.636908;-0.343772
866;2.66468;-6.703629;1.90909;0.101405;0.086948;-0.096396;-0.508918;0.629752;-0.348431
867;2.596426;-6.785889;2.236388;-0.024213;0.087199;0.060292;-0.507316;0.630821;-0.349202
868;2.310279;-7.501797;2.1027;0.03517;0.10633;0.197034;-0.502147;0.636445;-0.352346
869;2.216244;-8.229302;2.634557;0.111045;0.09637;0.22452;-0.494898;0.641438;-0.357609
870;2.079062;-8.895078;2.63665;0.029362;0.082062;0.257267;-0.488889;0.646179;-0.357953
871;1.972489;-9.412704;2.5877;-0.033081;0.075081;0.242592;-0.48025;0.654008;-0.360284
872;1.864229;-10.344949;2.461416;-0.003007;0.077024;0.207925;-0.472469;0.662328;-0.360722
873;1.893093;-10.523246;2.520176;-0.010084;0.049173;0.127779;-0.466112;0.668825;-0.362169
874;1.863738;-10.478137;2.415771;-0.044318;0.036062;0.067594;-0.463101;0.672124;-0.36221
875;1.849246;-10.418508;2.356349;0.049822;0.024612;0.065947;-0.46238;0.673828;-0.361504
876;1.746456;-10.194506;2.13315;0.053699;0.010986;-0.010605;-0.461397;0.672145;-0.363659
877;1.82393;-9.587228;2.055599;0.030323;0.02698;-0.036216;-0.463869;0.670575;-0.363747
878;1.886014;-9.010027;2.119524;0.063618;0.013753;-0.00508;-0.463591;0.669241;-0.363726
879;1.916527;-8.891455;2.053364;0.09464;0.0629;0.000228;-0.463434;0.667967;-0.365918
880;2.022603;-8.374626;2.303792;0.165023;0.054091;0.042347;-0.461864;0.666992;-0.369848
881;1.9481;-8.315136;2.400627;0.024691;0.072244;0.053018;-0.460145;0.667006;-0.37102
882;1.827205;-8.618395;2.509676;0.044329;0.042969;0.088719;-0.456023;0.669157;-0.373353
883;1.805282;-8.404204;2.727316;0.003387;0.04749;0.135165;-0.45466;0.671742;-0.375938
884;1.644788;-9.321417;2.652971;0.057568;0.018501;0.148084;-0.449233;0.677436;-0.376865
885;1.652594;-9.247355;2.646049;0.054628;-0.0099;0.168269;-0.445594;0.679692;-0.377977
886;1.584473;-9.54271;2.524212;-0.019657;-0.032966;0.15092;-0.4409;0.684951;-0.377275
887;1.478035;-10.0307;2.475456;-0.008529;-0.021136;0.105258;-0.43703;0.689552;-0.376601
888;1.358939;-10.044203;2.384915;-0.037376;-0.008614;0.09147;-0.435809;0.693404;-0.376718
889;1.431999;-10.370808;2.383345;-0.002615;0.02828;0.051228;-0.434019;0.69591;-0.376527
890;1.379617;-10.392793;2.42758;0.054459;0.000455;0.00947;-0.432822;0.69698;-0.377176
891;1.433072;-10.060153;2.519699;0.024906;0.025047;-0.049937;-0.433596;0.69457;-0.376362
892;1.464965;-9.659854;2.410606;0.070227;0.026416;-0.058076;-0.435916;0.694256;-0.37866
893;1.556896;-9.200526;2.242652;0.059382;0.044662;-0.038998;-0.437631;0.68912;-0.380071
894;1.48985;-9.148446;2.32457;0.055741;0.035613;-0.048087;-0.438834;0.687987;-0.382042
895;1.527642;-9.052279;2.28817;0.065884;0.059549;-0.063673;-0.438669;0.685577;-0.381604
896;1.722836;-8.683794;2.396521;-0.063611;0.072272;-0.057487;-0.440598;0.684138;-0.381809
897;1.663698;-8.498645;2.539065;-0.049314;0.094655;0.016311;-0.43867;0.68611;-0.381608
898;1.656659;-8.358164;2.629475;0.042777;0.085812;0.073935;-0.438617;0.686416;-0.383125
899;1.572548;-8.736052;2.798018;-0.000915;0.070443;0.109493;-0.433039;0.689575;-0.38389
900;1.34678;-9.208497;2.808158;0.033461;0.039332;0.084101;-0.430745;0.692364;-0.384508
901;1.359633;-9.506136;3.097359;-0.019164;0.036361;0.098633;-0.426559;0.695946;-0.385607
902;1.252571;-10.12017;3.070166;-0.042769;-0.005181;0.065917;-0.423892;0.698682;-0.384416
903;1.22072;-10.571891;3.066987;0.047794;-0.034974;0.030583;-0.423323;0.700862;-0.386478
904;1.147017;-10.533181;2.798029;-0.002683;-0.047231;-0.037845;-0.423452;0.69986;-0.383855
905;1.318639;-10.651929;2.500057;0.055441;-0.055412;-0.082412;-0.42673;0.696827;-0.383689
906;1.388674;-10.118122;2.280184;-0.036558;-0.062379;-0.185543;-0.432238;0.692969;-0.381675
907;1.510587;-9.747029;1.880546;-0.021749;-0.014275;-0.19666;-0.438124;0.687368;-0.379112
908;1.781016;-9.267682;1.908102;0.12037;-0.024181;-0.200028;-0.445637;0.679249;-0.381286
909;1.798724;-8.593949;2.00963;0.034587;0.041168;-0.187633;-0.450083;0.671806;-0.380031
910;1.94937;-8.195408;2.102915;0.11571;0.032742;-0.107201;-0.454706;0.669639;-0.381856
911;1.950618;-7.825627;2.276967;0.102905;0.064202;-0.041674;-0.456202;0.665858;-0.384234
912;1.904488;-7.996712;2.536693;0.106266;0.083246;0.043971;-0.454971;0.662589;-0.386919
913;1.768678;-8.241019;2.75795;0.009282;0.076878;0.052971;-0.452439;0.665195;-0.390699
914;1.700448;-8.37473;2.980438;-0.019002;0.081391;0.107626;-0.449059;0.666714;-0.389057
915;1.542806;-8.566522;3.082471;-0.032821;0.056731;0.135966;-0.44392;0.671486;-0.390265
916;1.489776;-8.69988;3.185677;-0.011186;0.058718;0.162427;-0.440126;0.676526;-0.390977
917;1.371435;-8.594482;3.006364;-0.111053;0.032013;0.197961;-0.432686;0.683085;-0.390173
918;1.350867;-8.326627;2.769149;-0.198828;0.071614;0.236887;-0.425683;0.694116;-0.387214
919;1.473818;-7.89502;2.056487;-0.214624;0.071345;0.357256;-0.414827;0.706698;-0.383972
920;1.37519;-6.914071;1.532279;-0.420683;0.08538;0.510137;-0.400029;0.722251;-0.378801
921;1.272105;-6.808232;1.211297;-0.538914;0.093393;0.659492;-0.380072;0.746155;-0.369345
922;0.537938;-7.749898;0.990655;-0.373046;0.117273;0.675923;-0.354645;0.772738;-0.357619
923;0.436291;-6.965041;1.338264;-0.589581;0.134503;0.706585;-0.323571;0.802246;-0.347895
924;0.022088;-6.493187;0.905365;-1.283921;0.267025;0.822677;-0.28728;0.842402;-0.320244
925;-0.997173;-9.323274;0.998632;-1.048592;0.185603;0.778472;-0.249288;0.882445;-0.289075
926;-1.247983;-13.751755;0.87838;-0.662324;0.0004;0.685691;-0.205991;0.921926;-0.263759
927;-4.468743;-23.405945;1.6419;0.665925;-0.066009;-0.411763;-0.192857;0.937704;-0.261415
928;0.999062;-14.327644;1.414052;-0.081518;0.019803;-0.335718;-0.202513;0.935368;-0.264959
929;-0.007345;-9.899938;0.539711;-0.686872;-0.01913;-0.042697;-0.209033;0.936593;-0.248676
930;-0.729742;-8.167357;0.45595;-0.630145;0.023048;-0.137666;-0.2178;0.936206;-0.235921
931;-0.602922;-6.817454;-0.138774;-0.356547;-0.001057;-0.186395;-0.222891;0.938121;-0.221104
932;-0.460877;-8.742359;-0.829304;-0.205499;0.02577;-0.303104;-0.229684;0.940083;-0.212287
933;-0.397987;-11.336088;-0.868082;-0.138148;0.103309;-0.50406;-0.238077;0.945826;-0.19501
934;0.348709;-10.869114;-0.553419;0.15456;0.14071;-0.525612;-0.255145;0.94044;-0.196209
935;1.185634;-10.122079;-0.042225;0.375029;0.111027;-0.231405;-0.268468;0.931079;-0.214333
936;0.691706;-10.400876;0.258179;0.407362;0.058133;0.000461;-0.270305;0.92521;-0.22802
937;0.097908;-9.63452;0.661636;0.282052;0.032632;0.042326;-0.271239;0.922085;-0.240174
938;0.101205;-8.753918;0.943501;0.04316;0.048178;-0.001806;-0.268319;0.921905;-0.24447
939;0.173873;-9.228264;0.82903;-0.101822;0.025832;-0.003742;-0.267526;0.92251;-0.242511
940;0.31983;-10.168602;0.361345;-0.132577;0.01421;-0.009234;-0.269376;0.922893;-0.241209
941;0.529375;-10.117415;0.109541;-0.138022;0.007967;-0.009198;-0.269393;0.925692;-0.236402
942;0.471455;-9.819977;-0.038214;-0.081789;0.026429;-0.003729;-0.268944;0.925868;-0.233212
943;0.337723;-9.700526;0.006324;0.04669;0.010397;0.005627;-0.267745;0.928532;-0.228769
944;0.352292;-9.686478;0.170701;0.14454;0.022297;0.004803;-0.268111;0.925589;-0.233039
945;0.366268;-9.783714;0.371663;0.127206;0.000944;0.003963;-0.26829;0.925214;-0.238837
946;0.291329;-9.776413;0.550242;0.035793;0.0196;0.009227;-0.26812;0.924732;-0.240758
947;0.276732;-9.68753;0.588022;-0.005802;0.017849;-0.010884;-0.268027;0.92422;-0.241578
948;0.291745;-9.761033;0.408558;-0.058362;0.016543;0.001813;-0.266988;0.923905;-0.240155
949;0.366461;-9.80547;0.252122;-0.058225;0.03617;-0.003741;-0.267374;0.924893;-0.237142
950;0.351655;-9.783121;0.252155;-0.027576;0.016375;0.007329;-0.267147;0.925512;-0.235483
951;0.314398;-9.760741;0.289331;0.006847;0.006975;-0.00809;-0.268123;0.924598;-0.235791
952;0.336805;-9.702003;0.379433;0.039465;0.020351;0.001935;-0.267103;0.926155;-0.234658
953;0.366376;-9.739407;0.409264;-0.007632;0.01614;-0.00358;-0.266703;0.925692;-0.237397
954;0.321501;-9.798142;0.363767;-0.023866;0.023329;-0.009113;-0.26769;0.925647;-0.235367
955;0.291954;-9.775409;0.296528;-0.009333;0.023088;-0.018215;-0.266111;0.926395;-0.234068
956;0.307213;-9.701407;0.289662;-0.023906;0.02529;0.005471;-0.266861;0.926766;-0.232721
957;0.351901;-9.716527;0.274978;-0.014058;0.002821;0.005584;-0.26774;0.927334;-0.233726
958;0.321736;-9.790408;0.281731;-0.03297;0.016272;-0.003625;-0.268834;0.927542;-0.231151
959;0.314539;-9.745805;0.259579;-0.025799;0.011002;0.009176;-0.268649;0.926719;-0.23031
960;0.351776;-9.804995;0.162464;-0.034736;0.019801;-0.007291;-0.267237;0.926951;-0.229565
961;0.352031;-9.760451;0.140368;-0.020324;0.020873;0.014613;-0.266904;0.928249;-0.228458
962;0.366379;-9.908578;0.094738;-0.020424;0.014843;0.034698;-0.266387;0.928723;-0.226509
963;0.233006;-9.685575;0.184727;0.044963;0.031962;0.00735;-0.264476;0.928177;-0.226704
964;0.292465;-9.605411;0.402113;0.016883;0.028502;-0.003603;-0.265834;0.927985;-0.228964
965;0.261853;-9.746211;0.468127;0.008704;0.030472;0.005491;-0.265547;0.929306;-0.228687
966;0.306641;-9.820014;0.303812;-0.050149;0.034528;0.012687;-0.264845;0.929557;-0.228384
967;0.254817;-9.774902;0.244012;-0.03658;0.008962;-0.014549;-0.263954;0.930579;-0.227115
968;0.262557;-9.759789;0.154619;-0.031972;0.036021;0.002668;-0.265581;0.92972;-0.224277
969;0.351854;-9.856358;0.035267;-0.018542;0.003662;0.00374;-0.26366;0.931829;-0.224215
970;0.277619;-9.818504;-0.017287;-0.094488;0.031119;0.008983;-0.264216;0.930574;-0.221883
971;0.351045;-10.26221;-0.385279;-0.145494;0.023426;0.087361;-0.26213;0.931933;-0.213808
972;0.965298;-11.451071;-0.791328;-0.109466;0.020369;0.147627;-0.257964;0.933728;-0.212826
973;0.577657;-13.166586;-0.894975;0.261717;0.030964;0.211831;-0.253674;0.934996;-0.212111
974;-0.359438;-12.449687;-0.404893;0.857966;0.010779;0.086819;-0.254936;0.922726;-0.230557
975;-0.655115;-11.112006;1.064218;0.588979;0.089596;-0.090762;-0.260602;0.908845;-0.251789
976;-0.51296;-12.58805;1.160173;0.199069;0.128119;-0.375117;-0.276599;0.890629;-0.261403
977;-0.440681;-12.893844;1.516933;0.948968;-0.015912;-0.582314;-0.303052;0.863892;-0.281859
978;0.056337;-11.602379;1.827602;0.684826;-0.084371;-0.771974;-0.339441;0.820795;-0.313907
979;0.299299;-10.861581;1.379048;0.232466;-0.05892;-0.849271;-0.372593;0.787526;-0.321618
980;0.643951;-10.272995;1.736228;0.655692;-0.119182;-0.790006;-0.403697;0.756434;-0.326918
981;0.784894;-8.77736;1.732098;0.698351;-0.197944;-0.6947;-0.432499;0.719618;-0.34298
982;1.174432;-8.39482;1.640527;0.622497;-0.164374;-0.711315;-0.457108;0.685514;-0.352549
983;1.55022;-7.642528;1.760207;0.828521;-0.194394;-0.645178;-0.481085;0.649369;-0.365664
984;2.121917;-6.189606;2.311293;0.806116;-0.217602;-0.535554;-0.500182;0.617193;-0.379715
985;2.528615;-5.22248;2.380366;0.694959;-0.209115;-0.365128;-0.514814;0.589657;-0.389758
986;2.875015;-4.513399;2.245817;0.513533;-0.130232;-0.189647;-0.524705;0.569882;-0.39815
987;3.172209;-4.612917;2.448911;0.160669;-0.012162;-0.130414;-0.529687;0.561243;-0.401736
988;2.992044;-4.929835;2.385784;0.021195;0.059953;-0.028801;-0.529006;0.557582;-0.40444
989;3.120749;-5.844401;2.925576;0.028029;0.080395;0.091499;-0.527254;0.56044;-0.407425
990;2.799202;-7.701793;2.963297;-0.032107;0.09576;0.219851;-0.521717;0.564816;-0.40889
991;2.54489;-9.419718;3.196459;0.085492;0.102681;0.270066;-0.514238;0.572555;-0.41237
992;2.471774;-10.62047;3.441822;0.09997;0.077106;0.240973;-0.506863;0.578682;-0.415291
993;2.139909;-11.565644;3.291371;0.039717;0.066123;0.132345;-0.500515;0.586449;-0.419369
994;2.154777;-11.440782;3.538559;0.044675;0.049112;-0.008921;-0.498761;0.588774;-0.422351
995;2.113672;-10.610799;3.595882;-0.029284;0.037635;-0.108355;-0.500783;0.584122;-0.421846
996;2.326142;-9.870852;3.423205;0.037737;0.017105;-0.138231;-0.50519;0.580451;-0.422272
997;2.391357;-8.736959;3.237048;0.084564;-0.009699;-0.107006;-0.507947;0.576495;-0.42263
998;2.454169;-8.099747;3.114805;0.091772;0.004952;-0.079676;-0.512275;0.571188;-0.421662
999;2.696052;-7.33126;3.15895;0.135005;0.016359;-0.013042;-0.510669;0.566935;-0.422532
1000;2.622199;-7.123616;3.264215;0.101213;0.022071;0.063496;-0.510459;0.566367;-0.426244
1001;2.484815;-7.789716;3.348392;0.108549;0.068205;0.103403;-0.508683;0.568548;-0.428809
1002;2.393894;-7.923778;3.705032;0.029794;0.063118;0.078689;-0.506919;0.569672;-0.431643
1003;2.407822;-7.954893;4.048211;-0.069229;0.053872;0.136058;-0.499471;0.573035;-0.430816
1004;2.135871;-8.767683;4.025938;0.020073;0.02527;0.199176;-0.496435;0.578782;-0.432806
1005;2.104347;-9.211522;3.903412;-0.007122;0.001891;0.182803;-0.491787;0.584196;-0.432934
1006;2.118802;-9.433032;3.678205;0.092387;-0.023922;0.185775;-0.488784;0.587099;-0.433111
1007;2.03494;-9.913497;3.555045;0.140553;-0.015679;0.161155;-0.485394;0.588881;-0.436298
1008;1.966672;-10.289999;3.343128;0.008014;-0.009372;0.027773;-0.483033;0.592368;-0.43816
1009;2.057072;-10.142063;3.225375;0.030252;0.008861;-0.076231;-0.483258;0.590951;-0.439814
1010;2.103344;-9.757441;3.302852;0.025993;0.027105;-0.127368;-0.486671;0.585989;-0.437156
1011;2.180138;-9.313077;3.201849;0.021697;0.018159;-0.199362;-0.490061;0.58248;-0.43906
1012;2.317147;-8.713777;3.147085;0.030713;0.047393;-0.154757;-0.493053;0.577709;-0.438731
1013;2.281965;-8.158466;3.322068;0.065787;0.053375;-0.092701;-0.496189;0.572744;-0.441028
1014;2.258315;-8.351604;3.49227;-0.000182;0.080692;-0.097473;-0.499772;0.569863;-0.441427
1015;2.325167;-8.301018;3.67967;0.057722;0.068597;-0.105537;-0.497987;0.56745;-0.441476
1016;2.392922;-8.131294;3.7186;0.017907;0.078789;-0.103798;-0.500574;0.566736;-0.443644
1017;2.429125;-8.221567;3.986938;0.054699;0.070516;-0.035306;-0.500948;0.563463;-0.445566
1018;2.34661;-8.265894;4.120349;0.03728;0.056738;-0.001533;-0.501511;0.562278;-0.445856
1019;2.25615;-8.443348;4.208059;0.008019;0.029615;0.03501;-0.501686;0.562299;-0.446553
1020;2.26992;-8.69538;4.206525;0.065794;-0.001151;0.044335;-0.499275;0.564033;-0.447572
1021;2.18704;-8.990379;4.024878;-0.062654;0.003845;0.020404;-0.497366;0.564418;-0.447774
1022;2.314341;-8.931595;3.8919;-0.033906;-0.022893;0.047929;-0.500006;0.565723;-0.44582
1023;2.343381;-9.337628;3.456653;-0.014682;-0.018159;0.016906;-0.498092;0.56697;-0.443408
1024;2.403945;-9.138002;3.443486;-0.017253;-0.013164;-0.015938;-0.498706;0.567872;-0.442059
1025;2.345232;-9.040435;3.24965;-0.031505;0.002567;-0.050688;-0.500722;0.567606;-0.441311
1026;2.45126;-8.619306;3.342742;-0.00423;0.021137;-0.060736;-0.500719;0.566275;-0.441301
1027;2.498648;-8.100492;3.21215;-0.09484;0.031965;-0.034441;-0.502591;0.56627;-0.440411
1028;2.371966;-8.06266;3.271136;-0.03967;0.051843;0.009314;-0.502546;0.566247;-0.439581
1029;2.365077;-7.848383;3.436653;3.4e-05;0.062033;0.05311;-0.500603;0.56861;-0.439106
1030;2.424265;-7.776011;3.750998;-0.001153;0.063848;0.116956;-0.498263;0.57131;-0.441377
1031;2.311593;-7.95305;3.778842;-0.090011;0.057536;0.137821;-0.493829;0.576298;-0.440407
1032;2.243731;-8.130301;3.769712;-0.166204;0.049369;0.16054;-0.488965;0.584199;-0.439028
1033;2.253077;-7.803677;3.600269;-0.236992;0.059498;0.215126;-0.483517;0.593273;-0.436944
1034;2.174699;-7.238206;3.170526;-0.441783;0.064116;0.26225;-0.47818;0.606722;-0.429241
1035;2.169085;-5.832967;1.970694;-0.910891;0.088502;0.319886;-0.468513;0.62634;-0.414926
1036;2.177337;-4.120587;1.765479;-1.104948;0.196406;0.519845;-0.454714;0.658075;-0.392394
1037;1.445197;-4.544112;1.675085;-0.749779;0.15196;0.899818;-0.430329;0.695147;-0.374303
1038;0.576814;-5.028751;2.32205;-0.281777;0.081096;1.086721;-0.395407;0.736185;-0.364095
1039;-0.40892;-5.479959;2.25194;-0.590062;0.084454;1.202906;-0.350755;0.779126;-0.359027
1040;-1.17883;-7.740191;2.014989;-0.690226;0.115008;1.180596;-0.302929;0.829006;-0.345881
1041;-1.70418;-8.727462;1.661309;-0.881574;0.066242;1.207812;-0.242155;0.881988;-0.329203
1042;-4.526536;-25.147778;3.764415;-1.983582;0.050659;0.994043;-0.17103;0.94274;-0.288576
1043;-2.538626;-25.441963;1.06122;-0.127846;0.027814;-1.098039;-0.176674;0.955635;-0.270965
1044;3.443957;-9.495613;-1.894118;-1.267505;-0.035113;-0.229172;-0.206548;0.948529;-0.243008
1045;-1.302034;-6.993321;-1.085497;-0.66067;0.054393;-0.11966;-0.223796;0.94741;-0.209759
1046;-1.346251;-2.974048;0.052221;-0.026332;0.102871;-0.220993;-0.235313;0.940936;-0.202312
1047;-0.215913;-3.722795;-0.272427;0.550406;0.0305;-0.041978;-0.236562;0.938633;-0.215174
1048;0.183396;-7.68302;-0.205602;0.739792;0.012901;0.159819;-0.225421;0.940973;-0.232124
1049;-0.118968;-14.907181;0.342127;0.564818;0.032018;0.034309;-0.213306;0.943366;-0.256347
1050;-0.107908;-15.509275;0.800971;0.232327;0.040842;-0.165002;-0.211961;0.940712;-0.276965
1051;0.611318;-9.904833;0.521984;-0.002;0.059205;-0.003736;-0.217757;0.936665;-0.27772
1052;-0.296132;-7.69795;0.790642;0.133282;0.019778;0.07686;-0.219324;0.934382;-0.281353
1053;-0.657092;-8.156268;1.2476;0.124558;0.040513;0.011057;-0.22072;0.933011;-0.27933
1054;-0.395343;-9.581231;1.300019;0.192389;0.007611;-0.003319;-0.2203;0.931009;-0.284264
1055;0.138272;-10.414203;1.000148;0.084665;0.010192;-0.002546;-0.216667;0.931144;-0.295569
1056;0.168619;-10.457718;0.701594;-0.166806;0.047505;-0.020383;-0.216334;0.931976;-0.291975
1057;-0.088851;-9.655777;0.794407;-0.173072;0.056338;-0.033195;-0.217443;0.934583;-0.28459
1058;-0.243951;-9.328601;0.817746;-0.034659;0.039408;-0.018346;-0.219297;0.935632;-0.278326
1059;-0.185247;-9.610069;0.674573;0.059347;0.022975;0.011942;-0.218484;0.934165;-0.278559
