time index;acc_x;acc_y;acc_z;gyr_x;gyr_y;gyr_z;mag_x;mag_y;mag_z
1;1.724702;-8.601716;-4.280544;-0.016438;0.00658;0.001253;-0.379773;0.919654;0.300441
2;1.717235;-8.58674;-4.28063;-0.009091;0.008217;-0.007797;-0.379695;0.920589;0.301649
3;1.717198;-8.609152;-4.280691;0.005322;0.002911;-0.006962;-0.380235;0.91979;0.299745
4;1.717203;-8.601655;-4.288143;-0.013575;0.00906;-0.009589;-0.380389;0.920329;0.299593
5;1.7322;-8.601778;-4.272946;-0.020785;0.005407;-0.01141;-0.379948;0.920868;0.300141
6;1.702246;-8.586642;-4.288355;-0.015518;0.011968;0.001295;-0.379098;0.920739;0.300579
7;1.747194;-8.586855;-4.287596;-0.012764;0.006495;-0.003289;-0.37945;0.918306;0.300885
8;1.732154;-8.616641;-4.295403;0.00245;-0.000449;0.004775;-0.380547;0.918834;0.300839
9;1.724697;-8.616736;-4.258169;-0.01714;0.001763;-0.015058;-0.379119;0.920068;0.300183
10;1.70226;-8.594217;-4.258488;-0.024632;0.001251;0.004864;-0.379665;0.92087;0.300286
11;1.702207;-8.601531;-4.30334;-0.026227;0.002745;-0.009594;-0.378883;0.919805;0.299653
12;1.732121;-8.61651;-4.332762;-0.008275;0.015573;0.00129;-0.379236;0.919526;0.300326
13;1.732193;-8.601751;-4.280418;0.018785;0.005774;-0.000651;-0.379841;0.918719;0.29937
14;1.717242;-8.586765;-4.273158;-0.004903;-0.010183;0.011969;-0.379239;0.918315;0.300077
15;1.724695;-8.60169;-4.288016;-0.008232;0.001085;-0.00604;-0.37915;0.919921;0.301543
16;1.732168;-8.616693;-4.280458;-0.016235;0.000869;-0.015069;-0.380476;0.918827;0.301792
17;1.747169;-8.601796;-4.287637;-0.011809;0.003718;-0.007832;-0.379155;0.920475;0.299767
18;1.747157;-8.61679;-4.272734;-0.013469;0.012489;-0.016814;-0.379655;0.920196;0.300299
19;1.732211;-8.586784;-4.287849;0.001881;0.009843;-0.017768;-0.379084;0.920468;0.30072
20;1.717242;-8.586765;-4.273158;-0.010131;0.015623;0.004014;-0.378811;0.919798;0.300606
21;1.717229;-8.586713;-4.288102;-0.005557;-0.001555;-0.004253;-0.380041;0.920728;0.300684
22;1.724695;-8.60169;-4.288016;0.013449;0.015542;-0.004188;-0.379224;0.920063;0.300588
23;1.732187;-8.609248;-4.272966;-0.00286;-0.004239;-0.004283;-0.381013;0.919913;0.30026
24;1.724727;-8.586775;-4.280504;-0.009088;0.001008;-0.009657;-0.380186;0.919247;0.3003
25;1.732213;-8.60183;-4.258002;-0.015408;0.001878;-0.009638;-0.380243;0.920329;0.299734
26;1.747176;-8.601823;-4.280165;-0.01194;0.001212;0.001196;-0.380791;0.918963;0.301236
27;1.71723;-8.601759;-4.258255;-0.016246;-0.000921;-0.015075;-0.38048;0.920054;0.300139
28;1.694768;-8.586658;-4.273538;-0.006359;0.000989;-0.01146;-0.37974;0.919517;0.300853
29;1.694703;-8.601444;-4.31841;-0.00451;-0.004453;-0.015119;-0.379822;0.919525;0.299763
30;1.70975;-8.579206;-4.288208;-0.000951;0.001024;-0.010576;-0.379512;0.920182;0.302206
31;1.732222;-8.564267;-4.317676;0.01526;0.002945;-0.006995;-0.379355;0.920615;0.298943
32;1.732193;-8.601751;-4.280418;0.049265;0.0017;0.013718;-0.379966;0.919539;0.297857
33;1.717061;-8.646218;-4.362985;0.144826;0.023864;0.028111;-0.378915;0.921199;0.294056
34;1.702407;-8.587269;-4.109027;0.19687;0.044226;0.050736;-0.377734;0.924895;0.288727
35;1.635085;-8.639977;-3.901093;0.181983;-0.010143;0.067626;-0.374276;0.928633;0.281163
36;1.568048;-8.483241;-3.767308;0.026547;-0.079786;0.063947;-0.370341;0.931246;0.279748
37;1.403844;-8.138908;-3.739266;0.013435;-0.160544;0.146708;-0.364599;0.933619;0.277039
38;1.508112;-8.437819;-3.857862;0.209372;-0.026669;0.173318;-0.355407;0.939686;0.272064
39;1.82025;-9.377076;-4.871304;0.465225;0.050031;0.110692;-0.34797;0.948067;0.262233
40;1.611057;-9.393323;-4.217352;0.784122;0.097352;0.086799;-0.345403;0.954107;0.235987
41;1.312141;-9.387254;-3.415417;0.834562;0.106432;0.081436;-0.343064;0.963565;0.203692
42;1.387835;-9.292891;-2.726464;0.538508;0.033035;0.054509;-0.343029;0.970846;0.171091
43;1.365705;-9.128688;-2.651676;0.228628;-0.016294;0.064894;-0.33955;0.973146;0.158122
44;1.245567;-9.23232;-2.766065;-0.014573;-0.026867;0.02839;-0.339619;0.972494;0.15528
45;1.275615;-9.195187;-2.743041;-0.243278;-0.038461;-0.014554;-0.339132;0.972715;0.161811
46;1.162818;-9.215552;-3.178375;-0.261163;-0.048479;-0.021769;-0.339403;0.970454;0.17407
47;1.214744;-9.484514;-3.24547;-0.186707;-0.028159;-0.048962;-0.340343;0.968199;0.184677
48;1.207642;-9.185204;-3.371806;-0.113854;-0.008114;-0.090623;-0.342324;0.96409;0.190123
49;1.087965;-9.034959;-3.448143;0.071478;0.016941;-0.040217;-0.346354;0.961905;0.188538
50;0.892961;-9.258736;-3.287659;0.184037;0.026303;0.044681;-0.346674;0.959529;0.182053
51;0.706033;-9.199075;-3.006722;0.172617;0.04603;0.221292;-0.3416;0.96128;0.172135
52;0.608887;-9.199553;-2.739375;0.113119;0.063663;0.34913;-0.331823;0.961441;0.164846
53;0.998729;-9.059662;-2.672635;0.056594;0.065107;0.391624;-0.31947;0.963498;0.159643
54;0.982771;-9.454341;-3.017678;0.029015;0.05691;0.433262;-0.300352;0.965613;0.155883
55;0.848712;-9.155969;-2.705317;-0.001326;0.061574;0.402662;-0.285321;0.965518;0.15339
56;1.538704;-8.711113;-2.655098;-0.02499;-0.010407;0.401938;-0.269257;0.966517;0.150366
57;1.335061;-9.29886;-3.086025;-0.0967;-0.019777;0.303566;-0.25507;0.96878;0.155135
58;1.267762;-9.201264;-3.131731;0.143242;0.017322;0.188378;-0.244599;0.970786;0.153811
59;0.683238;-9.333077;-3.112076;0.287304;0.021628;0.145788;-0.238922;0.973868;0.146739
60;0.593709;-9.3792;-2.620565;0.36684;0.021569;0.128449;-0.232697;0.978362;0.132732
61;0.069367;-9.422039;-2.487574;0.258733;-0.015091;0.101554;-0.228369;0.981729;0.122215
62;-0.096071;-9.742164;-2.588369;0.202224;-0.02159;0.142431;-0.225099;0.986577;0.110548
63;-0.020745;-9.593729;-2.407369;0.051102;-0.017181;0.036067;-0.221364;0.987311;0.10794
64;-0.04984;-9.085626;-2.391546;-0.039893;-0.024968;0.02176;-0.21863;0.98801;0.108288
65;0.106315;-9.67591;-2.577298;-0.104277;-0.009868;-0.015108;-0.217214;0.9876;0.110788
66;0.114063;-9.503986;-2.614063;-0.076738;0.007551;-0.044918;-0.219247;0.987145;0.114397
67;0.0916;-9.481363;-2.644269;-0.052651;0.008986;-0.023251;-0.222189;0.986541;0.118523
68;0.075784;-9.831479;-2.914471;0.052498;-0.008733;0.01076;-0.220474;0.985203;0.119419
69;0.054345;-9.301496;-2.756493;0.184584;-0.012811;0.050196;-0.218889;0.986481;0.113606
70;0.353865;-9.497911;-2.535275;0.235981;0.003505;0.054586;-0.218237;0.986027;0.104128
71;0.174772;-9.266666;-2.193968;0.232582;0.00667;0.032975;-0.216875;0.987342;0.093553
72;0.069365;-9.587466;-2.181671;0.122511;-0.009989;0.025954;-0.217578;0.98647;0.084039
73;0.092217;-9.363449;-2.180681;0.050369;-0.004954;0.022529;-0.218313;0.986887;0.081562
74;0.166875;-9.475605;-2.254441;0.050195;-0.001074;0.037905;-0.216447;0.987583;0.081202
75;0.144676;-9.41641;-2.060386;0.014633;0.015905;-0.001684;-0.212822;0.987909;0.07887
76;0.054418;-9.542415;-2.226634;-0.005309;-0.000157;0.003726;-0.21309;0.988983;0.079112
77;-0.013121;-9.571717;-2.302573;-0.016149;-0.000137;0.00559;-0.213619;0.989245;0.079362
78;0.091722;-9.617195;-2.256093;0.017887;0.003946;0.025391;-0.211706;0.98886;0.079432
79;0.024824;-9.378281;-2.122084;0.010684;-0.010554;0.018096;-0.211328;0.98954;0.07916
80;-0.102779;-9.602298;-1.982877;0.138702;-0.038701;0.019464;-0.208843;0.988903;0.077759
81;-0.005523;-9.57217;-2.182895;-0.039106;-0.012279;0.029984;-0.208749;0.989432;0.07911
82;-0.00543;-9.565013;-2.093211;-0.087515;0.00321;0.007595;-0.208439;0.9897;0.079659
83;-0.013002;-9.557141;-2.197925;-0.151781;-0.030014;0.015673;-0.206989;0.990213;0.084586
84;-0.140442;-9.496041;-2.409128;-0.151669;-0.02737;0.011217;-0.205777;0.990451;0.089919
85;0.054099;-9.571253;-2.525594;-0.082872;-0.013011;0.002021;-0.204351;0.98989;0.094323
86;-0.080105;-9.287352;-2.34777;-0.05009;0.002831;-0.019616;-0.204686;0.989071;0.095143
87;0.11453;-9.423087;-2.247712;-0.136481;0.002942;-0.039376;-0.207788;0.98793;0.098866
88;0.024288;-9.511554;-2.466162;-0.156549;-0.002104;-0.021231;-0.207932;0.987601;0.10593
89;-0.073059;-9.390934;-2.646808;-0.117807;-0.000861;-0.013143;-0.20692;0.988262;0.108668
90;0.203851;-9.616787;-2.523187;-0.049398;0.003165;0.000178;-0.207145;0.986894;0.11086
91;0.009707;-9.257372;-2.49561;-0.039654;-0.003691;0.011029;-0.207059;0.986616;0.111954
92;-0.065478;-9.406355;-2.519699;-0.044093;-0.008297;0.004714;-0.205314;0.987429;0.113626
93;-0.021304;-9.749466;-2.736564;-0.043367;-0.025051;0.018161;-0.205732;0.985796;0.115002
94;-0.04966;-8.958491;-2.42856;-0.042506;-0.0125;0.018226;-0.204114;0.986217;0.114911
95;-0.133072;-9.427925;-2.670338;0.066626;-0.008262;0.028891;-0.202096;0.987706;0.116715
96;-0.492389;-9.479903;-2.280537;-0.09997;-0.065785;0.047158;-0.202506;0.986446;0.121887
97;0.135809;-9.711812;-3.032685;-0.182752;-0.026683;0.052795;-0.199803;0.985608;0.128783
98;-0.050554;-9.30092;-2.78068;-0.146823;-0.011946;0.063722;-0.196043;0.985591;0.135426
99;0.084049;-9.368299;-2.920554;-0.022253;-0.011483;0.065174;-0.194614;0.986391;0.13831
100;-0.080701;-9.360231;-2.871013;0.017855;0.000684;0.037185;-0.192647;0.986015;0.137295
101;-0.140141;-9.188903;-2.647397;0.045124;-0.001389;0.01813;-0.190616;0.986321;0.135455
102;-0.290578;-9.494131;-2.755369;-0.044724;0.005839;-0.008663;-0.193019;0.985364;0.134036
103;-0.035479;-9.286311;-2.705667;-0.104519;-0.004017;0.005777;-0.192152;0.986564;0.136758
104;-0.020812;-9.465629;-2.720846;-0.149511;-0.01339;-0.005932;-0.191124;0.98504;0.142933
105;-0.080461;-9.225809;-2.855702;-0.11158;0.013793;0.000502;-0.192181;0.983112;0.146602
106;0.009433;-9.263824;-2.787038;-0.125671;0.004159;-0.028506;-0.190741;0.983626;0.151394
107;-0.200617;-9.291775;-3.059653;-0.055345;0.010089;-0.0177;-0.191081;0.9836;0.1541
108;-0.126266;-9.598248;-3.111527;-0.076308;-0.002749;-0.071118;-0.192351;0.982471;0.158698
109;-0.073256;-9.299926;-3.035107;-0.006625;0.003957;-0.017913;-0.194122;0.984083;0.157115
110;-0.21591;-9.455931;-3.097714;0.058697;-0.004363;-0.044294;-0.195214;0.982861;0.156831
111;0.219143;-9.196953;-2.962641;0.149494;0.022012;-0.079805;-0.19914;0.981249;0.151299
112;0.040055;-8.958212;-2.628786;0.151644;0.007892;-0.115112;-0.202785;0.983572;0.142986
113;-0.035513;-9.226023;-2.854944;0.146521;0.019241;-0.13036;-0.207217;0.983431;0.138225
114;0.383516;-9.564507;-2.759112;0.155277;0.068172;-0.099462;-0.21134;0.984516;0.132364
115;0.0697;-9.092463;-2.733254;0.196477;0.047256;-0.082406;-0.213851;0.98523;0.12439
116;0.406624;-9.349005;-2.459262;0.22906;0.064632;-0.021897;-0.215708;0.987315;0.11451
117;0.046325;-9.682914;-2.630634;0.303701;0.091577;0.006299;-0.215654;0.989149;0.104697
118;0.083611;-9.840343;-2.525821;0.42016;0.096413;0.003322;-0.21523;0.992113;0.08917
119;0.249708;-9.289669;-2.125517;0.466089;0.125348;0.010552;-0.214528;0.994286;0.071765
120;-0.094222;-9.35833;-1.257296;0.225995;0.064774;-0.018056;-0.214954;0.99738;0.0558
121;0.248666;-9.811997;-2.306269;0.024225;0.012456;-0.039748;-0.215836;0.997797;0.053183
122;0.092894;-9.117931;-1.888601;0.154082;0.044479;-0.032577;-0.217303;0.9973;0.046217
123;0.10679;-9.843191;-1.740883;0.075011;0.050787;-0.059452;-0.218829;0.99841;0.040577
124;0.129059;-9.752264;-2.136275;0.070085;0.023645;-0.02798;-0.219416;0.999889;0.040257
125;0.430043;-9.412951;-1.293416;-0.034624;0.008933;0.022699;-0.219893;0.999234;0.037402
126;0.009384;-9.737382;-1.95893;-0.088854;-0.018698;0.032779;-0.218513;0.99962;0.041379
127;0.504086;-9.665589;-1.785994;-0.126648;-0.039894;0.018052;-0.217262;0.999749;0.043591
128;-0.14108;-9.914666;-2.335548;0.031039;-0.038981;0.112009;-0.214546;1.002185;0.045807
129;-0.052522;-10.797219;-2.172049;0.117571;-0.017911;-0.011075;-0.212535;1.002493;0.043694
130;0.370014;-8.998693;-2.175003;0.001563;0.088028;-0.151424;-0.218809;1.000277;0.042987
131;0.675681;-10.3254;-1.336557;0.003543;0.120197;-0.237211;-0.225895;0.997545;0.038595
132;0.579446;-9.577443;-1.455717;-0.275055;0.074119;-0.602235;-0.248585;0.992182;0.039447
133;0.409441;-8.262081;-1.36538;-0.44936;0.123548;-0.78597;-0.276842;0.983427;0.052406
134;0.580514;-8.679225;-1.946426;-0.715698;0.066217;-0.64737;-0.304318;0.975566;0.0723
135;1.20762;-9.591185;-2.640651;-0.754614;-0.045125;-0.248465;-0.319612;0.968971;0.100856
136;1.341494;-9.858761;-3.214449;-0.531889;-0.163865;0.084806;-0.318147;0.967958;0.12741
137;1.103476;-9.074681;-2.790457;-0.303516;-0.112337;0.018632;-0.317578;0.96485;0.145282
138;0.953774;-8.871426;-3.03154;-0.260364;-0.018196;-0.077572;-0.318067;0.963942;0.156692
139;1.125426;-9.193068;-3.149058;-0.252656;0.018017;-0.102734;-0.318742;0.963336;0.163881
140;1.207459;-9.349926;-3.267646;-0.23525;-0.000714;-0.056802;-0.3201;0.962185;0.170921
141;1.192714;-9.192864;-3.297359;-0.185051;-0.032401;-0.038143;-0.322695;0.959528;0.179308
142;1.267975;-8.999057;-3.273149;-0.14389;-0.028132;-0.011119;-0.322935;0.957174;0.186544
143;1.267672;-9.110675;-3.400478;-0.098558;-0.003012;-0.018295;-0.324391;0.95687;0.188811
144;1.245147;-9.132928;-3.415863;-0.031081;-0.002425;-0.002166;-0.324005;0.957251;0.192212
145;1.222813;-9.065689;-3.386171;0.008499;0.005117;0.008647;-0.323692;0.957249;0.192766
146;1.245283;-9.095861;-3.333569;0.023915;0.008639;0.003198;-0.323581;0.957134;0.190599
147;1.237844;-9.080989;-3.303767;-0.028231;0.01353;-0.01111;-0.325312;0.956723;0.189191
148;1.237895;-9.051105;-3.303686;-0.087918;-0.005418;-0.006569;-0.323313;0.957406;0.190602
149;1.237816;-9.065839;-3.363502;-0.098798;-0.006259;-0.002025;-0.323374;0.956021;0.194973
150;1.237715;-9.065447;-3.475582;-0.100252;0.000451;-0.024589;-0.32332;0.95612;0.19932
151;1.237734;-9.050479;-3.483013;-0.049977;-0.004354;-0.005751;-0.325017;0.955288;0.200095
152;1.24518;-9.065378;-3.505343;-0.016423;0.006338;-0.01481;-0.323918;0.955148;0.202035
153;1.245245;-9.050592;-3.460471;0.016897;0.001155;-0.011309;-0.325537;0.95338;0.20188
154;1.237831;-9.020779;-3.430628;0.007778;0.004855;-0.004024;-0.323694;0.95354;0.201122
155;1.24531;-9.035808;-3.415598;-0.015455;0.010708;-0.020211;-0.324001;0.953137;0.200576
156;1.245247;-9.065639;-3.430624;-0.026341;-0.000946;-0.018452;-0.324537;0.955285;0.201061
157;1.215317;-9.028039;-3.460916;-0.026457;-0.008855;-0.011258;-0.324886;0.953106;0.203265
158;1.245225;-9.050514;-3.482887;0.00688;-0.00594;-0.005905;-0.324939;0.953919;0.202704
159;1.245562;-8.886393;-3.415191;0.04719;0.003648;0.017571;-0.323441;0.954891;0.201105
160;1.04409;-8.542614;-3.178566;0.166445;-0.065427;0.121808;-0.320715;0.956563;0.197902
161;1.223803;-8.678514;-3.011513;0.215196;-0.084236;0.248123;-0.311556;0.960226;0.190255
162;1.154212;-9.684923;-3.538439;0.248449;-0.02699;0.147184;-0.301247;0.967153;0.18041
163;1.103175;-8.960713;-3.335606;0.381287;0.012797;0.139883;-0.295172;0.972978;0.168274
164;0.974749;-9.632717;-3.272341;0.523497;0.008521;0.166718;-0.286893;0.978986;0.152946
165;0.862176;-9.977304;-2.856744;0.438253;0.005927;0.054816;-0.284116;0.982149;0.132603
166;0.818991;-9.186858;-2.377137;0.216458;-0.013444;0.02447;-0.284685;0.983043;0.121565
167;0.900713;-9.500422;-2.548457;0.01815;-0.033417;0.004903;-0.284632;0.983771;0.115169
168;0.795694;-9.5069;-2.692216;-0.064494;-0.026134;-0.020129;-0.284176;0.983366;0.115735
169;0.743806;-9.275683;-2.513142;-0.141881;-0.014232;-0.037935;-0.286902;0.98141;0.120708
170;0.758275;-9.48431;-2.692787;-0.244034;0.014051;-0.082718;-0.28795;0.981201;0.12842
171;0.788488;-9.289898;-2.781416;-0.296712;0.003111;-0.126097;-0.292297;0.976355;0.138421
172;0.893215;-9.319885;-2.891806;-0.216134;-0.009553;-0.145417;-0.301539;0.973748;0.148762
173;1.028088;-9.215358;-3.053628;-0.083424;-0.082432;-0.094735;-0.305569;0.969499;0.152243
174;0.922437;-9.572807;-3.243176;0.209388;-0.099795;0.009405;-0.304524;0.966807;0.153007
175;0.923268;-9.320367;-2.794164;0.302476;-0.087649;0.061711;-0.304336;0.968254;0.141305
176;0.714427;-8.931911;-2.50524;0.329365;-0.074306;0.005729;-0.303453;0.968375;0.127748
177;0.690779;-9.536339;-2.679124;0.225379;-0.050914;0.028784;-0.302763;0.968097;0.113378
178;0.697853;-9.88818;-2.485683;0.018292;-0.060582;0.120593;-0.297764;0.965758;0.108968
179;0.84129;-9.299079;-2.362119;-0.150434;-0.005931;0.32842;-0.290069;0.966486;0.112059
180;1.253197;-9.1577;-2.750791;-0.079066;0.048326;0.343806;-0.275442;0.968226;0.115358
181;1.478184;-9.024368;-2.724213;0.04773;0.022389;0.238303;-0.266271;0.968343;0.112669
182;1.149529;-8.755844;-2.161175;0.130792;-0.00366;0.085196;-0.257627;0.968437;0.112
183;0.781676;-9.127071;-2.332775;0.165315;0.04712;0.015065;-0.255888;0.973498;0.105305
184;0.375893;-9.706834;-2.640073;0.19664;0.057753;0.041476;-0.254217;0.975605;0.09717
185;0.39831;-9.857114;-2.423413;0.147361;0.032189;0.072176;-0.250637;0.980288;0.089592
186;0.286234;-9.79005;-2.223384;0.033749;0.013536;0.056095;-0.247671;0.982773;0.08611
187;0.264087;-9.535544;-2.335151;0.060983;-0.007259;0.041417;-0.24665;0.984152;0.083672
188;0.204006;-9.685068;-2.22449;-0.053712;0.011726;-0.01784;-0.244501;0.985523;0.083581
189;0.226617;-9.475157;-2.462645;-0.0928;0.022431;-0.057488;-0.244813;0.98361;0.086324
190;0.400236;-9.142712;-1.621956;-0.164065;0.018126;-0.07551;-0.246122;0.984129;0.087086
191;0.429356;-9.259879;-2.339087;-0.271188;-0.022922;-0.092718;-0.251035;0.982107;0.097286
192;0.607814;-9.812002;-2.785877;-0.080746;-0.000469;-0.079525;-0.253568;0.981463;0.106859
193;0.54836;-9.572941;-2.704045;0.16685;0.015755;-0.032976;-0.25439;0.980139;0.102919
194;0.578392;-9.633501;-2.516902;0.310514;0.017334;0.019133;-0.256478;0.980586;0.095099
195;0.50368;-9.63393;-2.294008;0.297954;0.020698;0.010173;-0.255723;0.981513;0.081795
196;0.534696;-9.247131;-1.851596;0.164464;0.028884;-0.002131;-0.255921;0.982385;0.073894
197;0.475091;-9.097719;-1.770009;-0.062728;-0.00117;-0.028888;-0.257988;0.981201;0.067872
198;0.503902;-9.574634;-2.159349;-0.240343;-0.027168;-0.041285;-0.257775;0.980207;0.074146
199;0.653687;-9.499982;-2.343415;-0.205116;-0.006328;-0.034966;-0.258217;0.979997;0.082693
200;0.623695;-9.439578;-2.485726;-0.077223;0.002723;-0.01079;-0.257801;0.980225;0.088271
201;0.68335;-9.619265;-2.455315;0.0488;0.005474;0.014227;-0.257271;0.981458;0.086499
202;0.458971;-9.484249;-2.309304;0.051427;0.001993;0.016094;-0.258486;0.980249;0.084581
203;0.518878;-9.514521;-2.278485;0.017577;-0.026277;0.0431;-0.257214;0.98081;0.083525
204;0.488823;-9.559152;-2.294057;0.010645;-0.012322;0.025134;-0.252938;0.981534;0.082701
205;0.429193;-9.424681;-2.212511;0.016094;-0.033983;0.015951;-0.252735;0.982082;0.081882
206;0.428881;-9.573861;-2.280166;0.0308;-0.016297;0.001567;-0.252424;0.981543;0.08231
207;0.488785;-9.57404;-2.309042;0.119474;0.014301;-0.007516;-0.252792;0.982926;0.077654
208;0.526594;-9.485352;-2.084006;0.081357;-0.001827;0.000592;-0.252747;0.983759;0.074787
209;0.45931;-9.395331;-2.099844;0.032611;-0.000174;0.001652;-0.252207;0.983794;0.071136
210;0.518706;-9.656727;-2.204152;0.036967;-0.005291;0.014255;-0.251421;0.98246;0.070508
211;0.436641;-9.454625;-2.204994;0.11516;-0.008084;0.037587;-0.252073;0.982345;0.067229
212;0.458945;-9.619507;-2.08551;0.151498;0.006043;0.021309;-0.249673;0.984439;0.061563
213;0.429868;-9.27691;-1.741368;0.088556;0.016118;-0.000176;-0.250278;0.983392;0.056945
214;0.489501;-9.441473;-1.76322;-0.001676;0.021147;6.1e-05;-0.249215;0.984917;0.053284
215;0.406716;-9.574956;-1.936834;-0.100899;-0.004429;-0.007064;-0.248928;0.984215;0.056974
216;0.443809;-9.686517;-2.130779;-0.120558;0.000672;-0.016943;-0.249764;0.98364;0.060217
217;0.384053;-9.566596;-2.161353;-0.034121;-0.00947;-0.003636;-0.248902;0.982941;0.064334
218;0.406511;-9.604239;-2.108771;0.003802;0.015829;5e-05;-0.250136;0.983468;0.064283
219;0.398875;-9.693879;-2.10167;0.032355;-0.012376;0.017888;-0.248789;0.98471;0.062538
220;0.406699;-9.544812;-2.011472;0.047633;-0.010459;0.021473;-0.247354;0.984865;0.061767
221;0.444197;-9.552669;-1.951084;0.037997;0.001633;0.001664;-0.247988;0.984884;0.058758
222;0.324581;-9.410183;-1.94525;-0.008933;-0.019229;-0.003743;-0.249113;0.9838;0.058062
223;0.548883;-9.635135;-2.009313;-0.01943;-0.006291;-0.023614;-0.248523;0.984204;0.058753
224;0.422027;-9.395833;-1.906204;-0.028348;0.007901;-0.030689;-0.248098;0.98313;0.058787
225;0.534206;-9.485857;-1.949383;-0.055723;0.01275;-0.006211;-0.248983;0.983099;0.061476
226;0.504242;-9.500761;-1.920042;-0.127917;-0.001045;-0.010636;-0.248814;0.984159;0.063906
227;0.384119;-9.559334;-2.101557;-0.166134;-0.019521;0.011093;-0.24868;0.983861;0.067448
228;0.368658;-9.722836;-2.326417;-0.099288;-0.018365;0.010948;-0.248085;0.983278;0.073455
229;0.369228;-9.416743;-2.265806;-0.013724;-0.007897;0.025268;-0.247291;0.983663;0.076869
230;0.413975;-9.536489;-2.265373;0.095566;0.005879;0.022364;-0.246031;0.985032;0.075798
231;0.368865;-9.655966;-2.221626;0.15146;0.004375;0.025858;-0.246578;0.984683;0.068452
232;0.391652;-9.574572;-2.026751;0.126694;0.005231;-0.014789;-0.24514;0.984615;0.062252
233;0.384829;-9.306423;-1.787041;-0.004851;0.007901;-0.035257;-0.248153;0.984078;0.058224
234;0.399541;-9.41072;-1.891681;-0.135518;-0.001855;-0.05038;-0.248673;0.984713;0.06227
235;0.451018;-9.798248;-2.235565;-0.14751;-0.003176;-0.025042;-0.248864;0.983595;0.066767
236;0.443716;-9.633516;-2.33238;0.012722;-0.0055;0.007106;-0.25073;0.984096;0.069142
237;0.406102;-9.722962;-2.340729;0.217016;0.018194;-0.011309;-0.25098;0.983044;0.065622
238;0.504113;-9.545378;-1.97994;0.249792;0.042923;-0.032977;-0.252856;0.982453;0.053211
239;0.504309;-9.501022;-1.845322;0.194118;0.038629;-0.05729;-0.253485;0.981439;0.044652
240;0.497258;-9.352303;-1.635826;0.085485;0.02466;-0.106865;-0.25782;0.981842;0.039477
241;0.744422;-9.383356;-1.631733;0.003052;0.042766;-0.079507;-0.259988;0.97995;0.037404
242;0.564621;-9.367433;-1.672088;-0.155612;0.043752;-0.092605;-0.264182;0.97989;0.039441
243;0.744785;-9.151657;-1.66099;-0.303845;0.05699;-0.07324;-0.266618;0.980746;0.046951
244;0.623983;-9.500858;-2.052514;-0.3367;0.036;-0.044295;-0.264999;0.981602;0.05962
245;0.593628;-9.799993;-1.92681;-0.313753;-0.005487;-0.01747;-0.265164;0.982037;0.071967
246;0.608172;-9.775797;-2.457007;-0.246168;-0.010261;-0.001397;-0.263232;0.982263;0.079633
247;0.788462;-9.425156;-2.557622;-0.042077;0.0007;0.0614;-0.261286;0.983564;0.087686
248;0.623614;-9.559581;-2.351556;0.042676;-0.006106;0.062125;-0.258419;0.985357;0.086388
249;0.489372;-9.365772;-2.046952;0.014011;-0.021044;0.03682;-0.256816;0.987679;0.08463
250;0.398925;-9.536157;-2.340346;-0.014103;0.013838;-0.007156;-0.256192;0.988096;0.083964
251;0.54863;-9.649189;-2.263402;0.024157;0.037688;-0.028855;-0.256505;0.987424;0.083287
252;0.563581;-9.604017;-2.382578;0.045544;0.017524;-0.010961;-0.255854;0.987584;0.081132
253;0.886388;-9.322435;-2.152206;0.069459;0.018139;0.019594;-0.257128;0.987591;0.078645
254;0.593691;-9.574641;-2.277383;0.116817;0.007449;0.053906;-0.254964;0.988168;0.076803
255;0.683377;-9.739685;-2.201593;0.039836;-0.010964;0.001482;-0.255003;0.989817;0.072968
256;0.57173;-9.245664;-2.321699;0.125759;-0.014876;0.055541;-0.254088;0.989172;0.070565
257;0.442895;-10.156706;-2.266557;0.224283;0.005507;-0.018646;-0.253078;0.99127;0.06268
258;1.013645;-9.608417;-1.724926;0.008168;0.020669;-0.193736;-0.259797;0.990176;0.056232
259;1.193265;-9.082212;-2.893567;-0.406951;-0.021066;-0.319723;-0.268958;0.987994;0.064123
260;0.551258;-8.666804;-1.184748;-0.000272;0.097908;-0.364893;-0.28431;0.983784;0.065194
261;0.91641;-9.473194;-1.808395;-0.42442;0.100896;-0.488773;-0.300465;0.9791;0.073582
262;0.534512;-8.855387;-2.784536;-0.445474;-0.015677;-0.276818;-0.319238;0.969443;0.093253
263;1.013194;-9.290831;-2.814981;-0.405013;-0.042305;-0.001408;-0.321513;0.968204;0.109773
264;1.223185;-9.277692;-2.579767;-0.353358;-0.050677;-0.02248;-0.322339;0.967285;0.122124
265;1.268072;-9.209989;-2.773096;-0.203913;0.006301;-0.112033;-0.323094;0.966118;0.131765
266;1.26766;-9.366301;-2.937907;-0.12115;0.024194;-0.084977;-0.325712;0.963359;0.136214
267;1.237925;-9.2693;-2.863429;-0.067844;0.020254;-0.024525;-0.326347;0.961448;0.138267
268;1.230561;-9.202079;-2.848428;-0.109748;-0.013532;-0.003844;-0.326727;0.964118;0.14092
269;1.268056;-9.187366;-2.832811;-0.138303;-0.017749;-0.029144;-0.328703;0.961234;0.14485
270;1.297775;-9.261746;-2.967004;-0.107525;-0.023127;-0.034692;-0.330231;0.961177;0.149826
271;1.297654;-9.261276;-3.1015;-0.001079;0.004417;-0.022108;-0.330946;0.959813;0.150915
272;1.267795;-9.254029;-2.997378;0.069892;0.024952;0.005002;-0.327206;0.960666;0.150207
273;1.238013;-9.217004;-2.863286;0.011306;0.005659;-0.007634;-0.327409;0.961898;0.147732
274;1.252956;-9.216918;-2.907865;-0.048131;-0.002849;-0.018405;-0.330694;0.960252;0.147112
275;1.282933;-9.202066;-2.922262;-0.101338;0.002289;-0.020062;-0.329592;0.959693;0.150826
276;1.305306;-9.20178;-3.033963;-0.127418;0.000289;-0.025448;-0.330866;0.960852;0.155788
277;1.282759;-9.20891;-3.10161;-0.055375;0.006236;-0.011104;-0.330537;0.957992;0.159657
278;1.282747;-9.216381;-3.101631;-0.014899;-0.007808;-0.004062;-0.330822;0.959322;0.161523
279;1.267791;-9.216414;-3.071996;0.016548;0.00422;0.008611;-0.33177;0.958519;0.159606
280;1.282852;-9.19423;-3.02685;0.014143;0.002829;-0.014916;-0.331985;0.957584;0.158394
281;1.252924;-9.171676;-3.027295;-0.00653;0.003529;-0.021181;-0.331092;0.958945;0.157854
282;1.28282;-9.209146;-3.034363;-0.033678;-0.000968;-0.016632;-0.330768;0.960289;0.15879
283;1.312809;-9.179299;-3.063663;-0.045618;0.004709;0.000606;-0.331699;0.957839;0.160436
284;1.267815;-9.19395;-3.086879;-0.028218;-0.006393;-0.020295;-0.331501;0.958507;0.161381
285;1.282797;-9.186498;-3.101549;-0.004901;0.015532;-0.003931;-0.330195;0.958123;0.160616
286;1.267868;-9.186636;-3.042027;-0.012225;-0.005967;-0.002241;-0.331485;0.957429;0.161402
287;1.282876;-9.171765;-3.041733;-0.023225;-0.005753;0.010443;-0.328804;0.957595;0.160943
288;1.312776;-9.186692;-3.086099;-0.015815;0.004801;-0.000371;-0.33056;0.958653;0.161273
289;1.297805;-9.171627;-3.101256;0.001384;0.008399;-0.003097;-0.331173;0.958236;0.162076
290;1.297833;-9.186777;-3.041521;0.00229;0.010174;-0.003991;-0.330657;0.958782;0.161811
291;1.282874;-9.156719;-3.07158;-0.012153;-0.000665;-0.005832;-0.33154;0.95905;0.160962
292;1.29034;-9.171696;-3.071494;-0.022914;0.006389;-0.009379;-0.332048;0.957964;0.161237
293;1.282809;-9.171504;-3.116453;-0.033845;0.00202;-0.002142;-0.331937;0.957414;0.16261
294;1.282784;-9.186445;-3.116493;-0.013877;-0.001677;-0.01126;-0.330931;0.957957;0.163448
295;1.282785;-9.201491;-3.086646;0.00504;0.004739;-0.007645;-0.331115;0.958888;0.164782
296;1.282823;-9.179079;-3.086585;-0.003107;-0.011461;-0.009543;-0.331335;0.959029;0.163686
297;1.297837;-9.156712;-3.093743;-0.00664;0.005515;-0.011237;-0.331618;0.957009;0.163171
298;1.267834;-9.178982;-3.09431;-0.017523;0.004661;-0.007585;-0.332538;0.957534;0.163674
299;1.282841;-9.156589;-3.10894;-0.004912;-0.000655;-0.006754;-0.330639;0.958481;0.16562
300;1.282853;-9.149117;-3.10892;-0.006589;-0.002657;-0.016713;-0.330974;0.956316;0.166194
301;1.312736;-9.186535;-3.130931;-0.004933;0.010184;-0.002171;-0.332194;0.958203;0.16476
302;1.297772;-9.17902;-3.123692;0.000485;-0.004206;-0.005892;-0.330373;0.957542;0.165375
303;1.282891;-9.126705;-3.108859;0.004052;-0.00503;-0.003189;-0.332639;0.957649;0.165978
304;1.282823;-9.179079;-3.086585;0.000497;0.002967;-0.005838;-0.331225;0.957134;0.164812
305;1.245382;-9.141365;-3.13942;0.017597;0.015738;0.001455;-0.332068;0.958205;0.164628
306;1.223423;-8.880069;-3.056895;0.158465;-0.02752;0.051471;-0.329666;0.958534;0.16049
307;0.970646;-8.126872;-2.326885;0.238447;-0.064244;0.255523;-0.323573;0.964581;0.154055
308;1.364338;-9.867826;-2.788187;0.25454;-0.0148;0.221344;-0.311201;0.970181;0.144303
309;1.445316;-10.246172;-3.662056;0.22123;0.040597;0.042683;-0.303555;0.974099;0.136465
310;1.072866;-9.440504;-2.821848;0.459441;0.003065;0.089008;-0.301686;0.976544;0.12018
311;1.012893;-9.665649;-2.449871;0.347729;0.004;0.067617;-0.298053;0.979936;0.105837
312;0.855894;-9.515751;-2.377401;0.172549;-0.031629;0.064251;-0.296516;0.98071;0.095685
313;0.758508;-9.530335;-2.349198;0.064666;-0.056973;0.026399;-0.296264;0.981148;0.091882
314;0.810882;-9.545369;-2.393185;-0.033536;-0.026557;-0.045536;-0.296189;0.981544;0.092964
315;0.983976;-9.195841;-2.165159;-0.18801;-0.006815;-0.101186;-0.299659;0.978376;0.096849
316;0.84092;-9.470593;-2.452251;-0.385772;0.003989;-0.15302;-0.305247;0.975943;0.107035
317;1.066076;-9.225121;-2.447785;-0.531131;0.018309;-0.212365;-0.312989;0.970045;0.12591
318;1.126128;-8.992766;-2.745021;-0.605414;-0.039961;-0.199944;-0.321131;0.963844;0.148444
319;1.267137;-9.371786;-3.505799;-0.305027;-0.061254;-0.112234;-0.324706;0.960192;0.161708
320;1.10235;-9.446289;-3.344402;-0.005699;-0.08893;-0.031679;-0.327521;0.95633;0.168752
321;1.155136;-9.312532;-3.208654;0.159247;-0.104256;-0.021359;-0.328297;0.956228;0.163838
322;1.035427;-9.229839;-3.19551;0.319206;-0.10979;0.028004;-0.329322;0.954117;0.157053
323;1.035156;-9.454381;-3.076569;0.426753;-0.074073;0.090397;-0.327362;0.954385;0.143394
324;1.268652;-9.001694;-2.518478;0.370416;-0.036601;0.184742;-0.323278;0.955099;0.12735
325;1.164368;-8.860637;-2.123847;0.21551;-0.013941;0.225112;-0.316117;0.956598;0.118049
326;1.538969;-8.742224;-2.303996;0.078816;-0.015202;0.192718;-0.306582;0.959295;0.11342
327;1.555045;-8.190083;-2.122909;0.07119;-0.045774;0.145473;-0.30122;0.962753;0.109455
328;0.907656;-9.814152;-2.571601;0.119045;-0.002562;0.093509;-0.293099;0.966639;0.106116
329;0.922744;-9.739436;-2.59356;0.061488;0.028427;0.085708;-0.288253;0.970074;0.104308
330;0.608935;-9.395257;-2.321473;-0.110664;0.024686;0.061803;-0.285082;0.972539;0.103551
331;0.593259;-9.670717;-2.576527;-0.155402;0.012332;0.034711;-0.282794;0.973731;0.1089
332;0.607982;-9.752497;-2.710994;-0.188762;-0.007599;0.030134;-0.278853;0.975746;0.114696
333;0.563581;-9.363385;-2.830246;-0.089707;0.002602;-0.016167;-0.278396;0.975969;0.120819
334;0.743168;-9.56647;-2.67832;0.105959;0.021517;-0.000307;-0.279637;0.975555;0.120515
335;0.645917;-9.528942;-2.597671;0.107403;0.010783;-0.044662;-0.2791;0.97586;0.116859
336;0.75093;-9.469803;-2.558377;0.139322;-0.02878;-0.011585;-0.28035;0.974684;0.110864
337;0.818894;-9.276717;-2.317606;0.085062;-0.001022;-0.00135;-0.282007;0.974326;0.10321
338;0.759106;-9.171712;-2.355693;0.022895;0.009414;-0.006534;-0.283988;0.973776;0.102069
339;0.818439;-9.53062;-2.348186;0.047962;0.005299;0.007838;-0.282947;0.97433;0.101549
340;0.743892;-9.328658;-2.319013;-0.012426;0.000452;-0.000163;-0.281698;0.975028;0.100218
341;0.818302;-9.560163;-2.445403;-0.036195;0.001761;0.025207;-0.280312;0.974097;0.100417
342;0.646176;-9.387075;-2.574868;-0.025225;-0.019929;0.011531;-0.28002;0.975578;0.100942
343;0.683344;-9.566604;-2.55978;0.052397;-0.007054;0.014131;-0.27899;0.97546;0.100163
344;0.646174;-9.484822;-2.395805;0.058087;-0.00751;-0.009389;-0.27939;0.976936;0.100529
345;0.653865;-9.350279;-2.4252;0.068986;-0.011165;-0.014876;-0.277642;0.975221;0.098175
346;0.773744;-9.388514;-2.333614;0.043689;-0.018485;-0.015814;-0.279422;0.975354;0.096212
347;0.788878;-9.366616;-2.206276;0.020393;0.011725;-0.023702;-0.280528;0.974836;0.092246
348;0.818919;-9.261775;-2.317565;-0.019447;0.017213;-0.010921;-0.281707;0.975373;0.091111
349;0.758855;-9.388808;-2.229259;0.010924;0.008779;0.008876;-0.281992;0.974833;0.09084
350;0.705764;-9.679295;-2.410266;-0.009147;-0.003489;0.025156;-0.281435;0.975375;0.09112
351;0.623817;-9.455094;-2.321383;0.004944;0.010581;0.052376;-0.279024;0.975404;0.090655
352;0.743801;-9.411019;-2.266933;0.02638;0.006883;0.000692;-0.279725;0.976222;0.088715
353;0.638647;-9.529768;-2.351222;0.014914;0.013693;-0.016372;-0.280034;0.975953;0.088167
354;0.728506;-9.560129;-2.334841;0.005948;0.000939;-0.023707;-0.279774;0.976092;0.088037
355;0.743666;-9.463132;-2.31938;0.028221;-0.005748;-0.003917;-0.280005;0.976085;0.088572
356;0.75856;-9.515498;-2.319269;0.047167;-0.000268;-0.002123;-0.279835;0.976098;0.087219
357;0.773901;-9.359049;-2.213981;0.022701;0.004244;0.004288;-0.281419;0.974491;0.083938
358;0.676557;-9.381313;-2.126023;-0.00194;-0.008954;0.019678;-0.279356;0.975467;0.082629
359;0.638922;-9.470681;-2.156787;-0.033903;-0.005354;-0.018189;-0.27973;0.975863;0.083152
360;0.713745;-9.500762;-2.200436;-0.073758;0.011823;-0.00263;-0.280156;0.976115;0.084764
361;0.683758;-9.425338;-2.365122;-0.048345;0.009976;-0.010837;-0.279774;0.976092;0.088037
362;0.765957;-9.567803;-2.326757;-0.035794;-0.008789;-0.009213;-0.279617;0.976091;0.088313
363;0.676826;-9.209407;-2.14797;-0.096634;-0.022013;0.011676;-0.280823;0.976601;0.090437
364;0.690836;-9.694478;-2.320896;-0.19513;-0.039237;0.019955;-0.277337;0.976193;0.095178
365;0.66867;-9.439895;-2.455079;-0.256408;-0.049453;0.0128;-0.276943;0.976124;0.104021
366;0.66095;-9.438972;-2.709254;-0.13959;-0.01349;-0.003526;-0.275906;0.976319;0.114239
367;0.705965;-9.439445;-2.633775;-0.066198;-0.006492;-0.024481;-0.274262;0.974555;0.117722
368;0.728709;-9.335326;-2.528502;-0.006695;0.024392;-0.014484;-0.275079;0.97522;0.117818
369;0.668178;-9.603416;-2.694631;0.018516;0.015655;-0.009143;-0.276748;0.974803;0.117228
370;0.743784;-9.320717;-2.453489;0.018363;0.015772;-0.001947;-0.276136;0.975071;0.118194
371;0.698452;-9.484444;-2.574247;0.000291;0.015796;0.00174;-0.27602;0.974551;0.116034
372;0.638468;-9.483952;-2.635035;0.020718;-0.001164;-0.043624;-0.27778;0.973859;0.11599
373;0.713208;-9.558831;-2.686278;0.116341;0.010071;-0.036576;-0.27885;0.973891;0.110792
374;0.608422;-9.603812;-2.501371;0.154683;0.032907;-0.067224;-0.280589;0.974453;0.105835
375;0.901425;-9.202399;-2.316011;0.129014;0.017071;-0.043885;-0.284859;0.972846;0.099341
376;0.894343;-9.143798;-1.972263;0.063686;0.031618;-0.021012;-0.286412;0.970563;0.096345
377;0.87883;-9.261981;-2.338969;-0.038853;0.055167;-0.035066;-0.286982;0.972459;0.094525
378;0.894235;-9.083222;-2.203732;-0.031826;0.06263;-0.021478;-0.28769;0.972859;0.094222
379;0.82614;-9.366036;-2.422331;-0.020861;0.090482;-0.021282;-0.287356;0.974725;0.097186
380;0.855622;-9.725246;-2.288307;-0.114535;0.066374;-0.042918;-0.286797;0.975806;0.097591
381;0.826234;-9.366402;-2.317724;-0.179352;0.023155;0.002175;-0.287009;0.975214;0.103708
382;0.802764;-9.700809;-2.797226;-0.018527;0.033168;0.066989;-0.284839;0.977256;0.104012
383;0.690774;-9.498723;-2.753742;0.178415;0.05523;0.056742;-0.281312;0.978669;0.100569
384;0.714128;-9.261619;-2.2222;0.179691;0.022503;0.079117;-0.27761;0.98132;0.094256
385;0.66057;-9.828524;-2.40396;0.176952;0.03836;0.021385;-0.276511;0.983155;0.0857
386;1.11205;-8.921016;-1.87832;0.007798;0.031219;-0.027306;-0.277328;0.984253;0.082257
387;0.668744;-9.507863;-2.246047;-0.00623;-0.025892;0.068425;-0.275047;0.984699;0.08015
388;0.697777;-10.053321;-2.261971;-0.070469;-0.020059;0.015265;-0.272304;0.985532;0.080631
389;0.62493;-8.902961;-2.118133;-0.13404;-0.050353;0.034201;-0.271344;0.986288;0.088119
390;0.585778;-9.768481;-2.382647;-0.068637;0.010591;0.021832;-0.270445;0.987634;0.089481
391;0.645699;-9.806328;-2.321961;-0.316691;-0.020774;-0.063717;-0.272617;0.986729;0.098392
392;0.144635;-9.288415;-2.343975;-0.025884;0.010321;-0.005246;-0.272859;0.984839;0.11472
393;0.845256;-11.14278;-2.830285;-0.245068;0.028216;-0.133247;-0.273113;0.984969;0.114981
394;0.309315;-9.213495;-2.624924;-0.486176;0.032004;-0.262725;-0.282727;0.98032;0.12725
395;0.835071;-8.431701;-2.5691;-0.461365;0.054743;-0.15615;-0.291561;0.973201;0.14584
396;1.027554;-9.483994;-3.144025;-0.376372;0.07933;-0.150811;-0.297576;0.970197;0.159283
397;1.162632;-9.229867;-3.357743;-0.28568;0.084462;-0.178201;-0.306028;0.963831;0.168635
398;1.388114;-8.902947;-3.143837;-0.1484;0.087868;-0.120733;-0.312848;0.959532;0.174741
399;1.574924;-9.232862;-3.051906;0.017722;0.042882;-0.069046;-0.31574;0.958923;0.179548
400;0.938018;-9.154096;-3.361335;0.032094;0.021694;-0.065347;-0.318626;0.958105;0.17716
401;1.133283;-8.97645;-3.148341;-0.091394;0.000626;-0.018237;-0.318848;0.960251;0.178198
402;1.10301;-9.110469;-3.238878;-0.183596;-0.03727;-0.014628;-0.319642;0.957802;0.179849
403;1.14793;-9.095531;-3.297854;-0.208547;-0.041436;-0.038131;-0.321012;0.95583;0.188399
404;1.177683;-9.117407;-3.491681;-0.145164;-0.021632;-0.045403;-0.320963;0.955092;0.196157
405;1.237596;-9.080023;-3.580231;0.058744;0.008062;-0.032165;-0.322404;0.952649;0.196427
406;1.252715;-9.095662;-3.400691;0.107302;0.022844;-0.018623;-0.323333;0.953474;0.193257
407;1.237916;-9.06623;-3.251422;0.002397;0.002007;-0.010358;-0.324637;0.954831;0.190608
408;1.238056;-8.991574;-3.236275;-0.125814;-0.016407;-0.011073;-0.324032;0.954008;0.193088
409;1.252748;-9.035634;-3.475248;-0.168818;-0.002549;-0.027161;-0.325398;0.952723;0.199995
410;1.275195;-9.035637;-3.504756;-0.156073;-0.005362;-0.035361;-0.325849;0.950794;0.204499
411;1.267642;-9.02032;-3.601978;-0.107704;-0.009983;-0.00747;-0.324575;0.94968;0.210403
412;1.23763;-9.027518;-3.639864;-0.05167;0.01264;-0.007444;-0.324554;0.95059;0.214461
413;1.222751;-8.990251;-3.595183;-0.001194;0.010212;-0.003962;-0.325195;0.950191;0.21309
414;1.237819;-8.975615;-3.527642;-0.00127;-0.00591;-0.003171;-0.323612;0.950212;0.212462
415;1.267771;-8.975704;-3.54208;-0.031962;0.002988;-0.000335;-0.326029;0.949915;0.212796
416;1.252684;-9.005307;-3.60219;-0.010083;0.001865;-0.015766;-0.325858;0.949643;0.213214
417;1.26766;-9.005352;-3.609409;-0.017362;0.001927;-0.011231;-0.327105;0.948527;0.216319
418;1.252799;-8.953116;-3.57216;-0.03181;0.01898;-0.007459;-0.326452;0.949075;0.216058
419;1.267763;-8.960632;-3.579399;-0.04798;-0.001004;-0.017508;-0.326901;0.94879;0.217271
420;1.252715;-8.975346;-3.624525;-0.082388;-0.009043;-0.010235;-0.327232;0.948225;0.219988
421;1.275199;-8.945413;-3.668895;-0.086061;-0.013449;-0.005744;-0.327018;0.947531;0.222724
422;1.252705;-8.945228;-3.691691;-0.056094;-0.002798;-0.016591;-0.327417;0.94603;0.22437
423;1.275133;-8.960197;-3.713768;-0.049894;-0.011596;-0.009438;-0.32729;0.945748;0.226009
424;1.267635;-8.960135;-3.721367;-0.024677;0.002091;-0.00217;-0.327599;0.945869;0.227355
425;1.267615;-8.960057;-3.743783;-0.001953;0.001039;-0.013991;-0.327507;0.944514;0.228335
426;1.267711;-8.915311;-3.721245;-0.006583;0.000291;-0.005846;-0.326614;0.945875;0.227795
427;1.267711;-8.915311;-3.721245;-0.029056;0.006372;-0.011177;-0.326479;0.944531;0.227553
428;1.26764;-8.945116;-3.743742;-0.005529;-0.008028;-0.018566;-0.326783;0.945055;0.229027
429;1.297676;-8.915453;-3.720739;0.001692;0.009988;-0.014859;-0.32722;0.945592;0.228731
430;1.267666;-8.937697;-3.728778;-0.004723;-0.002483;-0.010391;-0.32716;0.94572;0.229546
431;1.267679;-8.930226;-3.728757;-0.017412;0.008355;-0.003956;-0.3275;0.945455;0.228589
432;1.282662;-8.930298;-3.728504;-0.017347;-0.002552;-0.011271;-0.32788;0.944386;0.226967
433;1.275171;-8.937785;-3.713707;-0.010106;0.005543;-0.011231;-0.328232;0.945454;0.227886
434;1.26764;-8.945116;-3.743742;-0.012071;-0.00141;-0.000416;-0.328037;0.945584;0.228705
435;1.267653;-8.937645;-3.743721;-0.011799;0.008081;-0.018443;-0.327605;0.94584;0.230887
436;1.282623;-8.945187;-3.743489;-0.011984;0.002957;-0.00582;-0.326276;0.943972;0.230151
437;1.282673;-8.915303;-3.743407;-0.004835;-0.000509;-0.001339;-0.327613;0.945033;0.230631
438;1.282611;-8.952658;-3.743509;-0.01657;0.019257;0.003345;-0.327625;0.944496;0.230369
439;1.267646;-8.937619;-3.751194;-0.012169;-0.002158;0.006815;-0.327469;0.945168;0.230769
440;1.297631;-8.930316;-3.743195;-0.006679;0.006742;0.00323;-0.328698;0.944752;0.2306
441;1.275182;-8.915268;-3.743534;-0.011923;-0.000736;-0.01127;-0.327874;0.945418;0.232652
442;1.282685;-8.90031;-3.758311;-0.022975;0.009468;0.007816;-0.327897;0.944882;0.232254
443;1.267627;-8.945064;-3.758686;0.019459;0.006006;0.005888;-0.327335;0.944631;0.230647
444;1.26764;-8.945116;-3.743742;0.024083;0.015752;-0.00039;-0.327219;0.943961;0.230256
445;1.267763;-8.900474;-3.691316;0.016664;0.0025;0.010392;-0.32709;0.945997;0.228728
446;1.275158;-8.937733;-3.728651;-0.010229;-0.004168;-0.00406;-0.327008;0.945989;0.229817
447;1.275159;-8.945256;-3.713727;-0.001134;-0.004246;-0.009509;-0.326928;0.945204;0.227118
448;1.267692;-8.930279;-3.713813;-0.013695;0.012702;-0.011172;-0.325858;0.945605;0.228776
449;1.267673;-8.937723;-3.721306;-0.011826;0.00091;-0.018491;-0.326063;0.945865;0.229715
450;1.267653;-8.937645;-3.743721;-0.013903;-0.002276;0.001392;-0.325856;0.946144;0.228901
451;1.252708;-8.915162;-3.743913;-0.013784;-0.015058;-0.010447;-0.325706;0.945725;0.230816
452;1.29014;-8.930281;-3.743322;-0.005485;0.006306;-0.01848;-0.326626;0.945727;0.229427
453;1.282623;-8.945187;-3.743489;0.020565;-0.002412;-0.011363;-0.327338;0.946007;0.227225
454;1.267718;-8.915338;-3.713773;0.041072;0.001639;0.007613;-0.325471;0.946569;0.226868
455;1.268095;-8.751371;-3.601245;0.080977;-0.010685;0.055365;-0.326241;0.946586;0.223855
456;1.0439;-8.526837;-3.417629;0.223159;-0.052289;0.139844;-0.321139;0.951536;0.218495
457;1.117763;-9.034448;-3.634436;0.299997;-0.023305;0.141645;-0.312348;0.954517;0.211256
458;1.341434;-9.557735;-3.841282;0.387008;0.029146;0.063922;-0.308118;0.9606;0.198103
459;1.282175;-9.319431;-3.542763;0.506907;0.015287;0.065361;-0.303699;0.964152;0.181609
460;1.073175;-9.201074;-2.925804;0.477777;0.017148;0.072767;-0.302874;0.968093;0.162545
461;1.057768;-9.485102;-2.867055;0.241441;0.001644;0.05879;-0.299541;0.971066;0.149558
462;0.968085;-9.350149;-2.883151;0.080897;-0.042308;0.040833;-0.299887;0.972073;0.141514
463;0.953332;-9.245696;-2.823343;0.000849;-0.04125;0.019332;-0.29865;0.974252;0.14029
464;0.788128;-9.438895;-2.901375;-0.056047;-0.032337;0.025033;-0.297322;0.973581;0.141569
465;0.878484;-9.230556;-2.779735;-0.106961;-0.000562;-0.075977;-0.299204;0.971511;0.145078
466;0.923372;-9.170377;-2.958141;-0.126758;0.00474;-0.075914;-0.302278;0.969155;0.148961
467;1.013155;-9.177881;-3.068723;-0.095194;0.002221;-0.072428;-0.306148;0.96679;0.15309
468;1.01254;-9.498837;-3.15179;0.032161;-0.00642;-0.080023;-0.308427;0.96621;0.1552
469;1.03518;-9.424393;-3.106375;0.082191;-0.044193;-0.051467;-0.311361;0.963781;0.15189
470;0.907831;-9.453882;-3.048831;0.12292;-0.105864;-0.00851;-0.313027;0.963379;0.149534
471;0.704791;-9.855982;-3.157954;0.222147;-0.130536;-0.00882;-0.313557;0.961667;0.14398
472;0.42912;-9.123604;-2.854288;0.122768;-0.112814;-0.003847;-0.315221;0.957391;0.137351
473;0.385558;-8.617439;-2.263375;-0.170201;0.012736;0.054697;-0.318023;0.953737;0.135563
474;0.955903;-8.112695;-2.087993;-0.354962;0.069598;0.247934;-0.308561;0.950384;0.145173
475;1.725796;-8.981966;-2.361261;-0.61798;-0.061877;0.186815;-0.300492;0.948308;0.161777
476;1.807094;-9.038206;-3.480831;-0.69948;-0.091078;0.086384;-0.290901;0.946453;0.186033
477;1.567309;-8.961633;-3.693891;-0.448017;-0.103453;0.045076;-0.285787;0.942951;0.208272
478;1.133173;-8.712831;-3.760332;-0.10225;-0.068406;0.112466;-0.279119;0.943467;0.219347
479;0.637002;-9.568482;-4.099789;0.268048;0.013859;0.116862;-0.275869;0.948123;0.214611
480;0.675341;-9.301383;-3.620217;0.429884;0.087655;0.104271;-0.271746;0.952856;0.201617
481;0.248561;-9.345362;-3.29131;0.366184;0.117834;0.008934;-0.269415;0.959489;0.184996
482;0.802757;-9.512787;-3.155373;0.3447;0.11371;-0.005734;-0.270328;0.963124;0.168054
483;0.30955;-9.033935;-2.699156;0.107185;0.111593;-0.071908;-0.273922;0.96453;0.156635
484;0.758725;-9.125112;-2.863666;-0.252502;0.073992;-0.174569;-0.278598;0.963217;0.162891
485;0.803548;-9.019558;-3.198861;-0.379474;0.078187;-0.121793;-0.283463;0.959156;0.175169
486;0.998742;-8.691242;-3.344116;-0.402167;0.000461;-0.059941;-0.286213;0.957516;0.19073
487;0.951151;-9.778632;-4.244486;-0.1021;-0.027024;-0.014679;-0.283547;0.956502;0.202519
488;0.915994;-8.854949;-3.420676;0.056438;-0.031654;0.125985;-0.281511;0.956927;0.202577
489;0.937869;-9.078318;-3.667482;0.228066;-0.013131;0.123876;-0.275849;0.961327;0.199148
490;0.750546;-9.453268;-3.014128;0.22471;-0.008359;0.094164;-0.270911;0.965097;0.189594
491;0.684038;-9.170756;-2.528813;-0.032666;-0.053859;0.01944;-0.269884;0.966355;0.185393
492;0.533244;-9.271557;-3.413323;0.008567;-0.045676;0.057442;-0.266557;0.971796;0.183633
493;0.906783;-9.810757;-3.54296;-0.005658;-0.060058;-0.025062;-0.263174;0.971683;0.18524
494;0.75871;-8.741542;-3.594882;0.188008;-0.028996;0.009965;-0.26492;0.971917;0.187352
495;0.52518;-9.675363;-3.294997;0.428494;0.042327;-0.009915;-0.264207;0.97717;0.17247
496;0.645656;-9.407608;-3.112912;0.33537;0.034453;-0.069493;-0.268302;0.977235;0.159566
497;0.383798;-9.317449;-2.90788;0.318047;0.049929;-0.057483;-0.272538;0.977852;0.144882
498;0.863726;-8.704971;-3.510818;-0.240989;0.029598;-0.156867;-0.278285;0.977289;0.140629
499;1.192716;-9.817013;-2.133419;-0.009583;0.097706;-0.190533;-0.28407;0.973186;0.140653
500;0.997038;-9.774978;-3.212573;-0.281475;0.0682;-0.362746;-0.298888;0.969894;0.145391
501;0.564854;-8.375727;-3.260934;-0.041129;0.064339;-0.251081;-0.312059;0.96379;0.149829
502;1.141215;-8.842847;-2.908745;0.196185;0.070053;-0.049239;-0.318922;0.960647;0.14654
503;1.268247;-9.21819;-2.563901;0.069164;0.060519;-0.00742;-0.318913;0.960018;0.141119
504;1.268608;-9.02408;-2.526011;-0.237014;0.034911;-0.064733;-0.321001;0.959837;0.144042
505;1.231136;-9.008804;-2.571435;-0.480921;-0.003448;-0.056235;-0.322364;0.956354;0.156017
506;1.132423;-9.334056;-3.433254;-0.495549;-0.039755;-0.035591;-0.323056;0.954703;0.175449
507;1.125073;-9.154095;-3.61222;-0.437683;-0.060328;-0.04492;-0.321957;0.950765;0.196614
508;1.16306;-8.915703;-3.468968;-0.338219;-0.036897;-0.055885;-0.322994;0.948206;0.211298
509;1.297464;-8.997344;-3.803154;-0.165103;-0.026877;-0.034591;-0.324629;0.94463;0.217832
510;1.304699;-9.101658;-3.892977;0.078434;0.020207;-0.011358;-0.325161;0.945162;0.218076
511;1.222734;-8.960106;-3.669822;0.190289;0.043148;-0.006023;-0.324514;0.946025;0.212376
512;1.185388;-8.990438;-3.491208;0.215277;0.0238;0.007371;-0.324421;0.94799;0.203105
513;1.237735;-9.125683;-3.341249;0.143915;0.027154;0.010267;-0.325995;0.947488;0.196544
514;1.245378;-9.036069;-3.340878;0.074361;0.01618;0.012167;-0.324271;0.949694;0.192755
515;1.223068;-8.946365;-3.32607;0.026533;0.012388;0.010456;-0.325243;0.951182;0.190929
516;1.237994;-8.976294;-3.33337;0.041553;0.009334;0.033911;-0.323998;0.950804;0.189347
517;1.11884;-8.647612;-3.162642;0.132166;-0.034992;0.127496;-0.319402;0.95223;0.185667
518;1.149146;-8.573881;-2.922829;0.287909;-0.036144;0.219349;-0.311037;0.957766;0.178637
519;1.147282;-9.423881;-3.403357;0.445662;0.022082;0.188628;-0.302746;0.964312;0.163572
520;1.303059;-10.170608;-3.71656;0.740093;0.046803;0.118386;-0.295692;0.970891;0.142896
521;1.027385;-9.829243;-2.68917;0.917969;0.038883;0.091772;-0.292011;0.976192;0.109638
522;0.834085;-9.337755;-1.973804;0.671439;0.056352;0.025629;-0.292609;0.979991;0.073415
523;0.743952;-9.562002;-1.819021;0.228549;-0.012357;-0.011683;-0.293113;0.980131;0.055874
524;0.759107;-9.487548;-1.766261;-0.084593;-0.049622;-0.023834;-0.295855;0.979447;0.053624
525;0.864088;-9.383165;-1.846396;-0.346035;-0.054634;-0.04498;-0.298205;0.977723;0.063631
526;0.826283;-9.381631;-2.235572;-0.485457;-0.040395;-0.069855;-0.300823;0.974858;0.080714
527;0.893083;-9.514883;-2.675648;-0.456253;-0.058616;-0.089972;-0.302632;0.970716;0.106541
528;0.893061;-9.319285;-3.063662;-0.273673;-0.074816;-0.039888;-0.305398;0.966939;0.119698
529;0.90742;-9.62524;-3.183795;0.152029;-0.073634;-0.015596;-0.305863;0.966148;0.116981
530;0.802565;-9.842912;-2.752781;0.2908;-0.063935;-0.004964;-0.307687;0.964446;0.108668
531;0.428883;-9.468592;-2.474153;0.145523;-0.096544;-0.087896;-0.311982;0.96124;0.099759
532;0.077701;-9.094482;-2.165257;-0.020973;-0.05695;-0.053624;-0.316526;0.956504;0.096304
533;0.370511;-8.767516;-2.05482;-0.515234;0.009068;0.070006;-0.315375;0.951992;0.105393
534;1.119051;-9.219935;-1.864064;-0.55626;0.004373;0.16566;-0.314585;0.946589;0.123994
535;1.651298;-8.48692;-2.824446;-0.406205;-0.091902;0.211429;-0.303463;0.943893;0.137722
536;2.316986;-9.027452;-2.964093;-0.552137;-0.113235;0.123655;-0.293243;0.941572;0.153993
537;1.755913;-8.411195;-3.255847;-0.687321;-0.136778;0.039919;-0.288844;0.938814;0.183122
538;1.089037;-8.287148;-3.655323;-0.199177;-0.050253;0.140867;-0.280845;0.941456;0.199633
539;0.553858;-10.046485;-4.027764;0.1446;0.014453;0.167873;-0.274378;0.945043;0.19774
540;0.644093;-9.89031;-3.943626;0.298761;0.058882;0.122524;-0.268403;0.951506;0.189799
541;0.106549;-9.180513;-3.240961;0.281345;0.051375;0.059402;-0.265295;0.955129;0.179373
542;0.345517;-9.50958;-3.461969;0.259022;0.061299;-0.01835;-0.262172;0.960261;0.165795
543;0.458676;-9.362784;-2.861905;0.035594;0.031673;-0.06508;-0.265174;0.96083;0.158487
544;0.548963;-9.018823;-3.068666;-0.084276;0.071981;-0.1315;-0.268994;0.959417;0.161648
545;0.893699;-8.90066;-3.137242;-0.103493;0.128515;-0.163783;-0.275444;0.958116;0.164178
546;0.766193;-9.094976;-2.94565;-0.211335;0.125557;-0.20237;-0.281373;0.95479;0.16785
547;0.938128;-9.124448;-3.294005;-0.262005;0.105862;-0.19069;-0.288753;0.950995;0.17746
548;0.877875;-9.544017;-2.870254;-0.298118;-0.019519;-0.091903;-0.292255;0.948876;0.18472
549;1.065226;-9.0639;-3.687707;-0.145652;-0.018987;-0.005543;-0.295395;0.946214;0.193089
550;1.065881;-8.855893;-3.350898;0.063445;-0.001696;0.013951;-0.292955;0.948393;0.193399
551;1.118045;-8.915229;-3.544447;0.153712;0.005893;0.018281;-0.293067;0.950423;0.19227
552;0.885046;-9.317213;-3.646603;0.259906;-0.000359;0.040701;-0.287916;0.954306;0.185574
553;0.908014;-9.28916;-3.152991;0.289271;0.004209;-0.002763;-0.288169;0.95641;0.175338
554;0.58592;-9.167449;-3.344905;0.242262;-0.006506;0.002835;-0.289132;0.959288;0.168461
555;0.533692;-9.205626;-3.03954;0.149303;-0.012374;-0.004187;-0.288175;0.961526;0.159892
556;1.252612;-9.381014;-2.983033;0.069338;-0.053439;0.028007;-0.286742;0.961293;0.157227
557;0.608316;-9.257492;-3.262578;0.28902;-0.006106;0.014475;-0.285092;0.962729;0.148697
558;0.997876;-9.469929;-2.853082;0.26897;0.012298;-0.039771;-0.286807;0.965756;0.139075
559;0.773654;-9.245289;-2.699355;0.175643;-0.007318;-0.020594;-0.286731;0.967454;0.129537
560;0.765662;-9.566654;-2.655525;-0.015061;-0.01081;-0.068975;-0.289577;0.966915;0.125922
561;1.238017;-8.946306;-3.363177;-0.443359;0.001999;-0.149463;-0.293942;0.96424;0.134251
562;1.013862;-9.203192;-2.239393;0.057478;0.058007;-0.218952;-0.304372;0.960166;0.141186
563;1.102632;-9.515066;-2.903737;-0.104805;0.062795;-0.21855;-0.312061;0.957928;0.141519
564;0.608471;-9.077619;-3.426473;-0.048429;0.006012;-0.121199;-0.318739;0.954048;0.145992
565;1.148674;-8.910433;-2.819138;0.056876;0.04074;0.033216;-0.321708;0.954045;0.142635
566;1.268572;-9.001381;-2.608142;-0.123618;0.016526;0.023504;-0.32083;0.952701;0.143233
567;1.313276;-9.0984;-2.697312;-0.196053;0.021566;-0.023333;-0.320961;0.953731;0.148914
568;1.192739;-9.298239;-3.073485;-0.226424;0.017552;-0.04132;-0.321;0.95206;0.155328
569;1.087608;-9.319319;-3.31442;-0.171005;-0.001109;-0.001741;-0.319666;0.951463;0.163941
570;1.028007;-9.147364;-3.270132;-0.185322;-0.012159;-0.014424;-0.320446;0.95018;0.17141
571;1.170452;-9.110867;-3.215323;-0.088013;-0.017;-0.003902;-0.319297;0.949213;0.175677
572;1.185188;-9.185175;-3.34977;0.047474;-0.005801;-0.006877;-0.319107;0.949224;0.174596
573;1.162632;-9.229867;-3.357743;0.157472;0.00019;0.002852;-0.320309;0.948985;0.1694
574;1.177986;-9.126104;-3.140517;0.175509;0.020892;0.004747;-0.320425;0.951718;0.164726
575;1.133057;-9.186128;-3.006943;0.12504;0.016046;-0.004185;-0.321614;0.952166;0.158023
576;1.163085;-9.20155;-2.909342;0.004133;0.002894;-0.011223;-0.321693;0.952189;0.155167
577;1.208037;-9.119062;-3.057799;-0.080556;0.000601;-0.020097;-0.320268;0.952062;0.156031
578;1.192914;-9.186125;-3.088123;-0.06627;0.003606;-0.007441;-0.32146;0.950954;0.158051
579;1.147927;-9.193278;-3.118791;-0.109639;0.002639;-0.003704;-0.321462;0.951328;0.161711
580;1.162855;-9.185617;-3.193237;-0.077037;0.000818;-0.011039;-0.321124;0.950622;0.166082
581;1.177761;-9.215466;-3.222954;-0.023777;0.001011;-0.011174;-0.321595;0.949801;0.166897
582;1.177965;-9.126026;-3.162933;0.013252;0.018192;-0.010249;-0.322179;0.950338;0.16646
583;1.223521;-8.797733;-3.101503;0.129832;0.011629;0.042754;-0.322503;0.951058;0.160459
584;0.984828;-8.529896;-2.462227;0.114047;-0.069386;0.245854;-0.314153;0.955325;0.160245
585;1.34311;-9.000273;-3.025309;0.008219;-0.078748;0.205216;-0.302353;0.959636;0.15892
586;1.026585;-9.81109;-3.608184;0.130893;-0.023898;0.098709;-0.295302;0.964705;0.157832
587;1.093958;-9.916495;-3.465362;0.403889;-0.019106;0.065485;-0.290244;0.967969;0.144353
588;0.863055;-9.439302;-2.885166;0.466865;-0.024157;0.068091;-0.287178;0.971641;0.127948
589;0.803584;-9.470886;-2.318388;0.218523;-0.028258;0.000867;-0.287937;0.972674;0.116222
590;0.698887;-9.298144;-2.439243;-0.188674;-0.034445;-0.054216;-0.289407;0.971296;0.118102
591;0.765861;-9.364395;-2.811887;-0.336307;-0.021034;-0.072785;-0.290105;0.969047;0.128309
592;0.863077;-9.394269;-2.944819;-0.330613;-0.005197;-0.087205;-0.293641;0.967157;0.14059
593;0.817993;-9.378488;-3.124866;-0.216297;0.012414;-0.124435;-0.298086;0.963398;0.14948
594;0.892931;-9.356378;-3.138484;-0.053232;0.040898;-0.162666;-0.303061;0.961142;0.1552
595;1.117772;-9.297675;-3.134526;0.038915;0.033856;-0.17027;-0.310765;0.957155;0.155024
596;1.163113;-9.088862;-3.088365;0.138549;-0.041025;-0.080593;-0.316055;0.953361;0.150847
597;1.155526;-9.193731;-2.999112;0.234572;-0.079912;0.016603;-0.317792;0.952876;0.142106
598;0.908079;-9.334533;-2.996202;0.273147;-0.126606;0.089567;-0.315913;0.953781;0.132914
599;0.742576;-9.737123;-3.015028;0.34922;-0.088861;0.078862;-0.312967;0.954833;0.123483
600;0.593434;-9.558603;-2.591166;0.361144;-0.017224;0.073037;-0.312878;0.954674;0.110178
601;0.370162;-8.886474;-2.219529;0.220146;0.081488;0.103056;-0.311341;0.952232;0.097642
602;0.880785;-8.562729;-1.477777;-0.18255;0.048783;0.163305;-0.308749;0.950553;0.092054
603;1.591484;-8.938279;-1.855321;-0.386658;-0.011663;0.101617;-0.302133;0.949444;0.103974
604;1.76329;-8.711576;-2.823159;-0.434965;-0.101694;0.13361;-0.294832;0.950465;0.11995
605;1.356913;-9.619897;-3.176185;-0.249574;-0.076127;0.117244;-0.287899;0.951911;0.132918
606;0.824533;-9.75081;-3.484412;0.162346;-0.015481;0.107814;-0.283047;0.953984;0.132766
607;0.586404;-9.244534;-2.665157;0.307769;0.042222;0.097073;-0.278114;0.958398;0.126867
608;0.249163;-9.332665;-2.648678;0.304794;0.073722;0.055827;-0.273366;0.963263;0.114978
609;0.398932;-9.476025;-2.444791;0.196405;0.060253;-0.010984;-0.274678;0.96483;0.103223
610;0.593597;-9.574276;-2.381991;0.091257;0.074417;-0.04146;-0.274458;0.966513;0.095592
611;0.556022;-9.603721;-2.457425;0.08292;0.046369;-0.097688;-0.277152;0.964897;0.092003
612;0.803918;-9.33683;-2.19847;0.07569;0.093015;-0.090234;-0.282525;0.965808;0.089364
613;0.729222;-9.239564;-2.139694;-0.10996;0.073892;-0.116108;-0.284532;0.964034;0.089468
614;0.998429;-9.374323;-2.419442;-0.271961;0.058248;-0.147579;-0.287356;0.963687;0.095223
615;0.91627;-9.292171;-2.301058;-0.383904;0.035807;-0.085917;-0.292463;0.961924;0.106499
616;0.83266;-9.678122;-2.916211;-0.370652;0.005951;-0.060778;-0.29259;0.960037;0.122558
617;1.035229;-9.447145;-3.0093;-0.257686;-0.008692;-0.006073;-0.293492;0.957764;0.135476
618;0.789114;-8.886266;-2.840092;-0.19685;-0.027474;0.025391;-0.290888;0.958387;0.144922
619;0.908014;-9.349318;-3.041074;-0.133038;0.002467;-0.010779;-0.292252;0.95942;0.14866
620;1.073011;-9.170355;-3.164827;-0.045059;-0.01268;0.023199;-0.290881;0.959807;0.152501
621;0.953167;-9.147297;-3.189205;0.059321;-0.004575;0.04837;-0.287494;0.961877;0.150943
622;0.862612;-9.557895;-3.154483;-0.006116;-0.046481;-0.062043;-0.288417;0.962148;0.149549
623;1.088149;-9.238707;-2.865877;-0.046322;0.004372;-0.018292;-0.287533;0.961746;0.150401
624;1.132598;-9.394893;-3.127065;-0.02688;-0.02544;0.01039;-0.288653;0.963608;0.152095
625;0.525627;-9.474069;-3.174896;-0.033748;-0.01595;-0.014602;-0.288565;0.965214;0.153561
626;1.207544;-9.387855;-3.103364;0.035598;-0.014309;-0.069315;-0.289744;0.965078;0.152303
627;0.637299;-9.464362;-3.965008;0.339841;0.026312;-0.12021;-0.292679;0.964563;0.145696
628;0.833572;-9.922305;-1.452353;0.929288;0.173576;-0.203936;-0.30178;0.964439;0.133039
629;1.23554;-10.997088;-2.285316;0.29282;0.077625;-0.262839;-0.310594;0.965065;0.111685
630;0.234859;-8.733652;-3.01343;-0.094302;-0.044478;-0.219869;-0.322406;0.960651;0.109208
631;0.970221;-8.403448;-2.282806;-0.059493;0.013925;0.012577;-0.326334;0.957872;0.114294
632;1.238604;-9.159143;-2.317668;-0.243521;0.000454;0.004717;-0.32827;0.958918;0.11584
633;1.297385;-9.440706;-3.064629;-0.338212;0.002511;-0.053846;-0.327759;0.956937;0.127712
634;1.358142;-9.083254;-2.816064;-0.284243;0.001075;-0.044981;-0.327056;0.953726;0.141922
635;1.432719;-9.322934;-2.740731;-0.113404;0.025152;0.007199;-0.326858;0.954634;0.14653
636;1.1324;-9.484359;-3.179614;-0.155924;-0.00612;0.014458;-0.326968;0.954989;0.15236
637;1.035735;-9.103201;-3.090556;-0.161172;-0.034322;-0.006495;-0.326046;0.954134;0.159062
638;1.178116;-9.028853;-3.177613;-0.19076;-0.02662;-0.017287;-0.326982;0.953001;0.164486
639;1.252703;-9.238495;-3.14703;-0.15794;-0.018023;-0.039945;-0.325528;0.951226;0.16905
640;1.252592;-9.200462;-3.3412;-0.076595;-0.011514;-0.043722;-0.326706;0.951433;0.17512
641;1.267737;-9.088367;-3.370529;0.040597;0.004447;-0.029442;-0.328327;0.952627;0.175451
642;1.28278;-9.156353;-3.176188;0.078263;0.020175;-0.011342;-0.328377;0.950239;0.170741
643;1.267863;-9.141498;-3.131568;-0.022898;-0.000808;-0.011228;-0.328502;0.948756;0.17063
644;1.22308;-9.051687;-3.117139;-0.120535;-0.011725;-0.002001;-0.328448;0.949962;0.171559
645;1.237826;-9.095957;-3.296336;-0.156446;-0.003074;-0.010905;-0.32827;0.948568;0.177296
646;1.297632;-9.118313;-3.392521;-0.103926;-0.003114;-0.021913;-0.328759;0.948527;0.181628
647;1.252741;-9.095766;-3.370803;-0.041808;0.015364;-0.006548;-0.330912;0.946992;0.185254
648;1.222821;-9.080761;-3.348852;-0.046297;0.013508;-0.009251;-0.329988;0.947394;0.18677
649;1.267749;-9.080895;-3.370509;-0.046183;0.004331;-0.01928;-0.329864;0.946573;0.188284
650;1.267722;-9.073268;-3.415321;-0.033756;-0.007892;-0.005826;-0.329092;0.947379;0.189653
651;1.267748;-9.065849;-3.400356;-0.00842;0.006504;-0.007601;-0.329656;0.948198;0.187717
652;1.275267;-9.073513;-3.355418;0.02223;0.013855;-0.004012;-0.329606;0.946174;0.188029
653;1.252793;-9.080929;-3.340874;0.011211;0.001494;0.006796;-0.329644;0.947389;0.187733
654;1.24532;-9.058403;-3.363355;-0.009362;0.004749;-0.005792;-0.330039;0.947114;0.187861
655;1.252766;-9.080825;-3.370762;-0.01207;-0.004262;-0.007657;-0.329884;0.947249;0.188135
656;1.237784;-9.080754;-3.371015;-0.020181;0.0164;-0.003875;-0.329174;0.947387;0.188563
657;1.237809;-9.065812;-3.370974;-0.022743;-3.7e-05;-0.018451;-0.330645;0.945769;0.18678
658;1.282731;-9.073443;-3.38518;-0.026567;-0.004231;-0.003112;-0.330194;0.946158;0.189232
659;1.267774;-9.065954;-3.370468;-0.022788;0.000924;-0.014839;-0.328861;0.946713;0.188994
660;1.267748;-9.073373;-3.385432;-0.014044;0.003192;0.006863;-0.330502;0.946428;0.188809
661;1.267774;-9.058432;-3.385392;-0.008478;0.004784;-0.003995;-0.331312;0.946688;0.188914
662;1.2453;-9.058325;-3.385771;-0.01394;-0.002363;-0.002211;-0.329607;0.946697;0.18992
663;1.267722;-9.073268;-3.415321;-0.003214;0.008648;0.008681;-0.329543;0.946556;0.19074
664;1.267748;-9.065849;-3.400356;0.013306;-0.012423;-0.016826;-0.330498;0.946682;0.190706
665;1.267748;-9.073373;-3.385432;0.016065;0.010012;-0.015778;-0.32869;0.946441;0.189412
666;1.267756;-9.080922;-3.363037;0.00231;-0.007725;-0.004104;-0.328663;0.946708;0.189815
667;1.27524;-9.073408;-3.385306;-0.016557;0.002886;-0.007608;-0.329796;0.946163;0.189109
668;1.282692;-9.088333;-3.400164;-0.012097;0.000286;-0.004021;-0.329708;0.947769;0.190576
669;1.267786;-9.050961;-3.385371;0.005974;-0.007784;-0.007732;-0.329495;0.946297;0.189524
670;1.267788;-9.066007;-3.355524;0.007907;0.004621;-0.014889;-0.329273;0.946021;0.190623
671;1.252803;-9.050889;-3.385624;0.016858;0.010185;-0.007633;-0.329702;0.947649;0.188812
672;1.252728;-9.095715;-3.385747;0.014768;-0.003794;0.01037;-0.329144;0.946711;0.188849
673;1.267763;-9.080948;-3.355565;0.003036;-0.001154;0.01041;-0.329636;0.947523;0.187866
674;1.252792;-9.065884;-3.370721;-0.004675;0.005402;-0.018465;-0.329372;0.946046;0.187495
675;1.267722;-9.080791;-3.400397;0.008491;0.008727;0.010462;-0.329138;0.94861;0.187454
676;1.267736;-9.080844;-3.385453;0.016891;0.004729;-0.011293;-0.328035;0.947677;0.187508
677;1.252768;-9.095871;-3.340915;0.013079;-0.002195;0.00134;-0.328661;0.947007;0.186278
678;1.267803;-9.081104;-3.310733;-0.028325;0.01367;-0.003885;-0.329603;0.947819;0.184738
679;1.252754;-9.088296;-3.370782;-0.037213;-0.00185;-0.016624;-0.329378;0.947123;0.187611
680;1.245249;-9.088208;-3.385853;-0.028425;-0.013153;-0.001342;-0.329261;0.946842;0.189114
681;1.282744;-9.065973;-3.385159;-0.004728;-0.009824;-0.017675;-0.329816;0.947511;0.189083
682;1.267685;-9.110726;-3.385534;0.005896;0.006739;0.001412;-0.330786;0.947234;0.188785
683;1.297721;-9.081063;-3.362531;-0.00484;0.00294;-0.006741;-0.330433;0.94684;0.187989
684;1.267826;-9.051117;-3.34054;-0.028377;-0.006047;-0.004018;-0.329377;0.947512;0.189505
685;1.267761;-9.065902;-3.385412;-0.027372;0.000122;-0.009406;-0.32927;0.947232;0.190872
686;1.275239;-9.065886;-3.40023;-0.008497;0.001216;-0.003117;-0.329813;0.946419;0.190734
687;1.267722;-9.080791;-3.400397;-0.008402;0.012777;-0.007559;-0.330419;0.947766;0.190145
688;1.252753;-9.080772;-3.385706;0.011435;-0.000627;-0.0095;-0.32985;0.946826;0.190317
689;1.282712;-9.080889;-3.392672;-0.020831;0.00881;-0.023842;-0.329206;0.946568;0.1898
690;1.267748;-9.065849;-3.400356;-0.008318;0.008149;-0.014826;-0.329698;0.948053;0.188941
691;1.28268;-9.095804;-3.400185;0.013008;0.001532;0.008589;-0.329485;0.946969;0.189783
692;1.267799;-9.051013;-3.370428;0.024035;0.012969;-0.00402;-0.331361;0.948578;0.188605
693;1.267737;-9.095889;-3.355606;0.066906;-0.023105;0.020961;-0.331029;0.946839;0.18729
694;1.267756;-9.080922;-3.363037;0.043688;0.010647;0.010389;-0.328524;0.949177;0.184883
695;1.237839;-9.096009;-3.281392;0.002109;-0.011049;0.008551;-0.327293;0.948396;0.183037
696;1.237838;-9.080963;-3.311239;-0.006641;0.013721;-0.005735;-0.32785;0.949199;0.183003
697;1.245263;-9.095783;-3.355985;-0.014068;-0.002181;0.006837;-0.326998;0.948262;0.18332
698;1.222853;-9.065845;-3.341339;0.018479;0.001456;0.003172;-0.32771;0.947585;0.182767
699;1.23789;-9.066126;-3.28131;0.033496;0.010983;0.028518;-0.325907;0.949768;0.181833
700;1.245487;-8.991375;-3.303396;0.073859;-0.010084;0.042744;-0.324416;0.950472;0.180103
701;1.133158;-8.998523;-3.245538;0.174512;-0.001852;0.07516;-0.321043;0.952573;0.174741
702;1.207959;-9.141318;-3.102692;0.270295;0.012662;0.067761;-0.317926;0.955657;0.164325
703;1.177536;-9.364987;-3.193473;0.331115;0.032209;0.047864;-0.314853;0.95888;0.153363
704;1.103159;-9.246406;-2.820813;0.318433;0.006885;0.038709;-0.313534;0.961006;0.142363
705;1.163145;-9.261944;-2.730177;0.224867;0.007833;0.015406;-0.313017;0.963527;0.131602
706;1.117758;-9.478097;-2.813719;0.184182;0.002431;0.020923;-0.312494;0.964686;0.122496
707;1.043044;-9.395799;-2.747512;0.202284;0.009613;0.017336;-0.31102;0.967186;0.115434
708;1.028036;-9.470827;-2.635889;0.233051;0.000558;0.007261;-0.310826;0.966449;0.107033
709;1.027998;-9.553398;-2.524033;0.231278;-0.008547;0.000877;-0.31124;0.967866;0.098163
710;1.028568;-9.307463;-2.351505;0.175705;-0.004007;-0.029717;-0.31164;0.967518;0.090958
711;1.088644;-9.293274;-2.215957;0.094748;0.015917;-0.0475;-0.31342;0.966738;0.085209
712;1.148108;-9.502296;-2.342539;0.126954;0.006606;-0.025951;-0.316708;0.966618;0.079399
713;1.125712;-9.472411;-2.312949;0.132004;0.005373;0.000267;-0.317347;0.96719;0.074613
714;1.118536;-9.413445;-2.073809;0.107735;0.013137;-0.009569;-0.316739;0.966292;0.069896
715;1.126014;-9.413428;-2.088626;0.016838;0.009707;-0.02927;-0.316644;0.967927;0.06783
716;1.148337;-9.450549;-2.185484;-0.02304;0.011647;-0.014696;-0.317921;0.964944;0.068389
717;1.147951;-9.652078;-2.238338;-0.013044;-0.002803;-0.022045;-0.318727;0.964411;0.066607
718;1.186517;-9.130187;-1.982233;-0.082496;0.00036;-0.029123;-0.320142;0.964104;0.069418
719;1.126262;-9.23392;-2.147913;-0.108314;0.017382;0.018115;-0.318892;0.965714;0.071874
720;1.155424;-9.606923;-2.342697;-0.079029;0.029556;-0.005391;-0.318527;0.96638;0.073231
721;1.155377;-9.546582;-2.506918;0.050786;0.01413;0.005037;-0.317927;0.966784;0.074058
722;1.118329;-9.48784;-2.163676;0.115394;0.005804;0.024736;-0.317071;0.966684;0.070964
723;1.126217;-9.316464;-2.04353;-0.032276;0.010079;-0.002016;-0.317104;0.965476;0.070307
724;1.117841;-9.681454;-2.343533;-0.066649;-0.015018;0.003344;-0.316128;0.967367;0.070982
725;1.051198;-9.263057;-2.26134;-0.070195;-0.009745;-0.002027;-0.315486;0.965464;0.073756
726;1.117928;-9.621634;-2.358314;0.039815;-0.012759;0.006712;-0.316056;0.967599;0.075598
727;1.125806;-9.4803;-2.193417;0.020182;-0.006039;-0.011292;-0.315606;0.967076;0.074265
728;1.118573;-9.323352;-2.200588;0.059715;-0.001114;0.003113;-0.316298;0.966008;0.072089
729;1.148373;-9.473248;-2.103354;0.000327;0.00915;-0.009341;-0.316672;0.966838;0.069073
730;1.148414;-9.413247;-2.170439;-0.041192;-0.004479;-0.011142;-0.317078;0.965069;0.070587
731;1.155729;-9.457716;-2.282514;-0.025059;-0.002403;-0.000316;-0.317576;0.965852;0.073137
732;1.148444;-9.383286;-2.192773;0.00194;-0.013024;0.001356;-0.316783;0.965608;0.070994
733;1.133674;-9.301323;-2.11061;-0.034254;0.012161;0.012471;-0.318411;0.966533;0.071195
734;1.118324;-9.442701;-2.253218;-0.082749;0.008972;-0.003701;-0.316887;0.966665;0.073416
735;1.103308;-9.4425;-2.290831;-0.055868;0.013891;0.012552;-0.314334;0.96653;0.076626
736;1.110742;-9.472392;-2.298258;-0.034363;0.001604;0.02146;-0.316116;0.967994;0.076675
737;1.103258;-9.472383;-2.290912;-0.020096;-0.007083;0.032224;-0.314937;0.967458;0.077811
738;1.095736;-9.502309;-2.268704;-0.034249;-0.014784;0.008695;-0.3136;0.968267;0.079469
739;1.058199;-9.501819;-2.359;-0.03055;-0.004055;0.006059;-0.312783;0.968275;0.079496
740;1.06565;-9.501698;-2.403706;0.011245;-0.01691;-0.016745;-0.313625;0.967192;0.078946
741;1.073361;-9.42739;-2.298768;0.055445;-0.008652;-0.014995;-0.313614;0.966668;0.07719
742;1.118325;-9.450224;-2.238294;0.051982;-0.020627;-0.029555;-0.314437;0.967737;0.077279
743;1.118793;-9.256533;-2.080853;-0.044729;-0.004634;-0.018363;-0.314545;0.965848;0.077311
744;1.10357;-9.323202;-2.223257;-0.111635;-0.00194;-0.006415;-0.315031;0.965299;0.077985
745;1.163088;-9.472275;-2.40198;-0.127711;-0.001297;-0.015436;-0.314938;0.966202;0.082996
746;1.133272;-9.367437;-2.432089;-0.052291;0.015807;0.017967;-0.315227;0.966844;0.086506
747;1.118089;-9.501945;-2.40282;-0.002529;0.001392;0.005097;-0.31572;0.966833;0.087169
748;1.073395;-9.367363;-2.373325;-0.023061;0.015374;-0.009217;-0.31453;0.966296;0.088441
749;1.088052;-9.516562;-2.455671;0.00741;0.00144;0.005086;-0.312996;0.96686;0.087258
750;1.04359;-9.300167;-2.321344;0.016501;-0.005874;-0.004019;-0.311628;0.967815;0.087557
751;1.095641;-9.486897;-2.403159;0.014729;-0.010411;-0.005869;-0.312107;0.967011;0.08647
752;1.103208;-9.449632;-2.387987;0.04894;-0.005659;0.00131;-0.313971;0.967137;0.085184
753;1.118373;-9.397772;-2.282984;0.050746;-0.001198;0.000423;-0.313353;0.967434;0.082617
754;1.148307;-9.420353;-2.275067;-0.023218;0.002051;-0.002098;-0.31222;0.967979;0.083323
755;1.0885;-9.322792;-2.320646;-0.0954;-0.009023;-0.005592;-0.31206;0.968233;0.085497
756;1.118152;-9.457068;-2.417642;-0.04842;0.006418;-0.003803;-0.312672;0.968204;0.088194
757;1.088236;-9.41952;-2.432991;0.018267;0.012235;0.005128;-0.312777;0.96633;0.086461
758;1.095832;-9.397405;-2.358083;0.011979;-0.000471;-0.001277;-0.312133;0.966071;0.085943
759;1.073282;-9.442123;-2.358585;0.000244;0.003095;-0.000309;-0.312223;0.967292;0.084966
760;1.088302;-9.412258;-2.373194;-0.001449;-0.009683;-0.011251;-0.310794;0.966895;0.085836
761;1.073282;-9.442123;-2.358585;0.018314;0.017539;0.001552;-0.310735;0.967981;0.085002
762;1.058377;-9.412273;-2.328868;-0.012333;0.001149;-0.005712;-0.312631;0.96811;0.083307
763;1.065831;-9.442245;-2.313879;-0.025179;-0.011191;0.006898;-0.312298;0.969587;0.084377
764;1.103259;-9.427271;-2.372982;-0.04385;0.00093;-0.010177;-0.310377;0.968379;0.086229
765;1.088223;-9.426991;-2.433011;-0.012158;-0.006282;-0.018438;-0.312168;0.968363;0.085899
766;1.065732;-9.456899;-2.396112;0.032672;0.003329;0.005044;-0.311783;0.968639;0.085634
767;1.05832;-9.44213;-2.336422;0.023637;-0.011119;0.001354;-0.311835;0.967971;0.08483
768;1.058358;-9.427241;-2.321437;0.000164;-0.020205;-0.000458;-0.310929;0.968389;0.084309
769;1.065909;-9.419989;-2.268986;-0.019411;0.004481;-0.016529;-0.311809;0.967849;0.083339
770;1.088431;-9.367642;-2.313296;-0.040957;-0.013767;-0.028368;-0.312952;0.967544;0.08616
771;1.133456;-9.338077;-2.282568;-0.060877;-0.004762;-0.021947;-0.312698;0.968087;0.086022
772;1.118393;-9.337692;-2.372485;-0.064582;0.009813;-0.010076;-0.312882;0.967238;0.090651
773;1.103207;-9.442108;-2.40291;-0.086429;0.00643;0.003532;-0.31162;0.966843;0.091107
774;1.103255;-9.389656;-2.4476;-0.070183;0.002907;0.003466;-0.311813;0.966817;0.093954
775;1.118214;-9.412191;-2.432464;-0.079229;0.001095;0.004376;-0.311956;0.967744;0.095833
776;1.02817;-9.411192;-2.598366;-0.044941;0.006724;0.008888;-0.312057;0.967185;0.098013
777;0.983507;-9.321852;-2.449441;0.02179;0.016011;0.012419;-0.310006;0.966666;0.098091
778;1.11843;-9.307757;-2.387347;-0.037566;0.020816;-0.002835;-0.309577;0.966668;0.098376
779;1.193104;-9.382376;-2.513309;-0.016301;0.011629;0.026871;-0.30952;0.968562;0.097663
780;1.148025;-9.47189;-2.491897;0.015059;0.002191;0.041225;-0.307636;0.969391;0.097573
781;1.042724;-9.657746;-2.613729;0.057705;-0.004224;0.024846;-0.305643;0.970239;0.095313
782;1.028994;-8.978251;-2.492577;-0.002408;-0.015841;-0.00676;-0.306786;0.969695;0.094471
783;1.118181;-9.600058;-2.119149;0.022466;0.01302;-0.043723;-0.30705;0.969153;0.094473
784;1.072646;-9.815637;-2.367074;-0.234473;0.001366;-0.129975;-0.309656;0.966931;0.099184
785;0.774338;-8.93964;-2.51172;-0.312862;-0.024212;-0.144336;-0.316216;0.964355;0.109069
786;1.058929;-8.948196;-2.581654;-0.309089;0.020111;-0.077234;-0.321758;0.960691;0.121453
787;1.35769;-9.367248;-2.786949;-0.276709;0.009618;-0.066639;-0.32355;0.957878;0.133265
788;1.387731;-9.20225;-3.010155;-0.201508;-0.001689;-0.019886;-0.324676;0.95645;0.141541
789;1.208003;-9.171567;-2.998166;-0.010947;-0.010569;0.034833;-0.323346;0.957514;0.14496
790;1.132879;-9.335831;-2.925159;0.008702;0.020844;-0.011097;-0.322217;0.956459;0.143523
791;1.058142;-9.230886;-2.926139;-0.008422;0.001852;-0.017486;-0.324305;0.957385;0.14303
792;1.185527;-9.216573;-2.916476;-0.021045;0.000855;-0.018419;-0.32362;0.958753;0.141532
793;1.192987;-9.239047;-2.908938;-0.056327;-0.009959;-0.014789;-0.324772;0.957641;0.144096
794;1.185626;-9.141761;-2.94616;-0.06251;-0.008368;-0.023809;-0.324134;0.956007;0.146865
795;1.245404;-9.216647;-2.97524;-0.013942;0.004674;-0.007582;-0.325146;0.956258;0.147913
796;1.207879;-9.261321;-2.968522;-0.03742;0.010012;-0.005663;-0.325694;0.956522;0.14789
797;1.178053;-9.194047;-2.938957;-0.091548;-0.002838;-0.011032;-0.3242;0.955849;0.149582
798;1.223011;-9.156696;-2.997872;-0.100689;-0.009885;-0.002937;-0.327307;0.955113;0.153297
799;1.245315;-9.201262;-3.102223;-0.082633;-0.000783;0.000689;-0.325564;0.95443;0.156492
800;1.207859;-9.201085;-3.102855;0.004057;0.010282;-0.000339;-0.324581;0.955244;0.157052
801;1.177996;-9.156222;-3.073351;0.061521;0.010943;0.021243;-0.323515;0.956349;0.155164
802;1.155524;-9.178685;-3.02896;0.113875;0.00031;0.017435;-0.323257;0.956383;0.151369
803;1.17044;-9.246176;-2.976586;0.084912;0.009307;0.024799;-0.32193;0.95643;0.147336
804;1.1481;-9.178911;-2.954366;0.099724;0.005192;-0.004201;-0.321475;0.95809;0.142837
805;1.193032;-9.156503;-3.013322;0.28909;0.032275;0.015393;-0.318971;0.959515;0.136644
806;1.207644;-9.440881;-2.894291;0.444157;0.072673;0.035186;-0.320305;0.96261;0.119427
807;1.185478;-9.441976;-2.550959;0.419215;0.047205;0.065841;-0.317946;0.965051;0.104245
808;1.013969;-9.143452;-2.231758;0.317969;0.030772;0.06785;-0.316953;0.967599;0.090782
809;1.118178;-9.577489;-2.16392;0.167757;0.01858;0.026505;-0.313324;0.968673;0.079607
810;1.103228;-9.509868;-2.253654;0.001791;-0.001959;0.015925;-0.313505;0.969379;0.075512
811;1.051075;-9.307699;-2.313766;0.016429;-0.012973;-0.000451;-0.312421;0.969794;0.07554
812;1.148083;-9.517238;-2.342579;0.132001;0.017989;0.003962;-0.313092;0.969113;0.075531
813;1.118007;-9.606902;-2.298498;0.218651;0.027293;0.004731;-0.311825;0.969465;0.067144
814;1.148147;-9.607723;-2.10372;0.222296;0.025366;-0.001633;-0.312822;0.971419;0.057838
815;1.066016;-9.533199;-1.940524;0.142674;-0.001688;0.003841;-0.312476;0.971475;0.0516
816;1.036257;-9.458663;-1.851163;0.016465;-0.013215;-0.011292;-0.311993;0.971247;0.047138
817;1.043701;-9.458516;-1.90334;-0.098762;-0.02308;-0.034595;-0.313271;0.970417;0.048063
818;1.103264;-9.592725;-2.059606;-0.131195;-0.041245;-0.040084;-0.314784;0.97009;0.053181
819;1.096191;-9.368723;-2.01429;-0.095858;-0.019732;-0.046364;-0.314784;0.968699;0.058369
820;1.125962;-9.428266;-2.118555;-0.060905;-0.001184;-0.021915;-0.317279;0.969337;0.059633
821;1.193182;-9.548117;-2.117742;-0.060953;0.006076;-0.016463;-0.318098;0.96903;0.063144
822;1.163348;-9.458247;-2.14042;-0.035975;-0.023981;-0.00134;-0.316363;0.967974;0.062541
823;1.148459;-9.398384;-2.147982;-0.066356;0.000658;-0.018282;-0.31799;0.966596;0.064144
824;1.208587;-9.301678;-2.109345;-0.060099;0.01515;-0.010993;-0.31695;0.96537;0.066918
825;1.162442;-9.81567;-2.477636;0.099404;0.032486;0.01771;-0.317245;0.967808;0.065232
826;1.125876;-9.50313;-2.073926;0.129249;0.004435;-0.000634;-0.317439;0.966631;0.06063
827;1.066417;-9.279088;-1.96972;0.070545;0.001544;-0.000493;-0.317695;0.967329;0.057348
828;1.118306;-9.577985;-2.021953;-0.010371;-0.009125;-0.024797;-0.318012;0.9676;0.05679
829;1.065846;-9.517501;-2.157171;0.013061;-0.001717;-0.018455;-0.31711;0.968288;0.056263
830;1.148525;-9.443757;-1.991192;0.01548;-0.013059;-0.002292;-0.319136;0.967339;0.054449
831;1.163459;-9.428599;-2.07309;-0.00492;0.002557;-0.023852;-0.317829;0.9683;0.05393
832;1.19343;-9.481402;-1.968119;-0.089971;-0.002889;-0.011026;-0.318565;0.965831;0.058163
833;1.178554;-9.35391;-2.087578;-0.102699;-0.009947;-0.003806;-0.320371;0.965936;0.05946
834;1.19329;-9.488377;-2.110107;-0.081074;0.008201;0.003497;-0.319491;0.967;0.062321
835;1.163346;-9.443201;-2.170267;-0.057675;0.005721;0.00886;-0.318272;0.965637;0.065647
836;1.08833;-9.487567;-2.201542;-0.038739;-0.005857;0.007864;-0.317824;0.966445;0.066326
837;1.118366;-9.457904;-2.178539;-0.028686;0.020984;0.004388;-0.316294;0.966845;0.068677
838;1.118405;-9.443015;-2.163554;-0.060456;-0.009477;0.010593;-0.316624;0.967252;0.06798
839;1.118146;-9.532247;-2.28335;0.007301;0.002429;0.010509;-0.315072;0.9678;0.068835
840;1.118328;-9.472794;-2.193523;0.050756;0.005052;-0.000436;-0.315528;0.968205;0.068269
841;1.103503;-9.443257;-2.074143;0.00195;0.00853;0.003331;-0.315938;0.967812;0.066362
842;1.12591;-9.443103;-2.148484;-0.051916;0.000717;-0.018306;-0.316759;0.968073;0.06633
843;1.133282;-9.457714;-2.253006;-0.059375;-0.006109;-0.000247;-0.317493;0.9671;0.069041
844;1.155692;-9.487651;-2.267652;0.016456;-0.002251;-0.000416;-0.316206;0.967106;0.069898
845;1.133312;-9.48791;-2.163423;0.066897;0.008856;0.007685;-0.316407;0.966857;0.067179
846;1.118617;-9.361123;-2.081138;0.03435;0.001586;0.008622;-0.315481;0.966884;0.065036
847;1.125862;-9.495555;-2.103794;-0.028615;-0.010668;-0.009393;-0.316368;0.967421;0.064182
848;1.14837;-9.443156;-2.163048;-0.048363;-0.003684;-0.014736;-0.315875;0.967282;0.065287
849;1.095879;-9.457746;-2.193862;-0.03407;-0.006082;-0.003911;-0.315547;0.966053;0.06763
850;1.118417;-9.435544;-2.163534;-0.025923;0.008299;-0.002941;-0.317067;0.968194;0.067676
851;1.133414;-9.44319;-2.133413;-0.046591;0.008069;-0.010133;-0.316097;0.967798;0.067851
852;1.133359;-9.427936;-2.223036;-0.062882;-0.009892;-0.009309;-0.316036;0.967358;0.072208
853;1.133193;-9.502486;-2.268072;-0.006869;0.004655;-0.009347;-0.316032;0.965742;0.071967
854;1.125881;-9.427952;-2.208219;0.000952;0.002419;0.011422;-0.316289;0.967638;0.0707
855;1.133374;-9.443033;-2.178245;-0.053716;0.007916;-0.016448;-0.316836;0.967618;0.072448
856;1.110846;-9.435195;-2.253324;-0.037569;-0.006244;-0.011147;-0.317524;0.967866;0.074187
857;1.13323;-9.472551;-2.282934;-0.024876;0.009931;-0.011078;-0.316264;0.967605;0.074641
858;1.133307;-9.442772;-2.252965;0.016468;0.003132;-0.000372;-0.317962;0.967057;0.073644
859;1.125779;-9.472672;-2.238229;0.016665;0.001028;-0.015759;-0.316681;0.966794;0.074371
860;1.088551;-9.36059;-2.193724;0.016502;-0.004138;-0.005832;-0.317068;0.966265;0.072738
861;1.163263;-9.480477;-2.192785;0.0011;-0.000521;-0.000369;-0.316804;0.966807;0.072736
862;1.13346;-9.368169;-2.222873;-0.020378;0.009945;-0.011093;-0.317454;0.964927;0.070985
863;1.140661;-9.53251;-2.238139;0.020274;0.020847;-0.011117;-0.317562;0.966015;0.069738
864;1.163427;-9.383357;-2.19252;-0.001541;0.00567;-0.003943;-0.316559;0.966827;0.070571
865;1.118418;-9.443067;-2.14861;-0.010746;0.006801;0.008771;-0.316293;0.967234;0.070572
866;1.1481;-9.547382;-2.267941;-0.012547;-0.002172;0.008706;-0.315405;0.967086;0.07332
867;1.118318;-9.442676;-2.26069;-0.021302;0.016295;-0.007421;-0.31677;0.968164;0.071625
868;1.118416;-9.420498;-2.193381;-0.023236;0.002951;-0.002079;-0.318062;0.966932;0.072285
869;1.08831;-9.487489;-2.223958;-0.050358;-0.006065;-0.000249;-0.315986;0.968161;0.073009
870;1.125868;-9.427899;-2.223163;-0.053841;-0.00448;-0.009292;-0.318699;0.966502;0.074582
871;1.133224;-9.480048;-2.275483;-0.019658;-0.002359;0.000586;-0.316832;0.966914;0.075993
872;1.155741;-9.442722;-2.297417;-0.014145;-0.004283;-0.006687;-0.315502;0.966258;0.075506
873;1.118433;-9.390484;-2.230659;-0.001714;-0.005746;0.006853;-0.315851;0.96734;0.074659
874;1.133232;-9.487597;-2.253087;0.007502;-0.001493;-0.005806;-0.317022;0.965707;0.075059
875;1.088285;-9.50243;-2.223999;-0.008684;-0.002548;-0.011181;-0.316514;0.966793;0.074784
876;1.088238;-9.502248;-2.276303;-0.041924;-0.032595;-0.028486;-0.31671;0.967186;0.075856
877;1.178701;-9.226645;-2.161952;-0.064768;-0.040423;-0.011344;-0.319547;0.966063;0.077686
878;1.148448;-9.293062;-2.356913;0.016336;-0.000229;0.010447;-0.319296;0.965246;0.079068
879;1.163274;-9.45796;-2.222612;0.061619;0.037457;0.005161;-0.318274;0.965667;0.078279
880;1.133787;-9.234086;-2.110427;-0.066268;0.033823;-0.018061;-0.318812;0.965407;0.0765
881;1.16367;-9.279027;-2.117515;-0.221788;0.016565;-0.000619;-0.318567;0.965906;0.08166
882;1.148065;-9.472048;-2.447065;-0.29164;-0.010024;0.025617;-0.315526;0.966664;0.091526
883;1.087447;-9.687163;-2.807323;-0.142588;0.004897;0.025381;-0.313426;0.966081;0.099484
884;1.125701;-9.314454;-2.618873;0.019883;0.023402;0.025076;-0.312607;0.967824;0.101651
885;1.005522;-9.538245;-2.55426;0.185745;0.02523;0.039211;-0.311996;0.968136;0.097182
886;1.125809;-9.442711;-2.260563;0.146497;0.026934;0.000375;-0.311813;0.96927;0.090783
887;1.028643;-9.322796;-2.239466;0.097841;0.005032;-0.011375;-0.310463;0.969614;0.083486
888;1.095559;-9.599377;-2.283913;0.002367;0.000782;-0.025658;-0.312483;0.969606;0.081926
889;1.163845;-8.678125;-3.042413;-0.236019;-0.030242;-0.010875;-0.312952;0.96889;0.086406
890;1.5074;-9.893889;-1.934038;0.126487;0.023275;0.006592;-0.312262;0.968507;0.08467
891;0.906994;-10.142448;-2.692049;-0.171677;-0.003953;-0.097525;-0.314533;0.968061;0.086913
892;0.947167;-8.739475;-2.299046;-0.2496;-0.03096;-0.088536;-0.318536;0.964841;0.096351
893;1.231645;-8.875427;-2.257245;-0.29465;0.00199;-0.086508;-0.321627;0.961635;0.105276
894;1.312658;-9.396788;-2.82515;-0.276627;0.002315;-0.073904;-0.323821;0.959909;0.11556
895;1.327695;-9.336909;-2.877038;-0.068296;0.001118;0.005162;-0.325132;0.958634;0.121382
896;1.305294;-9.397248;-2.683309;0.032715;0.015935;0.010452;-0.322693;0.960141;0.121569
897;1.118021;-9.366323;-2.731221;0.065292;0.010585;0.003176;-0.322839;0.959617;0.119537
898;1.028538;-9.217108;-2.553005;-0.010512;-0.002371;-0.003928;-0.324016;0.960692;0.118527
899;1.155826;-9.240019;-2.580803;-0.167406;-0.021202;-0.018191;-0.322979;0.959885;0.119527
900;1.237892;-9.33685;-2.773948;-0.208136;-0.027418;-0.00731;-0.324181;0.959257;0.128736
901;1.222875;-9.261444;-2.953325;-0.133023;-0.006662;-0.01459;-0.323319;0.959082;0.134744
902;1.20789;-9.246327;-2.983425;0.058202;0.008645;-0.00229;-0.322158;0.957455;0.137258
903;1.2079;-9.336603;-2.804342;0.134202;0.019374;-0.016872;-0.322937;0.958296;0.132462
904;1.178196;-9.269799;-2.640281;0.022131;0.010129;-0.010316;-0.323844;0.958596;0.127673
905;1.163325;-9.187445;-2.670198;-0.136662;-0.004935;-0.01726;-0.325221;0.958703;0.129256
906;1.237938;-9.261828;-2.863408;-0.149209;0.003951;-0.018103;-0.325325;0.958654;0.135094
907;1.245374;-9.246609;-2.952905;-0.111228;-0.003187;-0.023675;-0.325246;0.957674;0.139597
908;1.192958;-9.216373;-2.983597;-0.046603;0.013827;0.007052;-0.325266;0.957242;0.142865
909;1.177876;-9.291115;-2.954166;-0.006821;0.006657;-0.00032;-0.325496;0.9571;0.143403
910;1.215461;-9.239153;-2.908559;-0.016672;-0.013331;-0.0113;-0.324396;0.95711;0.143575
911;1.193037;-9.20164;-2.92378;-0.023186;0.005862;0.007846;-0.325373;0.956415;0.144915
912;1.21539;-9.261435;-2.94598;0.000488;-0.004266;-0.009472;-0.326006;0.956822;0.143799
913;1.22295;-9.216619;-2.953203;-0.009247;0.002608;-0.02207;-0.326901;0.956553;0.142689
914;1.207981;-9.2166;-2.938512;-0.008673;-0.004095;0.000502;-0.325936;0.955604;0.144504
915;1.222939;-9.239137;-2.923376;0.000432;0.003011;-0.004;-0.326756;0.956688;0.142827
916;1.215498;-9.209218;-2.923421;-0.008589;0.004773;-0.003964;-0.324575;0.956575;0.1429
917;1.245438;-9.216778;-2.93788;-0.000517;-0.005923;-0.002259;-0.325329;0.955753;0.14357
918;1.208176;-9.097042;-2.945658;0.057753;-0.015899;0.024677;-0.326048;0.955765;0.141237
919;1.193339;-9.0825;-2.811375;0.098434;-0.028034;0.081484;-0.323099;0.957549;0.141029
920;1.192981;-9.299179;-2.804493;0.104012;-0.01836;0.071594;-0.320012;0.959918;0.135516
921;1.22338;-9.037817;-2.810747;0.200003;0.02292;0.05714;-0.316036;0.962288;0.130983
922;1.162863;-9.381164;-2.820167;0.371298;0.048168;0.076824;-0.312515;0.966752;0.117159
923;1.07187;-10.015651;-2.853303;0.443801;0.030909;0.051266;-0.309465;0.969484;0.100364
924;1.028729;-9.308089;-2.172178;0.268747;0.01192;0.031666;-0.309328;0.971609;0.088103
925;1.028389;-9.449642;-2.284644;0.189748;-0.017784;-0.004513;-0.309945;0.971132;0.079806
926;1.043096;-9.629117;-2.254992;0.136521;0.008506;-0.067519;-0.310871;0.970626;0.074624
927;1.051303;-9.248429;-2.171635;0.129012;0.016984;-0.045754;-0.313276;0.969042;0.067648
928;1.133213;-9.562723;-2.133739;0.109114;0.012439;-0.043948;-0.314988;0.969198;0.062971
929;1.133398;-9.473204;-2.096134;0.076416;-0.00449;-0.03313;-0.316565;0.968533;0.059943
930;1.103644;-9.383648;-2.029148;0.065488;0.01;-0.023952;-0.317132;0.969098;0.056111
931;1.148469;-9.48866;-1.968898;0.023899;0.022526;-0.016544;-0.317227;0.967223;0.054513
932;1.118739;-9.369116;-1.931719;-0.046255;0.014682;-0.03722;-0.31956;0.967889;0.052523
933;1.155724;-9.532894;-2.148222;-0.03438;0.007388;-0.045448;-0.319902;0.967325;0.055103
934;1.185659;-9.562997;-2.125381;0.015042;0.000685;-0.031154;-0.322983;0.96527;0.055313
935;1.298841;-9.20574;-1.890875;-0.032008;-0.004832;-0.027516;-0.324304;0.965252;0.055813
936;1.268325;-9.436566;-2.07134;-0.04854;-0.004379;-0.003031;-0.324228;0.965648;0.056894
937;1.215784;-9.488562;-2.087312;-0.034465;-0.001052;0.025019;-0.323935;0.964692;0.058824
938;1.178337;-9.458344;-2.132695;-0.028922;-0.010202;0.014105;-0.324184;0.965225;0.059213
939;1.19364;-9.324306;-2.027467;-0.037585;0.013477;-0.009243;-0.323037;0.966173;0.060183
940;1.17063;-9.570267;-2.163015;0.007121;-6.1e-05;0.021327;-0.322157;0.965367;0.060907
941;1.163313;-9.503229;-2.09571;0.023544;-0.012899;0.004017;-0.322054;0.966463;0.058852
942;1.155914;-9.435878;-2.118069;0.037058;-0.001998;0.008579;-0.321137;0.965684;0.056452
943;1.178156;-9.577955;-2.110605;0.033435;0.001602;0.010417;-0.319753;0.966233;0.056894
944;1.148402;-9.4884;-2.043618;0.027331;-0.010472;-0.009538;-0.320968;0.967327;0.053574
945;1.171069;-9.414059;-1.968315;-0.005193;0.001125;-0.005774;-0.320423;0.965986;0.053345
946;1.185833;-9.503518;-2.043026;0.001817;0.014103;0.014191;-0.31953;0.966391;0.054454
947;1.141;-9.451114;-2.013755;0.000186;0.010228;-0.000286;-0.321533;0.967324;0.053284
948;1.163231;-9.555551;-2.08838;-0.024075;-0.000804;-0.009351;-0.319804;0.967869;0.054688
949;1.16341;-9.473529;-2.043324;-0.034041;-0.001702;-0.007526;-0.320604;0.967605;0.053037
950;1.178341;-9.488437;-2.073;-0.012442;-0.000618;-0.002151;-0.319568;0.967322;0.055929
951;1.163428;-9.458561;-2.050756;-0.053209;-0.000543;0.008809;-0.320558;0.966374;0.055235
952;1.15593;-9.458499;-2.058354;-0.074785;-0.013352;-0.000266;-0.319619;0.96622;0.058665
953;1.155902;-9.443349;-2.118089;-0.095552;-0.020595;-0.000264;-0.319514;0.966464;0.061923
954;1.163314;-9.458117;-2.17778;-0.066294;-0.013833;-0.025619;-0.318578;0.967253;0.065471
955;1.163187;-9.517778;-2.20783;-0.030282;-0.001846;-0.015676;-0.319082;0.967243;0.065998
956;1.148306;-9.472987;-2.178073;0.002053;0.001205;-0.003972;-0.317548;0.966178;0.06634
957;1.148383;-9.435686;-2.163028;0.03091;-0.00586;-0.004092;-0.318945;0.965764;0.065759
958;1.148392;-9.458281;-2.110785;-0.005375;-0.005738;0.008662;-0.319008;0.967251;0.065185
959;1.148384;-9.443209;-2.148104;-0.013236;0.005555;-0.007525;-0.317856;0.967405;0.064269
960;1.163377;-9.420763;-2.177678;-0.01768;0.009944;-0.011109;-0.318171;0.968738;0.065727
961;1.14837;-9.443156;-2.163048;-0.016126;-0.007677;0.003248;-0.31953;0.967782;0.065565
962;1.133399;-9.428092;-2.178204;0.0127;0.009629;0.011439;-0.317009;0.965915;0.066227
963;1.155704;-9.532815;-2.170638;0.011937;0.003104;-0.000367;-0.316556;0.967948;0.065388
964;1.126014;-9.413428;-2.088626;-0.013543;0.006;0.014195;-0.317599;0.966856;0.065782
965;1.133505;-9.413464;-2.0885;-0.045852;-0.006104;-0.00209;-0.315785;0.968081;0.066633
966;1.1333;-9.502904;-2.14852;-0.108285;-0.018676;0.007932;-0.314592;0.967797;0.069802
967;1.125732;-9.472489;-2.290533;-0.059797;-0.003222;-0.034594;-0.316638;0.967762;0.071501
968;1.163163;-9.487608;-2.289941;-0.021341;0.008254;-0.005683;-0.31653;0.966959;0.070977
969;1.133347;-9.442929;-2.208133;0.011241;0.020815;-0.011095;-0.317595;0.968022;0.071465
970;1.133425;-9.420673;-2.16324;-0.032042;0.00527;-0.018329;-0.316813;0.96763;0.070955
971;1.148285;-9.457863;-2.230337;-0.063761;-0.00273;-0.009265;-0.316948;0.966671;0.072598
972;1.14839;-9.383077;-2.252549;-0.022949;0.004334;-0.021983;-0.318187;0.967319;0.074311
973;1.148251;-9.457732;-2.267697;-0.009793;0.009472;0.007869;-0.317393;0.966791;0.07394
974;1.163261;-9.457908;-2.237556;-0.002341;0.011832;-0.009324;-0.316516;0.9676;0.074904
975;1.148301;-9.42785;-2.267615;0.003776;-0.000429;0.003246;-0.317622;0.967322;0.074601
976;1.1332;-9.502513;-2.2606;0.021879;-0.011243;-0.003193;-0.317663;0.967326;0.074057
977;1.118517;-9.368255;-2.178294;-0.01419;0.002947;-0.003912;-0.317014;0.96762;0.071899
978;1.170779;-9.458048;-2.207541;-0.028456;-0.002774;-0.017501;-0.315627;0.967362;0.072221
979;1.163271;-9.427868;-2.282306;-0.020419;-0.000779;-0.009366;-0.316957;0.968407;0.074603
980;1.125913;-9.413036;-2.200706;0.002172;0.015443;-0.009297;-0.316968;0.967062;0.07422
981;1.155832;-9.420519;-2.23758;-0.041375;-0.005976;0.003317;-0.316949;0.967868;0.074613
982;1.148351;-9.390443;-2.282457;-0.012277;0.001925;-0.010267;-0.31727;0.966105;0.075451
983;1.16322;-9.457751;-2.282387;0.018397;0.001155;-0.009447;-0.318712;0.966922;0.072672
984;1.133371;-9.412941;-2.237939;0.018325;0.005754;-0.003978;-0.317885;0.968276;0.073081
985;1.133304;-9.472838;-2.200742;0.026376;-0.007626;-0.002276;-0.316861;0.967216;0.072048
986;1.133283;-9.47276;-2.223158;0.002095;-0.00424;-0.007621;-0.315842;0.96695;0.072901
987;1.125817;-9.457783;-2.223244;-0.009484;0.002687;-0.017493;-0.317622;0.965737;0.070692
988;1.14809;-9.577422;-2.22319;-0.026718;-0.022461;-0.016719;-0.31752;0.967072;0.0723
989;1.103484;-9.398067;-2.178629;-0.075274;-0.030129;-0.032919;-0.318065;0.966245;0.073928
990;1.148978;-9.114651;-2.102376;-0.138232;0.008877;-0.041578;-0.317715;0.965402;0.078438
991;1.238399;-9.308743;-2.265771;-0.189069;0.001981;-0.018013;-0.319675;0.964655;0.084772
992;1.178051;-9.419633;-2.521136;-0.108008;-0.000945;-0.001923;-0.319634;0.966237;0.089226
993;1.193204;-9.382768;-2.40123;-0.027021;0.016777;0.017888;-0.319464;0.965143;0.09129
994;1.208239;-9.368001;-2.371048;-0.053277;0.015889;0.023367;-0.317783;0.96662;0.094033
995;1.057898;-9.568324;-2.568399;-0.086866;-0.005435;0.036038;-0.315448;0.966492;0.09615
996;1.102808;-9.59095;-2.567702;-0.035075;-0.004878;0.010571;-0.314033;0.967712;0.097124
997;1.125972;-9.217752;-2.499056;-0.014395;-0.009216;0.014086;-0.313508;0.966762;0.098517
998;1.095304;-9.598385;-2.567848;0.067079;0.005155;0.000441;-0.314652;0.967175;0.096027
999;1.087986;-9.531347;-2.500544;0.074845;0.00973;-0.040249;-0.315227;0.965976;0.093586
1000;1.268348;-9.098266;-2.675655;-0.116203;0.03562;-0.05236;-0.317537;0.965399;0.095287
1001;1.281846;-10.295726;-2.088372;0.233833;0.05131;-0.047646;-0.319278;0.965423;0.090204
1002;0.944924;-9.933913;-2.55635;0.05988;0.027587;-0.130467;-0.322774;0.964396;0.07965
1003;1.104888;-8.62147;-2.071904;-0.090882;-0.00239;-0.07614;-0.328066;0.962173;0.081148
1004;1.224378;-8.906345;-1.951102;-0.24354;-0.021272;-0.005379;-0.329545;0.9609;0.086557
1005;1.38028;-9.443003;-2.517782;-0.443436;-0.029731;-0.031222;-0.329819;0.95997;0.100828
1006;1.402698;-9.360172;-2.733866;-0.340471;-0.018573;-0.030509;-0.330061;0.958229;0.115387
1007;1.34277;-9.3223;-2.802024;-0.193954;-0.011678;0.016233;-0.329875;0.956775;0.12846
1008;1.147817;-9.350765;-2.947362;-0.096471;-0.005825;0.018826;-0.328604;0.956753;0.132713
1009;1.148131;-9.224154;-2.834937;-0.073609;0.000963;-0.003801;-0.327995;0.95729;0.133674
1010;1.222994;-9.246868;-2.848677;-0.101312;-0.006772;-0.025523;-0.329583;0.955758;0.13759
1011;1.282822;-9.291872;-2.877675;-0.096753;-0.006826;-0.028271;-0.329671;0.955737;0.140032
1012;1.297785;-9.231707;-3.011755;-0.039049;-0.009171;-0.022106;-0.329681;0.954632;0.143313
1013;1.282933;-9.202066;-2.922262;0.016772;0.001114;-0.011315;-0.330642;0.954638;0.14138
1014;1.275405;-9.231966;-2.907526;-0.01931;0.017153;-0.009306;-0.331008;0.954345;0.143682
1015;1.267964;-9.202047;-2.907571;-0.098794;0.006145;-0.007373;-0.331192;0.954319;0.146665
1016;1.267986;-9.157014;-2.967225;-0.140422;-0.010923;-0.00196;-0.3311;0.953203;0.151308
1017;1.297755;-9.209033;-3.086414;-0.102144;-0.011301;-0.027393;-0.331757;0.952102;0.153209
1018;1.282861;-9.156667;-3.086524;-0.094899;-0.006807;-0.028282;-0.332281;0.95181;0.155235
1019;1.297792;-9.179098;-3.101276;-0.071548;-0.002041;-0.018363;-0.33268;0.952852;0.159141
1020;1.275279;-9.186357;-3.131564;-0.064399;0.004415;-0.011092;-0.331454;0.953253;0.161075
1021;1.290261;-9.178905;-3.146235;-0.053571;-0.009945;-0.013935;-0.332617;0.952277;0.1635
1022;1.282871;-9.126627;-3.131274;-0.062644;-0.00811;-0.010281;-0.332503;0.951458;0.164878
1023;1.282806;-9.141412;-3.176147;-0.045364;-0.004625;-0.01844;-0.333123;0.950623;0.167318
1024;1.305266;-9.141466;-3.190712;-0.033849;-0.009652;-0.003135;-0.33239;0.949667;0.16967
1025;1.312796;-9.126612;-3.175601;-0.016726;0.003048;0.001426;-0.333752;0.948981;0.169502
1026;1.282837;-9.118974;-3.183558;-0.026502;0.000988;-0.01031;-0.331504;0.949803;0.170647
1027;1.297761;-9.141378;-3.205782;-0.038199;0.015301;-0.009286;-0.333742;0.948307;0.169515
1028;1.305278;-9.126472;-3.205615;-0.028208;-0.004567;-0.018492;-0.333672;0.949107;0.170589
1029;1.30529;-9.111479;-3.220518;-0.019427;0.002146;0.001429;-0.33347;0.950179;0.171662
1030;1.297792;-9.111417;-3.228117;-0.035631;-0.008777;-0.004028;-0.333468;0.949087;0.173313
1031;1.297772;-9.118861;-3.235609;-0.026609;-0.010536;-0.004062;-0.333662;0.948;0.174142
1032;1.305238;-9.126315;-3.250447;-0.024024;0.012174;0.010553;-0.334108;0.949076;0.173835
1033;1.305295;-9.096458;-3.242893;-0.033776;-0.009741;-0.007661;-0.334199;0.948801;0.174381
