time index;acc_x;acc_y;acc_z;gyr_x;gyr_y;gyr_z;mag_x;mag_y;mag_z
1;6.695141;1.630418;6.959539;-0.000288;-0.002314;-0.006345;-0.225069;-0.358376;-0.658789
2;6.65366;1.635391;7.007731;0.004979;-0.01579;-0.001962;-0.226587;-0.358057;-0.658101
3;6.690285;1.654862;6.89057;0.010919;-0.034402;0.0148;-0.226332;-0.359133;-0.658186
4;6.724321;1.678885;6.93713;0.01217;0.016886;-0.006278;-0.226846;-0.358314;-0.658108
5;6.739175;1.49404;7.040832;0.008559;-0.021235;-0.001076;-0.226898;-0.358702;-0.659136
6;6.666;1.591789;6.918199;-0.010409;-0.03558;0.011228;-0.227343;-0.358965;-0.657726
7;6.738954;1.652015;6.97939;-0.010436;-0.008373;0.009542;-0.227618;-0.358151;-0.658024
8;6.7146;1.654615;6.954522;-0.015124;-0.041711;0.02271;-0.229708;-0.357399;-0.658416
9;6.643989;1.625858;6.93928;0.00858;-0.026662;-0.001983;-0.230859;-0.35949;-0.658156
10;6.729371;1.610986;6.872363;0.012304;-0.057693;-0.006436;-0.231726;-0.359997;-0.65741
11;6.758569;1.622924;6.901942;0.001191;-0.051863;0.012119;-0.233103;-0.358352;-0.656494
12;6.778053;1.632549;6.89718;0.010488;-0.042267;-0.006391;-0.233364;-0.357142;-0.656543
13;6.778154;1.593766;6.85873;-0.002604;-0.051599;0.0236;-0.234724;-0.357234;-0.655316
14;6.76841;1.60114;6.838892;0.006858;-0.050358;-0.002001;-0.237759;-0.358705;-0.656471
15;6.800143;1.584026;6.815217;-0.005765;-0.042126;0.004191;-0.239197;-0.35787;-0.654238
16;6.787905;1.610788;6.821901;0.006826;-0.039424;-0.001089;-0.238876;-0.357337;-0.655533
17;6.812318;1.596131;6.802964;0.007765;-0.041288;-0.002852;-0.241153;-0.356458;-0.654513
18;6.812335;1.591293;6.793267;-0.007562;-0.030318;0.004218;-0.240058;-0.357978;-0.653373
19;6.819632;1.605851;6.780897;-0.005845;-0.03567;0.007745;-0.242799;-0.356534;-0.65382
20;6.841586;1.596034;6.77651;-0.00638;-0.023406;-0.009889;-0.242735;-0.357458;-0.655086
21;6.841622;1.586362;6.754671;-0.009317;-0.004938;0.001626;-0.243186;-0.357986;-0.653798
22;6.836762;1.564477;6.781877;-0.012578;0.0001;-0.013385;-0.242389;-0.356954;-0.653397
23;6.83673;1.581473;6.784026;-0.018261;-0.005903;0.002495;-0.24265;-0.355877;-0.653443
24;6.851395;1.571741;6.755073;-0.005812;0.002433;0.004296;-0.243061;-0.355323;-0.65387
25;6.895275;1.559356;6.765736;-0.009167;0.009388;-0.006281;-0.241871;-0.356441;-0.653385
26;6.82943;1.566905;6.801286;-0.005805;0.016942;0.002552;-0.243599;-0.355565;-0.65428
27;6.84654;1.566932;6.742857;-0.019744;8.8e-05;-0.011624;-0.24248;-0.3548;-0.655151
28;6.839125;1.591118;6.813239;-0.008148;0.05191;-0.015921;-0.241896;-0.356144;-0.656377
29;6.802554;1.576642;6.859398;0.005205;0.027539;-0.013318;-0.239822;-0.354759;-0.656307
30;6.807462;1.562065;6.849945;-0.016287;0.022924;-0.008936;-0.239965;-0.354885;-0.656571
31;6.826878;1.58129;6.903702;-0.007272;0.011046;-0.013359;-0.23968;-0.354367;-0.656052
32;6.79282;1.552344;6.891463;0.010347;0.004229;-0.001883;-0.239824;-0.353959;-0.656331
33;6.783027;1.55717;6.932802;0.008719;0.004916;-0.009835;-0.239276;-0.355319;-0.655743
34;6.800168;1.552387;6.850003;0.020963;-0.017348;0.004269;-0.239917;-0.355429;-0.655645
35;6.812298;1.571707;6.874304;0.014306;-0.021646;-0.018705;-0.242027;-0.355206;-0.656411
36;6.792846;1.567029;6.832519;0.01597;-0.008747;-0.013383;-0.240771;-0.356205;-0.65463
37;6.817176;1.576568;6.859621;0.008734;-0.023236;-0.008115;-0.241343;-0.356173;-0.655698
38;6.839106;1.583761;6.850047;0.008032;-0.025297;-0.016945;-0.241323;-0.356444;-0.6553
39;6.82203;1.600877;6.834818;-0.007411;-0.014182;-0.004578;-0.241418;-0.357113;-0.654638
40;6.824471;1.600874;6.829964;-0.002151;-0.026735;0.000702;-0.242614;-0.356127;-0.655249
41;6.839199;1.562027;6.786847;-0.001994;-0.01964;-0.006348;-0.242704;-0.355865;-0.654483
42;6.846487;1.57169;6.794126;-0.005795;-0.028474;0.005114;-0.243746;-0.353823;-0.654598
43;6.856208;1.576455;6.816198;-0.014809;-0.020279;0.008656;-0.245355;-0.354416;-0.655703
44;6.851321;1.576452;6.830796;-0.00928;-0.028625;0.000695;-0.246792;-0.354382;-0.653447
45;6.900189;1.539917;6.758812;-0.009336;-0.024904;0.004246;-0.247072;-0.354234;-0.653855
46;6.934366;1.503304;6.764858;-0.018074;-0.017944;-0.004576;-0.247578;-0.353817;-0.653635
47;6.91958;1.595657;6.767918;-0.0137;-0.023266;-0.001044;-0.247595;-0.351946;-0.65395
48;6.929527;1.52291;6.686192;-0.005856;-0.026557;0.009553;-0.248967;-0.352836;-0.65296
49;6.924646;1.498539;6.742785;-0.005513;-0.037889;-0.006372;-0.251138;-0.351799;-0.65492
50;6.880649;1.517978;6.851821;-0.018123;0.000254;-0.004553;-0.249761;-0.351468;-0.653301
51;6.839367;1.486825;6.744142;-0.039462;-0.029002;-0.00465;-0.251967;-0.351114;-0.653429
52;6.866068;1.601033;6.639854;-0.062637;0.008923;-0.008113;-0.249973;-0.350378;-0.6549
53;6.782982;1.635085;6.82874;-0.065512;-0.044298;0.044745;-0.252029;-0.347101;-0.654587
54;6.895677;1.367651;6.688381;-0.037257;-0.038173;0.06246;-0.254407;-0.345533;-0.655537
55;6.963725;1.45465;6.731915;-0.023297;-0.084948;0.079187;-0.258057;-0.343386;-0.656053
56;7.105324;1.244823;6.864872;0.080743;-0.083375;-0.031072;-0.260249;-0.345193;-0.653393
57;7.043897;1.62434;6.68127;0.129888;-0.1121;-0.034585;-0.262739;-0.34738;-0.651517
58;6.827807;1.271298;6.459165;0.167553;-0.060545;0.043193;-0.264641;-0.350804;-0.648276
59;7.290664;1.380682;6.454496;0.110113;-0.067342;0.016755;-0.267065;-0.356473;-0.645127
60;7.202312;1.611359;6.701015;0.139942;-0.086043;-0.047726;-0.26739;-0.359963;-0.641412
61;6.761869;1.446858;6.266817;0.181497;-0.057799;-0.068065;-0.269625;-0.363093;-0.639624
62;7.183349;1.395665;6.521079;0.059234;-0.033601;-0.069815;-0.269006;-0.366602;-0.637673
63;7.382919;1.552521;6.516484;0.023495;-0.069544;-0.10872;-0.269054;-0.367149;-0.636104
64;7.11222;1.755831;6.322994;-0.014369;-0.027475;-0.092832;-0.270317;-0.371372;-0.635528
65;6.748073;2.150346;6.706757;-0.026578;-0.05763;-0.027618;-0.269983;-0.370308;-0.636579
66;6.665985;1.872119;6.377785;0.031429;-0.031319;0.018383;-0.271993;-0.369708;-0.635407
67;7.270612;1.764741;6.325241;0.02058;0.017625;0.023925;-0.270163;-0.370316;-0.635032
68;7.553465;1.597869;6.481599;0.031964;-0.014117;-0.006096;-0.271005;-0.369895;-0.633793
69;7.253441;1.749952;6.48174;0.020777;-0.038968;0.016736;-0.272046;-0.37172;-0.633924
70;7.129114;1.809013;6.405467;0.024175;-0.007794;0.022958;-0.271505;-0.372545;-0.633483
71;7.226448;1.847196;6.499202;-0.003832;0.023;-0.006126;-0.272338;-0.371969;-0.634581
72;7.226587;1.774365;6.485799;0.018579;0.052136;-0.01223;-0.271579;-0.372262;-0.634921
73;6.980572;1.64669;6.591888;0.028861;0.102567;-0.037808;-0.268529;-0.374236;-0.635998
74;6.975624;1.809893;6.351773;-0.009608;0.061582;-0.029087;-0.267451;-0.37402;-0.635169
75;6.94874;1.746472;6.565215;0.007067;-0.017909;-0.012466;-0.26565;-0.373022;-0.635362
76;7.024522;1.7076;6.376302;0.025088;-0.042432;-0.016893;-0.266514;-0.374995;-0.634572
77;6.956266;1.65427;6.503355;0.016541;-0.003936;-0.038045;-0.265244;-0.375041;-0.635022
78;7.168177;1.726081;6.490645;-0.003469;-0.069097;-0.016057;-0.265567;-0.374373;-0.633762
79;7.197291;1.769524;6.55391;0.008533;-0.04302;0.004334;-0.269357;-0.374085;-0.63449
80;7.163305;1.794372;6.352442;0.005175;0.045768;-0.009623;-0.269603;-0.374345;-0.634236
81;7.012215;1.736092;6.61017;0.014646;0.036732;-0.041475;-0.266964;-0.374475;-0.633913
82;7.197312;1.886039;6.448973;0.010555;-0.036241;-0.011535;-0.266137;-0.37545;-0.632934
83;7.197499;1.791375;6.423724;-0.021471;-0.003902;-0.016813;-0.268447;-0.37443;-0.632568
84;7.058209;1.944833;6.548546;0.020893;-0.0121;0.002624;-0.266695;-0.376087;-0.633722
85;7.06093;1.806488;6.499642;0.017705;-0.016175;-0.013297;-0.268217;-0.376566;-0.633141
86;7.141293;1.84739;6.487922;-0.002693;0.026148;-0.022039;-0.266829;-0.377414;-0.63382
87;7.051137;1.818629;6.526182;-0.013606;0.012714;-0.011509;-0.26543;-0.376664;-0.634286
88;6.978083;1.799623;6.498506;0.003798;0.00073;0.010544;-0.265314;-0.376532;-0.634543
89;7.08313;1.707012;6.394114;-0.02005;0.006618;0.000835;-0.26477;-0.375892;-0.634015
90;7.051175;1.774828;6.570961;0.006556;-0.024822;0.007862;-0.264804;-0.375351;-0.63468
91;7.041354;1.780145;6.492672;-0.005609;-0.024153;-0.002749;-0.266752;-0.375657;-0.634176
92;7.099809;1.791962;6.508025;-0.002204;-0.017598;0.00435;-0.267553;-0.374554;-0.63464
93;7.148637;1.774842;6.443038;-0.02163;-0.00165;-0.005342;-0.266501;-0.374865;-0.634316
94;7.051118;1.755752;6.522589;-0.01233;-0.003848;-0.023912;-0.266296;-0.374596;-0.63535
95;7.109653;1.765307;6.452395;-0.006295;-0.003533;-0.013288;-0.266316;-0.374325;-0.635748
96;7.075468;1.775086;6.50795;0.012077;0.006134;0.002641;-0.26483;-0.373862;-0.634516
97;7.095091;1.769838;6.525251;0.019476;-0.005262;-0.013267;-0.265511;-0.374004;-0.633332
98;7.070785;1.784733;6.421919;0.020768;0.01519;-0.032658;-0.265562;-0.375325;-0.634332
99;7.138745;1.864223;6.580514;0.035223;-0.03114;0.001732;-0.26603;-0.377449;-0.633388
100;7.080488;1.794336;6.453689;0.001279;-0.02311;0.005221;-0.267295;-0.376872;-0.632824
101;7.100121;1.79454;6.29748;0.018585;0.078353;-0.016623;-0.265473;-0.376678;-0.632603
102;7.085019;1.813605;6.656591;-0.005646;0.023923;-0.00617;-0.262512;-0.378482;-0.634776
103;7.075346;1.857706;6.482056;-0.02785;0.014602;-0.008861;-0.263168;-0.378188;-0.634949
104;6.994945;1.833781;6.505707;-0.016965;0.018129;-0.017697;-0.263014;-0.376866;-0.634461
105;6.992227;1.94044;6.613851;-0.005672;0.004002;-0.004457;-0.26169;-0.37719;-0.633863
106;7.070687;1.741185;6.469341;0.012595;-0.007185;-0.020353;-0.262556;-0.376606;-0.635611
107;7.082929;1.755323;6.527765;0.009189;0.015935;-0.034436;-0.262175;-0.376128;-0.63387
108;7.090245;1.782115;6.468721;-0.005096;0.003133;-0.032708;-0.261708;-0.37667;-0.634866
109;7.014291;1.944942;6.606567;-0.009616;-0.001251;0.009665;-0.261706;-0.378003;-0.634827
110;7.051175;1.779704;6.561095;-0.017966;0.007099;-0.015946;-0.261175;-0.377227;-0.634562
111;7.041251;1.901261;6.519703;0.001172;0.013303;0.006178;-0.261583;-0.378007;-0.63495
112;7.055576;1.910832;6.688688;-0.01301;-0.005849;0.005243;-0.26242;-0.376213;-0.635486
113;7.02639;1.920861;6.602483;-0.01323;-0.0355;0.018423;-0.261863;-0.375042;-0.634713
114;7.051191;1.775418;6.39998;0.019073;0.030937;0.008877;-0.262386;-0.376487;-0.634828
115;6.919528;1.707687;6.604573;0.028127;0.006311;0.00261;-0.262704;-0.37753;-0.635981
116;7.19262;1.730994;6.398006;-0.026951;-0.023513;-0.004501;-0.262204;-0.376104;-0.633792
117;7.163201;1.73563;6.588218;-0.020971;0.001119;-0.038014;-0.261697;-0.376655;-0.634009
118;6.997447;1.760777;6.575486;-0.006521;0.006533;-0.046861;-0.261422;-0.378135;-0.633691
119;6.982636;1.855511;6.602957;0.003498;0.000169;-0.015063;-0.261886;-0.37717;-0.63517
120;7.13163;1.736038;6.460573;0.001569;0.063924;-0.009605;-0.261292;-0.376516;-0.636195
121;7.060581;1.911097;6.539592;0.004351;0.055597;-0.016688;-0.257893;-0.376122;-0.635508
122;6.975427;1.848462;6.500266;-0.012466;0.01631;-0.019466;-0.258762;-0.37767;-0.637323
123;6.977862;1.903964;6.543149;-0.024381;0.019973;-0.009752;-0.256416;-0.37605;-0.637585
124;6.939033;1.809446;6.544205;-0.030799;-0.001625;0.000775;-0.255248;-0.376096;-0.637522
125;6.949136;1.685849;6.385115;-0.007008;0.066942;-0.029093;-0.254873;-0.375575;-0.637776
126;6.9971;1.954487;6.73819;-0.007355;0.00721;-0.01505;-0.254504;-0.375586;-0.638145
127;6.934297;1.717135;6.570193;-0.002623;0.007972;-0.023913;-0.253597;-0.375355;-0.638104
128;6.895057;1.766098;6.603186;-0.037227;0.041262;-0.031839;-0.251772;-0.375253;-0.639746
129;6.992199;1.950131;6.625909;-0.057978;0.02967;0.020265;-0.251163;-0.375003;-0.640499
130;6.997476;1.702329;6.659646;-0.043771;0.055336;0.023844;-0.250035;-0.371974;-0.641176
131;6.868337;1.69329;6.648064;-0.064574;0.04902;-0.00449;-0.249727;-0.371704;-0.642723
132;6.916869;1.826664;6.622025;-0.127415;0.021696;0.014838;-0.248665;-0.36866;-0.644701
133;6.860754;1.746359;6.852436;-0.08508;0.026036;-0.006327;-0.247869;-0.366137;-0.646807
134;6.79293;1.639801;6.743016;-0.034393;0.009281;0.000735;-0.247908;-0.363616;-0.648126
135;6.929514;1.58084;6.736331;0.015877;0.061951;-0.016732;-0.245887;-0.363153;-0.64907
136;7.014809;1.621845;6.658659;0.020427;0.05896;-0.06263;-0.244432;-0.363615;-0.648461
137;6.655884;1.878144;6.920193;0.008885;0.043508;-0.027423;-0.24163;-0.364649;-0.649319
138;6.778421;1.63525;6.623053;0.028519;0.095557;-0.025515;-0.242103;-0.363972;-0.648456
139;6.661245;1.49456;6.976062;0.042746;0.075003;-0.02029;-0.237312;-0.367447;-0.650357
140;6.743918;1.679008;6.822493;0.022041;0.019851;0.034372;-0.235985;-0.368838;-0.649727
141;7.102444;1.560785;6.741952;0.02396;0.035069;0.029193;-0.236247;-0.367361;-0.649785
142;7.479927;1.667993;6.828951;0.009994;0.0004;-0.069698;-0.234688;-0.368756;-0.649661
143;6.859993;2.120111;6.977969;-0.073896;-0.069595;-0.15485;-0.234953;-0.369278;-0.649789
144;6.168231;2.104928;6.591161;-0.106037;0.006173;0.099439;-0.237307;-0.366248;-0.650262
145;6.709681;1.620406;7.074866;-0.064701;0.067418;0.038768;-0.237291;-0.363028;-0.65243
146;6.711876;1.885593;6.823302;0.03048;0.041894;-0.030917;-0.234163;-0.363554;-0.65199
147;6.704592;1.956392;6.650784;0.008382;0.044427;0.00263;-0.233169;-0.364785;-0.652808
148;6.86863;1.523286;6.651027;-0.056969;0.018772;0.019286;-0.233671;-0.363435;-0.652486
149;6.900283;1.393848;6.942312;-0.048777;-0.031405;0.013003;-0.233492;-0.363027;-0.654044
150;6.817294;1.508566;6.860806;-0.023943;-0.024622;0.019217;-0.233988;-0.361012;-0.653611
151;6.707327;1.654737;6.910393;-0.050525;0.040292;0.004289;-0.233806;-0.358872;-0.65509
152;6.700084;1.62323;6.89616;-0.024689;0.006973;0.008662;-0.233452;-0.358213;-0.655739
153;6.729269;1.63514;6.940412;0.003274;-0.008638;-0.005461;-0.23425;-0.358177;-0.656171
154;6.831513;1.731888;6.876698;-0.006099;0.004518;0.014907;-0.232811;-0.357703;-0.655849
155;6.851201;1.731659;6.810771;-0.000669;0.005171;0.007855;-0.233027;-0.357592;-0.65555
156;6.778245;1.605604;6.882774;-0.007417;-0.013499;-0.009005;-0.233035;-0.357191;-0.655692
157;6.788014;1.583659;6.902867;-0.005883;-0.046782;0.00506;-0.235412;-0.35629;-0.656622
158;6.763565;1.612865;6.933778;-0.016745;-0.037612;0.011244;-0.235643;-0.357086;-0.656092
159;6.751332;1.644513;6.925705;-0.023836;-0.046807;0.009451;-0.238353;-0.357248;-0.655972
160;6.778192;1.571909;6.859111;-0.007464;-0.028633;-0.00109;-0.238632;-0.356277;-0.655811
161;6.841564;1.564292;6.865095;-0.004545;-0.042361;0.030696;-0.239236;-0.355062;-0.654971
162;6.822118;1.566942;6.801175;-0.003197;-0.039245;0.009504;-0.241468;-0.355235;-0.655603
163;6.861062;1.610517;6.771663;0.020746;-0.044326;0.016601;-0.243349;-0.35424;-0.654435
164;6.900155;1.530089;6.817671;-0.000504;-0.04835;0.009506;-0.244932;-0.354839;-0.65502
165;6.895486;1.527578;6.739188;0.006573;-0.053856;0.009501;-0.247128;-0.354669;-0.653013
166;6.866115;1.56889;6.801603;0.014904;-0.046919;-0.006377;-0.247738;-0.353452;-0.652304
167;6.856233;1.666161;6.760635;0.000993;-0.035491;0.017484;-0.249308;-0.353654;-0.65264
168;6.895503;1.534931;6.704825;-0.027366;-0.048634;0.011241;-0.250103;-0.351754;-0.652997
169;6.966203;1.512686;6.720956;0.000286;-0.044792;0.011297;-0.250806;-0.352807;-0.651578
170;6.963702;1.527184;6.764683;-0.039707;-0.030809;0.002448;-0.252991;-0.352724;-0.651308
171;6.927197;1.529922;6.700502;0.001251;-0.017615;0.006046;-0.253518;-0.351902;-0.651489
172;6.907726;1.513011;6.705392;-0.013939;-0.024968;0.007773;-0.255479;-0.351022;-0.651878
173;6.949224;1.495886;6.662303;-0.010019;-0.027896;0.034277;-0.255968;-0.349276;-0.651307
174;6.917714;1.391597;6.673421;-0.030759;-0.041576;0.004178;-0.256478;-0.35019;-0.651178
175;6.964014;1.459614;6.543336;-0.012933;-0.019592;0.004264;-0.258644;-0.348089;-0.653039
176;6.959128;1.425482;6.624552;0.006967;-0.009797;-0.009829;-0.257934;-0.348794;-0.651815
177;7.024971;1.413052;6.601314;-0.023547;0.005594;-0.001867;-0.258454;-0.348507;-0.651851
178;6.988157;1.485802;6.751101;0.005277;-1.7e-05;-0.016864;-0.256623;-0.349249;-0.651473
179;6.937025;1.456909;6.75572;-0.021374;-0.023964;-0.020493;-0.259116;-0.348479;-0.652146
180;6.91015;1.503218;6.739834;-0.013831;-0.02621;-0.039922;-0.257406;-0.350417;-0.651609
181;7.017534;1.48351;6.604865;-0.017689;-0.033128;-0.024014;-0.258649;-0.34902;-0.653142
182;7.041858;1.507663;6.609704;-0.052897;-0.006787;-0.048721;-0.259139;-0.346874;-0.652583
183;7.022224;1.561092;6.659829;-0.055011;-0.026402;-0.032867;-0.258674;-0.346616;-0.653603
184;6.807733;1.525543;6.764792;-0.048928;-0.055885;0.018241;-0.257987;-0.34585;-0.652811
185;6.968834;1.44728;6.629211;-0.032861;-0.028504;0.018353;-0.258998;-0.345415;-0.652359
186;7.197761;1.443884;6.664735;-0.017776;-0.019976;0.025516;-0.260464;-0.343993;-0.652532
187;7.051353;1.466158;6.830857;0.044833;-0.057085;-0.023986;-0.261619;-0.343283;-0.652355
188;6.817555;1.533526;6.513134;0.09904;-0.051435;0.030791;-0.264273;-0.345324;-0.65114
189;7.115681;1.046214;6.565261;0.085937;-0.00087;0.060941;-0.265683;-0.347405;-0.650894
190;7.393095;1.20967;6.710897;0.096443;-0.010194;-0.016696;-0.267648;-0.349615;-0.648859
191;7.095046;1.75511;6.606204;0.094508;-0.002961;-0.018478;-0.26694;-0.3521;-0.645844
192;6.981279;1.425854;6.375455;0.065872;0.012368;-0.0521;-0.265659;-0.354014;-0.646109
193;7.027388;1.45444;6.541941;0.044319;0.003907;-0.089222;-0.265083;-0.355913;-0.644986
194;7.092578;1.755056;6.640403;0.026999;0.021333;-0.076796;-0.262782;-0.359063;-0.645549
195;7.114286;1.847085;6.714936;0.007865;0.015965;-0.101544;-0.261414;-0.361396;-0.644112
196;7.031995;1.648857;6.460376;0.022903;0.018249;-0.090963;-0.259728;-0.36133;-0.644025
197;6.888089;1.65176;6.590193;0.009262;0.021362;-0.038022;-0.258208;-0.362982;-0.644673
198;6.719427;1.868468;6.735477;0.023675;-0.014679;0.038731;-0.256338;-0.363466;-0.643523
199;6.919649;1.7781;6.478432;0.0202;0.013381;0.036184;-0.258727;-0.362961;-0.644701
200;7.212216;1.68668;6.523584;0.03487;0.030165;0.016875;-0.258829;-0.363762;-0.644165
201;7.212545;1.482623;6.554039;-0.009635;-0.016608;0.016709;-0.25894;-0.362695;-0.643813
202;6.978184;1.614564;6.751154;-0.002341;0.005024;0.004344;-0.258449;-0.362443;-0.644313
203;7.104874;1.730859;6.562758;-0.027525;0.00507;0.014961;-0.258693;-0.363369;-0.64404
204;7.143983;1.633403;6.623736;-0.002638;0.023347;-0.023833;-0.257427;-0.361014;-0.64456
205;6.963608;1.668376;6.591049;-0.001606;0.028703;-0.030931;-0.256532;-0.361447;-0.644759
206;6.900359;1.639697;6.517229;-0.005174;0.070502;-0.032635;-0.257084;-0.361552;-0.645433
207;6.85615;1.746428;6.695657;0.01448;0.033321;-0.034459;-0.252596;-0.361986;-0.646219
208;6.900085;1.687848;6.734023;0.008662;-0.028825;-0.008092;-0.253374;-0.362089;-0.646258
209;7.014756;1.658298;6.645798;-0.004074;0.018587;0.001735;-0.253402;-0.361816;-0.646786
210;6.949116;1.590725;6.597071;-0.016713;-0.003067;0.011367;-0.253088;-0.361971;-0.645728
211;6.941787;1.561467;6.675721;0.003111;-0.005891;0.001664;-0.253431;-0.3621;-0.644835
212;6.985404;1.63438;6.665536;0.006934;-0.015052;-0.00628;-0.254288;-0.36323;-0.645807
213;6.987836;1.63192;6.675397;0.003923;-0.042819;0.011323;-0.254574;-0.363081;-0.646345
214;7.002421;1.67077;6.640707;0.012057;-0.024718;0.005196;-0.254344;-0.363109;-0.644387
215;7.01709;1.648857;6.631529;0.007949;-0.019735;-0.011577;-0.254738;-0.364025;-0.644511
216;7.011985;1.784895;6.624194;0.006702;0.001548;0.002608;-0.255136;-0.362808;-0.644697
217;7.070647;1.711843;6.572556;-0.014239;0.017155;-0.019454;-0.256189;-0.362097;-0.645033
218;6.939254;1.653909;6.600713;0.003601;0.000786;-0.022159;-0.254775;-0.361905;-0.645819
219;6.856073;1.760887;6.754093;0.016701;0.002092;-0.011557;-0.254175;-0.364585;-0.646745
220;6.897865;1.600576;6.659702;0.005122;0.027457;-0.011521;-0.253345;-0.363695;-0.645691
221;7.061209;1.641327;6.509857;0.009037;0.011623;-0.02563;-0.252963;-0.363175;-0.645815
222;7.017315;1.600046;6.622396;-0.009958;0.02538;-0.015043;-0.252025;-0.365084;-0.645191
223;6.944268;1.600559;6.54792;0.008539;0.007726;-0.001829;-0.252203;-0.364268;-0.646132
224;6.973207;1.682624;6.732777;-0.000104;0.032628;-0.019438;-0.251376;-0.365109;-0.645156
225;6.924278;1.814102;6.685731;-0.001582;0.001564;0.009642;-0.25199;-0.364534;-0.64702
226;6.987899;1.702206;6.615282;-0.007734;0.04229;0.004426;-0.250388;-0.36394;-0.646045
227;6.8902;1.748542;6.769497;0.006944;0.027348;-0.015924;-0.250429;-0.363264;-0.646845
228;6.948792;1.728967;6.692475;0.006911;0.000164;-0.011549;-0.24999;-0.365023;-0.645863
229;6.94892;1.668304;6.666634;0.021482;0.027187;-0.026497;-0.249389;-0.364238;-0.646761
230;6.866041;1.688187;6.647913;-0.005726;-0.01423;-0.002788;-0.250456;-0.363258;-0.647365
231;6.944052;1.653714;6.688822;-0.021389;0.007815;-0.023056;-0.248426;-0.36522;-0.645644
232;6.919565;1.712092;6.704552;0.001285;-0.003169;0.001675;-0.248727;-0.3644;-0.646462
233;6.890371;1.683097;6.704614;0.013883;-0.009535;-0.00275;-0.248972;-0.364926;-0.6462
234;6.93655;1.770349;6.674451;0.00391;0.015976;0.002611;-0.247857;-0.365627;-0.647157
235;6.895185;1.721944;6.696675;0.003066;0.012296;0.00082;-0.248475;-0.363876;-0.646594
236;6.914784;1.68063;6.661011;0.004942;-0.001404;-0.001854;-0.247224;-0.364449;-0.647418
237;6.973191;1.6899;6.737541;-0.007408;0.00462;-0.009788;-0.246746;-0.364194;-0.648177
238;6.919689;1.634352;6.718134;-0.005528;-0.025405;-0.011633;-0.247602;-0.363104;-0.647218
239;6.832028;1.642273;6.618853;0.025909;0.07455;-0.027312;-0.248255;-0.364677;-0.647336
240;6.899863;1.760493;6.842797;0.006508;-0.032084;0.007802;-0.247729;-0.364699;-0.647178
241;6.995222;1.670502;6.664852;-0.012789;0.012809;-0.008006;-0.246927;-0.363269;-0.646659
242;6.914777;1.653796;6.722612;-0.009334;0.020251;-0.003595;-0.246744;-0.365128;-0.64815
243;6.82202;1.727073;6.746829;0.008483;-0.00317;-0.001875;-0.246573;-0.365542;-0.647351
244;6.941493;1.721719;6.692491;-0.005648;0.023756;-0.009752;-0.247133;-0.365379;-0.648163
245;6.941496;1.697347;6.736931;0.011476;0.029121;-0.018556;-0.245127;-0.364112;-0.64939
246;6.934277;1.685397;6.656332;0.014255;0.037231;-0.022954;-0.245133;-0.364111;-0.64952
247;6.739177;1.725094;6.730936;-0.007356;-0.010799;-0.011646;-0.241992;-0.36504;-0.648808
248;6.836976;1.674105;6.471653;0.030083;0.085887;-0.013147;-0.242284;-0.365422;-0.64946
249;6.841365;1.731514;6.910884;0.012231;0.014724;-0.013311;-0.240856;-0.366145;-0.649363
250;6.836662;1.688037;6.801528;-0.005741;0.011157;-0.005395;-0.239935;-0.365517;-0.649074
251;6.819614;1.702776;6.759442;-0.023474;0.029962;-0.011562;-0.238773;-0.366228;-0.649121
252;6.778087;1.75153;6.772636;0.003388;0.003923;0.027269;-0.238022;-0.366253;-0.649599
253;6.807426;1.697957;6.771568;0.001134;0.002479;0.007836;-0.239182;-0.365385;-0.652019
254;6.900116;1.6611;6.751606;-0.024177;0.022443;-0.019508;-0.238898;-0.363934;-0.651528
255;6.831661;1.731663;6.859382;-0.0416;-0.01257;0.003349;-0.237083;-0.363206;-0.651453
256;6.753543;1.800028;6.874125;-0.027629;-0.008442;0.016607;-0.237207;-0.362802;-0.651341
257;6.871023;1.561627;6.77735;-0.023933;0.005106;0.013116;-0.237497;-0.360786;-0.651934
258;6.880745;1.554206;6.821643;-0.017716;0.018602;-0.02924;-0.235604;-0.361117;-0.652861
259;6.792937;1.581305;6.85163;0.016205;-0.003823;-0.029269;-0.237329;-0.362108;-0.653701
260;6.829432;1.593173;6.898439;0.034476;-0.000601;-0.050427;-0.236741;-0.363477;-0.652334
261;6.709876;1.75681;6.732385;0.036217;0.005899;-0.048661;-0.234658;-0.363827;-0.652084
262;6.690134;1.841693;6.843095;0.042696;0.033035;-0.021217;-0.234756;-0.366495;-0.651492
263;6.626361;2.058082;6.879933;0.036863;0.006295;0.000804;-0.233521;-0.366823;-0.650121
264;6.939238;1.688005;6.551212;0.02808;0.120568;-0.005984;-0.232495;-0.367794;-0.650297
265;6.782828;1.707326;7.013123;0.012712;0.055888;-0.039741;-0.22916;-0.368985;-0.650863
266;6.704884;1.746822;6.88654;0.007963;0.010156;0.0202;-0.227785;-0.369563;-0.65181
267;6.866044;1.634558;6.751552;-0.018249;0.052865;-0.006203;-0.227896;-0.369162;-0.651439
268;7.041258;1.706241;6.899682;-0.025775;0.032784;-0.073322;-0.225445;-0.36899;-0.651573
269;6.777677;1.882269;6.980656;-0.027756;-0.063594;-0.145115;-0.22411;-0.370091;-0.653285
270;6.250462;2.443867;6.786824;-0.117859;-0.042382;0.061402;-0.224727;-0.367649;-0.655204
271;6.590137;1.67381;7.265102;-0.084542;-0.025189;0.090634;-0.226995;-0.362883;-0.6565
272;6.748807;1.722346;6.870515;0.050794;0.010502;0.02026;-0.22694;-0.363296;-0.655449
273;6.719293;1.955936;6.71439;0.022592;0.018942;0.002597;-0.226548;-0.365044;-0.655376
274;6.905196;1.529882;6.778421;-0.004055;-0.010478;0.002515;-0.228998;-0.362151;-0.655202
275;6.934443;1.454162;6.926904;-0.011487;-0.024762;0.016607;-0.228862;-0.361758;-0.655077
276;6.724548;1.586192;7.014348;-0.00958;-0.013992;0.007754;-0.22901;-0.362815;-0.655443
277;6.568683;1.577469;6.909431;-0.032946;-0.059274;0.019957;-0.231074;-0.36167;-0.655327
278;6.714962;1.56222;6.877679;-0.011292;-0.039452;0.007697;-0.231828;-0.360578;-0.65488
279;6.782911;1.709949;6.912819;-0.025596;-0.032345;0.006844;-0.233473;-0.35943;-0.656686
280;6.777927;1.807247;6.845025;-0.029079;-0.030655;0.002436;-0.233967;-0.358882;-0.65621
281;6.807326;1.712363;6.856904;0.018703;-0.029764;0.021922;-0.235893;-0.358677;-0.655929
282;6.861014;1.722004;6.754845;0.024328;-0.049098;0.011307;-0.237126;-0.356774;-0.654754
283;6.826916;1.678339;6.818667;-0.01129;-0.034957;0.006865;-0.237246;-0.358771;-0.654572
284;6.831842;1.62967;6.856269;0.001264;-0.039476;0.004217;-0.240128;-0.359076;-0.652772
285;6.861016;1.690313;6.81653;-0.002112;-0.020682;-0.006332;-0.241338;-0.357687;-0.653655
286;6.792977;1.571643;6.8249;-0.01994;-0.041685;-0.00466;-0.240405;-0.357062;-0.653105
287;6.817441;1.532718;6.796604;-0.009665;-0.041965;0.016551;-0.241887;-0.357551;-0.651744
288;6.902599;1.619744;6.781708;-0.02938;-0.042976;0.020091;-0.243961;-0.358269;-0.651833
289;6.914898;1.576052;6.738639;-0.018591;-0.035699;0.016585;-0.244806;-0.354758;-0.653147
290;6.8661;1.595676;6.764456;-0.006108;-0.038308;0.016582;-0.246206;-0.354974;-0.652696
291;6.900298;1.595678;6.674497;-0.007721;-0.026703;0.008666;-0.247838;-0.35492;-0.651748
292;6.861186;1.61024;6.781246;-0.009682;-0.039248;0.016576;-0.248664;-0.354878;-0.6527
293;6.953973;1.58091;6.636442;0.00297;-0.021147;0.009586;-0.249917;-0.353238;-0.651907
294;6.890541;1.566452;6.743327;-0.012745;-0.041695;-0.006391;-0.251056;-0.353998;-0.651427
295;6.929765;1.530199;6.55137;0.000608;-0.012417;-0.00454;-0.252612;-0.354737;-0.651488
296;6.927227;1.508045;6.710665;0.022803;-0.010343;-0.000982;-0.252331;-0.355418;-0.651064
297;6.992977;1.546607;6.691428;-0.002307;-0.012233;0.005189;-0.252894;-0.353255;-0.651935
298;6.966123;1.561268;6.715219;-0.011272;-0.026787;0.007793;-0.252848;-0.352866;-0.651037
299;6.946719;1.503061;6.725719;0.010048;-0.00832;0.011377;-0.252901;-0.35312;-0.652069
300;6.900313;1.537202;6.773329;-0.012891;-0.017918;-0.001044;-0.254847;-0.353043;-0.652174
301;6.97361;1.512862;6.611024;0.002939;-0.024722;0.012228;-0.255647;-0.351808;-0.652642
302;6.968595;1.566207;6.666263;-0.00031;-0.017003;-0.004538;-0.256044;-0.352615;-0.650306
303;6.944279;1.544511;6.646709;-0.010851;-0.021812;-0.011633;-0.255884;-0.350761;-0.649704
304;6.968755;1.503177;6.608674;-0.019643;-0.009317;-0.017797;-0.257109;-0.352301;-0.65089
305;6.978471;1.515247;6.620838;-0.008598;-0.003297;-0.034549;-0.256255;-0.352325;-0.651881
306;6.983313;1.507836;6.672393;-0.016066;-0.025674;-0.017823;-0.255745;-0.351144;-0.652018
307;7.005272;1.502906;6.653249;-0.038113;-0.018909;-0.030193;-0.256716;-0.351118;-0.650775
308;6.997885;1.536906;6.672108;-0.047981;-0.028018;-0.027572;-0.256265;-0.350457;-0.652066
309;6.929555;1.590682;6.670136;-0.024238;-0.029198;-0.011664;-0.257551;-0.349208;-0.651912
310;6.895542;1.535016;6.660808;-0.028794;-0.030906;-0.006388;-0.258622;-0.34916;-0.652618
311;7.012562;1.505259;6.672881;-0.034531;-0.032338;0.012178;-0.258911;-0.34781;-0.653191
312;7.024613;1.570723;6.696378;-0.015453;-0.038796;0.037809;-0.261351;-0.346652;-0.652836
313;7.0906;1.52692;6.570982;-0.001007;-0.002527;0.029083;-0.262623;-0.345807;-0.65241
314;7.119903;1.473266;6.611486;0.022616;0.011657;0.007945;-0.260131;-0.346444;-0.651741
315;7.110249;1.427204;6.595024;0.035721;0.007401;-0.020317;-0.260545;-0.347356;-0.652254
316;7.036978;1.45404;6.72305;0.030409;-0.019968;-0.022165;-0.261267;-0.348804;-0.651213
317;7.005549;1.347493;6.646176;0.079941;0.007374;-0.001757;-0.260704;-0.3507;-0.65035
318;6.954415;1.318595;6.65324;0.084342;-0.012658;-0.039786;-0.259843;-0.351816;-0.648717
319;6.993168;1.447076;6.671154;0.084302;0.020027;-0.041463;-0.258411;-0.354939;-0.648549
320;7.095494;1.47818;6.645266;0.072361;0.000151;-0.066215;-0.258363;-0.359215;-0.647643
321;7.170929;1.553122;6.625542;0.057084;0.045334;-0.106739;-0.256306;-0.36105;-0.645407
322;7.080468;1.755284;6.554627;0.037243;0.046355;-0.097932;-0.253892;-0.362868;-0.646262
323;6.831621;1.872973;6.624613;-0.015418;0.008029;-0.053969;-0.251438;-0.364029;-0.646357
324;6.477732;2.051594;6.855785;0.014958;-0.034985;0.027149;-0.252023;-0.364527;-0.64767
325;6.670591;1.995279;6.590699;0.052254;0.007365;0.03616;-0.253732;-0.364613;-0.645684
326;7.177798;1.876348;6.487971;-0.001266;-0.002289;0.038856;-0.253289;-0.364774;-0.644619
327;7.387859;1.544777;6.606967;-0.0249;-0.003096;0.019422;-0.254382;-0.363787;-0.645743
328;6.963942;1.41801;6.707898;0.006344;-0.002716;0.018446;-0.253993;-0.362579;-0.64822
329;6.819653;1.707737;6.705559;-0.00759;0.004001;-0.000997;-0.254635;-0.363778;-0.645627
330;7.075658;1.682312;6.62674;-0.035899;-0.016562;-0.009836;-0.25485;-0.362579;-0.644766
331;7.063672;1.556043;6.650764;-0.027867;-0.003762;-0.009816;-0.255218;-0.361744;-0.646884
332;6.924551;1.646489;6.708215;-0.015905;0.004976;-0.029244;-0.254427;-0.361378;-0.646594
333;6.856259;1.768613;6.526543;-0.030452;0.050663;-0.018574;-0.253335;-0.360207;-0.647996
334;6.934357;1.600249;6.733622;-0.001871;0.032625;-0.019458;-0.252537;-0.358619;-0.650074
335;7.007621;1.553894;6.652397;0.014052;0.003888;-0.009768;-0.252242;-0.359703;-0.649378
336;6.944068;1.629371;6.71859;0.004373;0.018146;-0.018592;-0.251359;-0.360666;-0.649822
337;6.888172;1.581244;6.635438;0.008455;-0.009435;0.002533;-0.249212;-0.359698;-0.64831
338;6.963552;1.63412;6.723693;-0.003091;-0.0015;-0.001855;-0.249845;-0.361142;-0.648042
339;6.931877;1.658676;6.666543;0.022978;0.008494;-0.011525;-0.25151;-0.36148;-0.647732
340;6.948838;1.709567;6.678141;0.008576;0.011232;-0.006227;-0.251126;-0.362561;-0.64781
341;6.929343;1.690166;6.714863;-0.00184;-0.012824;-0.018661;-0.250889;-0.3611;-0.648229
342;7.005042;1.70718;6.510305;-0.001883;0.021788;-0.016799;-0.250629;-0.361377;-0.648207
343;6.924244;1.799398;6.754456;0.0104;-0.016086;-0.008047;-0.250087;-0.363002;-0.647742
344;6.919605;1.678048;6.727154;0.008573;-0.016007;-0.004528;-0.250886;-0.362967;-0.648174
345;6.966006;1.643898;6.684435;0.007788;-0.001609;-0.009789;-0.250874;-0.361903;-0.647945
346;6.963456;1.716797;6.668455;0.014212;0.021824;-0.020325;-0.250503;-0.362847;-0.648287
347;6.900163;1.639261;6.742206;0.011569;-0.002746;-0.020404;-0.250393;-0.364738;-0.646151
348;6.975789;1.639048;6.655323;0.003608;-0.010151;-0.022174;-0.249942;-0.363943;-0.647447
349;6.982949;1.74107;6.624312;-0.016255;0.015384;-0.0133;-0.2487;-0.363449;-0.648433
350;6.894978;1.816566;6.743932;-0.017379;-0.008893;-0.002771;-0.247167;-0.364838;-0.648829
351;6.909867;1.726879;6.61856;-0.016357;0.011;-0.008031;-0.248009;-0.364284;-0.647594
352;6.926697;1.775042;6.784262;-0.029112;0.0075;0.002553;-0.248012;-0.362951;-0.647633
353;6.817113;1.722151;6.793303;-0.009897;-0.037184;0.025411;-0.247815;-0.361614;-0.648828
354;6.914902;1.678452;6.531446;-0.005646;0.041093;-0.008843;-0.248601;-0.361048;-0.649016
355;6.948751;1.667929;6.859821;-0.00681;0.012213;0.002583;-0.248498;-0.361047;-0.649529
356;6.973334;1.621956;6.709382;-0.025275;-0.016356;-0.006325;-0.248363;-0.360654;-0.649404
357;6.905163;1.590758;6.694219;-0.012655;0.003604;-0.013356;-0.247448;-0.360424;-0.649233
358;6.87591;1.595764;6.693688;0.005332;-0.02002;-0.018691;-0.247577;-0.361219;-0.649216
359;6.978271;1.595254;6.690358;0.01242;0.015476;-0.018582;-0.247797;-0.360685;-0.648466
360;6.968279;1.726411;6.707487;0.014903;0.037492;-0.012342;-0.248421;-0.361573;-0.650547
361;6.875734;1.707519;6.672178;-0.016264;0.018144;-0.013327;-0.247862;-0.36147;-0.649742
362;6.836712;1.712527;6.695952;0.012329;0.008345;-0.015091;-0.245543;-0.360359;-0.649911
363;6.919631;1.678105;6.697809;0.01419;0.011875;-0.018595;-0.244476;-0.361472;-0.649303
364;6.841271;1.745934;6.988883;-0.005683;-0.001719;-0.009832;-0.244556;-0.361854;-0.650852
365;6.846668;1.673932;6.535382;0.005113;-0.036037;-0.006358;-0.245472;-0.362507;-0.648548
366;7.017279;1.668227;6.528286;0.021445;0.061769;-0.025523;-0.246044;-0.362475;-0.649616
367;6.897404;1.721449;6.946144;0.003147;0.007551;-0.005374;-0.242336;-0.362744;-0.650449
368;6.919542;1.702287;6.751184;-0.027287;0.007498;0.001663;-0.243101;-0.362317;-0.650243
369;6.887977;1.614942;6.791352;-0.007211;0.02529;-0.020375;-0.242957;-0.362858;-0.64996
370;6.856174;1.707476;6.745243;0.013735;0.006072;0.002574;-0.242881;-0.362851;-0.650993
371;6.880362;1.789835;6.790638;-0.006642;0.043814;-0.007957;-0.241709;-0.361965;-0.650827
372;6.880582;1.687932;6.741062;0.006974;0.059122;-0.018517;-0.239906;-0.362034;-0.650989
373;6.802526;1.739368;6.719421;0.012458;0.040872;-0.023863;-0.239917;-0.362964;-0.651221
374;6.773213;1.756431;6.762696;-0.011038;0.007437;-0.008068;-0.238946;-0.363257;-0.652457
375;6.807653;1.635073;6.638172;-0.005329;0.029815;-0.023914;-0.238529;-0.363678;-0.651904
376;6.783048;1.654181;6.86733;0.001807;0.043403;-0.027418;-0.236556;-0.364161;-0.651267
377;6.817104;1.702627;6.842549;-0.00604;-0.009375;0.009572;-0.236899;-0.362533;-0.652888
378;6.812327;1.654108;6.828649;-0.016499;0.009321;-0.002772;-0.2361;-0.362568;-0.652456
379;6.763515;1.720023;6.777855;0.008397;-0.012135;0.002506;-0.236886;-0.362269;-0.652636
380;6.792822;1.678569;6.788802;-0.000737;0.011653;0.01138;-0.237556;-0.361572;-0.653081
381;6.812227;1.751404;6.748703;-0.005463;0.010835;-0.018643;-0.236588;-0.361622;-0.651862
382;6.865824;1.716961;6.838148;-0.000775;-0.001069;0.013143;-0.23677;-0.361871;-0.652901
383;6.96842;1.582885;6.832255;-0.018295;0.002014;-0.000987;-0.235488;-0.361252;-0.65311
384;6.819828;1.58623;6.746802;-0.0053;0.025199;-0.025693;-0.234993;-0.362467;-0.653567
385;6.724676;1.574286;6.892289;0.030369;0.015508;-0.0257;-0.235486;-0.362319;-0.653079
386;6.770909;1.63728;6.847877;0.035616;0.009313;-0.020389;-0.235902;-0.362031;-0.653628
387;6.819798;1.561783;6.830369;0.069688;0.033913;-0.029125;-0.235688;-0.364188;-0.651998
388;6.614459;1.834483;7.001021;0.067003;0.01114;-0.031855;-0.233029;-0.365214;-0.653123
389;6.807104;1.980042;6.578362;0.035822;0.105331;-0.036926;-0.231413;-0.368621;-0.6519
390;6.660383;2.035752;7.034895;0.032726;0.071165;-0.020259;-0.228392;-0.369389;-0.653532
391;6.675511;1.834453;6.857671;0.061065;0.040185;0.037987;-0.226294;-0.370409;-0.653002
392;6.963612;1.512357;6.896988;0.008111;0.018102;0.014965;-0.226403;-0.372166;-0.650105
393;7.141107;1.778715;6.836355;-0.005264;-0.014996;-0.027436;-0.226487;-0.370414;-0.651716
394;6.975264;1.791473;6.950996;-0.047563;-0.04905;-0.136231;-0.226317;-0.372403;-0.653464
395;6.42102;2.516058;6.685448;-0.174592;-0.120709;0.007356;-0.225905;-0.370424;-0.652981
396;6.334352;1.641214;7.207994;-0.218692;-0.04122;0.108038;-0.229629;-0.364129;-0.654919
397;6.592704;1.600949;7.261518;-0.017794;-0.07;0.059701;-0.232387;-0.360282;-0.655696
398;6.797451;1.877909;6.672916;0.026823;0.002204;0.058222;-0.233558;-0.358369;-0.655814
399;6.793089;1.613337;6.613875;-0.009857;-0.0344;0.026284;-0.23625;-0.356379;-0.65783
400;7.010211;1.398194;6.787195;-0.011599;-0.071796;0.027126;-0.238411;-0.356326;-0.654576
401;6.973396;1.502635;6.875298;-0.020547;-0.056451;0.02538;-0.238847;-0.356433;-0.655504
402;6.785895;1.450292;6.804896;-0.034884;-0.046396;0.028861;-0.240482;-0.355045;-0.654594
403;6.802936;1.474543;6.777834;-0.027432;-0.057616;0.014723;-0.242817;-0.35522;-0.654713
404;6.817369;1.547186;6.850149;-0.021946;-0.068683;0.007651;-0.244917;-0.352867;-0.655282
405;6.880628;1.624646;6.815525;0.006382;-0.024617;0.014865;-0.246427;-0.352283;-0.654472
406;6.914802;1.639225;6.722866;-0.018614;-0.0266;0.01661;-0.246809;-0.352802;-0.654347
407;6.973317;1.629232;6.714145;0.016849;-0.024228;0.027269;-0.247983;-0.353021;-0.654533
408;6.966116;1.602696;6.641137;-0.003497;-0.051811;0.021886;-0.248819;-0.352202;-0.653175
409;6.895469;1.527541;6.758751;-0.013753;-0.061536;0.00063;-0.252171;-0.35234;-0.65296
410;6.929656;1.522643;6.690885;-0.017351;-0.068777;0.00327;-0.253999;-0.353065;-0.653295
411;6.966186;1.527276;6.710921;-0.016682;-0.046729;0.012158;-0.254336;-0.352129;-0.652304
412;6.929796;1.503451;6.568953;-0.020166;-0.054047;0.010362;-0.256087;-0.351272;-0.651125
413;6.966208;1.541952;6.656868;-0.002389;-0.013924;0.009594;-0.258422;-0.350913;-0.65126
414;7.037013;1.483373;6.624726;-0.013032;-0.031342;0.008677;-0.257284;-0.349887;-0.651748
415;7.044363;1.473668;6.600553;-0.029309;-0.015763;0.018407;-0.258852;-0.347157;-0.652041
416;7.00292;1.47385;6.614593;-0.011119;-0.026924;0.002496;-0.259237;-0.349542;-0.651991
417;6.959002;1.503217;6.613416;0.003833;-0.011998;0.011367;-0.259205;-0.348749;-0.651365
418;7.015076;1.488351;6.619416;-0.006383;-0.014521;-0.011599;-0.261016;-0.347879;-0.651357
419;7.010275;1.449532;6.612682;-0.005419;0.007204;-0.015974;-0.26156;-0.348653;-0.651881
420;6.99312;1.478662;6.663268;0.006984;-0.009859;-0.011582;-0.261384;-0.348135;-0.65098
421;7.03467;1.42996;6.623174;-0.002049;0.003835;-0.006258;-0.260141;-0.347774;-0.651962
422;7.012773;1.430152;6.581268;-0.010534;0.017782;-0.027441;-0.260129;-0.347244;-0.651717
423;7.020038;1.434887;6.625312;-0.012662;0.016348;-0.011547;-0.259151;-0.347271;-0.652831
424;6.993137;1.473824;6.653571;0.005301;0.026328;-0.018575;-0.257956;-0.348123;-0.652224
425;6.978557;1.464241;6.624173;0.005631;0.022312;-0.033602;-0.258371;-0.348635;-0.65275
426;6.968682;1.512768;6.672085;-0.005394;0.036205;-0.020337;-0.256577;-0.347369;-0.653081
427;6.939467;1.495916;6.671936;0.008063;0.038056;-0.02386;-0.255224;-0.348766;-0.651931
428;6.929571;1.554148;6.72457;-0.001587;0.036834;-0.032703;-0.253773;-0.349336;-0.653911
429;6.958907;1.534699;6.659329;-0.007175;0.019846;-0.01949;-0.253541;-0.349074;-0.654425
430;7.095188;1.511631;6.92834;-0.005508;0.102473;-0.021936;-0.250747;-0.349173;-0.65544
431;7.046309;1.604214;6.901534;-0.001699;0.094046;-0.033434;-0.248453;-0.349122;-0.656098
432;6.875906;1.595755;6.698579;-0.009915;0.088;-0.02202;-0.244459;-0.348742;-0.656416
433;6.690933;1.446083;6.717943;-0.00013;0.021928;-0.015143;-0.244177;-0.349823;-0.65598
434;6.690852;1.450779;6.801002;-0.006607;-0.012382;-0.002857;-0.243652;-0.348488;-0.658324
435;6.841852;1.483927;6.84673;-0.001555;-0.046743;-0.029373;-0.243562;-0.350108;-0.656587
436;6.954077;1.515318;6.647366;-0.010713;0.016158;-0.020387;-0.24392;-0.349033;-0.65599
437;6.934266;1.556164;6.925126;-0.006404;0.007181;-0.015989;-0.242792;-0.348937;-0.65671
438;6.84187;1.51566;6.763036;-0.021683;3.9e-05;-0.0081;-0.243468;-0.348905;-0.657265
439;6.856554;1.488904;6.746607;0.013868;0.022302;-0.002713;-0.243769;-0.348219;-0.658079
440;6.861477;1.508493;6.650972;-0.000302;0.04025;-0.007987;-0.242081;-0.348952;-0.657968
441;6.741764;1.525503;6.956976;0.001579;0.025529;-0.015115;-0.24002;-0.348231;-0.658139
442;6.846516;1.576076;6.903886;-0.018155;0.023651;-0.009809;-0.239255;-0.348259;-0.658357
443;6.978154;1.546236;6.921073;0.001402;0.061989;-0.008791;-0.239062;-0.348921;-0.659624
444;6.861147;1.595526;6.854862;0.006528;0.08053;0.000941;-0.235483;-0.349185;-0.660463
445;6.681032;1.484801;6.814933;-0.014542;0.058249;-0.012436;-0.233927;-0.34858;-0.660398
446;6.60779;1.523888;6.886503;-0.005347;0.005314;-0.023149;-0.233162;-0.348741;-0.660612
447;6.724869;1.484512;6.849838;-0.003484;0.001583;-0.025776;-0.234081;-0.350035;-0.660882
448;6.846579;1.542085;6.899588;0.015899;0.000151;-0.01512;-0.233633;-0.349398;-0.65971
449;6.829536;1.527581;6.909363;0.004152;0.001149;-0.008072;-0.234382;-0.349483;-0.661692
450;6.729647;1.537907;6.853871;-0.003649;0.004493;-0.018698;-0.233461;-0.349255;-0.661391
451;6.712706;1.494374;6.805465;-0.001998;0.007431;-0.011633;-0.231921;-0.34758;-0.661617
452;6.719841;1.532953;6.929615;0.004382;0.018151;-0.020431;-0.23208;-0.349434;-0.662219
453;6.768513;1.561806;6.951859;0.010942;-0.002192;-0.03458;-0.231418;-0.349463;-0.661924
454;6.802657;1.57388;6.898369;0.0139;0.015843;-0.006267;-0.232061;-0.348905;-0.661845
455;6.754014;1.515836;6.901087;0.014336;0.030776;-0.027451;-0.230485;-0.348704;-0.661378
456;6.773437;1.535076;6.947508;-0.016467;0.011998;-0.004556;-0.230138;-0.347644;-0.662169
457;6.722301;1.525678;6.917552;0.007808;0.016544;-0.013365;-0.228791;-0.347682;-0.663652
458;6.749007;1.55701;6.97121;0.006858;0.018384;-0.011586;-0.228606;-0.348499;-0.662581
459;6.724653;1.537667;6.99074;-0.007455;-0.007107;-0.008131;-0.227493;-0.348;-0.663573
460;6.727261;1.533157;6.805011;0.008587;0.047606;-0.008881;-0.228037;-0.34904;-0.66409
461;6.751399;1.58615;6.965848;-0.009163;0.014566;-0.013375;-0.227253;-0.348672;-0.66393
462;6.673522;1.528279;6.955894;-0.00365;0.016277;-0.020457;-0.226732;-0.349493;-0.663878
463;6.707586;1.547487;6.980529;0.010382;-0.003311;-0.008106;-0.225163;-0.349291;-0.663542
464;6.719648;1.591036;7.033752;0.008385;-0.024894;0.002452;-0.226824;-0.348697;-0.663129
465;6.71482;1.561908;7.039076;-0.002258;-0.039583;0.00064;-0.227978;-0.348254;-0.662944
466;6.705115;1.5523;7.009752;0.00645;-0.053757;0.012099;-0.227952;-0.347993;-0.662431
467;6.729587;1.528022;6.942076;0.006325;-0.042683;0.018308;-0.22899;-0.347952;-0.662488
468;6.758844;1.527902;6.927849;0.008135;-0.07176;0.019142;-0.231585;-0.347316;-0.662644
469;6.778366;1.522984;6.908668;-0.003526;-0.062698;0.021802;-0.232977;-0.348334;-0.66204
470;6.81738;1.513081;6.904541;-0.00266;-0.068117;0.023568;-0.235963;-0.347017;-0.662237
471;6.822289;1.513132;6.865489;-0.007913;-0.066452;0.019151;-0.238177;-0.346952;-0.660023
472;6.827146;1.515507;6.880193;0.003676;-0.06363;0.019172;-0.241005;-0.346845;-0.659658
473;6.866198;1.503251;6.836982;0.007991;-0.069763;0.027123;-0.243845;-0.347002;-0.659545
474;6.87111;1.50575;6.788105;0.015213;-0.069788;0.0236;-0.246126;-0.347056;-0.658627
475;6.895506;1.48374;6.803531;0.002904;-0.065585;0.014767;-0.248121;-0.347125;-0.657176
476;6.915003;1.512898;6.74463;0.002806;-0.069994;0.020066;-0.249764;-0.345069;-0.656416
477;6.905293;1.483776;6.759662;-0.007759;-0.088412;0.014711;-0.25059;-0.345985;-0.654877
478;6.905499;1.391592;6.707471;-0.021263;-0.085608;0.021759;-0.253875;-0.344781;-0.655865
479;6.934761;1.391482;6.688354;0.003137;-0.093054;0.007649;-0.256863;-0.342663;-0.656085
480;7.00313;1.381676;6.557512;0.001634;-0.085207;-0.004682;-0.259122;-0.343921;-0.654742
481;7.071342;1.388587;6.573098;-0.026326;-0.057142;-0.034666;-0.260209;-0.343627;-0.653253
482;6.998112;1.47646;6.533778;-0.017608;-0.025925;-0.027538;-0.262056;-0.341816;-0.653923
483;6.949529;1.406358;6.492691;-0.042133;-0.041166;-0.047046;-0.261875;-0.342474;-0.655449
484;6.859051;1.581668;6.493159;-0.020059;0.002159;0.001635;-0.262103;-0.341538;-0.654841
485;6.851555;1.527659;6.811882;-0.011761;-0.073398;0.033273;-0.261659;-0.342099;-0.653764
486;7.129415;1.575086;6.678328;-0.056628;-0.070785;0.046557;-0.265617;-0.338732;-0.655239
487;7.334175;1.525393;6.723868;0.023444;-0.072649;0.057293;-0.267888;-0.337455;-0.654101
488;7.142292;1.171863;6.690432;0.139082;-0.039504;0.032679;-0.269022;-0.33864;-0.651015
489;7.140116;1.06031;6.614089;0.194126;-0.005246;0.002774;-0.272086;-0.343327;-0.650263
490;7.132453;1.288733;6.56109;0.194265;0.002728;-0.006021;-0.271217;-0.348709;-0.648504
491;7.115243;1.390878;6.529707;0.162974;-0.012173;-0.044942;-0.270592;-0.353576;-0.643921
492;7.130281;1.206442;6.423104;0.106585;0.004725;-0.076779;-0.270798;-0.357044;-0.642923
493;7.220178;1.385782;6.379774;0.049799;0.029234;-0.094416;-0.267891;-0.360367;-0.641764
494;7.392751;1.622805;6.432063;-0.077649;0.003163;-0.144004;-0.266091;-0.362434;-0.641997
495;6.946272;1.838505;6.568263;-0.096786;-0.00443;-0.085854;-0.264348;-0.359424;-0.643289
496;6.16764;2.337102;6.956156;-0.008556;-0.000282;0.035967;-0.263467;-0.359054;-0.643771
497;6.6172;1.939977;6.444131;0.039783;0.050915;0.03445;-0.26354;-0.360794;-0.642687
498;7.563266;1.787544;6.194581;-0.033856;0.039414;-0.021936;-0.262092;-0.360165;-0.644703
499;7.573126;1.587831;6.46475;-0.016451;-0.032613;0.002646;-0.264593;-0.358193;-0.645541
500;6.966358;1.556913;6.45609;0.041543;0.070891;0.038084;-0.264152;-0.357554;-0.6445
501;6.973484;1.561339;6.659086;-0.005877;0.056763;0.000907;-0.262626;-0.358941;-0.645026
502;7.27834;1.448146;6.628997;-0.030419;0.006915;-0.015048;-0.261701;-0.357515;-0.64463
503;6.988187;1.483431;6.721799;-0.029118;0.03845;0.004372;-0.260505;-0.35701;-0.646526
504;6.810261;1.508668;6.694209;-0.008;0.061569;-0.025631;-0.259665;-0.35663;-0.647788
505;6.968513;1.704989;6.48289;-0.0305;0.061609;-0.015877;-0.255667;-0.358516;-0.648039
506;7.083093;1.619164;6.610834;-0.023627;0.043755;-0.002636;-0.255607;-0.356906;-0.64938
507;6.997987;1.503;6.623793;-0.007454;0.003851;-0.004501;-0.255351;-0.354783;-0.649428
508;6.993088;1.544415;6.5692;0.016224;0.085191;-0.032565;-0.253981;-0.356959;-0.650458
509;6.963686;1.541775;6.754647;0.010863;0.036057;-0.030916;-0.251523;-0.356788;-0.650463
510;6.919608;1.639048;6.801193;0.005152;0.030976;-0.015039;-0.250008;-0.356307;-0.651174
511;6.909907;1.661145;6.702847;-0.033965;0.051403;-0.022107;-0.249236;-0.35607;-0.65127
512;6.897806;1.624825;6.678842;-0.019132;0.033611;-0.046862;-0.247202;-0.355609;-0.651953
513;6.875804;1.600404;6.806092;-0.009824;0.019743;-0.023043;-0.247097;-0.356542;-0.652438
514;6.802781;1.571717;6.761468;0.061371;0.009713;-0.013289;-0.245696;-0.357258;-0.652862
515;6.849011;1.659083;6.672616;0.066082;0.044858;-0.027321;-0.243612;-0.358409;-0.652588
516;6.914557;1.775204;6.732722;0.032856;0.066561;-0.020221;-0.240603;-0.360931;-0.651965
517;6.914783;1.690377;6.643723;0.021778;0.094034;-0.044913;-0.239593;-0.360433;-0.652445
518;6.634454;1.591697;6.915071;0.003612;0.056153;-0.029203;-0.236799;-0.360798;-0.653452
519;6.588096;1.640571;6.879283;0.01716;0.068076;0.00439;-0.235005;-0.363264;-0.653803
520;7.148695;1.535498;7.004542;0.055098;0.050334;-0.016658;-0.233475;-0.363319;-0.654239
521;7.534101;1.353914;6.967083;0.067572;-0.060248;-0.175755;-0.231704;-0.365804;-0.652517
522;6.284492;2.736048;6.307856;-0.185682;-0.098379;0.025924;-0.231486;-0.365272;-0.653299
523;6.446312;1.728089;7.200843;-0.191341;-0.047749;0.164619;-0.236441;-0.358274;-0.654026
524;6.783364;1.459848;6.892725;-0.004417;0.000873;0.018394;-0.238355;-0.356448;-0.655995
525;6.567954;2.02443;6.852735;0.03892;0.058681;-0.015003;-0.237303;-0.356492;-0.655679
526;6.846544;1.732167;6.561265;0.031968;0.017813;0.027349;-0.237092;-0.357182;-0.654092
527;7.093291;1.339752;6.652532;-0.006454;8.5e-05;-0.00803;-0.237064;-0.356764;-0.656047
528;6.92953;1.449225;6.980713;-0.005862;-0.014173;0.002502;-0.236477;-0.357333;-0.654703
529;6.788163;1.510853;6.877238;-0.00638;-0.009828;0.027208;-0.236851;-0.357987;-0.654445
530;6.759044;1.425952;6.902727;-0.050177;0.005173;-0.011688;-0.238026;-0.35754;-0.65465
531;6.758768;1.605746;6.860468;-0.037018;-0.014442;-0.001097;-0.237545;-0.355553;-0.655331
532;6.782913;1.707515;6.915307;-0.005968;0.005954;0.004295;-0.237301;-0.354226;-0.655616
533;6.782939;1.731953;6.83663;-0.018726;-0.031932;0.020103;-0.238891;-0.354157;-0.65635
534;6.916986;1.748358;6.79436;-0.00657;-0.027822;0.036062;-0.241226;-0.354065;-0.656477
535;6.958475;1.719023;6.785718;-0.014035;-0.05219;0.011283;-0.241583;-0.353391;-0.655868
536;6.87095;1.56878;6.845695;0.007871;-0.048753;0.030706;-0.241947;-0.352848;-0.655384
537;6.82208;1.60531;6.920125;-0.011782;-0.073424;0.032388;-0.2466;-0.350668;-0.655306
538;6.885789;1.478984;6.776567;-0.033233;-0.082568;0.037651;-0.247341;-0.34958;-0.6546
539;6.910145;1.483704;6.78419;-0.035262;-0.068867;0.005889;-0.250494;-0.349715;-0.655541
540;6.942031;1.444988;6.628845;-0.046627;-0.045578;-0.004668;-0.251675;-0.349665;-0.655864
541;7.063935;1.444483;6.572013;-0.062061;-0.030151;-0.034648;-0.253106;-0.347076;-0.656016
542;7.071183;1.478437;6.576422;-0.074395;-0.054067;-0.040888;-0.253536;-0.346651;-0.656829
543;6.885706;1.600695;6.630172;-0.085357;-0.057459;-0.030349;-0.255214;-0.344188;-0.656731
544;6.712528;1.630504;6.737069;-0.093408;-0.064564;0.011974;-0.255723;-0.342303;-0.656554
545;6.841837;1.544842;6.742965;-0.083948;-0.026663;0.069497;-0.258185;-0.339807;-0.656628
546;7.124346;1.642941;6.765103;-0.016925;-0.00621;0.104146;-0.260605;-0.337297;-0.658385
547;7.005212;1.478392;6.771052;0.085434;-0.026053;0.075912;-0.261636;-0.337524;-0.658303
548;7.057147;1.240894;6.379824;0.114529;-0.026279;0.056511;-0.262393;-0.339655;-0.65543
549;7.374142;1.044644;6.569002;0.121465;0.037057;-0.022772;-0.262204;-0.342606;-0.654296
550;7.339684;1.131831;6.782154;0.179662;0.001592;-0.075773;-0.259871;-0.346321;-0.651731
551;6.857543;1.023016;6.544429;0.173731;0.05484;-0.133216;-0.260156;-0.35206;-0.649763
552;6.959195;1.374433;6.649896;0.067939;0.132138;-0.20289;-0.253404;-0.355927;-0.649291
553;7.480913;1.396582;6.39332;-0.019668;-0.030088;-0.181097;-0.251;-0.359075;-0.650368
554;6.460636;2.019905;6.961227;-0.134526;-0.035318;-0.077248;-0.249708;-0.359792;-0.650408
555;5.912217;2.02251;7.045792;0.112306;-0.019446;0.061577;-0.249294;-0.357656;-0.652393
556;6.759234;1.718927;6.10289;0.091978;0.095245;-0.026317;-0.248307;-0.360375;-0.650835
557;7.562749;1.903417;6.55447;-0.092301;0.038208;-0.04761;-0.245986;-0.360065;-0.65098
558;7.304111;1.745575;7.220879;0.049974;-0.070761;0.018476;-0.246766;-0.358967;-0.651054
559;6.515136;1.868008;6.253098;0.094071;0.052764;0.085708;-0.247921;-0.363747;-0.648382
560;6.958621;1.72666;6.604631;0.007979;0.008352;0.022916;-0.247148;-0.364309;-0.648455
561;7.246627;1.404355;6.751546;-0.033589;-0.050836;-0.031081;-0.247672;-0.361755;-0.648557
562;6.821764;1.799643;6.894729;-0.012746;0.044473;-0.015927;-0.246006;-0.36155;-0.648864
563;6.773109;1.83909;6.717239;-0.042842;0.070345;-0.027397;-0.24621;-0.361395;-0.650305
564;6.812281;1.756399;6.677701;-0.071305;0.002831;-0.025799;-0.243937;-0.36054;-0.651376
565;6.899923;1.765502;6.764459;-0.079524;0.029445;0.022845;-0.244206;-0.358795;-0.651571
566;7.012314;1.633919;6.699983;-0.049067;0.036828;0.018498;-0.24289;-0.35696;-0.653629
567;6.95897;1.493393;6.66983;-0.049906;0.024827;-0.023948;-0.2415;-0.354876;-0.654264
568;6.768673;1.51828;6.854805;-0.038397;0.015031;-0.021357;-0.241344;-0.35353;-0.65624
569;6.693108;1.52594;6.858417;-0.029329;0.000612;0.014814;-0.242087;-0.352683;-0.658118
570;6.846686;1.483812;6.893268;0.019115;0.02242;0.000821;-0.241385;-0.352987;-0.657035
571;6.778296;1.600842;6.833951;0.040434;0.026366;0.00438;-0.239473;-0.35388;-0.655093
572;6.870991;1.661514;6.614218;0.065855;0.056046;-0.016693;-0.239792;-0.35439;-0.656262
573;6.94866;1.765245;6.770093;0.050332;0.085104;-0.04665;-0.235322;-0.357509;-0.654896
574;6.909639;1.745877;6.840754;0.036393;0.076392;-0.062594;-0.233708;-0.358226;-0.656215
575;6.598102;1.477751;6.909167;0.063049;0.009703;-0.051331;-0.231733;-0.359776;-0.655547
576;6.558943;1.572661;6.909368;0.054994;0.026192;-0.009798;-0.230944;-0.361941;-0.655312
577;6.905054;1.505188;6.989149;0.071451;0.058384;-0.030823;-0.228919;-0.363344;-0.6562
578;7.207146;1.764283;6.593071;-0.002895;0.111507;-0.060716;-0.226024;-0.364;-0.65525
579;6.760963;1.741722;6.865471;-0.118587;-0.050666;-0.108999;-0.22325;-0.364361;-0.656647
580;6.313669;2.413942;7.025503;-0.200841;-0.104203;0.021448;-0.227558;-0.360454;-0.657379
581;6.470577;1.756986;7.264287;-0.062971;0.00679;0.122494;-0.226281;-0.355278;-0.660185
582;6.645999;1.9364;6.9606;0.046445;0.016824;0.05382;-0.227913;-0.354666;-0.661715
583;6.74125;1.980258;6.638494;0.049102;0.023128;0.01501;-0.228848;-0.355715;-0.65979
584;6.975747;1.619453;6.741251;-0.018776;-0.030059;0.024566;-0.229602;-0.354623;-0.659343
585;6.964004;1.264557;6.942878;0.008218;-0.04101;0.015703;-0.232488;-0.355303;-0.660125
586;6.74696;1.328722;6.980042;-0.021183;-0.032177;0.012101;-0.23176;-0.354414;-0.658557
587;6.67622;1.406949;6.899357;-0.022014;-0.061273;0.011147;-0.231515;-0.354288;-0.658807
588;6.773742;1.396791;6.874114;-0.034651;-0.056681;0.018233;-0.234671;-0.352956;-0.659791
589;6.829484;1.546967;6.931033;-0.044271;-0.053447;0.006776;-0.237201;-0.351535;-0.658671
590;6.758543;1.741773;6.845871;-0.024261;-0.037199;0.028912;-0.23798;-0.350704;-0.658736
591;6.895087;1.75586;6.7401;-0.00721;-0.04082;0.025431;-0.239435;-0.350242;-0.659345
592;6.8951;1.75345;6.730361;0.008054;-0.055335;0.021886;-0.241418;-0.349648;-0.657653
593;6.866094;1.607853;6.747127;0.012506;-0.057067;0.023632;-0.243648;-0.350621;-0.658262
594;6.870884;1.629581;6.800619;0.015412;-0.033746;0.010438;-0.245678;-0.350017;-0.65748
595;6.939243;1.573433;6.773288;-0.010149;-0.043423;-0.002845;-0.246786;-0.349184;-0.656396
596;6.919869;1.512854;6.754486;0.007019;-0.040793;-0.012546;-0.247168;-0.349704;-0.656272
597;6.895586;1.457101;6.76487;0.008569;-0.039567;-0.001072;-0.248685;-0.349118;-0.655592
598;6.905167;1.571263;6.728793;-0.016556;-0.053234;0.00595;-0.249465;-0.348554;-0.65565
599;7.04187;1.480872;6.649296;-0.029656;-0.042602;0.036015;-0.252903;-0.349072;-0.657113
600;6.973615;1.459238;6.712217;0.000828;-0.051608;0.028944;-0.254081;-0.348649;-0.654855
601;6.939527;1.503363;6.588665;-0.012877;-0.046012;0.002441;-0.254727;-0.346224;-0.654831
602;6.94904;1.573493;6.717193;-0.01128;-0.023142;0.007797;-0.255412;-0.346215;-0.653053
603;6.978415;1.537062;6.642466;0.000992;-0.036363;0.020153;-0.255225;-0.346742;-0.654453
604;7.071108;1.473395;6.671878;-0.007377;-0.027155;-0.006314;-0.256959;-0.346265;-0.655466
605;7.046685;1.514848;6.648778;-0.029858;-0.009146;-0.041632;-0.257337;-0.345319;-0.655255
606;7.032025;1.541656;6.638308;-0.061966;-0.017595;-0.041688;-0.256573;-0.344413;-0.6555
607;6.919973;1.517963;6.624795;-0.044716;-0.040277;-0.011719;-0.256871;-0.341728;-0.656243
608;6.827359;1.53061;6.606053;-0.050314;-0.023639;-0.001117;-0.257126;-0.340653;-0.656158
609;6.824729;1.576515;6.734818;-0.056827;-0.019608;0.051877;-0.257961;-0.338877;-0.657291
610;7.090434;1.550931;6.712393;-0.060311;-0.018915;0.048412;-0.258885;-0.337504;-0.65764
611;6.997575;1.719062;6.664042;-0.003504;-0.015342;0.06084;-0.260736;-0.337025;-0.6584
612;7.100922;1.313606;6.340097;0.048844;0.035583;0.078661;-0.263631;-0.337461;-0.656856
613;7.247621;0.950667;6.519812;0.084824;0.063437;0.022239;-0.261262;-0.337827;-0.656071
614;7.122786;1.123181;6.798579;0.079777;0.027305;-0.037035;-0.260096;-0.340805;-0.656052
615;6.783392;1.4721;6.836268;0.057333;0.029134;-0.034466;-0.259677;-0.342427;-0.655464
616;6.92501;1.313512;6.846066;0.097501;-0.003263;-0.031814;-0.258821;-0.344607;-0.653929
617;7.671226;1.130375;6.669827;0.107398;0.035228;-0.118971;-0.25681;-0.347365;-0.652575
618;8.088638;1.110255;5.940453;-0.129198;0.100248;-0.233803;-0.253758;-0.350406;-0.65362
619;5.762683;2.335819;7.419549;-0.023109;-0.087276;0.049787;-0.251533;-0.348607;-0.655628
620;5.686626;1.501848;6.875368;0.190565;-0.017301;0.080108;-0.254543;-0.350374;-0.653792
621;7.475807;1.827606;5.801301;-0.065343;0.071062;-0.092577;-0.25409;-0.352403;-0.652542
622;7.78197;1.731394;7.02785;-0.033844;-0.065439;-0.023872;-0.251061;-0.349974;-0.654008
623;6.67591;1.613486;6.84196;0.114818;-0.084509;0.122557;-0.254831;-0.350781;-0.651851
624;6.690848;1.675061;6.359379;0.038989;0.034514;0.034411;-0.258893;-0.355169;-0.650382
625;7.480575;1.646939;6.281362;-0.003362;0.036773;-0.029008;-0.256248;-0.35395;-0.649241
626;7.04179;1.383177;6.934657;0.036731;0.007345;0.013218;-0.255706;-0.353818;-0.65129
627;6.768588;1.652177;6.686189;0.043402;0.046252;0.03269;-0.255937;-0.355147;-0.650745
628;7.031962;1.553704;6.687005;0.009839;0.05982;-0.025549;-0.254666;-0.355459;-0.651187
629;6.978442;1.532247;6.620542;-2.3e-05;0.015357;-0.019485;-0.252357;-0.355545;-0.65158
630;6.822653;1.360351;6.753221;0.013392;0.009114;-0.020426;-0.251351;-0.356645;-0.652143
631;6.953729;1.716894;6.643853;0.003689;0.054213;-0.030872;-0.249637;-0.356985;-0.651523
632;7.0708;1.660432;6.651501;0.010014;0.057767;-0.034363;-0.248887;-0.356076;-0.652029
633;6.938986;1.741079;6.733686;-0.000187;0.030004;-0.015914;-0.247644;-0.356115;-0.652998
634;6.907937;1.43059;6.628578;-0.012164;0.058456;-0.037986;-0.245728;-0.358051;-0.653488
635;6.851242;1.68543;6.855593;-0.021117;0.03377;-0.039807;-0.244387;-0.356513;-0.652555
636;6.841231;1.833611;6.860198;-0.035895;0.025152;-0.016867;-0.242307;-0.357638;-0.654874
637;6.880582;1.680618;6.755862;-0.062196;0.026243;-0.036328;-0.241265;-0.35608;-0.654735
638;6.73443;1.640074;6.754352;-0.057259;0.010515;-0.015202;-0.240952;-0.354879;-0.656179
639;6.797708;1.629811;6.872867;-0.036118;0.02639;-0.004532;-0.238522;-0.354035;-0.656723
640;6.890358;1.624559;6.835237;-0.005752;0.022955;-0.005362;-0.237401;-0.354337;-0.657562
641;6.890523;1.546909;6.802356;0.008965;0.028922;-0.025654;-0.236871;-0.353027;-0.657313
642;6.924889;1.396133;6.820173;0.018426;0.061041;-0.052078;-0.23634;-0.352517;-0.657041
643;6.627018;1.69385;6.854493;0.018048;0.041552;-0.036274;-0.232888;-0.354377;-0.65784
644;6.680409;1.827166;6.845645;0.0048;0.08591;-0.004376;-0.233718;-0.355534;-0.658887
645;6.575892;1.584518;7.012123;0.019182;0.01873;-0.004551;-0.230553;-0.356444;-0.660248
646;6.744613;1.319181;6.897031;0.013011;0.024273;0.037868;-0.229411;-0.355042;-0.658155
647;7.060837;1.61856;6.979756;-0.003654;0.042631;0.019454;-0.229197;-0.355709;-0.659031
648;7.402074;1.699827;6.763433;0.024125;0.045916;-0.069606;-0.228688;-0.357726;-0.659204
649;6.752445;2.602108;6.532472;-0.172064;-0.081916;-0.071947;-0.227173;-0.356712;-0.659931
650;6.226733;1.97733;6.982876;-0.315315;-0.098844;0.123712;-0.230608;-0.347477;-0.663754
651;6.690847;1.158216;7.388089;-0.090686;-0.065475;0.049894;-0.232698;-0.341503;-0.666632
652;6.505272;1.558182;7.001729;0.036599;0.03578;0.014913;-0.233112;-0.340707;-0.664604
653;6.653963;1.591626;6.900696;0.025074;0.035575;0.012294;-0.232657;-0.342312;-0.665829
654;6.920099;1.357337;6.801212;-0.020994;-0.049465;0.048328;-0.235243;-0.339279;-0.665796
655;7.051883;1.198609;6.908678;-0.061368;-0.078637;0.061489;-0.237732;-0.337044;-0.666382
656;6.986275;1.084789;6.914555;-0.035991;-0.08068;0.043822;-0.238983;-0.337003;-0.665542
657;6.759498;1.134408;6.964051;-0.054638;-0.106319;0.040158;-0.241328;-0.33491;-0.665857
658;6.774029;1.214583;6.909079;-0.032526;-0.092278;0.048173;-0.245953;-0.334069;-0.66522
659;6.817728;1.292;6.947519;-0.020083;-0.102342;0.007559;-0.250015;-0.331527;-0.663696
660;6.839571;1.425776;6.784129;0.006448;-0.062758;0.016523;-0.253155;-0.331531;-0.66438
661;6.944185;1.536988;6.769107;0.018308;-0.077567;0.004181;-0.253968;-0.331916;-0.662598
662;6.997953;1.512676;6.643187;0.022603;-0.120872;0.016475;-0.256646;-0.331419;-0.661847
663;7.076158;1.415249;6.587379;0.022595;-0.091789;0.016547;-0.259008;-0.332545;-0.659995
664;7.086041;1.308231;6.645635;0.013688;-0.095517;0.016521;-0.26335;-0.333586;-0.658899
665;6.993519;1.255257;6.65249;0.006605;-0.101048;0.014705;-0.265036;-0.333386;-0.658994
666;6.98875;1.216509;6.609076;-0.0058;-0.095779;0.011164;-0.267521;-0.33131;-0.656983
667;7.061922;1.206518;6.561451;-0.000151;-0.059781;-0.004633;-0.269946;-0.330955;-0.656345
668;7.105714;1.28902;6.482428;-0.005793;-0.03859;0.007789;-0.272314;-0.330855;-0.657121
669;7.139875;1.262123;6.488305;-0.007338;-0.020746;-0.004534;-0.272814;-0.330572;-0.656767
670;7.130128;1.298744;6.414159;0.004145;0.040354;-0.002628;-0.271544;-0.330351;-0.657225
671;7.086165;1.240244;6.639483;-0.016621;0.030241;-0.034487;-0.271237;-0.330372;-0.656301
672;7.044631;1.337741;6.563797;-0.027243;0.020993;-0.038052;-0.269324;-0.330841;-0.656833
673;6.915449;1.294474;6.670187;0.002115;-0.036759;-0.031111;-0.268897;-0.329532;-0.656071
674;7.11059;1.284124;6.489923;0.0403;-0.012606;-0.022132;-0.268805;-0.331128;-0.656797
675;7.363792;1.365168;6.617064;0.033241;0.032475;-0.030804;-0.269259;-0.332431;-0.658079
676;7.222576;1.30767;6.579244;-0.005662;0.03471;-0.004392;-0.267265;-0.332918;-0.657052
677;6.929924;1.357458;6.713326;0.014309;0.011793;-0.021273;-0.267989;-0.333433;-0.656039
678;6.99353;1.394243;6.363965;0.068842;0.046921;0.016863;-0.266737;-0.334274;-0.656855
679;6.998433;1.230942;6.655433;0.06791;0.027619;-0.023822;-0.265906;-0.337249;-0.655816
680;6.934832;1.352633;6.684141;0.03781;0.063382;-0.038803;-0.263597;-0.338135;-0.656186
681;7.09325;1.366476;6.647175;0.066211;0.080101;-0.032509;-0.261607;-0.339954;-0.65525
682;7.149109;1.468156;6.665815;0.026983;0.070608;-0.034315;-0.260458;-0.340662;-0.655557
683;7.024887;1.464062;6.595533;0.008676;0.042045;-0.009699;-0.257005;-0.343055;-0.65634
684;6.959029;1.410635;6.76664;0.010777;0.061613;-0.027345;-0.254698;-0.342608;-0.65675
685;6.934689;1.352316;6.847983;-0.017653;0.052136;-0.032709;-0.251624;-0.342988;-0.657353
686;6.917509;1.391142;6.908181;-0.064089;0.029982;-0.03016;-0.251542;-0.34245;-0.658272
687;6.910064;1.4884;6.867249;-0.021807;0.022828;-0.004506;-0.250003;-0.340508;-0.658506
688;6.944336;1.473939;6.721299;-0.017101;0.032606;-0.015069;-0.24981;-0.340903;-0.659781
689;6.929389;1.612255;6.81648;-0.01411;0.037626;-0.032711;-0.248607;-0.340533;-0.661542
690;6.861288;1.600715;6.683599;-0.03028;0.007747;-0.023977;-0.24765;-0.340022;-0.663062
691;6.856472;1.527729;6.763048;-0.016132;0.016178;-0.018654;-0.245419;-0.339582;-0.662438
692;6.93449;1.464018;6.853372;0.014312;0.037128;-0.025627;-0.244397;-0.338553;-0.662673
693;6.924898;1.401028;6.800525;-0.005412;0.044386;-0.020344;-0.243454;-0.339263;-0.661954
694;6.822544;1.343043;6.912469;0.003001;0.026017;0.004322;-0.243424;-0.339512;-0.66389
695;6.827601;1.328797;6.731837;-0.007889;0.029862;0.014918;-0.241712;-0.339185;-0.66329
696;6.824973;1.362516;6.882823;-0.013024;0.05672;0.000837;-0.241487;-0.338654;-0.663942
697;6.790812;1.389414;6.876946;-0.010819;0.019911;-0.016906;-0.239807;-0.338719;-0.66398
698;6.798072;1.401453;6.911081;-0.026926;-0.005609;-0.013441;-0.239192;-0.338471;-0.664603
699;6.888134;1.451949;6.936021;-0.010926;-0.001826;-0.01162;-0.23987;-0.337372;-0.66519
700;6.885667;1.456771;6.960354;-0.002997;-0.014358;-0.006338;-0.239786;-0.3379;-0.666077
701;6.790588;1.449864;7.01283;-0.003005;-0.042482;-0.004656;-0.238954;-0.33781;-0.664999
702;6.807656;1.522935;6.85776;-0.020088;-0.039696;0.002409;-0.241556;-0.337306;-0.665281
703;6.936847;1.52234;6.827939;-0.038902;-0.03162;0.005972;-0.243149;-0.335636;-0.666062
704;6.96372;1.424832;6.947421;-0.021573;-0.040868;0.030699;-0.24385;-0.334157;-0.664588
705;6.861364;1.437542;6.921194;-0.024271;-0.049899;0.032417;-0.245826;-0.332208;-0.665268
706;6.888367;1.328132;6.916172;-0.033561;-0.087642;0.053522;-0.247958;-0.332137;-0.663957
707;7.022475;1.312979;6.867116;-0.04359;-0.108559;0.023475;-0.251368;-0.329863;-0.664853
708;7.003147;1.298824;6.70323;-0.009059;-0.053387;0.034221;-0.253617;-0.329257;-0.663305
709;6.983677;1.269727;6.73034;0.010682;-0.055175;0.028933;-0.256689;-0.33021;-0.662662
710;6.915545;1.236177;6.676094;0.017045;-0.098795;0.027063;-0.259817;-0.329018;-0.663122
711;6.896132;1.173075;6.706242;0.038539;-0.099804;-0.018852;-0.262583;-0.329725;-0.661563
712;6.871712;1.214533;6.680696;0.037424;-0.128586;-0.00655;-0.264537;-0.330204;-0.65932
713;7.013249;1.148408;6.598405;0.025528;-0.104712;0.007649;-0.269514;-0.331089;-0.658003
714;7.144855;1.235516;6.420373;0.00464;-0.064474;0.023651;-0.270845;-0.332121;-0.656228
715;7.181643;1.204151;6.218512;-0.007508;-0.05947;0.009526;-0.274437;-0.332253;-0.655637
716;7.064541;1.163028;6.43998;-0.014012;-0.024025;-0.024891;-0.273389;-0.330564;-0.655372
717;7.042135;1.366878;6.573033;-0.013689;-0.079713;0.002386;-0.273881;-0.330416;-0.654884
718;7.105528;1.337365;6.598961;-0.006908;-0.07671;-0.023198;-0.277302;-0.330963;-0.653494
719;7.239447;1.47782;6.456716;0.007244;-0.028339;-0.020382;-0.277664;-0.331353;-0.652983
720;7.212583;1.448575;6.579085;0.008506;-0.015197;-0.039795;-0.276467;-0.331248;-0.654867
721;7.237138;1.348906;6.56652;0.033054;-0.008993;-0.01856;-0.277019;-0.333111;-0.653027
722;7.220253;1.31281;6.439734;0.010834;0.036186;-0.023799;-0.27723;-0.332554;-0.65461
723;7.154304;1.351822;6.530979;-0.017194;0.015499;-0.006225;-0.276013;-0.333678;-0.653605
724;7.154315;1.32747;6.565638;-0.030875;0.014835;0.007886;-0.274459;-0.332272;-0.653564
725;7.154508;1.249882;6.500967;-0.048566;-0.018143;0.004259;-0.277157;-0.330414;-0.655706
726;7.139785;1.264362;6.586079;-0.009252;0.002055;-0.000958;-0.27451;-0.329995;-0.654541
727;7.100763;1.271808;6.60492;0.008716;0.02748;-0.008844;-0.274948;-0.329169;-0.655496
728;7.110584;1.28411;6.49726;0.001883;0.025273;-0.022099;-0.274816;-0.330241;-0.655457
729;7.122744;1.29862;6.497191;-0.00907;0.040004;-0.011478;-0.27418;-0.330796;-0.655667
730;7.122663;1.293563;6.599983;-0.00644;-0.034414;-0.005447;-0.27319;-0.330293;-0.656536
731;7.086209;1.274472;6.521511;0.017781;-0.021612;-0.011586;-0.273515;-0.328693;-0.655304
732;7.171464;1.322706;6.473057;0.008769;0.003826;-0.008866;-0.275059;-0.330476;-0.657667
733;7.122774;1.313315;6.433357;0.001766;0.048131;-0.017629;-0.272636;-0.331255;-0.65583
734;7.12248;1.337042;6.721491;-0.005683;-0.017051;-0.001875;-0.272316;-0.331145;-0.65465
735;7.200632;1.319949;6.566471;0.008999;-0.001952;-0.020353;-0.27286;-0.332319;-0.655163
736;7.156729;1.329843;6.587641;-0.003636;-0.009138;-0.013328;-0.272862;-0.331386;-0.65519
737;7.02269;1.357339;6.533778;0.017684;-0.006967;-0.008916;-0.271981;-0.330882;-0.655677
738;7.110461;1.322845;6.560163;0.005889;0.015842;-0.000914;-0.272252;-0.332202;-0.655912
739;7.207811;1.385442;6.587448;-0.010948;0.000971;-0.006231;-0.272245;-0.33207;-0.655786
740;7.173794;1.371214;6.499147;0.008066;0.003565;-0.018578;-0.27251;-0.332725;-0.65591
741;7.083622;1.318034;6.606301;0.019437;-0.003325;-0.008011;-0.272204;-0.332879;-0.654982
742;7.134953;1.315677;6.435946;0.005202;-0.003439;-0.008012;-0.272484;-0.332198;-0.655406
743;7.110313;1.371275;6.632679;0.004325;0.025505;-0.013257;-0.270913;-0.332929;-0.655042
744;7.115304;1.327625;6.587052;0.012265;-0.003348;-0.006244;-0.270509;-0.333481;-0.654745
745;7.144588;1.317814;6.560768;0.015923;0.018368;-0.011487;-0.271116;-0.334531;-0.653969
746;7.127395;1.390741;6.569019;-0.00635;0.010865;-0.013292;-0.271918;-0.332629;-0.654456
747;7.081213;1.32786;6.554741;-0.002025;0.00021;-0.005378;-0.270003;-0.333765;-0.654969
748;7.100561;1.385944;6.607822;-0.003591;0.012597;-0.017709;-0.270119;-0.33403;-0.654708
749;7.100553;1.368858;6.652135;0.008704;0.014742;-0.008861;-0.269678;-0.332167;-0.656165
750;7.076303;1.347309;6.556774;0.01256;-0.025477;-0.018662;-0.270483;-0.33213;-0.656727
751;7.110526;1.335177;6.462135;-4e-06;0.043546;-0.018525;-0.270154;-0.333222;-0.655382
752;7.105365;1.380886;6.698461;-0.005329;0.032463;-0.022086;-0.269275;-0.332185;-0.655884
753;7.16395;1.366174;6.618908;0.003236;-0.042375;0.000748;-0.269547;-0.332705;-0.656142
754;7.09344;1.296198;6.57015;0.004228;0.009328;-0.006236;-0.270571;-0.332934;-0.655931
755;7.064008;1.400763;6.57522;-0.016034;-0.003885;-0.018649;-0.269545;-0.333505;-0.656119
756;7.1031;1.352025;6.559543;0.001529;-0.007022;-0.004498;-0.269921;-0.333626;-0.655876
757;7.149434;1.34698;6.53588;0.006982;0.005607;-0.009752;-0.270339;-0.332538;-0.656449
758;7.112789;1.366472;6.598565;-0.001958;0.005536;-0.009771;-0.270019;-0.332429;-0.655268
759;7.08116;1.352123;6.566545;-0.016235;0.001817;-0.008922;-0.269953;-0.334552;-0.656499
760;7.122662;1.320378;6.548164;0.01071;0.026337;-0.018547;-0.269538;-0.333773;-0.655981
761;7.103031;1.346997;6.647663;0.003403;0.047327;-0.013217;-0.267252;-0.332922;-0.656792
762;7.015184;1.410578;6.650115;-0.009379;-0.045021;0.005991;-0.269568;-0.332301;-0.656544
763;7.071723;1.252906;6.409181;-0.001752;0.038094;-0.018556;-0.267738;-0.332509;-0.656182
764;7.141771;1.429126;6.773979;-0.007403;-0.018102;-0.006281;-0.268308;-0.333943;-0.657207
765;7.110309;1.346885;6.686901;0.001642;-0.027191;-0.009838;-0.267101;-0.333598;-0.656375
766;7.134994;1.320643;6.379617;0.008805;0.032892;-0.011465;-0.266351;-0.332422;-0.656889
767;7.071215;1.407808;6.680357;0.013983;0.016682;-0.006206;-0.26482;-0.333278;-0.657301
768;7.083529;1.37634;6.595504;0.022856;0.016855;-0.002661;-0.266343;-0.333224;-0.656735
769;7.071366;1.339882;6.642416;0.019643;0.065416;-0.022886;-0.263792;-0.334916;-0.657457
770;6.973825;1.369502;6.650203;0.023144;0.015614;-0.016826;-0.261732;-0.334195;-0.657629
771;7.005604;1.332987;6.612195;0.034554;0.027757;-0.00795;-0.262146;-0.335107;-0.658142
772;6.949609;1.318771;6.574913;0.06236;0.113197;-0.020124;-0.257317;-0.336769;-0.657319
773;7.027246;1.419994;6.772402;0.037921;0.001417;-0.041549;-0.258909;-0.338832;-0.658121
774;7.012555;1.475988;6.739415;0.046827;0.048733;-0.044089;-0.256552;-0.340129;-0.657569
775;6.793363;1.404281;6.717778;0.078758;0.022095;-0.032692;-0.256542;-0.341864;-0.657388
776;6.84247;1.290263;6.527323;0.096097;0.070165;-0.008724;-0.254243;-0.34408;-0.657978
777;7.120176;1.342224;6.559973;0.09707;0.119698;-0.058882;-0.249857;-0.346672;-0.655726
778;7.241261;1.66171;6.800784;-0.011393;0.058175;-0.078501;-0.246331;-0.347191;-0.657597
779;6.983102;1.595134;6.739341;-0.135325;-0.041605;-0.032115;-0.247135;-0.347821;-0.65814
780;6.714674;1.64691;7.037595;-0.092491;0.011742;0.044809;-0.249196;-0.343453;-0.660451
781;6.641688;1.586613;7.013084;0.038237;0.054262;0.062684;-0.246367;-0.341427;-0.660749
782;6.741745;1.698556;6.633622;0.040885;0.066751;-0.018498;-0.244887;-0.344295;-0.659679
783;6.997747;1.638993;6.626313;0.026693;0.032859;-0.019403;-0.242819;-0.344242;-0.659701
784;7.114921;1.434044;6.812613;-0.002294;0.041252;0.000904;-0.243105;-0.344225;-0.660235
785;6.915092;1.405825;6.856536;-0.014494;0.043578;-0.013293;-0.242902;-0.34289;-0.6613
786;6.695718;1.455612;6.800992;-0.009012;0.005421;-0.016952;-0.240553;-0.343252;-0.660906
787;6.754278;1.392085;6.847001;-0.019813;-0.003658;-0.011675;-0.239855;-0.342864;-0.662435
788;6.856646;1.367213;6.883221;-0.014637;0.014716;-0.004541;-0.239588;-0.343409;-0.662276
789;6.817397;1.493614;6.924443;-0.005767;0.025718;-0.004507;-0.240619;-0.34337;-0.662202
790;6.841824;1.515556;6.816835;-0.011416;-0.001175;0.012222;-0.238546;-0.342385;-0.662121
791;6.875954;1.483716;6.866814;-0.018714;-0.008328;0.020153;-0.239345;-0.342083;-0.662561
792;6.832047;1.488725;6.902741;-0.000715;-0.020173;0.013072;-0.238226;-0.342676;-0.660929
793;6.81744;1.498585;6.865668;0.020801;-0.024643;0.008669;-0.240664;-0.341227;-0.663045
794;6.832055;1.488744;6.89296;0.021406;-0.034287;0.022784;-0.241017;-0.342553;-0.662377
795;6.849193;1.471766;6.837272;0.021647;-0.035468;0.012187;-0.24247;-0.343024;-0.662958
796;6.885713;1.488566;6.844869;0.025326;-0.051938;0.007753;-0.243913;-0.342855;-0.660836
797;6.915051;1.473998;6.767316;0.008393;-0.049352;0.007746;-0.245155;-0.343749;-0.659839
798;6.963756;1.454165;6.849096;0.021169;-0.064172;-0.005507;-0.245908;-0.342791;-0.659389
799;6.929587;1.502986;6.808603;0.006378;-0.068183;0.019193;-0.249253;-0.343064;-0.65904
800;6.939394;1.466498;6.814278;-0.011444;-0.064723;0.018295;-0.251274;-0.343795;-0.658089
801;6.96376;1.461488;6.829406;-0.002477;-0.05927;0.015673;-0.252812;-0.342938;-0.657806
802;6.96621;1.478571;6.780239;-0.038336;-0.075686;0.025316;-0.255369;-0.341244;-0.657214
803;6.973638;1.454414;6.695184;-0.055824;-0.072598;0.009406;-0.258499;-0.339252;-0.657698
804;6.927337;1.486349;6.627902;-0.06299;-0.072585;0.011155;-0.259784;-0.338937;-0.657516
805;6.964024;1.440133;6.570574;-0.043234;-0.095256;0.007605;-0.261615;-0.337795;-0.657906
806;6.939721;1.416027;6.541281;-0.041857;-0.08836;0.027042;-0.264787;-0.336617;-0.656683
807;7.027815;1.274982;6.410576;-0.023276;-0.0698;0.035945;-0.266403;-0.334701;-0.655399
808;7.071793;1.196991;6.439499;-0.0092;-0.001538;-0.000988;-0.268473;-0.334087;-0.655397
809;7.017891;1.318524;6.5246;-0.013773;-0.045066;0.005096;-0.268632;-0.332609;-0.655967
810;7.052203;1.192006;6.556666;-0.020071;-0.059578;0.009471;-0.271758;-0.332883;-0.656384
811;7.205563;1.21278;6.715132;-0.003396;-0.08938;-0.019674;-0.272342;-0.331939;-0.655147
812;7.200672;1.300534;6.559473;0.034722;-0.024246;-0.011539;-0.273469;-0.331902;-0.65443
813;7.21033;1.3271;6.61051;0.00928;0.041265;-0.037041;-0.271507;-0.333716;-0.654013
814;7.149458;1.395794;6.410317;0.012061;0.053962;-0.041436;-0.270746;-0.334942;-0.654326
815;6.983582;1.381662;6.615904;0.007433;0.010523;-0.032747;-0.270546;-0.335205;-0.655474
816;7.034798;1.35223;6.631865;0.00565;-0.014937;-0.031024;-0.269674;-0.335524;-0.653604
817;7.217486;1.429112;6.584389;7.2e-05;-0.016587;-0.020378;-0.268401;-0.336636;-0.654022
818;7.207771;1.414609;6.574713;-0.002112;0.006597;-0.002673;-0.269452;-0.336858;-0.654331
819;7.066565;1.347382;6.544398;-0.013643;0.012854;-0.005368;-0.269918;-0.336317;-0.653334
820;7.022745;1.337957;6.509663;0.017626;0.027623;-0.007964;-0.269489;-0.334984;-0.655036
821;7.081048;1.410386;6.577756;-0.010665;-0.003869;-0.01952;-0.268436;-0.336095;-0.654688
822;7.100501;1.424816;6.599808;-0.005338;-0.031053;-0.016914;-0.269619;-0.334579;-0.655055
823;7.115294;1.349544;6.554881;-0.020035;-0.003386;0.002554;-0.268856;-0.333807;-0.655296
824;7.125076;1.369075;6.476438;-0.055535;0.00701;-0.006292;-0.269426;-0.334974;-0.656329
825;7.05435;1.349816;6.573515;-0.016165;0.043507;-0.015026;-0.268365;-0.333421;-0.6558
826;7.13469;1.361413;6.645446;-0.009183;-0.043474;-0.00281;-0.268547;-0.333937;-0.656831
827;7.183625;1.288458;6.569206;0.001541;0.018368;-0.006196;-0.26855;-0.33207;-0.656886
828;7.056745;1.359461;6.602728;-0.008868;0.003404;-0.020398;-0.268548;-0.333137;-0.656855
829;7.071438;1.310786;6.61847;-0.012779;0.000159;-0.003629;-0.267807;-0.332917;-0.655007
830;7.142184;1.26914;6.620267;-0.000294;-0.003379;-0.002724;-0.269997;-0.332543;-0.657338
831;7.095817;1.310681;6.60906;0.005122;0.000233;-0.006252;-0.268906;-0.332062;-0.656257
832;7.056796;1.349823;6.56377;0.02349;-0.00205;-0.030971;-0.267004;-0.333995;-0.657007
833;7.090827;1.398212;6.568335;0.032029;-0.002442;-0.013284;-0.266867;-0.334002;-0.65687
834;7.095679;1.405454;6.578064;0.003186;-0.006869;0.000806;-0.268954;-0.334984;-0.657211
835;7.083504;1.390911;6.59525;0.001743;0.000871;-0.015965;-0.26834;-0.335826;-0.655339
836;7.085927;1.417685;6.55814;0.003232;-0.011456;-0.000971;-0.266932;-0.336411;-0.655636
837;7.134808;1.359236;6.515882;-0.000298;-0.010612;-0.001848;-0.269153;-0.334987;-0.656055
838;7.105563;1.35207;6.530236;0.012558;0.05806;-0.023781;-0.2677;-0.334783;-0.655465
839;7.080972;1.424844;6.636192;0.00901;0.016185;-0.023871;-0.266153;-0.336708;-0.655586
840;7.071355;1.371549;6.592957;0.004925;0.027716;0.000869;-0.265974;-0.336967;-0.657124
841;7.105491;1.37629;6.564048;0.001546;0.029269;-0.007953;-0.265314;-0.335662;-0.656868
842;7.037015;1.424868;6.73823;-0.005401;-0.021931;-0.016031;-0.264248;-0.336642;-0.656264
843;7.015176;1.415435;6.650031;-0.00032;0.001193;-0.003619;-0.264181;-0.336791;-0.65496
844;7.081208;1.37417;6.468348;-0.014521;0.037366;-0.007078;-0.263951;-0.335062;-0.655517
845;7.034586;1.405394;6.767877;-0.003671;0.001751;-0.0151;-0.263805;-0.335446;-0.657702
846;7.080997;1.388329;6.680844;-0.021932;-0.027828;0.007793;-0.26184;-0.335128;-0.657218
847;7.027542;1.323133;6.627371;0.006875;-0.008779;-0.004519;-0.262304;-0.335386;-0.656198
848;7.025011;1.398513;6.584449;-0.007521;-0.006025;0.000776;-0.26419;-0.334232;-0.657628
849;7.095742;1.359273;6.598432;-0.009908;0.003565;-0.013323;-0.26367;-0.334786;-0.657584
850;7.100569;1.368896;6.632572;-0.016179;0.001709;-0.012449;-0.263434;-0.336257;-0.658047
851;7.073783;1.38127;6.583044;0.014106;0.00205;-0.009769;-0.262892;-0.334283;-0.657558
852;7.059106;1.39585;6.616802;-0.005416;0.012642;-0.015955;-0.262371;-0.335637;-0.65749
853;7.059195;1.378982;6.548627;0.001209;0.006095;0.00965;-0.262516;-0.334562;-0.657789
854;7.036964;1.42963;6.787054;-0.007714;0.014998;0.006122;-0.262228;-0.335379;-0.657231
855;7.012836;1.379094;6.611502;-0.003893;-0.023322;-0.001027;-0.262713;-0.334676;-0.659092
856;7.008048;1.347618;6.575297;-0.00012;0.052755;-0.015002;-0.26227;-0.33457;-0.658035
857;7.046787;1.407804;6.746012;0.008713;-0.02525;-0.008072;-0.260856;-0.33489;-0.65821
858;7.083482;1.373797;6.654236;0.006736;-0.001389;0.000815;-0.261773;-0.335143;-0.655918
859;7.112848;1.351976;6.559692;0.000642;0.015661;-0.006216;-0.262372;-0.334971;-0.65751
860;7.037144;1.359328;6.722255;0.010405;0.011222;-0.005352;-0.262193;-0.335096;-0.659052
861;7.051901;1.371743;6.543752;0.01751;0.020468;-0.002669;-0.261013;-0.334612;-0.658745
862;7.032247;1.390996;6.68495;0.051446;0.075132;-0.009588;-0.260211;-0.33638;-0.658261
863;7.02016;1.379085;6.596941;0.025056;0.0636;-0.025543;-0.258931;-0.338161;-0.65853
864;6.963862;1.464154;6.707093;0.036038;0.074202;-0.041414;-0.255673;-0.338958;-0.658075
865;6.851627;1.508315;6.768203;0.028346;0.016713;-0.012423;-0.254238;-0.339683;-0.657848
866;6.778873;1.35833;6.657224;0.035097;0.026433;0.007885;-0.252173;-0.341228;-0.657952
867;6.964233;1.367459;6.476473;0.039459;0.09814;-0.032536;-0.250886;-0.343143;-0.658087
868;7.21229;1.503998;6.80309;0.023516;0.024965;-0.037926;-0.248851;-0.342683;-0.65877
869;7.085645;1.526765;6.663834;-0.101151;-0.067067;-0.041821;-0.247192;-0.342743;-0.659199
870;6.782997;1.654067;6.926019;-0.121609;0.011122;0.030663;-0.251677;-0.338554;-0.660856
871;6.63697;1.523597;6.960311;-3.6e-05;0.009378;0.062541;-0.250148;-0.338209;-0.661303
872;6.798245;1.465223;6.587187;0.053022;0.094579;-0.00077;-0.249104;-0.337585;-0.661137
873;7.046914;1.459283;6.498137;0.021804;0.080449;-0.041393;-0.246015;-0.339302;-0.661441
874;7.076014;1.375922;6.830152;-0.034103;0.039718;-0.013283;-0.245175;-0.338522;-0.662715
875;6.917578;1.327908;6.955744;-0.005538;0.014529;-0.013351;-0.245203;-0.337983;-0.663251
876;6.771409;1.362902;6.823315;-0.023156;0.016023;-0.023118;-0.243653;-0.338176;-0.663293
877;6.793351;1.353057;6.833601;0.006337;0.018012;-0.025724;-0.242512;-0.33835;-0.663746
878;6.861516;1.362302;6.898052;0.004457;0.021691;-0.022168;-0.240954;-0.338944;-0.663646
879;6.871117;1.449692;6.891786;0.010552;0.050054;-0.017675;-0.240952;-0.340278;-0.663606
880;6.827214;1.525411;6.782207;0.008745;0.03286;-0.015067;-0.239451;-0.338994;-0.664601
881;6.837016;1.464532;6.842104;0.008693;0.016564;-0.011571;-0.238037;-0.339447;-0.664772
882;6.832163;1.459728;6.827442;0.021033;0.020494;-0.004485;-0.238207;-0.340256;-0.663073
883;6.856367;1.522621;6.892739;0.015587;0.014155;-0.00096;-0.237998;-0.342121;-0.664044
884;6.809907;1.52251;7.070548;0.027971;0.007975;0.00256;-0.237508;-0.341069;-0.664567
885;6.827107;1.532489;6.889678;0.02073;-0.022762;0.011328;-0.238491;-0.34184;-0.66356
886;6.807607;1.520388;6.918938;0.011018;0.007901;0.004307;-0.237727;-0.341468;-0.663789
887;6.805284;1.484084;6.860846;0.011963;-0.041154;0.005971;-0.239228;-0.342085;-0.662814
888;6.885841;1.41815;6.83876;-0.006039;-0.046562;0.014787;-0.239982;-0.340994;-0.662367
889;6.900245;1.527298;6.871315;0.005537;-0.05193;0.014803;-0.242589;-0.341555;-0.662748
890;6.885745;1.493513;6.798322;-0.007833;-0.070173;0.01651;-0.245649;-0.341178;-0.661885
891;6.900338;1.495811;6.827847;-0.023976;-0.09383;0.021746;-0.246403;-0.33982;-0.661446
892;6.992861;1.507342;6.90241;-0.024826;-0.058546;0.016544;-0.248583;-0.339205;-0.661061
893;6.966084;1.468539;6.944251;-0.063184;-0.061595;0.016482;-0.25079;-0.337785;-0.66122
894;6.863855;1.503472;6.729347;-0.045427;-0.077564;0.023513;-0.253127;-0.336626;-0.661378
895;6.829972;1.406652;6.652267;-0.052078;-0.10611;0.046392;-0.255688;-0.333066;-0.660841
896;6.944796;1.275048;6.592718;-0.030112;-0.101866;0.064109;-0.259582;-0.331979;-0.661079
897;7.057044;1.235791;6.50707;-0.022784;-0.085691;0.055346;-0.263913;-0.33129;-0.659774
898;7.052202;1.245639;6.450582;-0.018612;-0.070938;0.026236;-0.2649;-0.330061;-0.658825
899;6.945145;1.180744;6.381618;0.022902;-0.032047;0.002483;-0.268491;-0.330327;-0.65823
900;6.925557;1.192829;6.461808;0.019779;-0.007227;-0.02132;-0.267824;-0.329557;-0.657828
901;7.027756;1.201711;6.624597;0.037759;-0.064556;-0.025806;-0.268987;-0.331644;-0.657829
902;7.22754;1.234706;6.62216;0.000306;-0.080407;-0.025824;-0.270554;-0.331338;-0.655588
903;7.178681;1.298079;6.630098;0.018084;-0.045675;-0.02574;-0.271984;-0.332881;-0.655748
904;7.122473;1.358966;6.686875;0.034003;-0.030859;-0.021285;-0.272168;-0.333954;-0.654301
905;7.159157;1.366379;6.525908;0.025387;0.014146;-0.037088;-0.271389;-0.334518;-0.654243
906;7.190691;1.448781;6.529843;-0.000303;-0.008837;-0.002704;-0.271109;-0.334799;-0.653831
907;7.125078;1.339823;6.53319;-0.011158;-0.005972;0.00521;-0.271682;-0.334367;-0.654911
908;7.12011;1.424968;6.470499;-0.01975;-0.018245;-0.009832;-0.27204;-0.332892;-0.654325
909;7.139415;1.4537;6.631685;-0.011285;0.011361;0.007909;-0.27069;-0.335064;-0.655745
910;7.115159;1.405317;6.597924;-0.005643;0.016535;-0.005333;-0.271509;-0.334491;-0.656583
911;7.120202;1.35691;6.501029;-0.005695;0.036625;-0.002644;-0.270933;-0.332791;-0.655436
912;7.051895;1.327847;6.637439;-0.016379;0.056459;-0.006172;-0.268667;-0.332202;-0.656629
913;7.066385;1.390865;6.663461;-0.008433;-0.029663;0.002502;-0.268667;-0.333292;-0.654134
914;7.154413;1.293554;6.522213;-0.008202;-0.024447;-0.006302;-0.271236;-0.331305;-0.656273
915;7.139796;1.2717;6.559052;-0.005415;-4.9e-05;-0.013321;-0.270237;-0.33187;-0.656981
916;7.09118;1.24297;6.473228;-0.001919;0.016475;-0.009765;-0.270505;-0.331059;-0.657149
917;7.061746;1.250011;6.675624;0.003647;0.016183;-0.022134;-0.26842;-0.332475;-0.656867
918;7.164021;1.327325;6.614695;0.003394;-0.016225;-0.008034;-0.270217;-0.332142;-0.656583
919;7.139731;1.298372;6.580595;0.007896;0.016479;-0.011503;-0.269452;-0.331903;-0.656809
920;7.017777;1.349964;6.592521;0.004227;-0.001561;-0.006274;-0.268958;-0.332717;-0.657277
921;7.056715;1.3789;6.597498;-0.008993;0.010818;-0.015082;-0.268784;-0.331666;-0.656392
922;7.16146;1.405077;6.601076;0.012291;-0.008869;-0.008001;-0.268271;-0.332218;-0.656478
923;7.144475;1.36632;6.594157;0.018592;0.01111;-0.011494;-0.267683;-0.333054;-0.655126
924;7.07617;1.405525;6.592439;0.01428;0.005459;-0.018591;-0.266485;-0.333883;-0.656982
925;7.061632;1.357027;6.593063;0.004227;-0.002487;-0.006263;-0.266955;-0.335206;-0.656061
926;7.086;1.359336;6.590947;0.006915;-0.010659;-0.00627;-0.267222;-0.334261;-0.656233
927;7.081065;1.390919;6.597658;0.015826;-0.008763;-0.006254;-0.26722;-0.335328;-0.656201
928;7.032302;1.381367;6.641102;-0.015998;-0.023917;-0.019584;-0.267805;-0.335959;-0.65751
929;7.125058;1.32759;6.579865;-0.016315;0.007346;-0.005369;-0.267387;-0.334805;-0.654411
930;7.154162;1.390514;6.615891;-0.009558;0.012182;-0.03095;-0.267591;-0.334384;-0.65586
931;7.061666;1.357103;6.553936;-0.012641;-0.001805;-0.009813;-0.266023;-0.333648;-0.655539
932;7.086062;1.381417;6.475631;1.5e-05;0.047147;-0.020287;-0.266396;-0.333612;-0.657763
933;7.07614;1.39083;6.656274;0.007007;0.001911;-0.012426;-0.263891;-0.333452;-0.656858
934;7.003154;1.328095;6.636696;0.006974;0.036503;-0.012381;-0.263566;-0.335319;-0.658082
935;7.037089;1.400653;6.701972;-0.003874;-0.014317;-0.003651;-0.264694;-0.335015;-0.657373
936;7.020286;1.318417;6.573545;0.008819;0.018307;-0.013295;-0.26341;-0.335063;-0.657562
937;7.007904;1.3668;6.702119;-0.005382;0.018036;-0.018611;-0.26315;-0.335073;-0.657548
938;7.115116;1.414975;6.6271;-0.005622;-0.043433;-0.002806;-0.26263;-0.335627;-0.657505
939;7.07135;1.361787;6.617581;0.001327;-0.006791;0.004326;-0.263884;-0.333986;-0.656712
940;7.056627;1.429901;6.596609;-0.001979;-0.014406;-0.008055;-0.264947;-0.334606;-0.657269
941;7.051828;1.359391;6.651562;-0.013624;-0.00628;-0.006294;-0.26442;-0.335428;-0.657087
942;7.090872;1.356869;6.5984;0.01063;0.016428;-0.015041;-0.264512;-0.334099;-0.656353
943;7.080989;1.415129;6.636362;-0.005673;0.003854;-0.003601;-0.262742;-0.334426;-0.657157
944;7.037181;1.381351;6.636285;-0.007399;0.007424;-0.006261;-0.263025;-0.336277;-0.657636
945;7.051765;1.415325;6.611462;-0.005464;0.004528;-0.013322;-0.262528;-0.335493;-0.658022
946;7.012778;1.381404;6.672595;0.026499;0.029498;-0.00795;-0.261845;-0.335659;-0.657332
947;7.051672;1.434622;6.679594;-0.014878;-0.028574;0.011329;-0.262081;-0.336163;-0.659404
948;6.973998;1.343066;6.50639;-0.002009;0.032934;-0.007988;-0.262085;-0.335654;-0.656956
949;6.924925;1.405966;6.758868;-0.005772;-0.010546;0.00074;-0.260876;-0.335152;-0.658592
950;7.124801;1.434288;6.661146;-0.003973;-0.008771;0.000804;-0.260576;-0.335171;-0.657798
951;7.173593;1.402459;6.66733;0.015668;0.01134;-0.000888;-0.26022;-0.335046;-0.658431
952;6.98599;1.391335;6.630445;-0.00018;0.001046;-0.009811;-0.260413;-0.334784;-0.657152
953;7.042;1.410461;6.640742;-0.004156;0.035081;0.007052;-0.259814;-0.333732;-0.658059
954;7.046897;1.317845;6.798931;-0.003257;0.045021;0.005297;-0.258955;-0.335889;-0.658987
955;6.942316;1.289594;6.61199;0.074174;0.03785;0.016824;-0.257906;-0.3346;-0.65871
956;6.939602;1.432829;6.643692;0.072796;0.066349;-0.00607;-0.257629;-0.337147;-0.658361
957;7.037156;1.400799;6.626165;0.087407;0.046061;-0.020202;-0.253816;-0.339572;-0.657181
958;6.886354;1.368092;6.353014;0.066865;0.110374;-0.062527;-0.252315;-0.342154;-0.658192
959;6.597638;1.727829;6.941489;0.027295;0.055724;-0.053903;-0.247929;-0.343255;-0.658445
960;6.841786;1.547166;6.796722;0.013596;-0.011899;0.011348;-0.249401;-0.345612;-0.656899
961;7.173828;1.288399;6.625302;-0.040492;0.017024;-0.044227;-0.247866;-0.344735;-0.657232
962;7.329621;1.316466;6.773897;-0.151836;-0.012586;-0.094714;-0.246933;-0.34262;-0.659189
963;6.763216;1.826627;6.908044;-0.227275;-0.086651;0.011806;-0.249053;-0.336664;-0.660124
964;6.656822;1.358508;6.882789;-0.122753;0.053699;0.127837;-0.251148;-0.331755;-0.663101
965;6.856503;1.440033;6.901515;3.9e-05;0.057374;0.057393;-0.250058;-0.329917;-0.664523
966;6.920028;1.483953;6.630278;0.040519;0.042668;0.002676;-0.248452;-0.329966;-0.665991
967;7.07152;1.274399;6.597096;-0.017955;0.054395;-0.015009;-0.246636;-0.329904;-0.665897
968;7.007756;1.346969;6.910317;-0.014127;0.020576;0.013174;-0.24584;-0.328739;-0.6655
969;6.886033;1.269862;6.914705;0.001095;0.044304;0.009667;-0.246594;-0.330713;-0.665093
970;6.771648;1.222033;6.830661;0.021859;0.022473;0.000779;-0.246327;-0.330034;-0.667432
971;6.822931;1.173247;6.807834;0.012615;0.02533;-0.025711;-0.244389;-0.329176;-0.667484
972;6.895874;1.223697;6.900985;0.016294;0.030595;-0.032738;-0.242401;-0.330462;-0.666563
973;6.866444;1.320953;6.918409;0.009066;0.025179;-0.029223;-0.242571;-0.330581;-0.667346
974;6.868917;1.357588;6.805323;0.01221;0.022134;-0.008024;-0.241004;-0.332511;-0.667077
975;6.827414;1.367389;6.868103;0.011991;0.00786;0.002533;-0.24022;-0.33201;-0.666921
976;6.803049;1.387028;6.823375;0.021209;0.012135;-0.011583;-0.240363;-0.332002;-0.667188
977;6.851671;1.413334;6.906796;0.020652;0.021648;-0.029212;-0.239885;-0.333104;-0.665445
978;6.807665;1.464444;6.963928;0.025205;-0.007503;-0.032807;-0.238366;-0.334223;-0.666109
979;6.812785;1.416207;6.778998;0.015903;0.034742;-0.015069;-0.238439;-0.33583;-0.665029
980;6.822372;1.445054;6.9058;0.006977;0.040057;-0.016831;-0.237626;-0.335311;-0.666816
981;6.741924;1.455158;6.914186;0.006191;0.01452;-0.020438;-0.235904;-0.335228;-0.668542
982;6.802861;1.449996;6.912755;0.001875;0.005204;-0.026628;-0.234526;-0.335431;-0.666907
983;6.846793;1.425539;6.886947;0.010529;0.03103;-0.015074;-0.234942;-0.335276;-0.667452
984;6.76398;1.360241;6.962635;-0.007448;0.018346;-0.008085;-0.233115;-0.337349;-0.667165
985;6.734654;1.413843;6.94903;-0.016557;-0.012367;0.002437;-0.23323;-0.334815;-0.666857
986;6.771276;1.367485;6.965064;-0.009422;-0.006867;0.002462;-0.234047;-0.335576;-0.667655
987;6.732313;1.35312;6.959833;-0.002204;-0.008702;-0.001078;-0.234152;-0.334377;-0.667177
988;6.739621;1.372579;6.92537;0.017317;0.016116;0.002532;-0.233564;-0.335479;-0.665818
989;6.837045;1.435341;6.867066;0.010466;-0.001571;-0.009843;-0.233466;-0.335186;-0.668932
990;6.822305;1.483912;6.905123;0.003004;-0.00852;0.005148;-0.234552;-0.335558;-0.667423
991;6.812644;1.437837;6.895997;0.021007;-0.008548;-0.001903;-0.233884;-0.335588;-0.666998
992;6.759017;1.445395;6.895052;0.001276;-0.001303;0.002491;-0.233869;-0.336391;-0.666715
993;6.734589;1.450267;6.95084;0.00709;-0.021813;-0.018748;-0.234634;-0.336364;-0.666497
994;6.76876;1.425831;6.939557;0.019063;-0.019264;0.006007;-0.235139;-0.336346;-0.666265
995;6.800509;1.396565;6.920985;0.008289;-0.015634;0.009541;-0.235682;-0.33792;-0.666766
996;6.817556;1.411078;6.906319;-0.013515;-0.027142;0.028929;-0.236838;-0.337077;-0.666593
997;6.861525;1.372073;6.868538;-0.005778;-0.045058;0.002414;-0.237573;-0.334923;-0.665788
998;6.812745;1.36736;6.921679;0.004764;-0.042047;0.009484;-0.239149;-0.335124;-0.666254
999;6.788422;1.374902;6.852709;-0.006792;-0.035804;0.007712;-0.239954;-0.335354;-0.666808
1000;6.885849;1.396226;6.873377;-0.016901;-0.042838;0.021845;-0.24281;-0.334041;-0.666999
1001;6.851747;1.391561;6.86316;0.013651;-0.038293;0.011281;-0.2426;-0.334198;-0.665427
1002;6.885968;1.372111;6.785766;-0.018424;-0.052209;0.011224;-0.243822;-0.334697;-0.664052
1003;6.871307;1.391605;6.790095;0.008301;-0.002907;0.009588;-0.243837;-0.334027;-0.664331
1004;6.82265;1.328651;6.819798;0.004963;-0.02953;0.000678;-0.246146;-0.333807;-0.663942
1005;6.888526;1.308982;6.772231;-0.022123;-0.053877;0.018277;-0.246657;-0.334055;-0.663832
1006;6.89572;1.35988;6.805689;-0.005925;-0.033965;0.009511;-0.247805;-0.333747;-0.663513
1007;6.886086;1.333367;6.727753;0.010302;-0.032178;0.002463;-0.247559;-0.333754;-0.663759
1008;6.925037;1.352578;6.737791;0.001572;-0.039773;-0.006382;-0.249868;-0.333135;-0.663381
1009;6.971497;1.299056;6.666066;0.024884;-0.024259;-0.011614;-0.250878;-0.334033;-0.66289
1010;6.925062;1.342883;6.728179;0.005404;-0.012818;-0.020454;-0.251613;-0.335478;-0.662109
1011;6.895691;1.406138;6.746195;0.007064;-0.003584;-0.016019;-0.250521;-0.335932;-0.661001
1012;6.890832;1.398881;6.743803;-0.012606;0.015377;-0.015122;-0.250292;-0.334202;-0.661558
1013;6.907919;1.391542;6.727072;0.004442;0.016311;-0.019512;-0.249437;-0.334359;-0.662545
1014;6.925016;1.36716;6.732646;-0.005362;0.025294;-0.020386;-0.248812;-0.335846;-0.662987
1015;6.883518;1.379409;6.785602;-0.000238;0.005632;-0.008949;-0.248802;-0.334249;-0.662774
1016;6.888443;1.352679;6.781251;0.009762;0.022744;-0.018619;-0.24677;-0.335787;-0.663528
1017;6.920061;1.376757;6.805765;-0.01604;0.032403;-0.023034;-0.245864;-0.334756;-0.66351
1018;6.885854;1.425493;6.809289;-0.014309;0.022494;-0.020407;-0.24667;-0.334452;-0.66408
1019;6.905367;1.405927;6.829488;-0.00825;0.021854;-0.011567;-0.243336;-0.33511;-0.664662
1020;6.890796;1.391487;6.800174;-0.016104;0.02341;-0.019526;-0.241806;-0.335165;-0.665098
