time index;acc_x;acc_y;acc_z;gyr_x;gyr_y;gyr_z;mag_x;mag_y;mag_z
1;-0.55652;4.678751;8.630169;0.006716;0.028444;-0.000749;-0.275971;-0.452585;-0.766569
2;-0.541699;4.663783;8.637647;0.012982;0.023179;0.011139;-0.276574;-0.452221;-0.765085
3;-0.556471;4.693539;8.637728;0.002133;0.017723;-0.000708;-0.276971;-0.451694;-0.76483
4;-0.534075;4.693418;8.622972;0.006592;0.008812;0.005722;-0.27612;-0.451187;-0.76425
5;-0.563924;4.693599;8.637671;0.011278;0.037411;0.001955;-0.276879;-0.45207;-0.765648
6;-0.526823;4.648904;8.622738;0.010335;0.024791;-0.004374;-0.27739;-0.45142;-0.764986
7;-0.511957;4.656075;8.652746;0.016682;0.02654;-0.005283;-0.276804;-0.451976;-0.764271
8;-0.534179;4.678541;8.637799;0.022099;0.022;-0.00617;-0.276808;-0.449854;-0.764287
9;-0.55652;4.678751;8.630169;0.009339;0.007776;-0.003392;-0.27657;-0.450766;-0.764958
10;-0.556361;4.693716;8.592957;0.011231;0.019348;-0.008;-0.277253;-0.451422;-0.76498
11;-0.556398;4.693657;8.607881;0.009498;0.02821;-0.01716;-0.276378;-0.451722;-0.763981
12;-0.556468;4.686189;8.622756;0.006675;0.019468;-0.001622;-0.275714;-0.452382;-0.764362
13;-0.534276;4.648964;8.622682;0.006722;0.026607;-0.004388;-0.277327;-0.453042;-0.763872
14;-0.534179;4.678541;8.637799;-0.001494;0.00865;-0.011616;-0.27602;-0.451568;-0.76493
15;-0.541428;4.715705;8.623062;0.006705;0.024839;-0.002555;-0.276832;-0.452624;-0.764817
16;-0.541462;4.708296;8.623013;0.007612;0.023005;-0.005282;-0.276979;-0.451425;-0.764969
17;-0.563854;4.701067;8.622796;0.009306;0.008798;0.006635;-0.276444;-0.452484;-0.765215
18;-0.556349;4.708446;8.615439;0.005786;0.014864;-0.011635;-0.276896;-0.451864;-0.763451
19;-0.57117;4.723413;8.607962;-0.004194;0.01955;-0.000726;-0.276378;-0.45159;-0.763982
20;-0.541632;4.678601;8.637743;0.000276;0.011511;0.002965;-0.276939;-0.452902;-0.76427
21;-0.511857;4.678302;8.652892;0.011209;0.013949;-0.011619;-0.275608;-0.452103;-0.76491
22;-0.51192;4.656134;8.637823;0.035634;0.013868;-0.004291;-0.277761;-0.452495;-0.764306
23;-0.526653;4.678599;8.608007;0.040208;0.029179;0.004768;-0.275934;-0.453068;-0.763404
24;-0.571274;4.708536;8.622788;0.05835;0.028034;-0.004325;-0.276609;-0.454125;-0.763286
25;-0.556221;4.708652;8.563206;0.034776;0.025568;0.001125;-0.276537;-0.455684;-0.764508
26;-0.563376;4.782743;8.578557;0.051019;0.01744;0.004832;-0.27518;-0.45735;-0.762243
27;-0.526355;4.75263;8.623416;0.047486;0.028099;-0.006158;-0.274719;-0.459366;-0.761386
28;-0.541243;4.752779;8.615842;0.051022;0.024717;0.012099;-0.27429;-0.460705;-0.761084
29;-0.563491;4.753137;8.570902;0.040304;0.029768;-0.018036;-0.273171;-0.460993;-0.760625
30;-0.61524;4.835145;8.548656;0.051084;0.02451;-0.001586;-0.274471;-0.462338;-0.759431
31;-0.600093;4.872188;8.519162;0.036658;0.026226;-0.015291;-0.274907;-0.46444;-0.759982
32;-0.443637;4.914968;8.625099;0.061079;0.042559;0.008403;-0.273128;-0.464394;-0.757438
33;-0.570652;4.797798;8.533827;0.050219;0.028945;-0.006163;-0.27435;-0.465975;-0.757338
34;-0.615153;4.805863;8.458919;0.029407;0.03998;0.006523;-0.272339;-0.466639;-0.758077
35;-0.644732;4.902095;8.541405;0.045683;0.031723;-0.000713;-0.272794;-0.468004;-0.756437
36;-0.651759;4.976393;8.504523;0.021183;0.020211;-0.002521;-0.273446;-0.469205;-0.755904
37;-0.644464;4.917238;8.45942;-0.003327;0.008741;-0.000683;-0.272967;-0.468779;-0.757125
38;-0.637114;4.902301;8.474303;-0.010571;0.014256;0.005668;-0.274382;-0.468476;-0.758008
39;-0.600163;4.864719;8.534038;-0.011371;0.030312;-0.002606;-0.27337;-0.468911;-0.757003
40;-0.570391;4.87177;8.564158;-0.005077;0.01401;-0.013467;-0.273014;-0.467961;-0.757957
41;-0.570285;4.879297;8.534359;-0.003427;-0.001862;0.00849;-0.273213;-0.46773;-0.756593
42;-0.570281;4.871947;8.519386;-0.02324;0.007025;-0.007991;-0.274066;-0.467176;-0.757181
43;-0.570482;4.827494;8.519096;-0.008725;0.018691;0.001097;-0.273328;-0.466613;-0.758667
44;-0.555464;4.86433;8.541837;-0.014176;0.019694;0.005648;-0.274416;-0.46687;-0.758571
45;-0.607583;4.872189;8.53403;-0.005058;0.022153;-0.006211;-0.273321;-0.466219;-0.758532
46;-0.592896;4.827585;8.541314;0.000491;0.0354;-0.019028;-0.273229;-0.466198;-0.759353
47;-0.570555;4.827375;8.548944;0.016652;0.03029;0.010202;-0.273061;-0.466745;-0.758792
48;-0.600297;4.835083;8.533844;0.017651;0.029969;-0.01351;-0.274123;-0.46516;-0.758159
49;-0.570378;4.842371;8.504269;0.023987;0.029029;-0.013495;-0.273062;-0.46648;-0.758794
50;-0.599756;4.938928;8.504674;0.014859;0.022035;-0.004357;-0.273942;-0.467501;-0.759921
51;-0.592622;4.872157;8.511756;-0.003269;0.0286;0.008357;-0.273043;-0.468078;-0.758507
52;-0.622693;4.835205;8.548599;-0.005003;0.0247;-0.017168;-0.272391;-0.466745;-0.75904
53;-0.607559;4.864907;8.533516;0.007582;0.017633;0.001151;-0.272038;-0.46611;-0.758136
54;-0.659659;4.872795;8.518248;0.009363;0.01225;0.002995;-0.272904;-0.466476;-0.758992
55;-0.600273;4.827802;8.53333;-0.017709;0.024887;-0.006211;-0.272633;-0.465285;-0.75899
56;-0.5333;4.812385;8.548662;-0.004157;0.02217;-0.002527;-0.271834;-0.464886;-0.759373
57;-0.5333;4.812385;8.548662;0.000371;0.022138;-0.00252;-0.272611;-0.464634;-0.758582
58;-0.570401;4.85708;8.563597;0.003985;0.019397;-0.004329;-0.272839;-0.465316;-0.757761
59;-0.615133;4.842672;8.518856;0.011278;0.026479;-0.008945;-0.272259;-0.464757;-0.75905
60;-0.615166;4.835263;8.518807;0.000335;0.017697;-0.000715;-0.272891;-0.463914;-0.760592
61;-0.60026;4.835143;8.51892;0.003922;0.012322;0.001139;-0.27378;-0.464998;-0.759384
62;-0.593085;4.797861;8.563506;-0.010578;0.006986;-0.004329;-0.273803;-0.464589;-0.7598
63;-0.555856;4.797501;8.578711;0.000251;0.00704;0.004809;-0.273013;-0.464052;-0.760322
64;-0.555576;4.827374;8.519208;0.022035;0.008551;-0.004288;-0.273392;-0.464593;-0.759783
65;-0.570318;4.871889;8.53431;0.02215;0.034592;-0.000752;-0.273915;-0.465925;-0.759382
66;-0.6003;4.842433;8.548817;0.01124;0.030251;0.00472;-0.274318;-0.466189;-0.759259
67;-0.600416;4.812827;8.541161;0.01035;0.024736;-0.006202;-0.272647;-0.464897;-0.758652
68;-0.592707;4.85731;8.519121;0.014756;0.008711;0.004818;-0.273163;-0.465436;-0.758119
69;-0.570248;4.879356;8.519435;0.014837;0.025758;0.00566;-0.272966;-0.464871;-0.759489
70;-0.570385;4.85707;8.534214;-0.003272;0.023139;0.001086;-0.273512;-0.46566;-0.759505
71;-0.600349;4.827645;8.541258;0.007606;0.019378;-0.006182;-0.273252;-0.466054;-0.759767
72;-0.600282;4.842463;8.541354;0.007544;0.014118;0.002961;-0.273872;-0.465019;-0.758563
73;-0.49601;4.834155;8.557015;0.027545;0.029222;0.001109;-0.271343;-0.466403;-0.757352
74;-0.316676;4.987919;8.656385;0.08196;0.042246;-0.007967;-0.27108;-0.46799;-0.757605
75;-0.717712;5.21411;8.483182;0.078055;0.131303;-0.044871;-0.270084;-0.471198;-0.756992
76;-0.658344;5.00727;8.206182;-0.103814;0.16857;-0.028872;-0.265155;-0.469198;-0.759282
77;-0.960092;5.268633;10.168179;0.405717;0.339528;-0.012468;-0.257498;-0.472588;-0.759363
78;-1.959976;7.228613;11.210601;0.688418;0.153148;0.140098;-0.254713;-0.499473;-0.741742
79;-1.639093;7.712133;11.947484;0.920228;-0.075448;-0.177732;-0.258492;-0.518277;-0.721421
80;-2.658255;11.516074;15.143431;0.33503;-0.46806;0.641309;-0.276542;-0.537511;-0.689576
81;-2.417936;8.653861;15.201263;-0.286954;-0.920762;0.721684;-0.32361;-0.520398;-0.667265
82;-2.760452;8.31144;14.427823;0.247485;-1.249655;0.760242;-0.372483;-0.508094;-0.628091
83;-2.431297;7.597297;12.612336;0.256472;-1.578495;0.874718;-0.434976;-0.494688;-0.575455
84;-1.951475;6.862471;10.103865;0.127903;-1.798397;0.891865;-0.496065;-0.474825;-0.516901
85;-0.878098;5.471263;7.491153;0.377198;-1.761218;0.954057;-0.558661;-0.44521;-0.455594
86;-0.137165;4.940695;5.262094;0.892199;-1.590536;1.083528;-0.605876;-0.427842;-0.388359
87;0.825974;4.700319;4.141027;1.02446;-1.373778;1.146675;-0.645348;-0.413507;-0.32464
88;1.928644;4.293649;3.564686;0.769121;-1.183521;1.156535;-0.679264;-0.390724;-0.26653
89;3.11755;3.197073;3.021823;0.385424;-1.069686;1.007849;-0.707931;-0.362386;-0.219793
90;4.069485;2.472633;2.539281;0.419279;-0.966353;0.828761;-0.729055;-0.33652;-0.177683
91;5.187605;2.243245;2.068681;0.425131;-0.79562;0.713216;-0.745193;-0.315965;-0.142067
92;6.067832;2.068233;1.447386;0.426936;-0.642881;0.457272;-0.758658;-0.297724;-0.110174
93;6.592976;3.003675;1.785792;0.557826;-0.460725;0.314488;-0.764632;-0.289348;-0.084092
94;7.109965;3.459953;1.524037;0.40663;-0.295046;0.284445;-0.768888;-0.281354;-0.064122
95;7.325206;3.486194;1.943729;0.501889;-0.067846;0.287279;-0.77009;-0.274471;-0.053366
96;7.042709;4.342844;3.230672;0.719046;0.048273;0.212325;-0.772895;-0.268583;-0.044452
97;7.141801;5.242951;3.998432;0.576982;0.035059;0.133815;-0.77582;-0.260184;-0.03515
98;7.152295;5.917111;4.002895;0.177078;0.013185;0.235529;-0.778732;-0.256295;-0.03076
99;7.043461;4.741287;3.68055;-0.043535;0.026397;0.182249;-0.781597;-0.249032;-0.030623
100;6.805412;4.935163;3.851638;-0.009144;0.0207;0.176835;-0.783045;-0.24421;-0.031952
101;6.975021;4.34245;3.498342;0.121667;0.015798;0.080353;-0.782331;-0.240259;-0.031265
102;6.930637;4.255083;3.198946;0.101324;0.063576;0.02721;-0.784431;-0.237499;-0.029584
103;7.134086;4.551238;2.844225;-0.009593;0.118437;-0.016931;-0.785087;-0.236114;-0.031543
104;7.117844;4.578633;3.441263;0.175841;0.216812;-0.084574;-0.783144;-0.239458;-0.036112
105;6.904896;5.629905;4.05885;0.157591;0.178042;-0.126385;-0.781739;-0.245796;-0.040438
106;6.720193;6.273923;4.583998;0.159277;0.17376;-0.118141;-0.78042;-0.249163;-0.043933
107;6.489014;6.415316;4.896581;-0.014943;0.097669;-0.137214;-0.779712;-0.251897;-0.046083
108;6.391818;6.283207;4.775588;-0.116723;0.036684;-0.120691;-0.777448;-0.255532;-0.049814
109;6.33237;6.217773;4.580692;-0.033412;0.018824;-0.135106;-0.776084;-0.259784;-0.050003
110;6.303431;6.24148;4.26721;0.022667;0.024173;-0.100407;-0.77483;-0.265305;-0.052248
111;6.289517;6.48592;4.313468;0.091472;0.058377;-0.053029;-0.774453;-0.266882;-0.052909
112;6.303627;6.212376;4.132701;0.058823;0.047868;-0.047568;-0.773325;-0.26797;-0.052306
113;6.394367;6.581515;4.285036;0.102332;0.058336;-0.052089;-0.772788;-0.269825;-0.052546
114;6.603128;6.609381;4.309187;0.072308;0.063587;-0.012915;-0.773303;-0.27116;-0.052007
115;6.55071;6.50643;4.218572;-0.001192;0.047286;0.007107;-0.771563;-0.272152;-0.055228
116;6.482987;6.513287;4.494208;0.025854;0.052922;0.038128;-0.771914;-0.272045;-0.054143
117;6.393048;6.366093;4.425408;0.014983;0.032967;0.017208;-0.773249;-0.270258;-0.055996
118;6.421756;6.165485;4.506407;-0.01056;0.015541;0.040958;-0.773754;-0.269347;-0.055199
119;6.428858;6.047176;4.431068;-0.064933;0.012418;0.0491;-0.773249;-0.266682;-0.055885
120;6.421696;5.97415;4.176821;-0.070437;-0.003674;0.054624;-0.776296;-0.265174;-0.056568
121;6.554516;5.58845;4.011149;-0.028566;0.020899;0.038157;-0.777442;-0.262885;-0.057455
122;6.643971;5.54363;3.921989;0.010555;0.049214;0.030798;-0.776716;-0.261324;-0.056612
123;6.673553;5.565085;4.056674;0.020618;0.070661;0.02799;-0.775716;-0.262083;-0.058353
124;6.575261;5.335596;4.203682;-0.009997;0.065707;-0.025851;-0.776577;-0.261259;-0.059081
125;6.582958;5.527167;4.458704;0.007386;0.064038;-0.08235;-0.774498;-0.264671;-0.061171
126;6.525388;6.067884;4.618493;0.028049;0.037958;-0.081282;-0.773704;-0.265461;-0.061683
127;6.437686;6.542132;4.785082;0.00786;0.03255;-0.027468;-0.772541;-0.267957;-0.062992
128;6.332538;6.335727;4.730706;-0.078996;0.045655;-0.027661;-0.773697;-0.267782;-0.064139
129;6.324948;6.313501;4.745429;0.040316;0.020056;-0.001854;-0.772372;-0.268636;-0.062431
130;6.325356;6.387709;4.716065;0.04376;-0.008537;0.007395;-0.773273;-0.26786;-0.061373
131;6.363108;6.447035;4.62719;0.025479;-0.009652;0.051154;-0.772407;-0.267361;-0.060518
132;6.34751;6.188608;4.431371;-0.023414;-0.03482;0.023821;-0.773319;-0.264857;-0.059611
133;6.378442;6.477024;4.508104;0.075139;-0.012221;0.089535;-0.774328;-0.263432;-0.058013
134;6.466235;6.002923;4.304205;0.068868;-0.015075;0.07676;-0.775615;-0.260013;-0.05644
135;6.542083;6.298654;4.314166;0.034237;-0.030515;0.109628;-0.778653;-0.256723;-0.054388
136;6.644673;5.780128;4.072778;0.054329;-0.004715;0.109532;-0.77831;-0.253979;-0.05302
137;6.68907;5.676277;4.012741;0.062561;0.014112;0.114933;-0.779264;-0.249798;-0.05034
138;6.673802;5.705236;4.214295;0.043476;-0.023843;0.076772;-0.780542;-0.247312;-0.048623
139;6.8805;4.89128;3.524038;-0.117473;-0.0252;0.034584;-0.781887;-0.245058;-0.048144
140;7.029217;4.713001;3.337449;0.062286;0.039533;0.009019;-0.781204;-0.244004;-0.048124
141;7.131099;3.810859;2.675673;-0.141118;0.059064;-0.033329;-0.783634;-0.242736;-0.050017
142;7.378494;1.886786;1.575541;-0.204196;0.135008;-0.205259;-0.78127;-0.246884;-0.054427
143;7.53898;0.555917;0.538307;0.015268;0.339895;-0.444834;-0.777341;-0.25876;-0.062977
144;6.864512;1.611866;0.943023;0.370431;0.587632;-0.642426;-0.768368;-0.278096;-0.077041
145;6.080655;1.145352;0.590779;-0.082782;0.6882;-0.852423;-0.754613;-0.302245;-0.101322
146;5.213857;0.604404;0.491141;0.159342;0.949697;-1.27922;-0.738488;-0.338032;-0.127622
147;3.498796;3.144361;2.464699;0.181993;1.016953;-1.486538;-0.712922;-0.380738;-0.156516
148;2.029365;3.154271;2.938669;-0.191986;1.021661;-1.723406;-0.678631;-0.430276;-0.191056
149;0.635532;5.619298;4.473901;0.310444;1.046195;-1.923483;-0.634159;-0.485512;-0.224598
150;-0.604081;8.665129;4.976819;-0.393438;0.939722;-1.79632;-0.579586;-0.540511;-0.260897
151;-0.218058;9.203838;6.61003;-0.345313;1.023786;-1.544812;-0.528603;-0.579291;-0.307351
152;-1.353497;11.645423;6.065087;-0.767021;1.050774;-1.111446;-0.484863;-0.607005;-0.348404
153;-1.926253;7.629168;7.303217;-1.183301;1.13193;-1.090629;-0.439865;-0.61122;-0.42077
154;-2.083317;9.524537;7.985959;-0.254872;1.12762;-0.93698;-0.386592;-0.63126;-0.469742
155;-2.121447;9.567579;8.418762;-0.888632;0.987118;-0.711972;-0.337212;-0.637053;-0.524471
156;-2.863126;8.699438;8.362719;-1.048651;0.87275;-0.682618;-0.28961;-0.632958;-0.581403
157;-5.108086;41.898746;24.710001;-3.436697;-0.646956;1.753262;-0.262663;-0.607185;-0.642894
158;-2.635168;10.076096;21.32795;-1.346503;-0.141134;0.363214;-0.26555;-0.492589;-0.742227
159;-2.603766;6.319842;13.722066;-0.506167;-0.126298;-0.036373;-0.270195;-0.469621;-0.756458
160;-0.477785;2.878174;6.626624;-0.413554;-0.188842;-0.427297;-0.280467;-0.444136;-0.763513
161;0.659353;2.50081;4.200084;-0.499083;-0.085207;-0.12504;-0.281955;-0.434789;-0.765427
162;0.154539;2.473987;6.375072;-0.582665;0.016142;0.013035;-0.276255;-0.43244;-0.771125
163;-0.500527;4.576818;9.92837;-0.68143;-0.039915;0.070688;-0.274999;-0.40974;-0.787454
164;-1.03896;4.389657;13.36319;0.488549;-0.10318;-0.087015;-0.272923;-0.408116;-0.789443
165;-0.890779;4.038669;10.026384;0.398696;-0.099817;-0.162015;-0.279368;-0.417184;-0.785101
166;-0.76771;3.720213;7.876104;0.264561;-0.059266;-0.249062;-0.280155;-0.429051;-0.777351
167;-0.330906;4.753755;7.945837;0.102369;0.005958;-0.156463;-0.275885;-0.442161;-0.769665
168;-0.210881;5.188007;8.43462;0.125368;0.042181;0.012168;-0.276278;-0.444087;-0.766918
169;-0.414246;4.869919;8.714577;0.133335;0.058184;0.075925;-0.276131;-0.449128;-0.766876
170;-0.587904;4.455806;8.859813;0.12343;0.055307;0.057658;-0.275331;-0.444952;-0.769622
171;-0.69223;4.383117;8.716765;0.165218;0.027247;-0.00602;-0.275843;-0.448343;-0.766595
172;-0.690144;4.768946;8.577506;0.190623;0.026912;-0.016919;-0.275262;-0.458303;-0.761278
173;-0.629158;5.050155;8.542486;0.174313;0.036169;-0.004199;-0.275179;-0.462651;-0.757396
174;-0.628949;5.03578;8.43046;0.116263;0.032344;0.017623;-0.274054;-0.466454;-0.754437
175;-0.628667;5.021523;8.288586;0.025748;0.022823;-0.002527;-0.273857;-0.465889;-0.755808
176;-0.538747;5.168687;8.364847;-0.021299;0.029377;-0.0099;-0.273833;-0.466563;-0.75539
177;-0.502456;5.005005;8.461068;-0.057605;0.023522;0.00102;-0.2733;-0.466429;-0.755644
178;-0.54063;4.900871;8.639196;-0.057543;0.04334;0.006404;-0.272679;-0.464815;-0.75673
179;-0.623389;4.709045;8.60001;-0.048416;0.042133;-0.010009;-0.273117;-0.46281;-0.757174
180;-0.616556;4.575593;8.606656;-0.006855;0.01756;-0.016234;-0.271718;-0.460453;-0.761533
181;-0.585832;4.753346;8.563272;0.065611;0.024289;-0.011597;-0.271522;-0.459822;-0.76043
182;-0.57002;4.94592;8.549719;0.061056;0.03534;0.008421;-0.271251;-0.46307;-0.75806
183;-0.554984;4.982785;8.564998;0.067499;0.045885;-0.005292;-0.271201;-0.465215;-0.757218
184;-0.681323;4.954967;8.362376;-0.021146;0.069875;0.006321;-0.270022;-0.464539;-0.758137
185;-0.67235;5.457509;8.671666;-0.109307;0.192412;0.000227;-0.266514;-0.463027;-0.761443
186;-0.775773;4.498957;9.567587;0.265676;0.250535;0.041509;-0.262656;-0.466526;-0.760988
187;-1.217939;4.248497;10.092428;0.669467;0.143132;-0.076987;-0.257878;-0.478164;-0.753979
188;-1.034924;5.165773;10.099781;0.825618;-0.025785;-0.169935;-0.256523;-0.502024;-0.734926
189;-1.489486;7.55735;11.440175;1.019129;-0.202162;-0.1424;-0.258752;-0.528684;-0.708989
190;-2.389602;10.587698;13.288781;0.013634;-0.525301;0.368384;-0.279133;-0.545638;-0.682201
191;-2.05112;8.727076;14.68216;-0.102284;-0.806534;0.435107;-0.315257;-0.529829;-0.664801
192;-2.858616;9.815334;14.683114;0.792004;-1.120746;0.616381;-0.356557;-0.527232;-0.627451
193;-2.612537;10.605262;13.048411;1.012582;-1.324324;0.962297;-0.412227;-0.529259;-0.565498
194;-2.380133;9.789146;10.985272;0.920452;-1.458408;1.258176;-0.473607;-0.522239;-0.497656
195;-2.123421;7.566439;8.569904;0.606411;-1.549053;1.405773;-0.540227;-0.501103;-0.425181
196;-1.29748;6.093912;6.409988;0.731678;-1.56683;1.374993;-0.595753;-0.472469;-0.359598
197;-0.393823;5.743914;5.026577;0.755836;-1.523148;1.309219;-0.639707;-0.444259;-0.297396
198;0.412261;5.202357;3.566558;0.378013;-1.454207;1.250978;-0.678872;-0.412455;-0.237501
199;1.828394;4.433459;2.146998;-0.093843;-1.449753;1.063439;-0.709921;-0.378768;-0.186639
200;3.64883;4.591046;1.699165;0.155716;-1.22085;0.988186;-0.73213;-0.345875;-0.139127
201;4.892338;4.012828;1.122776;0.191082;-0.95151;1.100253;-0.751894;-0.314255;-0.099477
202;5.985396;3.499776;1.232201;0.348544;-0.774971;0.880927;-0.768412;-0.283776;-0.062986
203;6.927833;3.029546;2.057142;0.133181;-0.65919;0.953193;-0.780856;-0.254448;-0.034569
204;7.168054;1.951842;2.410146;0.247324;-0.475359;0.943437;-0.78968;-0.225517;-0.012461
205;7.6636;0.764858;1.779352;0.18174;-0.406564;0.685867;-0.795152;-0.199634;0.003345
206;7.636629;1.394864;1.783244;0.253161;-0.307637;0.60895;-0.79916;-0.178846;0.020758
207;7.79444;1.28536;1.052424;0.051605;-0.231141;0.394023;-0.806143;-0.160427;0.033673
208;7.73474;1.45489;1.396339;0.249378;-0.115579;0.210495;-0.807877;-0.153479;0.042209
209;8.087606;1.853394;1.08819;0.132957;0.01218;0.042022;-0.8077;-0.148401;0.045614
210;8.47693;2.412117;1.408192;0.1933;0.13923;0.041622;-0.804919;-0.15163;0.041352
211;8.63489;2.86921;1.666081;0.311121;0.308197;-0.008154;-0.805437;-0.149915;0.036922
212;8.396418;3.386043;2.607883;0.105907;0.328295;-0.105174;-0.808281;-0.148903;0.02993
213;8.261854;3.886627;3.699613;0.236742;0.395008;-0.16362;-0.805616;-0.152601;0.018522
214;7.668196;4.770859;4.267996;0.075327;0.324671;-0.216449;-0.804822;-0.160674;0.007758
215;7.156556;5.536801;4.6049;-0.011732;0.273589;-0.261965;-0.802849;-0.170918;-0.006516
216;6.865069;5.684932;5.208099;-0.035522;0.201524;-0.30912;-0.80131;-0.17989;-0.013672
217;6.697279;6.442385;5.122205;-0.007923;0.152749;-0.2505;-0.799324;-0.188554;-0.017651
218;6.818765;6.901049;5.058949;0.021146;0.127022;-0.076135;-0.797311;-0.192728;-0.020975
219;6.688998;6.161612;4.941221;-0.026065;0.144199;-0.013386;-0.79631;-0.193156;-0.025192
220;6.681535;6.26463;5.135855;0.087626;0.068192;-0.011073;-0.796741;-0.197048;-0.028203
221;7.07656;6.062881;4.764423;0.18688;0.054234;0.073049;-0.7957;-0.195708;-0.029133
222;7.299794;5.788363;4.406141;0.164259;0.120049;0.163938;-0.797346;-0.191317;-0.029094
223;6.909349;5.433787;4.923235;0.052823;0.095358;0.133759;-0.798034;-0.18581;-0.031497
224;7.107525;4.54462;4.530916;-0.032476;0.012805;0.086556;-0.799861;-0.182058;-0.032285
225;7.31208;5.23974;4.462365;0.157818;0.025662;0.069473;-0.800719;-0.179713;-0.030413
226;7.348577;4.907216;4.161987;0.063494;0.023216;0.113116;-0.801117;-0.175741;-0.030045
227;7.234747;4.529726;4.29299;-0.027029;0.007305;0.082033;-0.80078;-0.173523;-0.028811
228;7.441353;3.877439;3.939587;0.040225;-0.015737;0.003784;-0.803187;-0.17273;-0.027814
229;7.324132;4.31562;3.919161;0.083915;-0.002231;-0.03634;-0.802046;-0.17303;-0.026942
230;7.473611;4.16063;3.464086;0.046253;-0.012236;-0.132108;-0.802146;-0.176094;-0.026374
231;7.410105;5.167231;3.865653;0.117116;0.030146;-0.153134;-0.800865;-0.181033;-0.0256
232;7.344169;5.530016;4.068994;-0.003553;0.007985;-0.133129;-0.799729;-0.185304;-0.024974
233;7.31621;5.864222;3.929171;-0.114886;0.02043;-0.129682;-0.797207;-0.190659;-0.024009
234;7.032489;5.850977;4.106029;0.039848;0.064364;-0.042133;-0.79708;-0.191913;-0.026743
235;7.046312;5.56226;4.014709;0.067091;0.089474;-0.023975;-0.797624;-0.193299;-0.029228
236;6.927412;5.607911;3.954405;0.221054;0.121164;0.018039;-0.796098;-0.194318;-0.031358
237;6.957929;5.836819;4.090447;0.102385;0.103856;-0.002099;-0.796479;-0.193202;-0.033305
238;7.092579;6.16017;4.489072;0.102123;0.093735;0.036282;-0.796896;-0.194122;-0.033452
239;7.120656;5.730532;4.404406;-0.00313;0.056909;0.045403;-0.796541;-0.192508;-0.034412
240;7.046373;5.915413;4.643838;0.013052;0.040733;0.047323;-0.797295;-0.191074;-0.038162
241;6.866676;5.790488;4.746136;0.057205;0.026551;0.085729;-0.798371;-0.189747;-0.037803
242;6.992327;5.346462;4.356162;-0.030633;-0.011949;0.047459;-0.797716;-0.18729;-0.035733
243;6.991986;5.206163;4.23585;0.099776;0.002649;0.071279;-0.799619;-0.183832;-0.035423
244;7.089075;5.00711;3.787554;0.043714;0.001934;0.062077;-0.799336;-0.181787;-0.032678
245;7.371486;4.665195;3.48898;0.051285;0.029138;0.021853;-0.799612;-0.180723;-0.032697
246;7.518676;4.20496;3.405018;0.056879;0.0514;0.013555;-0.800139;-0.180198;-0.03231
247;7.546538;3.760268;3.379951;0.040213;0.059761;-0.111458;-0.79973;-0.181591;-0.034894
248;7.620884;3.597555;3.155587;0.028935;0.091049;-0.190954;-0.799428;-0.18684;-0.037042
249;7.649536;3.154133;2.809655;-0.01039;0.126112;-0.266873;-0.796496;-0.194251;-0.038657
250;7.370894;2.048427;1.934725;-0.125287;0.205691;-0.389663;-0.792117;-0.206548;-0.046499
251;7.240159;0.483638;0.684817;-0.132189;0.388366;-0.656852;-0.787332;-0.222158;-0.059522
252;6.671185;1.753903;1.017104;0.003291;0.591112;-0.77884;-0.779805;-0.244886;-0.075131
253;5.738129;1.111836;0.393944;-0.252582;0.75896;-0.868502;-0.768274;-0.271909;-0.100167
254;4.947919;1.301772;0.807076;0.07635;1.007418;-1.299641;-0.749784;-0.307405;-0.133244
255;3.606739;4.083431;2.732805;0.497353;1.11787;-1.423567;-0.721822;-0.359045;-0.166099
256;2.522552;3.711385;3.453469;-0.261268;1.091071;-1.541322;-0.691102;-0.403172;-0.203295
257;1.541141;5.400152;5.583763;0.395125;1.112655;-1.764858;-0.652404;-0.453898;-0.234765
258;-0.270288;7.603382;6.718623;-0.260796;0.88736;-1.789488;-0.607023;-0.504417;-0.266518
259;-0.308807;9.261292;7.251473;-0.452545;0.837908;-1.710131;-0.55735;-0.548115;-0.30708
260;-0.836742;11.699459;8.203575;-0.681197;0.704535;-1.345026;-0.50538;-0.583742;-0.347884
261;-0.400324;9.067431;7.742031;-1.270681;0.829309;-0.943322;-0.466436;-0.591459;-0.40604
262;-1.320725;6.791425;8.063516;-0.499081;0.833795;-0.924205;-0.430334;-0.600688;-0.456191
263;-2.666124;8.967848;7.545105;-0.391004;0.803873;-0.792679;-0.390501;-0.614415;-0.493243
264;-1.134014;8.479591;7.986362;-0.72466;0.714681;-0.836379;-0.34787;-0.616475;-0.541261
265;-1.707767;6.148104;6.653485;-0.382177;0.764847;-0.748742;-0.305936;-0.612957;-0.589348
266;-6.943627;37.960323;18.23797;-1.052255;-0.235456;1.617477;-0.282207;-0.611236;-0.622899
267;-1.699544;18.939507;20.877785;-0.222398;0.166491;0.183216;-0.268057;-0.567808;-0.680359
268;-2.306253;10.574521;12.707269;-0.320886;0.015511;0.009921;-0.267525;-0.558796;-0.68535
269;-0.34486;3.504999;5.243721;-0.573294;-0.135298;-0.230758;-0.272371;-0.545138;-0.688529
270;0.504257;2.379305;3.392189;-0.419947;-0.097755;-0.203349;-0.280868;-0.515894;-0.698014
271;0.350448;4.083989;5.439316;-0.137277;-0.068358;-0.034281;-0.279062;-0.510956;-0.704848
272;0.038357;6.287252;9.13019;0.167469;-0.07398;0.182431;-0.274878;-0.524419;-0.703758
273;-0.671242;6.908288;10.904874;0.614419;-0.035375;0.058839;-0.27733;-0.537517;-0.694005
274;-0.966847;6.716136;9.513395;0.089161;-0.056381;-0.155262;-0.277716;-0.548324;-0.686384
275;-1.19266;4.971153;7.187023;-0.249074;-0.055136;-0.188697;-0.283579;-0.538003;-0.693289
276;-0.64684;5.278509;7.051377;0.009778;-0.034506;-0.125445;-0.281103;-0.535386;-0.692935
277;-0.517471;6.164414;7.602867;0.078353;0.005844;-0.032448;-0.276548;-0.541614;-0.689821
278;-0.383096;6.487322;8.113422;-0.014102;0.030392;0.001101;-0.277429;-0.5431;-0.688472
279;-0.474425;6.080459;8.132471;-0.206055;0.018866;-0.021021;-0.276719;-0.539144;-0.692869
280;-0.552124;5.244816;7.880191;-0.120919;0.00737;-0.023632;-0.279196;-0.53295;-0.695487
281;-0.626681;5.304216;7.999409;0.062865;0.015347;-0.001531;-0.279211;-0.532478;-0.698239
282;-0.669628;5.778162;8.151412;0.085531;0.017783;-0.012439;-0.276595;-0.53576;-0.695499
283;-0.675821;6.000906;8.048341;0.01493;0.020898;-0.016193;-0.277394;-0.536757;-0.692639
284;-0.638697;5.823852;7.778828;-0.046713;0.015212;0.001067;-0.275163;-0.536601;-0.694337
285;-0.586897;5.749283;7.793661;-0.025923;0.00791;0.001129;-0.27884;-0.536306;-0.694074
286;-0.609696;5.748755;7.972579;-0.03776;0.00909;0.013878;-0.278194;-0.535632;-0.69474
287;-0.610228;5.703769;8.106605;-0.008575;0.02732;-0.01899;-0.27675;-0.53416;-0.695792
288;-0.677492;5.630455;8.045919;-0.006789;0.025574;-0.011695;-0.277429;-0.533758;-0.695685
289;-0.640043;5.630451;7.97158;0.007757;0.026209;-0.023532;-0.277103;-0.533257;-0.694713
290;-0.609954;5.667432;7.927275;0.002245;0.021962;-0.008014;-0.276234;-0.533223;-0.696328
291;-0.609788;5.748607;8.00989;0.009431;0.021179;0.002948;-0.276082;-0.533364;-0.696046
292;-0.616907;5.822757;8.010318;-0.008671;0.022179;0.001096;-0.276653;-0.533347;-0.696481
293;-0.415842;5.82087;8.078991;0.013243;0.049692;-0.013562;-0.27609;-0.533228;-0.696185
294;-0.323621;6.530735;8.255939;-0.020775;0.114182;-0.043033;-0.272267;-0.534059;-0.6963
295;-1.140888;6.850378;7.781695;-0.410968;0.32126;-0.019915;-0.267743;-0.529538;-0.703434
296;-1.010752;6.845519;12.468974;0.852313;0.398703;0.184978;-0.258209;-0.531471;-0.704138
297;-2.232451;8.663046;12.516302;0.978509;-0.093859;0.164407;-0.260074;-0.54897;-0.683749
298;-3.65062;9.421318;14.749168;-0.334815;-0.517185;0.532817;-0.283095;-0.553687;-0.662377
299;-2.198827;7.90933;15.660746;-0.375535;-1.010039;0.550503;-0.327555;-0.530112;-0.644681
300;-2.857347;9.93506;14.38541;0.68371;-1.293798;0.768364;-0.383195;-0.532416;-0.592205
301;-2.765527;9.460073;12.532368;0.422421;-1.577487;1.046418;-0.443205;-0.522095;-0.534226
302;-2.81214;7.75831;10.155399;0.496916;-1.735742;1.099065;-0.499656;-0.498895;-0.478259
303;-2.082401;6.515682;8.138032;0.923336;-1.805332;1.104487;-0.556614;-0.482604;-0.406735
304;-1.360268;6.976626;6.288393;1.27507;-1.717515;1.17394;-0.606344;-0.466976;-0.328047
305;-0.796229;5.585427;4.701616;1.189453;-1.619496;1.24542;-0.653739;-0.44681;-0.241466
306;0.219784;5.375181;3.349816;1.044644;-1.502987;1.171823;-0.687206;-0.421075;-0.170031
307;1.310227;4.899382;1.549115;0.585256;-1.467827;1.091751;-0.716284;-0.390154;-0.110688
308;3.977913;4.156291;0.430243;0.701447;-1.136971;0.994941;-0.736378;-0.35864;-0.057035
309;5.191141;5.001817;-0.368449;0.759441;-0.761143;1.246151;-0.754953;-0.325689;-0.013088
310;6.226203;3.266198;-0.140555;0.65985;-0.513663;1.319787;-0.767872;-0.285993;0.019495
311;7.127385;2.105814;1.037776;0.670061;-0.342626;1.206061;-0.780205;-0.243405;0.042874
312;8.050813;1.869161;0.923843;0.405929;-0.294268;1.183686;-0.793611;-0.203663;0.064032
313;8.476081;0.118571;0.557494;0.003859;-0.222645;0.82166;-0.799111;-0.170677;0.077037
314;8.685718;0.530318;0.934876;0.119133;-0.145385;0.605388;-0.803578;-0.149527;0.086047
315;8.982414;0.1358;0.792777;-0.04075;-0.062913;0.376832;-0.803216;-0.134008;0.085674
316;8.574942;0.959465;1.309942;0.312355;0.120971;0.15491;-0.805565;-0.124831;0.085513
317;7.988864;1.968881;2.058291;0.072649;0.084122;0.010641;-0.808041;-0.117315;0.08797
318;8.081892;2.724175;1.989285;-0.050795;0.069215;-0.173653;-0.807152;-0.11994;0.08665
319;8.311563;4.313539;2.4491;0.185145;0.196161;-0.1592;-0.807854;-0.125156;0.083637
320;7.938891;4.36799;2.5511;0.128743;0.219224;-0.06365;-0.806809;-0.132822;0.072468
321;7.680802;5.286595;3.114789;0.170623;0.241726;-0.112007;-0.805565;-0.135554;0.065118
322;7.732111;5.321567;3.533295;-0.125056;0.177806;-0.093879;-0.80771;-0.135619;0.063383
323;7.834239;4.728744;3.343657;-0.023598;0.187999;-0.079206;-0.807136;-0.138351;0.056281
324;7.857183;4.898675;3.419559;0.051043;0.207145;-0.155784;-0.805006;-0.142847;0.050079
325;7.490911;4.841047;3.744747;-0.140243;0.138898;-0.198645;-0.805668;-0.150597;0.042689
326;7.404603;5.567614;3.808516;0.043592;0.106572;-0.24475;-0.804232;-0.158725;0.038683
327;7.637641;6.032342;3.858079;0.012391;0.089931;-0.168075;-0.802707;-0.163055;0.03644
328;7.238411;6.857217;4.054436;-0.013347;0.080338;-0.089646;-0.802237;-0.168321;0.034848
329;7.214033;6.486386;4.193623;0.075897;0.036419;-0.041923;-0.802417;-0.169358;0.034024
330;7.101203;6.132569;3.959135;0.018557;-0.015953;-0.025389;-0.801591;-0.171223;0.034071
331;7.243222;6.073248;3.683721;0.000461;0.004231;0.003688;-0.800783;-0.171756;0.033832
332;7.18236;5.681908;3.464308;-0.034223;-0.034675;0.032968;-0.802463;-0.169932;0.035676
333;7.495559;5.620822;3.287191;0.084728;-0.003693;-0.005282;-0.802181;-0.170071;0.035825
334;7.495415;5.613236;3.331914;0.011227;0.006422;0.043822;-0.802083;-0.166676;0.037728
335;7.650531;5.286097;3.301114;-0.03049;-0.025863;0.018373;-0.800868;-0.169662;0.03986
336;7.731227;4.959735;3.224981;0.032128;-0.017591;-0.000734;-0.801883;-0.168896;0.041325
337;7.68794;5.212474;3.106899;0.067526;0.007416;0.0138;-0.801466;-0.168374;0.041475
338;7.641813;4.872227;3.052101;0.054206;0.017584;-0.036438;-0.800738;-0.167476;0.042322
339;7.613026;5.168325;3.180667;-0.006338;0.02847;-0.062093;-0.801814;-0.16946;0.042568
340;7.441781;5.111143;2.999901;-0.008218;0.021434;-0.045673;-0.80216;-0.170878;0.041191
341;7.451221;5.717411;3.30987;0.028083;0.031781;-0.065704;-0.800791;-0.173807;0.04113
342;7.414155;5.806294;3.392252;0.03885;0.026553;-0.049249;-0.800157;-0.174849;0.040201
343;7.377331;5.888212;3.362656;0.032476;0.030356;-0.034685;-0.799274;-0.175154;0.041338
344;7.377735;5.96977;3.348265;0.017805;0.018306;-0.003643;-0.798998;-0.175953;0.041354
345;7.154694;6.060715;3.287467;0.147401;0.040758;0.005536;-0.799257;-0.176223;0.041621
346;7.237636;6.377875;3.484178;0.183565;0.056163;0.03199;-0.799526;-0.174897;0.041738
347;7.297243;6.414145;3.559489;0.119919;0.058364;0.096654;-0.800777;-0.173417;0.041402
348;7.34906;6.383734;3.649231;0.010607;-0.013475;0.164307;-0.800683;-0.16843;0.043293
349;7.503321;5.790431;3.47491;-0.018415;-0.027641;0.16432;-0.801974;-0.163421;0.044854
350;7.673652;5.390115;3.182569;-0.070155;-0.03773;0.191649;-0.80583;-0.157407;0.044518
351;8.05743;4.307049;2.730698;0.035298;0.009565;0.166958;-0.805183;-0.151236;0.04656
352;7.921519;3.805144;2.517459;0.083842;0.06759;0.112933;-0.805741;-0.146589;0.046504
353;7.733012;3.34711;2.557825;0.170462;0.079594;-0.018359;-0.805078;-0.146585;0.046118
354;7.670028;4.501655;3.020056;0.068233;0.039726;-0.118603;-0.805256;-0.148815;0.045303
355;7.895954;4.819887;2.658186;0.018646;0.063098;-0.138811;-0.805605;-0.152815;0.04628
356;7.747919;5.197855;2.935626;0.001389;0.081539;-0.11155;-0.80438;-0.155408;0.0436
357;7.672419;4.946815;2.86626;-0.068172;0.097878;-0.129972;-0.802953;-0.159424;0.039564
358;7.529625;4.563573;2.638816;0.011816;0.120065;-0.165558;-0.80364;-0.164515;0.036826
359;7.6552;3.964961;1.994118;-0.188049;0.113402;-0.22328;-0.800853;-0.170661;0.032585
360;8.2613;2.105749;0.628486;-0.507728;0.180428;-0.323444;-0.797215;-0.181863;0.023744
361;8.06402;0.910121;-0.156864;-0.399224;0.405833;-0.419189;-0.794269;-0.194641;0.009665
362;7.855647;0.956433;-0.202917;-0.540505;0.635015;-0.583633;-0.792277;-0.211914;-0.009504
363;7.330639;0.572859;0.424903;-0.205092;0.938868;-0.752335;-0.785124;-0.232066;-0.04191
364;5.765816;1.012563;1.08004;-0.156708;1.118937;-0.857135;-0.774638;-0.257442;-0.078542
365;4.610134;0.126442;2.654983;0.544062;1.250998;-1.367562;-0.756144;-0.297771;-0.124225
366;2.295249;3.589537;4.74193;0.994576;1.121705;-1.704804;-0.728075;-0.354566;-0.152779
367;0.990923;5.45082;5.132182;-0.009377;0.805798;-1.990327;-0.692953;-0.411407;-0.17734
368;0.818291;7.021613;5.484354;-0.341023;0.699253;-2.099717;-0.648841;-0.470308;-0.207571
369;-0.412135;8.079555;4.646125;-0.633277;0.708889;-1.889598;-0.602567;-0.52034;-0.243002
370;-0.708757;8.753696;5.275093;-0.330564;0.940956;-1.669474;-0.548111;-0.565941;-0.283634
371;-1.245606;10.843877;6.18009;-0.194235;0.986058;-1.305563;-0.499658;-0.602545;-0.321274
372;-2.002733;9.754324;5.935932;-0.588471;1.014734;-0.937898;-0.459546;-0.622236;-0.36844
373;-1.959898;10.015729;7.191623;-0.405983;1.016563;-0.861006;-0.415258;-0.641741;-0.414203
374;-2.535059;9.885898;7.462522;-0.595057;0.877973;-0.860723;-0.372601;-0.656201;-0.459657
375;-2.508268;9.167338;7.368505;-0.711127;0.859298;-0.838936;-0.326725;-0.658606;-0.51084
376;-1.569397;8.610474;9.491296;-0.448956;0.793155;-0.878293;-0.275183;-0.662688;-0.56096
377;-0.989018;8.712586;16.182581;-2.785076;0.380831;-0.328639;-0.264;-0.604337;-0.644754
378;-3.690179;12.590076;15.456006;-0.690633;0.170224;-0.040499;-0.264156;-0.579477;-0.671873
379;-1.210015;4.7761;7.827381;-0.86965;-0.129079;-0.012292;-0.269031;-0.560769;-0.680449
380;-0.018681;2.337401;3.80584;-0.795651;-0.200463;-0.376739;-0.279137;-0.519664;-0.70149
381;0.393182;3.227224;4.665452;-0.538685;-0.179764;-0.32714;-0.275366;-0.503774;-0.712034
382;0.004715;6.69056;8.39379;-0.480586;-0.110644;0.05949;-0.270264;-0.50729;-0.716339
383;-0.449247;6.366987;10.559772;0.116433;-0.094698;0.198856;-0.271642;-0.50197;-0.721379
384;-0.677659;5.162124;10.296487;0.070511;0.012983;0.055993;-0.277859;-0.506181;-0.720224
385;-1.230494;3.928761;8.538095;-0.052743;-0.014131;-0.121122;-0.282172;-0.4957;-0.723771
386;-0.751168;4.127263;7.960962;0.174783;-0.057343;-0.220905;-0.281305;-0.499044;-0.723024
387;-0.594777;5.719234;7.912802;0.397504;-0.035976;-0.187796;-0.273315;-0.51585;-0.712414
388;-0.398163;6.354789;7.933351;0.283097;-0.006837;-0.080423;-0.272354;-0.525998;-0.705156
389;-0.442764;6.340626;7.858298;0.014982;0.053574;0.013791;-0.2718;-0.529651;-0.702634
390;-0.625531;5.526722;7.941166;-0.101905;0.050967;0.030929;-0.275455;-0.527643;-0.706917
391;-0.791321;5.252965;8.176923;0.105399;0.053384;0.052158;-0.275704;-0.525533;-0.706393
392;-0.850063;5.497589;8.267615;0.165295;0.045219;0.005767;-0.273248;-0.528404;-0.704075
393;-0.743563;5.845916;8.031895;0.080083;0.025168;0.004841;-0.272557;-0.532059;-0.701548
394;-0.653275;5.912762;7.809145;0.01493;0.040993;0.017458;-0.272433;-0.533976;-0.69933
395;-0.617099;5.719474;7.89771;0.014832;0.046791;0.04844;-0.27424;-0.532221;-0.699828
396;-0.610538;5.578229;8.001313;-0.009574;0.035865;0.020181;-0.274184;-0.533109;-0.70133
397;-0.595512;5.637145;8.061509;0.013002;0.019502;0.012991;-0.272804;-0.530612;-0.701019
398;-0.64004;5.70401;8.10638;0.05845;0.03319;-0.013455;-0.271885;-0.532855;-0.70179
399;-0.691345;5.823505;7.972446;0.04034;0.027851;-0.017109;-0.272062;-0.532901;-0.70001
400;-0.654339;5.705103;7.860023;-0.014013;0.030139;-0.006252;-0.274062;-0.533833;-0.699122
401;-0.639776;5.689723;7.971968;-0.010477;0.021275;0.00109;-0.273408;-0.533295;-0.699649
402;-0.654829;5.689607;8.031551;-0.000571;0.015909;0.006599;-0.27248;-0.533158;-0.700163
403;-0.714434;5.690116;8.02364;-0.007749;0.024847;0.001985;-0.273067;-0.532337;-0.700879
404;-0.625043;5.667257;8.001782;0.011248;0.00748;-0.015235;-0.273564;-0.531562;-0.699943
405;-0.639812;5.689663;7.986892;0.010334;0.013894;-0.004321;-0.273591;-0.532873;-0.700484
406;-0.632633;5.645031;8.016505;-0.004933;0.039092;-0.005362;-0.27283;-0.532586;-0.701555
407;-0.670343;5.571064;8.060512;0.033877;0.015551;-0.002477;-0.27305;-0.533405;-0.700596
408;-0.625302;5.630065;8.03885;0.053973;0.033066;-0.024407;-0.273178;-0.533938;-0.70046
409;-0.564811;5.785439;7.973158;0.045867;0.045745;-0.018991;-0.273111;-0.533574;-0.699223
410;-0.639161;5.793685;7.91295;0.024042;0.027974;-0.016217;-0.272223;-0.536399;-0.698068
411;-0.750989;5.787177;7.91206;0.002229;0.019262;-0.006189;-0.271658;-0.537208;-0.697764
412;-0.833005;5.780428;7.911394;-0.017706;0.01214;-0.011666;-0.272529;-0.535319;-0.698637
413;-0.758308;5.816873;7.912197;-0.035788;0.01764;-0.01353;-0.27184;-0.534005;-0.698482
414;-0.713357;5.868375;7.912873;-0.091955;0.008988;-0.020859;-0.271869;-0.533658;-0.701509
415;-0.654944;5.66;8.023895;-0.090134;0.01441;-0.019054;-0.273548;-0.530972;-0.702145
416;-0.640771;5.533661;8.090342;-0.088379;0.015495;-0.004465;-0.272047;-0.52774;-0.704582
417;-0.626106;5.496378;8.12006;-0.043073;0.004154;-0.026241;-0.271403;-0.526005;-0.705256
418;-0.611026;5.518603;8.090469;-0.037695;-0.000251;-0.017094;-0.272254;-0.526511;-0.705836
419;-0.662945;5.570916;8.082953;-0.015004;0.012174;-0.013472;-0.272598;-0.525281;-0.707095
420;-0.715286;5.541641;8.097291;-0.008626;0.02384;-0.008047;-0.27265;-0.525519;-0.708057
421;-0.722788;5.526913;8.089676;0.022147;0.022772;-0.004354;-0.272516;-0.524327;-0.708061
422;-0.677796;5.571125;8.060455;0.000412;0.021113;-0.006195;-0.271474;-0.524645;-0.706505
423;-0.640668;5.548538;8.075515;-0.014209;0.007073;0.00844;-0.273199;-0.525115;-0.708082
424;-0.618125;5.629562;8.150836;-0.037463;0.03997;-0.027294;-0.272059;-0.52389;-0.709694
425;-0.67051;5.534019;8.060269;-0.049285;0.032028;-0.020902;-0.271379;-0.521644;-0.709683
426;-0.655923;5.467189;8.067408;0.005981;0.035209;-0.022665;-0.271151;-0.521359;-0.710501
427;-0.685382;5.541549;8.060205;0.004035;0.021085;-0.006192;-0.268957;-0.522179;-0.710407
428;-0.72246;5.615703;8.120105;0.013042;0.018435;0.001128;-0.271894;-0.521984;-0.711625
429;-0.715012;5.586213;8.067734;-0.003229;0.017547;-0.006188;-0.270264;-0.522393;-0.711832
430;-0.670784;5.489448;8.089827;-0.00503;0.018445;-0.008016;-0.270737;-0.522557;-0.710476
431;-0.476899;5.495413;8.061487;0.03581;0.027002;-0.020747;-0.269597;-0.521929;-0.70961
432;-0.625673;5.555916;8.053289;0.097558;0.039665;-0.045354;-0.269568;-0.524858;-0.709175
433;-0.737521;5.593507;8.142234;0.049488;0.03293;-0.03719;-0.267631;-0.527008;-0.708807
434;-0.730648;5.452765;8.118983;0.060296;0.049468;0.001053;-0.265877;-0.528339;-0.709277
435;-0.551954;5.436328;8.165006;0.12379;0.070569;-0.000757;-0.266434;-0.531707;-0.707076
436;-0.326653;6.121322;8.738303;0.415806;0.172777;0.002908;-0.261808;-0.539694;-0.70271
437;-1.508523;6.393371;7.925182;0.158066;0.420082;0.033284;-0.259173;-0.545834;-0.697201
438;-1.069865;9.234623;13.633256;1.860904;0.447771;0.268322;-0.246468;-0.569744;-0.680579
439;-3.345881;11.633471;13.09431;0.909281;-0.221805;0.076399;-0.256172;-0.5994;-0.643927
440;-3.596287;12.304979;16.156321;-0.094708;-0.895168;0.648901;-0.29103;-0.593559;-0.621183
441;-3.668646;12.382622;15.410047;0.60428;-1.208805;0.771562;-0.344405;-0.582804;-0.581903
442;-4.296868;14.555996;14.210524;0.743575;-1.474167;1.433147;-0.40676;-0.573776;-0.519336
443;-5.002268;12.332591;12.049036;0.261092;-1.84027;1.691048;-0.482268;-0.543604;-0.454153
444;-4.891863;8.595632;8.749623;0.473732;-2.105408;1.752477;-0.558936;-0.501601;-0.379758
445;-3.686649;6.471445;5.730181;0.927123;-2.098928;1.705621;-0.627954;-0.466039;-0.285636
446;-2.266643;5.679345;2.683718;0.991873;-1.868108;1.739411;-0.681161;-0.425776;-0.199709
447;0.151521;5.098991;0.273035;0.836946;-1.504872;1.812581;-0.720997;-0.374633;-0.133937
448;1.27376;4.356669;0.21702;0.937165;-1.104859;1.93785;-0.753556;-0.320396;-0.077514
449;2.06822;4.051198;0.900127;0.523006;-0.913495;1.999476;-0.778119;-0.258321;-0.029622
450;4.058552;1.655341;-0.600282;-0.143676;-0.838461;2.173428;-0.796192;-0.191503;0.007091
451;6.915659;-2.636219;-0.405041;0.659902;-0.440842;1.906665;-0.810493;-0.120786;0.035408
452;7.934801;-1.105585;0.187238;0.576645;-0.249397;1.866678;-0.819332;-0.058728;0.053289
453;9.048146;-5.294452;0.437084;0.07591;-0.168026;1.494449;-0.821841;-0.000792;0.064308
454;9.523079;-5.625236;0.677328;-0.144516;-0.170675;0.874053;-0.82098;0.035077;0.071226
455;10.285056;-5.731485;-0.227985;-0.164937;-0.083237;0.203389;-0.813675;0.048684;0.075267
456;9.901284;-4.58221;0.343713;-0.039321;0.020801;-0.080501;-0.814411;0.050372;0.076874
457;9.257744;-3.635039;0.091274;-0.026269;0.115405;-0.511387;-0.817716;0.043461;0.078716
458;8.664739;-1.082777;0.431715;-0.014923;0.208893;-0.767098;-0.81845;0.022697;0.072105
459;8.639572;-0.133594;0.288451;-0.404662;0.27165;-0.838098;-0.818518;-0.006278;0.064893
460;8.321034;-0.113184;-0.474986;-0.672012;0.439556;-1.010688;-0.817322;-0.046075;0.045445
461;7.861259;-1.338766;-0.650613;-0.405227;0.759809;-1.179596;-0.814467;-0.083909;0.021377
462;7.23562;-1.185956;-0.549892;0.051629;1.119061;-1.28545;-0.812034;-0.118816;-0.007813
463;5.34525;-0.364659;-0.170847;0.334817;1.427579;-1.51089;-0.801664;-0.16493;-0.052268
464;3.481574;-0.048772;0.54838;0.612147;1.595347;-1.816904;-0.780799;-0.223321;-0.102671
465;0.941228;3.368984;3.312391;0.763325;1.568709;-2.148619;-0.74765;-0.3011;-0.156563
466;0.152508;5.547251;6.798006;0.353551;1.428322;-2.332717;-0.706126;-0.375738;-0.202173
467;-2.4358;8.847147;7.62069;-0.371916;0.997111;-2.428653;-0.655299;-0.444383;-0.237424
468;-2.499084;9.97179;8.149884;-0.935694;0.745838;-2.421003;-0.598399;-0.5049;-0.286368
469;-1.322897;13.477923;9.136779;-0.543058;0.808614;-1.835901;-0.540788;-0.550403;-0.33182
470;-1.207907;12.241784;8.592326;-1.024512;0.810415;-0.964749;-0.492217;-0.574344;-0.381914
471;-2.400506;8.733351;8.217201;-0.736799;0.935172;-0.684241;-0.458682;-0.576206;-0.438817
472;-1.606287;9.270678;7.510338;-0.155164;0.852085;-0.839874;-0.424199;-0.589937;-0.478695
473;-1.870701;6.754218;7.350185;-0.239375;0.918379;-0.732771;-0.385909;-0.600118;-0.518858
474;-0.97098;8.668012;8.720129;0.093194;0.920604;-0.847052;-0.338622;-0.621842;-0.54731
475;-3.03807;8.148184;5.731079;-1.431516;0.633919;-0.727813;-0.293943;-0.612726;-0.597526
476;-7.433859;38.834888;19.165264;-2.999412;-0.181568;1.674783;-0.2766;-0.571603;-0.664185
477;-1.740674;12.741094;20.128246;0.117885;0.241206;0.637307;-0.264156;-0.517396;-0.722479
478;-1.995368;6.315185;11.801376;0.340264;0.021991;0.059914;-0.266511;-0.524976;-0.715785
479;-0.836593;1.334728;4.196081;-0.459522;-0.149647;-0.343771;-0.27224;-0.52009;-0.71289
480;0.202014;1.580708;3.593648;-0.287974;-0.120968;-0.400108;-0.27517;-0.498107;-0.715778
481;-0.128777;5.839487;6.544055;-0.057755;-0.077762;-0.042304;-0.274569;-0.49668;-0.719749
482;-0.56254;7.591141;10.387778;0.306101;-0.053647;0.149715;-0.268892;-0.509688;-0.72135
483;-1.234999;7.351103;10.619911;0.142504;0.059973;-0.017047;-0.269526;-0.517524;-0.715685
484;-1.284731;5.188299;8.665272;-0.21807;0.207712;-0.181542;-0.266262;-0.516422;-0.718448
485;-1.098125;4.579437;10.476067;0.769353;0.380882;-0.086049;-0.260979;-0.517778;-0.714379
486;-1.842734;9.001741;12.267742;1.412725;-0.002876;-0.057873;-0.258338;-0.552412;-0.684616
487;-4.524704;12.726857;12.555196;0.698171;-0.582239;0.123165;-0.260874;-0.585084;-0.646968
488;-1.803155;12.849315;15.397379;-0.342122;-0.975177;0.824185;-0.305182;-0.570131;-0.624256
489;-3.518262;13.704829;14.270592;0.655331;-1.091081;1.328377;-0.364076;-0.557774;-0.578339
490;-4.099022;11.771303;13.492459;0.520478;-1.316325;1.756744;-0.445286;-0.542336;-0.510391
491;-4.656417;9.684753;12.019516;0.781201;-1.717124;1.793319;-0.520416;-0.511822;-0.443271
492;-4.183095;7.387513;9.276965;0.686995;-1.997146;1.763291;-0.584051;-0.47229;-0.375619
493;-3.14157;5.507816;6.593675;0.795375;-2.008459;1.675001;-0.643679;-0.431432;-0.294625
494;-2.189034;3.49716;3.483507;0.863447;-1.979895;1.539038;-0.693994;-0.389484;-0.213267
495;0.208141;4.909802;1.152785;1.085598;-1.621488;1.503368;-0.730748;-0.351066;-0.129003
496;1.964323;5.248992;-0.115206;1.038468;-1.156406;1.667439;-0.759286;-0.303391;-0.066737
497;2.685246;4.497043;-0.666839;0.016356;-0.931956;2.11837;-0.784134;-0.245147;-0.024188
498;4.758406;-2.31799;-1.546138;-0.315651;-0.776988;2.276814;-0.802471;-0.166738;0.00556
499;6.901486;-3.15715;-1.669665;0.441784;-0.470823;1.641971;-0.814527;-0.105277;0.03211
500;9.444478;-4.297861;-1.299608;0.269109;-0.354252;1.218298;-0.816903;-0.053104;0.045376
501;11.05721;-3.460329;-0.893892;0.311842;-0.094348;0.776946;-0.815694;-0.024496;0.055933
502;10.741123;-3.23471;0.769271;0.349977;0.080979;0.463451;-0.819297;-0.004037;0.060724
503;9.576772;-2.992683;1.88136;0.155214;-0.006477;0.107807;-0.818063;0.006879;0.058633
504;10.033156;-1.238285;1.373868;0.072814;0.064614;-0.270084;-0.818545;0.000891;0.059619
505;9.052495;-0.71781;1.034013;-0.027728;0.169825;-0.344633;-0.817973;-0.013828;0.049581
506;7.772089;-0.462337;0.861794;-0.297208;0.221942;-0.59432;-0.818131;-0.029511;0.04117
507;7.429455;-0.907923;-0.054102;-0.628072;0.323297;-0.814155;-0.818473;-0.049278;0.036766
508;7.433995;-0.621127;-1.380492;-0.593213;0.634699;-0.952267;-0.816108;-0.080048;0.016474
509;6.895329;-0.796627;-0.878282;-0.23238;0.983748;-1.075528;-0.812338;-0.11608;-0.015815
510;5.84502;0.1248;0.574893;-0.034881;1.162509;-1.367901;-0.800499;-0.162722;-0.060894
511;5.138035;0.941273;1.64195;-0.125431;1.354554;-1.618751;-0.784213;-0.212821;-0.107282
512;3.454031;1.720391;2.895375;0.390657;1.5663;-1.805113;-0.75998;-0.264269;-0.150868
513;1.917273;4.338901;5.251373;0.704342;1.516712;-2.029742;-0.723191;-0.331266;-0.197822
514;0.054329;7.124674;7.195559;0.437386;1.230776;-2.044427;-0.682098;-0.400064;-0.233599
515;-0.727581;9.571318;8.392045;-0.509399;1.082903;-1.94291;-0.629909;-0.464676;-0.281328
516;-1.778056;8.803432;9.834234;-0.827525;0.809213;-1.794518;-0.580557;-0.504967;-0.330172
517;-2.005741;9.266717;9.313159;-0.38146;0.662821;-1.630967;-0.535256;-0.541403;-0.367939
518;-1.480766;11.25102;8.613664;-0.194603;0.675747;-1.2221;-0.492234;-0.570222;-0.402144
519;-1.780403;10.221238;7.321179;-0.569107;0.643153;-0.857772;-0.45617;-0.587385;-0.438223
520;-2.212379;8.322848;6.723499;-0.601359;0.726199;-0.804484;-0.420686;-0.589552;-0.484466
521;-1.103905;8.391564;7.702451;0.46252;0.872219;-0.831796;-0.379955;-0.605714;-0.515144
522;-2.111721;8.85035;6.160558;0.112133;0.840171;-0.607912;-0.341735;-0.626861;-0.541902
523;-1.864818;7.160857;5.696243;-0.333707;0.89699;-0.674468;-0.298821;-0.633636;-0.57737
524;-7.418001;34.999496;14.722763;-4.321306;-0.217966;1.70756;-0.279214;-0.609203;-0.630626
525;-2.050135;15.561075;17.786152;-0.25356;0.214124;0.461816;-0.270559;-0.561536;-0.680917
526;-1.51887;7.911334;11.919842;0.096488;0.103518;0.187923;-0.273309;-0.556997;-0.68106
527;-0.574455;1.908403;4.739085;-0.44392;-0.073968;-0.32213;-0.27397;-0.544281;-0.690248
528;0.426122;2.057836;4.270057;-0.3644;-0.116611;-0.329954;-0.272261;-0.537971;-0.693798
529;0.081552;6.222926;6.585455;-0.492642;-0.115983;-0.049995;-0.271209;-0.528022;-0.704271
530;-0.634084;7.655382;9.283234;-0.138428;-0.083595;0.110901;-0.273996;-0.529626;-0.697776
531;-1.052673;7.678846;9.817497;-0.030966;0.017418;0.075931;-0.2771;-0.53041;-0.69707
532;-1.128081;4.922469;8.119984;-0.38324;0.031806;-0.070667;-0.275395;-0.51376;-0.715398
533;-1.063709;4.034944;7.584877;-0.351666;-0.064491;-0.142293;-0.274719;-0.504024;-0.722724
534;-0.598621;4.992237;8.139377;-0.050458;-0.086447;-0.105217;-0.274078;-0.500233;-0.725887
535;-0.059218;5.772058;8.454493;0.159981;0.012087;-0.084292;-0.273965;-0.510626;-0.714127
536;-0.520427;6.27735;9.021416;0.227654;0.151434;-0.088462;-0.271836;-0.517907;-0.710416
537;-0.83255;6.048628;11.271175;0.699458;0.374467;-0.089671;-0.262082;-0.522466;-0.712191
538;-2.224988;8.560027;12.32167;1.392458;0.033021;0.08234;-0.258601;-0.554004;-0.684478
539;-4.412777;13.329304;13.619609;0.482349;-0.428023;0.125;-0.269751;-0.584668;-0.644304
540;-2.580212;12.85243;16.18251;-0.114153;-0.970699;0.878226;-0.317348;-0.575311;-0.6144
541;-4.15393;13.456373;14.682044;0.640771;-1.238522;1.151093;-0.376267;-0.566056;-0.566537
542;-4.200607;12.423841;13.570556;0.300662;-1.607941;1.54157;-0.444806;-0.537737;-0.513978
543;-4.044487;9.526632;11.418681;0.380506;-1.914179;1.65595;-0.520207;-0.502188;-0.44663
544;-3.736834;6.852853;8.672426;0.504847;-2.08006;1.70322;-0.589545;-0.463745;-0.370817
545;-2.307706;5.352587;6.681074;0.762766;-2.058251;1.60138;-0.653482;-0.425727;-0.281182
546;-1.266967;3.015598;3.472443;0.528075;-2.025638;1.547972;-0.700597;-0.383837;-0.203816
547;0.461218;1.83807;1.701864;0.30146;-1.907949;1.098549;-0.736965;-0.341033;-0.139905
548;1.804206;3.033189;0.301983;0.151904;-1.715345;0.93532;-0.757386;-0.311085;-0.072239
549;3.613385;2.250601;-0.331144;0.544874;-1.439863;1.082552;-0.772002;-0.279567;-0.015893
550;5.523895;1.76858;-2.222677;0.59401;-1.042454;1.345513;-0.779703;-0.241399;0.037108
551;6.612495;-1.308608;-1.988176;0.884933;-0.605671;1.158001;-0.790636;-0.195865;0.073713
552;8.12657;1.10558;-0.990896;1.035208;-0.300987;1.038591;-0.800509;-0.158535;0.099427
553;9.903066;-1.31894;-0.440981;0.853673;-0.0763;0.949027;-0.806453;-0.12162;0.114447
554;10.076043;-0.052702;1.269969;0.559328;-0.041031;0.70325;-0.807405;-0.091941;0.120513
555;10.389714;-1.750588;0.918041;0.183939;-0.040899;0.374391;-0.806293;-0.077322;0.118802
556;10.106165;-1.167777;2.128573;0.239072;-0.071542;0.091903;-0.806299;-0.069505;0.123966
557;9.827158;-0.710063;1.248882;0.066657;-0.109776;-0.307653;-0.809444;-0.067555;0.131521
558;8.418915;1.432246;1.98344;0.1505;-0.114318;-0.469905;-0.806941;-0.082107;0.134338
559;7.650087;2.139984;0.706159;-0.363361;-0.188944;-0.660975;-0.804933;-0.100125;0.137985
560;7.821533;3.607033;0.366271;-0.189214;3.8e-05;-0.71895;-0.797891;-0.131957;0.135751
561;7.762767;3.498563;-0.18709;-0.199804;0.164241;-0.559184;-0.794303;-0.152541;0.130685
562;7.731313;2.57675;-1.22312;-0.540912;0.330491;-0.618789;-0.794219;-0.167881;0.124205
563;7.39868;1.189037;-1.876425;-0.79363;0.540706;-0.766961;-0.790637;-0.194086;0.101318
564;7.200004;0.152984;-1.795121;-0.211023;0.928479;-1.031448;-0.784857;-0.224356;0.070991
565;6.164734;2.631156;-0.563039;0.499264;1.24416;-1.202371;-0.774162;-0.263942;0.030212
566;4.540583;3.108593;0.039657;-0.079546;1.301838;-1.334864;-0.760207;-0.304346;-0.010981
567;3.570053;3.577144;1.557653;0.219404;1.537253;-1.558948;-0.739803;-0.348734;-0.054359
568;1.66634;4.842393;2.118579;-0.212419;1.429434;-1.511784;-0.709552;-0.39799;-0.102804
569;0.734643;4.094859;3.793132;0.077749;1.574706;-1.920657;-0.670082;-0.448757;-0.157739
570;-1.080714;9.787555;6.898314;0.591751;1.476641;-2.0599;-0.616421;-0.51357;-0.198537
571;-1.295877;9.629043;6.201658;-0.928049;1.102778;-1.54605;-0.567333;-0.559228;-0.24488
572;-1.336332;9.44769;7.17027;-0.671255;1.18237;-1.367278;-0.520469;-0.591265;-0.298968
573;-1.850833;11.397923;7.820809;-0.713097;1.129849;-0.949392;-0.475131;-0.615527;-0.350701
574;-2.332229;9.680898;6.43293;-1.383459;1.106643;-0.635709;-0.436393;-0.616515;-0.417432
575;-1.918942;5.969253;7.337252;-0.747094;1.21743;-0.891641;-0.391455;-0.608776;-0.495521
576;-2.984561;7.034582;6.17198;-0.355402;1.178482;-1.020541;-0.3325;-0.626858;-0.545517
577;-4.469797;17.023663;16.344553;-0.130368;0.48106;-0.536192;-0.272779;-0.639754;-0.596344
578;3.744209;13.28986;27.576008;-1.157921;0.075175;-0.393516;-0.272971;-0.532714;-0.706644
579;-3.921603;12.108552;17.764433;-0.508226;-0.092769;-0.077403;-0.273941;-0.520771;-0.716525
580;-0.947185;2.617387;6.07662;-0.121721;-0.210748;-0.488888;-0.276716;-0.518342;-0.707173
581;0.353238;1.266705;2.130143;-0.154702;-0.216933;-0.51628;-0.273931;-0.520849;-0.698799
582;0.699899;2.888257;3.576078;-0.45456;-0.056152;-0.342156;-0.273385;-0.522509;-0.701376
583;-0.182469;7.761881;7.675494;-1.001557;-0.180859;0.046311;-0.272131;-0.501463;-0.720303
584;-0.450533;6.607647;11.531425;-0.452539;-0.125567;0.189125;-0.275596;-0.476228;-0.740412
585;-0.813011;5.5364;11.476937;0.108358;0.081492;0.156097;-0.275303;-0.473059;-0.744958
586;-1.316826;3.260456;9.077843;-0.139744;0.028558;-0.061249;-0.274961;-0.472367;-0.746186
587;-0.756134;2.993922;7.893856;-0.010649;-0.018423;-0.217716;-0.27707;-0.472384;-0.744759
588;-0.368135;4.879152;8.162776;0.296074;-0.029762;-0.184311;-0.274181;-0.479577;-0.739644
589;-0.28858;6.041411;8.260486;0.427877;0.023506;-0.019244;-0.274712;-0.489849;-0.732171
590;-0.429752;6.057961;8.110276;0.227781;0.090399;0.061345;-0.270632;-0.498625;-0.727821
591;-0.686475;5.275002;8.01369;0.008619;0.082866;0.06285;-0.270343;-0.498636;-0.727535
592;-0.882013;5.023653;8.264291;0.119004;0.069611;0.067596;-0.273185;-0.501868;-0.724602
593;-0.888775;5.28226;8.459941;0.248501;0.052271;0.039588;-0.272844;-0.505813;-0.720987
594;-0.790439;5.497108;8.268064;0.225181;0.063558;-0.000608;-0.271781;-0.512831;-0.716771
595;-0.706919;5.675445;7.971365;0.186966;0.032572;0.012248;-0.269662;-0.514476;-0.715575
596;-0.594533;5.749048;7.868224;0.140772;0.038417;0.023114;-0.269383;-0.521172;-0.713179
597;-0.534442;5.852293;7.869351;0.058315;0.026392;0.017591;-0.269932;-0.522625;-0.708244
598;-0.616967;5.793239;7.980276;0.025728;0.036575;0.024791;-0.272178;-0.52509;-0.709415
599;-0.699834;5.674795;8.120661;0.045755;0.04791;0.01017;-0.271318;-0.525251;-0.708693
600;-0.774397;5.667986;8.120051;0.057528;0.038706;-0.000726;-0.269427;-0.523404;-0.709043
601;-0.69956;5.638458;7.941332;0.036677;0.02438;-0.008899;-0.269408;-0.525268;-0.708754
602;-0.676693;5.734713;7.912282;0.009496;0.028261;-0.00074;-0.269449;-0.527832;-0.707088
603;-0.699303;5.71978;7.986636;0.000424;0.026544;-0.000746;-0.270015;-0.526492;-0.707395
604;-0.729325;5.697616;8.031038;0.000447;0.02828;-0.005316;-0.268341;-0.526525;-0.706778
605;-0.729474;5.660601;8.023335;-0.003209;0.019304;-0.00802;-0.269253;-0.526471;-0.708464
606;-0.714068;5.734836;7.956773;0.010358;0.017455;-0.004343;-0.268384;-0.527298;-0.707599
607;-0.691965;5.690114;7.979037;-0.00324;0.01395;-0.006169;-0.268924;-0.527959;-0.707478
608;-0.677081;5.697314;8.001583;-0.015959;-0.00041;-0.015242;-0.268939;-0.527952;-0.707753
609;-0.669969;5.637864;8.0311;-0.019494;0.023019;-0.008053;-0.271124;-0.527666;-0.707706
610;-0.654999;5.659912;8.046281;-0.003215;0.01842;-0.00892;-0.27048;-0.524936;-0.71086
611;-0.699692;5.645601;8.008538;0.003035;0.008649;0.002981;-0.269296;-0.524065;-0.70917
612;-0.684768;5.645511;8.001188;-0.008637;0.019336;-0.008936;-0.269385;-0.525677;-0.708337
613;-0.692224;5.652921;8.016105;0.007673;0.026476;-0.002561;-0.269142;-0.525135;-0.708881
614;-0.707182;5.645602;8.023406;0.004016;0.029352;0.010188;-0.268669;-0.525965;-0.707757
615;-0.706878;5.704933;8.008869;-0.019526;0.032238;0.012881;-0.269948;-0.525399;-0.708637
616;-0.684768;5.645511;8.001188;-0.019449;0.03381;-0.004453;-0.270847;-0.524556;-0.710053
617;-0.714498;5.667948;8.008571;0.000363;0.023098;0.01021;-0.269661;-0.523751;-0.710836
618;-0.677348;5.638041;8.001196;0.004021;0.017491;-0.006174;-0.269707;-0.52406;-0.709187
619;-0.669761;5.667618;8.001446;0.005832;0.014746;-0.009806;-0.268929;-0.524445;-0.709977
620;-0.736838;5.668158;8.00094;0.007663;0.026509;0.001083;-0.268655;-0.524448;-0.709966
621;-0.647424;5.674758;8.024049;0.000398;0.027542;0.005638;-0.270222;-0.525395;-0.708648
622;-0.67006;5.637716;8.06841;0.007653;0.026541;0.00109;-0.26944;-0.524192;-0.709312
623;-0.699699;5.660301;8.038483;0.014859;0.013859;-0.00432;-0.270293;-0.523903;-0.709898
624;-0.677211;5.660328;7.986417;-0.001329;0.037303;-0.001706;-0.270276;-0.524839;-0.709616
625;-0.684567;5.689965;8.001479;-0.005058;0.010338;-0.009803;-0.269151;-0.524203;-0.709026
626;-0.699777;5.630754;8.015903;-0.001427;0.014838;-0.006172;-0.269243;-0.523362;-0.710685
627;-0.699948;5.601058;8.030633;0.00758;0.012206;0.002971;-0.268663;-0.524577;-0.710103
628;-0.699662;5.66036;8.023559;0.000473;0.035489;-0.002609;-0.270284;-0.524437;-0.709757
629;-0.729352;5.675507;8.001045;0.004061;0.020995;-0.011665;-0.269609;-0.52338;-0.709875
630;-0.677218;5.675028;8.016362;-0.008699;0.01407;-0.000703;-0.267688;-0.524993;-0.709786
631;-0.677522;5.615696;8.030898;0.000469;0.035507;-0.001697;-0.268907;-0.524456;-0.709564
632;-0.699933;5.608438;8.038143;0.023868;0.011222;0.004821;-0.267949;-0.523936;-0.709529
633;-0.655133;5.630275;8.046087;0.020269;0.022109;0.012071;-0.269242;-0.524622;-0.708202
634;-0.669594;5.704663;8.001688;0.01302;0.012149;0.00116;-0.269057;-0.525243;-0.709839
635;-0.684397;5.71966;7.986749;0.003104;0.013887;-0.007982;-0.269985;-0.525778;-0.709323
636;-0.61758;5.726056;8.106693;0.02944;0.031676;-0.008013;-0.268693;-0.524296;-0.710656
637;-0.758751;5.779385;8.023885;0.031235;0.029888;-0.002545;-0.268331;-0.526728;-0.709112
638;-0.735207;6.045899;8.033258;-0.064527;0.049824;-0.03923;-0.26725;-0.527131;-0.709341
639;-0.801247;6.151081;7.802111;-0.249061;0.108776;-0.010561;-0.265203;-0.522313;-0.711767
640;-0.738579;5.209331;7.863622;-0.158763;0.112707;0.06613;-0.263555;-0.514846;-0.718901
641;-0.734184;4.65271;8.083905;0.00309;0.055892;0.054727;-0.263816;-0.512928;-0.721123
642;-0.724879;5.192563;8.32628;0.075531;0.03894;0.023916;-0.263172;-0.51232;-0.719316
643;-0.714823;5.696846;8.195313;0.02018;0.005058;0.008496;-0.263634;-0.513084;-0.720291
644;-0.729337;5.601978;7.858783;0.083688;0.020684;0.010327;-0.263976;-0.513644;-0.719064
645;-0.759344;5.587193;7.910696;0.094453;0.039169;0.059507;-0.264771;-0.520074;-0.7163
646;-0.759678;5.674921;8.209756;0.052798;0.024821;0.030338;-0.265615;-0.520916;-0.714267
647;-0.796748;5.690246;8.157338;0.018333;-0.002106;0.010339;-0.264727;-0.519699;-0.715477
648;-0.788896;5.661406;7.940804;0.056547;-0.000202;-0.026102;-0.266073;-0.520226;-0.715115
649;-0.706218;5.831034;7.972383;0.043915;0.022515;-0.011611;-0.266011;-0.520919;-0.714008
650;-0.743716;5.779471;7.971763;-0.00856;0.02636;-0.019;-0.265125;-0.52308;-0.712858
651;-0.848071;5.89062;8.180639;-0.011043;0.064738;-0.035586;-0.265154;-0.52333;-0.713407
652;-0.946668;5.520892;8.192411;0.009979;0.084914;-0.055729;-0.261236;-0.52242;-0.714218
653;-0.865934;5.760951;9.149759;0.388032;0.173688;-0.077443;-0.257995;-0.529853;-0.710187
654;-1.162977;5.98574;9.119119;0.62017;0.04461;-0.085714;-0.254622;-0.54464;-0.698951
655;-0.906472;6.43736;8.691188;0.694219;-0.013466;-0.099014;-0.255235;-0.56289;-0.680705
656;-1.02333;7.008519;8.768639;0.687998;-0.081934;0.009807;-0.256703;-0.580386;-0.660576
657;-1.315469;8.623988;9.306752;0.285946;-0.166334;0.330676;-0.268291;-0.592744;-0.640339
658;-1.123356;8.075459;8.9763;-0.039038;-0.276197;0.398186;-0.288634;-0.585334;-0.632139
659;-1.427132;8.375019;8.789388;0.199943;-0.259331;0.454045;-0.309015;-0.579894;-0.619667
660;-1.083911;8.093371;8.118552;0.695559;-0.294187;0.598973;-0.337621;-0.580592;-0.592777
661;-0.582424;8.078073;7.226779;0.584776;-0.322293;0.660984;-0.363579;-0.585117;-0.562593
662;-0.125578;6.124128;5.762389;0.228101;-0.369089;0.61687;-0.38941;-0.579966;-0.537283
663;0.867638;4.136048;4.346619;0.245445;-0.303922;0.478903;-0.413867;-0.574234;-0.519342
664;1.441451;4.116607;4.350843;0.512432;-0.186366;0.203398;-0.427994;-0.573679;-0.500126
665;0.84708;7.00502;5.872504;0.287435;-0.090277;0.138911;-0.435456;-0.577213;-0.484185
666;1.283556;6.871215;6.964439;-0.138674;-0.104043;0.203206;-0.442269;-0.571725;-0.47859
667;0.631617;6.833992;8.324854;-0.284615;-0.214029;0.061178;-0.447225;-0.568414;-0.476614
668;0.904067;7.632859;8.115708;-0.045344;-0.288033;0.148509;-0.456189;-0.56067;-0.470297
669;0.9641;7.132875;7.023417;-0.034795;-0.345179;0.192507;-0.468806;-0.553969;-0.463293
670;1.351217;6.393517;5.842501;-0.090507;-0.316819;0.153991;-0.480935;-0.543401;-0.457261
671;1.626064;5.566032;4.69001;-0.096339;-0.270834;0.120925;-0.490412;-0.537921;-0.450398
672;1.962067;5.373086;4.086857;-0.139706;-0.152539;0.030995;-0.497631;-0.535678;-0.442322
673;2.155058;5.362906;4.394209;-0.115215;-0.010066;-0.038868;-0.497642;-0.533818;-0.442473
674;2.105305;6.316048;5.168646;-0.056515;0.153667;-0.046743;-0.494913;-0.534371;-0.447581
675;2.005883;6.430444;6.41484;-0.045309;0.24704;-0.050752;-0.490264;-0.533487;-0.457569
676;1.367164;7.667539;7.77618;0.010681;0.288764;0.001138;-0.484129;-0.53493;-0.46542
677;1.155607;7.517498;8.669075;-0.10788;0.171914;0.038867;-0.480237;-0.534866;-0.469249
678;0.902664;7.807133;9.012306;-0.101284;0.048164;0.035753;-0.478395;-0.533458;-0.473033
679;0.918066;7.80781;8.810946;-0.082284;-0.101973;0.084756;-0.482116;-0.530093;-0.473482
680;1.141508;7.32032;7.973692;-0.174903;-0.173233;0.082186;-0.489405;-0.524037;-0.474093
681;1.423357;6.595026;7.195035;-0.084361;-0.161775;0.127844;-0.495994;-0.51899;-0.47192
682;1.512787;6.32215;6.693964;0.047195;-0.140626;0.109681;-0.499282;-0.514386;-0.464391
683;1.76569;5.79708;5.931313;-0.015016;-0.117242;0.093069;-0.506354;-0.512347;-0.458643
684;1.996638;5.596474;5.603419;0.024509;-0.049208;0.039943;-0.509563;-0.510761;-0.457271
685;2.122604;5.351546;5.453535;-0.012106;0.019557;0.001295;-0.510457;-0.509325;-0.456081
686;2.227436;5.689837;5.881881;0.050067;0.115507;-0.042776;-0.507852;-0.510283;-0.45597
687;2.094265;6.280923;6.571247;0.064878;0.17616;-0.070353;-0.502744;-0.513471;-0.457666
688;1.677294;6.667399;7.115345;0.041294;0.19271;-0.054056;-0.499723;-0.515494;-0.462476
689;1.365359;7.348362;7.923337;0.068332;0.18183;-0.060345;-0.496339;-0.519815;-0.465745
690;1.179343;7.806387;8.641285;0.026003;0.095807;-0.022627;-0.491086;-0.52281;-0.469772
691;1.023161;7.889089;8.655563;-0.083406;-0.034055;-0.001255;-0.491623;-0.520822;-0.469533
692;1.171368;7.496686;8.28102;-0.116347;-0.112804;-0.003705;-0.494843;-0.51764;-0.468311
693;1.454997;7.347966;7.841928;0.067156;-0.139298;0.060511;-0.498435;-0.515467;-0.463937
694;1.529685;7.038696;7.206188;0.028001;-0.158239;0.111592;-0.504427;-0.513168;-0.458422
695;1.855049;6.046317;6.426123;-0.011705;-0.145468;0.118759;-0.512855;-0.510326;-0.45246
696;1.981544;5.728687;5.925043;0.097286;-0.109825;0.099593;-0.517188;-0.507788;-0.446606
697;2.144706;5.350953;5.558171;0.089925;-0.023911;0.019866;-0.521837;-0.506815;-0.441578
698;2.279337;5.512457;5.664714;0.085925;0.029027;-0.053305;-0.519761;-0.510094;-0.438723
699;2.198143;5.882151;6.024693;0.024685;0.0811;-0.086431;-0.517894;-0.510885;-0.439604
700;2.071403;6.214097;6.652724;0.046531;0.085003;-0.13018;-0.514087;-0.514158;-0.442588
701;1.707307;6.711613;7.11586;0.024792;0.084124;-0.143894;-0.509967;-0.517984;-0.444869
702;1.530471;7.495988;7.731529;0.069769;0.044568;-0.139079;-0.505521;-0.521308;-0.446178
703;1.412473;7.984408;8.12185;-0.013936;0.010815;-0.097083;-0.502502;-0.523861;-0.446038
704;1.316457;8.170473;8.107407;-0.103364;-0.085649;-0.047547;-0.503461;-0.523718;-0.446078
705;1.353324;7.912097;7.79259;-0.102027;-0.151455;0.000148;-0.50628;-0.521926;-0.447578
706;1.398652;7.699414;7.149793;-0.060605;-0.163604;0.065901;-0.510741;-0.519323;-0.444065
707;1.650727;7.055328;6.505758;0.011868;-0.155834;0.091491;-0.515526;-0.514905;-0.43893
708;1.784816;6.789353;6.042383;0.057236;-0.124448;0.124242;-0.519859;-0.512366;-0.433077
709;2.082434;6.513999;5.744357;0.092011;-0.049247;0.136747;-0.526267;-0.511252;-0.427708
710;2.274197;6.089947;5.787827;0.039986;0.034244;0.115348;-0.528142;-0.507478;-0.424375
711;2.435846;5.437637;5.531094;0.005945;0.048819;0.048653;-0.52895;-0.506813;-0.424138
712;2.658921;5.273192;5.442168;0.068259;0.128007;-0.035491;-0.528797;-0.506756;-0.42633
713;2.545278;4.645921;5.034263;0.112488;0.220936;-0.092414;-0.525049;-0.510861;-0.427937
714;2.418347;4.587729;5.017998;0.239294;0.308082;-0.214837;-0.515194;-0.519178;-0.432978
715;2.19476;4.420363;4.701797;-0.064215;0.34411;-0.355887;-0.501763;-0.528865;-0.442674
716;1.583662;4.160569;4.188037;-0.094683;0.476044;-0.47696;-0.485126;-0.536823;-0.458713
717;1.273367;4.873588;4.384341;0.042373;0.645918;-0.576;-0.462712;-0.548235;-0.476694
718;0.724467;5.588351;4.62362;-0.116227;0.764581;-0.631472;-0.433062;-0.563687;-0.49999
719;-0.407257;6.268627;5.39554;-0.001476;0.892595;-0.646528;-0.396763;-0.57991;-0.526723
720;-1.401835;7.894109;6.697009;-0.246301;0.915023;-0.578573;-0.353992;-0.59496;-0.560076
721;-0.877535;7.624598;8.199154;-0.254859;0.911727;-0.528331;-0.312551;-0.599415;-0.597406
722;-1.516065;6.305025;7.797691;0.045347;0.859246;-0.449381;-0.27306;-0.609268;-0.62557
723;-4.517846;27.067364;21.058514;-2.589935;-0.640068;1.033411;-0.248721;-0.606062;-0.655397
724;-2.589891;9.434045;16.861664;-1.204528;-0.084802;0.165136;-0.249639;-0.531795;-0.724952
725;-2.738309;5.23171;11.863319;-0.41646;-0.076647;0.081087;-0.257419;-0.504758;-0.7414
726;-1.007345;2.70527;6.457313;0.651349;-0.169609;-0.361238;-0.259745;-0.517721;-0.726834
727;-0.108824;3.00632;5.331815;0.718691;-0.17092;-0.423998;-0.259246;-0.538971;-0.710857
728;-0.20685;6.949727;6.998421;-0.175239;-0.161743;-0.235405;-0.25719;-0.549131;-0.703556
729;-0.286294;8.043054;7.98249;-1.107211;-0.113751;0.044973;-0.256798;-0.527328;-0.720737
730;-0.911644;6.801495;8.432336;-1.154066;0.029717;0.170968;-0.258329;-0.503912;-0.738008
731;-1.050075;4.48881;8.94607;-0.46822;0.094999;0.182491;-0.260381;-0.478781;-0.754762
732;-0.860197;3.679254;9.046718;0.105397;0.057882;0.042983;-0.262485;-0.462965;-0.765267
733;-0.560254;3.95193;8.811972;0.124618;-0.018529;-0.106195;-0.261372;-0.46822;-0.762573
734;-0.427341;5.093608;8.38759;0.000322;-0.055148;-0.091577;-0.262403;-0.470625;-0.761497
735;-0.476956;5.539454;8.166245;0.013988;0.004645;-0.030708;-0.258649;-0.485269;-0.750798
736;-0.708112;5.548488;8.224249;0.128909;0.05515;0.059497;-0.260842;-0.485841;-0.748408
737;-0.821965;5.14154;8.310287;0.156055;0.050468;0.060444;-0.261768;-0.477432;-0.755102
738;-0.926751;5.068113;8.353788;0.072793;0.028074;0.017552;-0.26303;-0.479061;-0.753217
739;-0.843285;5.364049;8.296648;0.063857;0.033205;-0.008002;-0.262401;-0.481492;-0.7518
740;-0.693537;5.466928;8.208904;0.072908;0.033185;-0.00615;-0.261092;-0.490554;-0.745636
741;-0.686258;5.363615;8.088891;0.052905;0.022678;0.004807;-0.259839;-0.492829;-0.745294
742;-0.612027;5.333112;8.156417;-0.003336;0.010624;0.010262;-0.260936;-0.48798;-0.747709
743;-0.672007;5.347732;8.327689;-0.008703;0.017696;-0.002545;-0.261899;-0.486246;-0.74776
744;-0.702129;5.303341;8.371946;-0.000515;0.019328;-0.010752;-0.261299;-0.488728;-0.749367
745;-0.702029;5.244659;8.22232;0.014883;0.01377;-0.013449;-0.261877;-0.490431;-0.744981
746;-0.701682;5.289349;8.162914;-0.00686;0.007576;-0.018012;-0.261937;-0.4904;-0.746083
747;-0.761058;5.393201;8.252687;-0.019536;0.02495;0.001048;-0.261693;-0.486215;-0.748989
748;-0.62771;5.302563;8.417279;0.034849;0.035338;-0.003468;-0.26138;-0.4869;-0.748284
749;-0.538611;5.39692;8.731985;0.228788;0.071748;-0.002429;-0.262248;-0.490909;-0.746778
750;-1.164822;5.188401;8.397539;0.2355;0.090498;-0.055472;-0.258477;-0.501188;-0.740644
751;-0.553463;5.683984;9.241176;0.450422;0.188181;-0.039086;-0.253854;-0.51116;-0.736401
752;-1.221892;6.693471;10.138147;0.837637;0.155501;-0.007421;-0.250472;-0.527211;-0.722546
753;-1.504835;6.585857;9.821885;0.746672;-0.001989;-0.094458;-0.251676;-0.547355;-0.702661
754;-1.563701;8.59288;10.177756;0.785026;-0.218904;-0.014975;-0.256064;-0.568443;-0.676026
755;-1.522883;9.598611;10.58757;-0.281655;-0.467778;0.53735;-0.284189;-0.570833;-0.655426
756;-1.395497;7.5713;9.605253;-0.01164;-0.511824;0.486759;-0.314457;-0.554541;-0.643428
757;-1.095564;7.542391;8.816337;0.384251;-0.586629;0.609836;-0.348167;-0.544897;-0.619566
758;-0.53016;6.50644;7.32889;0.667103;-0.54098;0.639194;-0.381477;-0.543866;-0.586145
759;0.168891;5.777518;6.620533;0.92468;-0.541124;0.560232;-0.413213;-0.547523;-0.54658
760;0.490347;5.482295;5.680801;0.571525;-0.581396;0.525267;-0.44136;-0.553619;-0.506441
761;1.362005;4.930428;4.818196;0.279035;-0.530234;0.372393;-0.465409;-0.549019;-0.481056
762;1.583979;4.720082;5.094616;0.24742;-0.434885;0.232429;-0.482803;-0.54135;-0.458862
763;1.854329;4.794755;4.403158;-0.188456;-0.386393;0.149559;-0.497784;-0.536859;-0.447678
764;2.121817;4.408802;4.029562;-0.18722;-0.277411;-0.015973;-0.505286;-0.529507;-0.442124
765;2.138474;4.926367;4.271848;-0.012224;-0.155757;-0.156678;-0.504339;-0.528254;-0.439759
766;2.097538;6.11701;4.9285;0.112559;-0.021555;-0.193514;-0.501863;-0.533653;-0.437147
767;2.105197;6.433559;5.43059;-0.00042;0.053143;-0.172078;-0.500537;-0.538615;-0.435546
768;1.926156;6.890758;6.342606;0.043404;0.152638;-0.163307;-0.492863;-0.541946;-0.437826
769;1.4735;7.647836;6.926156;-0.145306;0.152206;-0.094257;-0.488996;-0.543392;-0.444668
770;1.272092;7.79628;7.26886;-0.053016;0.162685;-0.068647;-0.482205;-0.54496;-0.453041
771;0.992874;7.395759;7.935744;-0.105297;0.086768;-0.011873;-0.479459;-0.54274;-0.457756
772;1.024293;7.662892;7.77355;-0.057652;0.014711;-0.011491;-0.478963;-0.542852;-0.458697
773;0.980845;7.782977;7.475509;-0.121245;-0.031532;-0.011386;-0.47915;-0.540706;-0.459545
774;1.217144;7.189103;7.279419;-0.128669;-0.050849;0.016958;-0.482245;-0.53785;-0.461064
775;1.366511;7.158974;7.101261;-0.107146;-0.083971;0.032642;-0.484413;-0.534591;-0.463098
776;1.596481;6.684649;6.667107;-0.108963;-0.071976;0.063593;-0.487019;-0.532838;-0.463215
777;1.662645;6.344297;6.411677;-0.125092;-0.052321;0.054355;-0.489514;-0.5273;-0.461157
778;1.780506;5.833591;6.036135;0.025891;0.026561;0.003137;-0.492043;-0.525916;-0.462368
779;1.654908;6.160018;6.186551;0.07142;0.076396;-0.001573;-0.489744;-0.527054;-0.460344
780;1.542208;6.049134;6.349146;-0.007951;0.106835;-0.048334;-0.488155;-0.529297;-0.461363
781;1.617705;6.469342;6.733028;-0.020509;0.13288;-0.061201;-0.48512;-0.529537;-0.468385
782;1.498109;6.469741;6.873908;-0.111124;0.121816;-0.064933;-0.482242;-0.529237;-0.470745
783;1.42464;7.008986;7.43653;0.015605;0.139221;-0.047483;-0.478676;-0.52941;-0.475547
784;1.20124;7.364146;8.011742;-0.07535;0.100946;-0.013696;-0.475046;-0.531601;-0.479233
785;1.081207;7.23145;8.084592;-0.14549;0.016198;-0.018913;-0.474498;-0.530016;-0.484169
786;1.081321;7.305186;8.17462;-0.033342;-0.014193;-0.023185;-0.473941;-0.527112;-0.483894
787;1.096678;7.364633;8.1005;-0.014749;-0.045703;0.047201;-0.475731;-0.526558;-0.484107
788;1.171468;7.276187;7.831849;-0.000603;-0.079234;0.100257;-0.478311;-0.523958;-0.481206
789;1.251399;6.610251;7.440085;-0.020569;-0.108017;0.089386;-0.485808;-0.521311;-0.478228
790;1.496334;6.003506;6.736541;0.03214;-0.113395;0.058461;-0.490762;-0.519922;-0.473765
791;1.683386;5.856068;6.169866;0.005358;-0.07884;0.019972;-0.49313;-0.517228;-0.469482
792;1.884473;5.604134;5.766788;-0.035928;-0.039593;-0.013082;-0.495589;-0.517669;-0.466967
793;1.958314;5.418545;5.706443;0.049851;0.057909;-0.051688;-0.494226;-0.518078;-0.467047
794;1.885182;5.98775;6.187177;0.093788;0.136132;-0.088421;-0.490975;-0.521673;-0.467715
795;1.588072;6.521357;6.755529;-0.002162;0.165682;-0.079557;-0.486544;-0.524526;-0.471776
796;1.363919;6.875307;7.636682;-0.014934;0.154057;-0.097753;-0.481734;-0.52644;-0.476379
797;1.111935;7.482762;8.176006;-0.007383;0.091159;-0.042745;-0.4778;-0.528384;-0.479504
798;1.007877;7.587033;8.250519;-0.072021;0.032566;-0.033467;-0.475607;-0.528077;-0.481892
799;1.022248;7.468369;8.249856;-0.027125;-0.022968;-0.00581;-0.475144;-0.526981;-0.483393
800;1.082373;7.336298;7.801715;0.031382;-0.070406;0.039152;-0.477673;-0.527321;-0.479645
801;1.327404;6.803258;7.195661;0.090202;-0.082375;0.054779;-0.481177;-0.52698;-0.476215
802;1.424534;6.633694;6.784868;0.04324;-0.049584;0.076456;-0.485066;-0.525323;-0.472261
803;1.587353;6.2407;6.52983;-0.009045;-0.031716;0.046209;-0.486727;-0.524833;-0.470132
804;1.720805;6.003121;6.38005;-0.025259;-0.020907;0.042495;-0.488751;-0.522044;-0.469546
805;1.780199;5.943428;6.365188;-0.014028;0.015177;-0.004153;-0.490495;-0.52191;-0.46893
806;1.705465;5.987833;6.52908;-0.012004;0.050875;-0.017073;-0.49023;-0.519987;-0.471544
807;1.601277;6.136027;6.738199;-0.011716;0.090875;-0.045517;-0.487776;-0.521731;-0.471708
808;1.586288;6.238988;6.962623;-0.017139;0.079897;-0.070093;-0.484029;-0.522259;-0.473203
809;1.421788;6.202673;7.110386;0.021021;0.078262;-0.106527;-0.481925;-0.525881;-0.477352
810;1.374725;5.493156;6.754687;0.02948;0.069963;-0.180387;-0.476914;-0.53028;-0.478356
811;1.589038;4.201303;5.113668;0.175889;0.110081;-0.226932;-0.471256;-0.534403;-0.480023
812;1.796015;5.150396;4.524426;0.045745;0.229285;-0.364384;-0.46159;-0.543687;-0.483553
813;1.072754;4.729095;3.859519;-0.511565;0.311632;-0.369248;-0.447734;-0.546825;-0.500288
814;1.674235;4.654481;4.639674;-0.16701;0.547158;-0.434465;-0.426237;-0.547183;-0.524707
815;0.735416;4.905186;4.97745;-0.199037;0.675631;-0.417809;-0.399637;-0.555628;-0.551061
816;-0.086119;4.703098;5.283323;-0.483468;0.777703;-0.500795;-0.367754;-0.559067;-0.583148
817;-0.610393;4.850286;6.593669;-0.385748;0.845098;-0.659651;-0.332555;-0.558645;-0.622001
818;-1.860071;5.276164;6.363092;-0.278411;0.910082;-0.679052;-0.285363;-0.565283;-0.659223
819;-8.789058;21.275305;10.503929;-2.851601;0.785872;1.179264;-0.274916;-0.525126;-0.711998
820;-4.794544;11.922825;17.786453;-0.051259;0.208372;0.186309;-0.26471;-0.496912;-0.744497
821;-1.845356;4.104239;10.370299;-0.018591;-0.103789;0.012451;-0.2666;-0.497569;-0.739072
822;-0.71978;0.903248;4.395643;0.359119;-0.216371;-0.423532;-0.271024;-0.503796;-0.727662
823;0.00358;2.145827;3.491346;0.255805;-0.155374;-0.546964;-0.267084;-0.516015;-0.718484
824;-0.031298;7.889112;7.050635;-0.516035;-0.173003;-0.187437;-0.262558;-0.514411;-0.72065
825;-0.02209;8.04901;9.678473;-0.545259;-0.068185;0.162346;-0.265091;-0.502293;-0.726611
826;-0.678938;6.348953;9.968391;-0.136301;0.144974;0.314177;-0.26883;-0.49554;-0.734779
827;-1.038511;3.747789;8.941339;0.02197;0.172765;0.224754;-0.26846;-0.483598;-0.745157
828;-0.756685;3.316671;8.716804;-0.057251;0.05516;-0.042963;-0.267959;-0.48252;-0.745969
829;-0.527221;4.471737;8.457413;0.015024;-0.068717;-0.160837;-0.267364;-0.48361;-0.745113
830;-0.438131;5.909427;8.213719;0.355326;-0.043092;-0.07562;-0.268729;-0.496782;-0.73298
831;-0.517019;6.385798;7.828179;0.35718;0.02605;0.012546;-0.268725;-0.508246;-0.725751
832;-0.675382;5.883926;7.652081;0.049486;0.07493;0.03012;-0.268993;-0.506456;-0.728111
833;-0.864605;5.424741;7.983464;-0.106489;0.052984;0.05004;-0.269524;-0.503478;-0.730215
834;-0.948291;5.290268;8.429693;-0.048647;0.034668;0.044724;-0.269361;-0.500643;-0.732153
835;-0.769694;5.244255;8.460597;0.053843;0.025238;-0.009798;-0.269366;-0.506007;-0.729915
836;-0.649091;5.377867;8.156426;0.091039;0.025721;-0.01886;-0.269143;-0.507641;-0.728383
837;-0.53641;5.488721;8.001293;0.042004;0.013776;0.002111;-0.268997;-0.504865;-0.728123
838;-0.580663;5.600157;8.016607;0.018496;0.021096;0.001135;-0.269352;-0.506478;-0.727163
839;-0.648174;5.585289;8.165245;0.014933;0.040031;0.006517;-0.269504;-0.506469;-0.727444
840;-0.701082;5.466841;8.246159;0.023973;0.020868;-0.015283;-0.268798;-0.509999;-0.724642
841;-0.685833;5.481981;8.134438;0.009508;0.021819;-0.017132;-0.269644;-0.509448;-0.725092
842;-0.655771;5.496854;8.06014;-0.005006;0.015636;-0.017123;-0.268336;-0.508372;-0.726147
843;-0.670909;5.481891;8.127089;-0.005028;0.03028;0.005613;-0.26727;-0.508369;-0.726654
844;-0.715533;5.519178;8.156841;0.007655;0.024695;-0.003468;-0.267648;-0.508844;-0.728589
845;-0.715719;5.482103;8.164062;0.018487;0.014714;-0.007059;-0.269127;-0.509041;-0.725624
846;-0.700599;5.497037;8.104575;0.013126;0.024542;-0.011668;-0.269169;-0.510212;-0.726442
847;-0.700465;5.526673;8.104769;0.000332;0.015903;0.006592;-0.269013;-0.508501;-0.726036
848;-0.715438;5.511976;8.104559;-0.025024;0.017903;0.009283;-0.267413;-0.509027;-0.726792
849;-0.715475;5.511917;8.119483;-0.026811;0.022388;0.00835;-0.26725;-0.507187;-0.726249
850;-0.678462;5.459724;8.126887;-0.010429;0.03021;-0.002603;-0.267991;-0.509006;-0.727365
851;-0.596779;5.429162;8.194468;0.014906;0.026461;-0.004368;-0.267246;-0.509043;-0.726236
852;-0.305671;5.670255;8.466887;0.142035;0.069968;-0.049025;-0.266292;-0.510111;-0.726327
853;-1.144932;6.240744;8.307524;0.046546;0.13083;-0.090525;-0.263278;-0.514451;-0.723839
854;-0.79163;5.568749;8.887892;0.124697;0.191344;-0.097947;-0.257825;-0.516089;-0.724158
855;-1.139921;6.516263;9.816737;0.618846;0.082346;0.045485;-0.25391;-0.531807;-0.713032
856;-1.236424;6.355846;9.359762;0.437744;-0.054919;-0.122004;-0.257186;-0.545293;-0.698362
857;-1.650848;8.817937;9.656198;0.494176;-0.18531;0.08114;-0.260529;-0.556959;-0.682335
858;-1.214914;8.175744;10.028442;-0.329775;-0.392399;0.456676;-0.28363;-0.549312;-0.672049
859;-1.23234;7.325954;9.485498;0.070624;-0.416457;0.41898;-0.309756;-0.537718;-0.659439
860;-1.081393;7.702908;9.414472;0.129259;-0.510588;0.587295;-0.342444;-0.531891;-0.63702
861;-0.682702;6.524113;8.782996;0.217779;-0.564021;0.600399;-0.373941;-0.525063;-0.612774
862;-0.341753;5.576835;7.809323;0.31201;-0.642996;0.518768;-0.404798;-0.51895;-0.586848
863;0.315789;5.515408;7.022906;0.379271;-0.665973;0.443307;-0.432813;-0.515636;-0.556529
864;0.668588;5.49455;5.9658;0.254618;-0.634976;0.429332;-0.458804;-0.512196;-0.526679
865;1.359993;4.500587;4.845234;-0.068799;-0.593128;0.311985;-0.483003;-0.504474;-0.503933
866;1.866655;4.319751;4.579258;0.023306;-0.415635;0.149052;-0.498912;-0.497935;-0.489641
867;2.137854;5.241649;5.109671;0.156056;-0.277168;0.166947;-0.509642;-0.492897;-0.47568
868;2.551247;4.268356;4.942306;0.030913;-0.158323;0.137999;-0.519292;-0.489187;-0.467025
869;2.598422;5.176647;5.620177;0.194921;-0.020772;0.032804;-0.521578;-0.489847;-0.46134
870;2.195752;5.356082;6.028717;-0.050418;0.020669;0.055067;-0.520612;-0.492908;-0.461279
871;2.158316;5.613543;6.574854;0.067952;0.119676;0.001014;-0.51988;-0.493137;-0.462897
872;1.958703;6.265031;7.114863;-0.000961;0.115757;-0.000873;-0.51881;-0.491546;-0.463278
873;1.736417;6.636693;7.26484;-0.002748;0.140233;0.019989;-0.517331;-0.491614;-0.466241
874;1.810159;6.590693;7.503894;0.01788;0.140736;0.064714;-0.515;-0.491574;-0.468622
875;1.720201;6.44347;7.442556;-0.03736;0.141124;0.06827;-0.512442;-0.490719;-0.471823
876;1.629152;6.191517;7.634246;0.067457;0.087364;0.055864;-0.512879;-0.491694;-0.474856
877;1.777332;5.857914;7.379483;-0.022241;0.041726;0.015808;-0.513446;-0.490221;-0.475165
878;1.867796;5.983885;7.19443;-0.059113;0.042976;-0.045342;-0.513515;-0.489524;-0.476409
879;1.897041;5.894471;7.261231;-0.037275;0.050678;-0.063584;-0.510079;-0.490296;-0.478602
880;1.779184;6.316919;7.472029;0.018813;0.056798;-0.048023;-0.508908;-0.492928;-0.479772
881;1.645241;6.502221;7.725936;-0.037469;0.032059;-0.053466;-0.506681;-0.494227;-0.481597
882;1.645679;6.591188;7.711594;-0.010254;0.042648;-0.051648;-0.5053;-0.492393;-0.481281
883;1.601736;6.828164;7.832199;0.079093;0.017494;-0.00946;-0.506097;-0.492727;-0.483371
884;1.572388;6.858572;7.697852;0.099732;0.014357;0.039823;-0.507086;-0.494293;-0.479002
885;1.615962;6.503317;7.509315;0.031694;-0.023003;0.028936;-0.506463;-0.494204;-0.477604
886;1.690236;6.296357;7.232428;0.045281;-0.032164;0.025339;-0.508549;-0.49463;-0.475761
887;1.824219;6.103764;6.948624;0.021857;-0.049657;-0.020217;-0.511261;-0.494415;-0.472848
888;1.913985;6.103574;6.814982;0.02191;-0.038865;-0.016609;-0.50996;-0.494596;-0.471558
889;1.981092;6.117793;6.830508;0.053873;0.006505;-0.027697;-0.511801;-0.49554;-0.470251
890;1.929158;6.162726;6.815482;-0.008573;0.017738;-0.023275;-0.51183;-0.496321;-0.470796
891;1.906679;6.10387;6.75523;-0.048118;0.060768;-0.042671;-0.511098;-0.496285;-0.472416
892;1.764829;6.237015;7.098286;-0.004525;0.092785;-0.042751;-0.508213;-0.496586;-0.47216
893;1.653638;6.569875;7.46526;0.027888;0.076698;-0.027125;-0.507074;-0.49728;-0.476369
894;1.616221;6.621418;7.622019;0.045972;0.052938;-0.055267;-0.505074;-0.49966;-0.477371
895;1.497695;6.814777;7.682076;0.035676;0.012169;-0.024103;-0.502149;-0.500908;-0.47642
896;1.505607;6.815455;7.495584;0.014802;-0.006644;-0.03135;-0.503993;-0.499532;-0.477604
897;1.617781;6.829874;7.369669;0.021045;-0.010891;-0.009427;-0.502934;-0.500785;-0.475766
898;1.721819;6.688794;7.235219;0.012826;-0.013302;0.008814;-0.505035;-0.501071;-0.474199
899;1.758438;6.488863;7.129725;0.018247;-0.020558;0.007023;-0.505958;-0.500549;-0.473553
900;1.728464;6.400579;7.031913;-0.032406;-0.008541;0.010542;-0.506305;-0.498987;-0.472341
901;1.824656;6.19273;6.934281;-0.000579;0.009062;0.003214;-0.507095;-0.498794;-0.474298
902;1.765387;6.223201;6.844482;0.039459;0.031842;-0.013252;-0.506905;-0.499087;-0.473327
903;1.750927;6.415277;7.017254;0.01774;0.048312;-0.002399;-0.505861;-0.499471;-0.474244
904;1.72108;6.533145;7.249126;-0.032961;0.054049;-0.006134;-0.50526;-0.498907;-0.475735
905;1.661428;6.636555;7.450828;-0.014037;0.03596;-0.0115;-0.504937;-0.499927;-0.477364
906;1.624422;6.835865;7.713024;-0.014224;0.034709;0.025906;-0.504261;-0.499002;-0.477481
907;1.706469;7.01919;8.028255;0.018077;0.001717;0.048913;-0.503998;-0.497676;-0.477617
908;1.535251;7.226843;8.326798;-0.06026;-0.033655;0.11097;-0.506855;-0.496063;-0.477331
909;1.55558;6.715884;8.211696;-0.162035;-0.101004;0.119312;-0.513219;-0.489406;-0.475986
910;1.688128;6.160574;7.843437;-0.12421;-0.146043;0.128663;-0.517844;-0.483541;-0.475389
911;1.880852;5.480631;7.019624;0.001085;-0.138701;0.084092;-0.52337;-0.481472;-0.471366
912;2.105029;5.237049;6.333209;0.092088;-0.113335;0.023913;-0.526508;-0.478398;-0.466156
913;2.18808;5.149841;5.736288;0.038291;-0.060884;-0.029291;-0.529782;-0.479695;-0.461056
914;2.404517;5.052964;5.438807;-0.048003;0.007823;-0.099004;-0.528394;-0.481044;-0.460716
915;2.493325;4.977681;5.558387;0.019741;0.127037;-0.135894;-0.524227;-0.484826;-0.464643
916;2.240478;5.215984;5.766964;0.013076;0.225334;-0.162785;-0.517578;-0.489438;-0.468191
917;2.015452;4.818289;5.613425;-0.026188;0.28201;-0.229696;-0.509771;-0.493032;-0.475547
918;2.043045;4.03482;5.071254;0.079759;0.387764;-0.301177;-0.497794;-0.501734;-0.48682
919;1.865085;3.971528;4.576982;0.224005;0.499594;-0.436467;-0.480012;-0.51344;-0.497015
920;0.958883;4.160299;3.653474;-0.139008;0.619008;-0.514189;-0.455217;-0.527222;-0.516532
921;1.343987;4.006134;4.379235;0.077773;0.860254;-0.546799;-0.425293;-0.537973;-0.542187
922;-0.251462;4.253532;5.010503;-0.035704;0.91973;-0.635806;-0.391596;-0.55483;-0.56902
923;-2.071834;3.875387;5.024088;-0.449349;0.98432;-0.821061;-0.343318;-0.562732;-0.608937
924;-1.706372;2.448617;5.330998;-0.214024;1.163049;-1.023971;-0.283458;-0.570399;-0.657048
925;-0.972946;10.36193;18.760458;-2.881551;1.054114;-0.355258;-0.267055;-0.516888;-0.725484
926;-5.405746;14.72;19.926764;-0.001795;-0.033185;-0.34875;-0.261925;-0.513195;-0.736573
927;-1.189696;2.921779;8.278139;-0.497955;-0.182215;-0.183056;-0.267161;-0.498218;-0.739365
928;-0.200296;-0.560884;2.606572;0.023707;-0.234656;-0.536125;-0.270544;-0.499595;-0.731246
929;0.353415;1.524426;2.534784;0.131227;-0.082693;-0.525568;-0.263926;-0.510289;-0.725544
930;-0.282861;8.622284;7.650479;-0.688747;-0.178892;-0.049924;-0.26336;-0.518123;-0.715434
931;0.093323;7.909493;10.991806;-0.759457;-0.051602;0.264165;-0.266955;-0.489578;-0.735297
932;-0.662854;5.588449;11.127687;-0.169732;0.159395;0.282156;-0.264737;-0.469803;-0.75665
933;-1.30908;3.304997;9.04088;0.071002;0.139153;0.151056;-0.266245;-0.468526;-0.759193
934;-0.729642;2.488187;8.316119;0.067855;0.009281;-0.118324;-0.265346;-0.469236;-0.757778
935;-0.512435;4.412581;8.397442;0.174469;-0.093714;-0.205201;-0.267192;-0.478263;-0.746794
936;-0.408319;5.990096;8.363716;0.449492;-0.047367;-0.081848;-0.268103;-0.488943;-0.738783
937;-0.502571;6.340811;7.932468;0.427936;0.057957;0.020716;-0.264722;-0.497372;-0.737212
938;-0.631608;5.734943;7.763379;0.111872;0.076647;0.055735;-0.26481;-0.504286;-0.731532
939;-0.864964;5.365321;8.020387;-0.012171;0.082855;0.053687;-0.265973;-0.504505;-0.732813
940;-0.985271;5.34987;8.422338;0.040193;0.04376;0.03386;-0.268571;-0.508056;-0.727945
941;-0.887859;5.452904;8.40136;0.116307;0.040355;0.017576;-0.266987;-0.509172;-0.726499
942;-0.715345;5.467994;7.984877;0.081995;0.023936;-0.018873;-0.264916;-0.508871;-0.728617
943;-0.617256;5.660378;7.852551;0.013953;0.002968;-0.013391;-0.266194;-0.509696;-0.727013
944;-0.594961;5.718939;7.987422;-0.023191;0.006899;-0.009803;-0.26564;-0.509176;-0.726857
945;-0.685583;5.578003;8.209687;-0.064952;0.015702;0.022925;-0.267106;-0.510769;-0.726218
946;-0.731739;5.303905;8.28964;-0.048516;0.02698;0.002824;-0.266772;-0.509675;-0.727586
947;-0.701688;5.304049;8.192859;-0.023176;0.006824;-0.016206;-0.265186;-0.506285;-0.730983
948;-0.656045;5.452282;8.089697;-0.00145;0.003068;-0.017065;-0.266332;-0.505123;-0.729388
949;-0.656125;5.466864;8.149489;-0.009635;0.012348;0.002037;-0.267733;-0.50443;-0.729999
950;-0.68637;5.407567;8.216035;-0.012258;0.028448;-0.002598;-0.265614;-0.506207;-0.728802
951;-0.716167;5.415186;8.223321;0.01047;0.026165;-0.028096;-0.266284;-0.506074;-0.728555
952;-0.730996;5.408074;8.178389;0.00593;0.022597;-0.028089;-0.266862;-0.506318;-0.729126
