time index;acc_x;acc_y;acc_z;gyr_x;gyr_y;gyr_z;mag_x;mag_y;mag_z
1;0.92516;-2.982714;-9.241735;0.000477;-0.010559;-0.017041;-0.302651;0.38258;0.573922
2;0.917866;-2.977763;-9.271275;0.002072;-0.004851;-0.008197;-0.301335;0.382658;0.574378
3;0.908117;-2.980152;-9.266491;-0.004916;-0.005091;-0.015274;-0.301697;0.382933;0.574869
4;0.913013;-2.992319;-9.266205;0.009288;-0.006701;-0.011728;-0.302372;0.382965;0.574314
5;0.91787;-2.992382;-9.246567;-0.001445;-0.003135;-0.010849;-0.301622;0.383473;0.573821
6;0.944698;-2.997347;-9.260746;0.005635;0.000624;-0.008177;-0.301348;0.382394;0.574126
7;0.925191;-2.997272;-9.248816;0.005827;0.007656;-0.017882;-0.301759;0.383613;0.57368
8;0.912979;-2.972891;-9.266543;0.005458;-0.008231;0.000631;-0.301746;0.38401;0.573928
9;0.922723;-2.982702;-9.241772;-0.001372;0.008574;-0.015239;-0.301733;0.384273;0.57418
10;0.922754;-2.987507;-9.268586;-0.006986;-0.012024;-0.001156;-0.301233;0.383192;0.57385
11;0.908117;-2.987466;-9.251691;-0.007056;0.008035;0.000647;-0.300892;0.38263;0.575438
12;0.917874;-2.989934;-9.256391;-0.001519;-0.002133;-0.007314;-0.300955;0.38371;0.574238
13;0.917882;-2.99723;-9.251373;0.005705;0.002361;-0.011713;-0.301371;0.383997;0.57369
14;0.92274;-2.98754;-9.251468;-0.001725;-0.002794;0.002401;-0.301492;0.382935;0.573844
15;0.922731;-2.977807;-9.261419;-0.001514;0.00603;-0.008178;-0.302142;0.384027;0.573777
16;0.913;-2.987472;-9.261398;-0.003282;-0.003987;-0.008204;-0.302797;0.38432;0.573605
17;0.922761;-2.997245;-9.256189;0.005622;-0.003894;-0.007309;-0.30201;0.382823;0.57382
18;0.908125;-2.999637;-9.236807;-0.001574;-0.004793;-0.004674;-0.30146;0.383727;0.57447
19;0.912987;-2.982624;-9.256592;0.0037;-0.001017;-0.001124;-0.3015;0.383603;0.573694
20;0.912979;-2.972891;-9.266543;0.016235;-0.006413;-0.002886;-0.301198;0.382385;0.574523
21;0.937408;-3.007015;-9.265579;0.012634;-0.004588;-0.001117;-0.302288;0.382038;0.573439
22;0.927639;-2.992384;-9.270872;-0.00525;-0.002869;0.000632;-0.301739;0.383609;0.57407
23;0.915439;-2.989917;-9.258874;-0.001507;0.002394;-0.008188;-0.301234;0.383991;0.573826
24;0.905676;-2.982587;-9.256703;0.015425;0.000744;-0.007291;-0.300688;0.383565;0.574386
25;0.912979;-2.982643;-9.246811;0.007448;0.002423;-0.009945;-0.300927;0.383304;0.574769
26;0.922756;-2.992378;-9.261165;0.000244;0.000633;-0.006422;-0.301446;0.383324;0.574741
27;0.912996;-2.989919;-9.251575;0.00381;0.000665;-0.00642;-0.301459;0.383594;0.574474
28;0.927626;-2.994851;-9.251266;-0.003408;0.006148;-0.002881;-0.302751;0.384976;0.574494
29;0.937395;-3.002167;-9.260773;0.007197;0.000915;0.002422;-0.302639;0.383376;0.574159
30;0.925223;-3.011829;-9.255898;-0.002509;0.004337;-0.002886;-0.301266;0.383199;0.573201
31;0.917897;-3.006949;-9.248758;0.002359;0.003876;-0.022313;-0.303506;0.38367;0.574881
32;0.915462;-3.002056;-9.261107;0.007355;-0.005626;-0.004663;-0.30163;0.384141;0.573672
33;0.942257;-3.00222;-9.246026;0.002115;0.016874;-0.011681;-0.302804;0.384455;0.573471
34;0.94716;-3.031436;-9.22099;0.016288;0.009848;-0.006382;-0.302339;0.384713;0.572452
35;0.927662;-3.011837;-9.258307;-0.005926;0.002306;-0.009959;-0.303418;0.385562;0.571593
36;0.917958;-3.031193;-9.270344;0.012871;-0.010311;-0.011734;-0.302899;0.385275;0.571629
37;0.925218;-3.021591;-9.231276;-0.008665;-0.008544;-0.006453;-0.302062;0.385897;0.57282
38;0.917703;-3.00194;-9.197315;0.002176;0.000671;-0.009955;-0.303416;0.386557;0.572449
39;0.92263;-3.016475;-9.228777;0.018367;-0.006604;-0.01525;-0.302063;0.384761;0.57361
40;0.925094;-3.016426;-9.26053;-0.00348;-0.008963;0.005917;-0.302348;0.384111;0.573095
41;0.920237;-3.028553;-9.255502;-0.003124;-0.010304;-0.010868;-0.301846;0.386093;0.572805
42;0.922645;-3.016442;-9.245894;-0.010312;0.009667;-0.00995;-0.30298;0.386264;0.573387
43;0.932538;-3.016733;-9.250812;0.004686;-0.010205;-0.004672;-0.301819;0.387222;0.572536
44;0.913031;-3.006905;-9.258615;-0.003197;-0.008627;-0.011748;-0.302424;0.38564;0.573327
45;0.913038;-3.006891;-9.26595;0.000455;-0.014144;-0.015288;-0.303057;0.384863;0.573575
46;0.927664;-3.016708;-9.250886;-0.003373;-0.015683;-0.002928;-0.301996;0.383776;0.571591
47;0.932546;-3.031343;-9.230994;0.016292;-0.017387;-0.004675;-0.303124;0.384878;0.572276
48;0.927655;-3.021603;-9.231238;0.016483;0.004172;-0.01523;-0.301066;0.386132;0.572089
49;0.920378;-3.026366;-9.26061;0.018152;0.011607;-0.009915;-0.302869;0.387;0.572227
50;0.927666;-3.016703;-9.253331;0.014471;0.009891;-0.004621;-0.302102;0.385507;0.572053
51;0.932576;-3.041028;-9.245498;0.018903;0.006332;-0.002858;-0.301673;0.385749;0.572845
52;0.934975;-3.031374;-9.221176;0.003947;-0.015857;-0.011751;-0.302323;0.38644;0.572791
53;0.917915;-3.026411;-9.231302;-0.001609;-0.002933;-0.002903;-0.301426;0.385075;0.572619
54;0.917941;-3.03123;-9.25078;-0.006922;-0.001202;-0.004673;-0.303112;0.385408;0.57252
55;0.932529;-3.016752;-9.24103;0.009389;0.000428;-0.01701;-0.302982;0.385669;0.572519
56;0.937454;-3.04592;-9.240448;0.002112;-0.001272;-0.009958;-0.30258;0.385651;0.5728
57;0.942328;-3.036192;-9.260106;0.007589;-0.008639;-0.015263;-0.30245;0.38538;0.572815
58;0.932525;-3.009447;-9.250938;0.011097;0.002355;-0.01347;-0.301647;0.385876;0.573361
59;0.91547;-3.016665;-9.24129;-0.008578;-0.003195;-0.01086;-0.301973;0.385901;0.572048
60;0.908159;-3.016628;-9.241402;-0.006781;0.000438;-0.011736;-0.30324;0.384747;0.572533
61;0.913065;-3.026334;-9.258276;-0.001484;-0.008521;-0.008215;-0.30217;0.384965;0.57323
62;0.917941;-3.03123;-9.25078;0.005677;0.000586;-0.009954;-0.301796;0.385619;0.572972
63;0.922806;-3.031274;-9.240925;-0.006834;-0.012211;-0.008227;-0.301435;0.386409;0.57245
64;0.920366;-3.016643;-9.26567;0.008282;-0.001118;-0.006419;-0.30133;0.385211;0.571973
65;0.932555;-3.021571;-9.260509;0.000441;-0.003237;-0.015262;-0.301769;0.385746;0.573488
66;0.925208;-3.016738;-9.228914;0.000171;-0.002011;-0.002897;-0.301938;0.385227;0.572717
67;0.934983;-3.036231;-9.221091;0.01095;0.000711;-0.006411;-0.30236;0.38525;0.572047
68;0.917928;-3.036135;-9.226242;0.001167;0.006048;-0.008182;-0.302579;0.384852;0.572824
69;0.932561;-3.031309;-9.248112;0.012774;0.002505;-0.008171;-0.302503;0.385258;0.57178
70;0.932559;-3.031314;-9.245667;0.003919;0.007796;-0.011703;-0.304162;0.385319;0.572208
71;0.932538;-3.031362;-9.221212;-0.003379;-0.001159;-0.003782;-0.302592;0.384722;0.572568
72;0.93254;-3.026481;-9.233524;-0.004906;-0.010563;-0.015283;-0.301646;0.385609;0.573369
73;0.922807;-3.026398;-9.250791;0.012803;0.007921;-0.009929;-0.301777;0.386414;0.573338
74;0.898339;-2.989921;-9.212671;0.014469;0.0008;-0.004646;-0.301776;0.385614;0.573362
75;1.002828;-3.005754;-8.834229;-0.001821;-0.050094;0.005852;-0.302219;0.386175;0.572286
76;0.873855;-3.011991;-9.039039;-0.008897;-0.086413;0.007503;-0.299696;0.386064;0.573588
77;0.829193;-2.857507;-8.438404;-0.017989;-0.240912;0.01777;-0.296642;0.386063;0.575175
78;0.77166;-2.994049;-9.258535;0.097527;-0.39515;0.059959;-0.286662;0.387776;0.578243
79;0.635603;-3.155769;-9.414286;0.183433;-0.256582;0.041743;-0.279047;0.392517;0.580579
80;0.418386;-3.172445;-9.016253;0.142244;-0.316756;0.048573;-0.270319;0.395385;0.579404
81;0.392613;-3.374796;-9.795631;-0.00191;-0.229055;0.035322;-0.262001;0.396917;0.580318
82;0.368608;-3.439685;-10.083416;-0.122649;-0.092635;0.001892;-0.259548;0.397197;0.58277
83;0.312067;-3.245453;-9.911589;-0.148388;-0.032275;-0.012143;-0.258392;0.392844;0.587621
84;0.26498;-3.022667;-9.461346;-0.11764;-0.036195;0.003786;-0.257297;0.390127;0.588794
85;0.221219;-3.04415;-9.539886;-0.080379;-0.057364;0.016136;-0.257506;0.387172;0.592237
86;0.17225;-2.983462;-9.399855;-0.06806;-0.020786;0.019749;-0.257829;0.383976;0.593478
87;0.171992;-2.913335;-9.244577;-0.014541;-0.049463;0.019757;-0.255849;0.386155;0.594296
88;0.240041;-2.911661;-9.033276;0.001585;-0.038629;0.013632;-0.255595;0.384125;0.5967
89;0.200998;-2.887196;-9.024511;0.03657;-0.034934;0.003956;-0.254456;0.384618;0.596228
90;0.249605;-2.941375;-8.763626;0.062359;-0.088303;0.009181;-0.255021;0.387711;0.595331
91;0.158162;-3.172359;-9.63398;-0.006787;-0.004527;-0.005779;-0.253427;0.38844;0.596171
92;0.194017;-2.971752;-9.233445;0.024238;-0.047832;0.000375;-0.252813;0.389088;0.595537
93;0.191539;-2.998649;-9.132756;0.042838;-0.056626;0.006556;-0.251717;0.3893;0.596754
94;0.181691;-2.959813;-9.096901;0.062291;-0.063533;0.014514;-0.250475;0.39006;0.595762
95;0.132928;-2.998622;-8.994261;0.115128;-0.085145;0.00568;-0.250119;0.393248;0.595169
96;0.106085;-3.032695;-8.886479;0.128038;-0.184365;0.033741;-0.246156;0.397097;0.59436
97;-0.048869;-3.288065;-9.539736;0.096429;-0.139463;0.016074;-0.24204;0.400003;0.593975
98;-0.099954;-3.331482;-9.559318;0.039486;-0.081073;0.005512;-0.238925;0.401078;0.594238
99;-0.071468;-3.165099;-9.023806;0.013312;-0.082105;0.012563;-0.23785;0.401827;0.59505
100;-0.127234;-3.210499;-9.261059;6.4e-05;-0.02777;0.005577;-0.235284;0.401731;0.594671
101;-0.166021;-3.253726;-9.410061;0.012834;0.013847;-0.008467;-0.235531;0.402138;0.594905
102;-0.134689;-3.186403;-9.144216;0.010839;0.03211;-0.003121;-0.236778;0.402202;0.593283
103;-0.032814;-3.073408;-8.819407;0.041266;0.002994;-0.010176;-0.23652;0.402991;0.593274
104;-0.076179;-3.206157;-9.128312;0.036922;-0.036961;-0.008517;-0.236651;0.403796;0.593243
105;-0.095445;-3.261618;-9.281695;0.061052;-0.03491;-0.008495;-0.235964;0.404294;0.594042
106;-0.100273;-3.302936;-9.251706;0.039477;-0.023087;-0.001435;-0.234216;0.404238;0.592841
107;-0.115184;-3.249868;-9.027884;-0.001296;-0.042924;-0.015655;-0.233532;0.406468;0.593589
108;-0.212177;-3.321426;-9.443817;-0.033575;-0.010081;-0.005055;-0.23384;0.405932;0.595142
109;-0.178206;-3.263417;-9.390514;-0.029711;0.000435;-0.020912;-0.232078;0.40534;0.594217
110;-0.158947;-3.200656;-9.244594;-0.010119;0.045051;-0.024321;-0.233863;0.404073;0.594678
111;-0.149128;-3.246868;-9.233859;0.01999;0.024699;-0.011966;-0.234695;0.404649;0.593581
112;-0.095551;-3.259417;-9.164359;0.043334;0.041918;-0.020723;-0.235682;0.404569;0.591977
113;-0.100472;-3.25462;-9.120502;0.034178;0.003068;-0.007567;-0.23677;0.406486;0.590957
114;-0.100218;-3.305251;-9.310353;0.004694;0.032021;-0.004894;-0.236987;0.405821;0.591742
115;-0.054154;-3.259698;-9.127047;0.009531;-0.006641;-0.022617;-0.237588;0.406792;0.590128
116;-0.090589;-3.293375;-9.197927;-0.002984;-0.012113;-0.020005;-0.237559;0.405454;0.590686
117;-0.078344;-3.298181;-9.256347;-0.010216;-0.013851;-0.014714;-0.237791;0.405458;0.591192
118;-0.115111;-3.235079;-9.140626;-0.031851;-0.028337;-0.005059;-0.236572;0.406066;0.592274
119;-0.124575;-3.292908;-9.350062;-0.023996;-0.020686;0.005558;-0.236545;0.40566;0.592806
120;-0.085769;-3.25939;-9.203337;-0.016926;-0.00156;0.005617;-0.23642;0.404458;0.592718
121;-0.100462;-3.24972;-9.142594;0.000178;0.010176;-0.003175;-0.237151;0.404744;0.593577
122;-0.110144;-3.259276;-9.198817;-0.00143;0.000895;-0.010264;-0.2371;0.403958;0.592049
123;-0.093335;-3.206284;-9.01853;-0.003294;-0.005473;-0.008505;-0.237075;0.404618;0.592549
124;-0.100277;-3.288317;-9.276414;-0.024647;-0.006501;-0.007655;-0.234729;0.404656;0.592931
125;-0.076169;-3.201257;-9.150406;-0.005024;-0.023667;-0.008538;-0.237829;0.402646;0.592955
126;-0.090758;-3.23524;-9.120691;-0.005019;-0.026395;-0.008551;-0.235525;0.404025;0.592519
127;-0.139155;-3.297616;-9.389327;0.005624;-0.00974;-0.003222;-0.235256;0.404388;0.595242
128;-0.129729;-3.227681;-9.160539;0.016285;-0.011527;-0.004089;-0.235828;0.404687;0.594167
129;-0.136906;-3.244412;-9.280178;9.2e-05;-0.013257;0.003835;-0.234415;0.404367;0.593992
130;-0.166162;-3.275982;-9.204267;0.001145;-0.016184;-0.00413;-0.232777;0.404178;0.593178
131;-0.139265;-3.278357;-9.301632;-0.003023;-0.010191;-0.017363;-0.233808;0.404617;0.59324
132;-0.134497;-3.249362;-9.238485;-0.012984;0.000767;-0.012049;-0.232981;0.40351;0.594223
133;-0.119807;-3.256599;-9.301715;0.010858;-0.02413;0.002062;-0.234729;0.403433;0.595427
134;-0.13932;-3.268728;-9.257784;0.01125;-0.004643;-0.018217;-0.233203;0.404977;0.594945
135;-0.153883;-3.268521;-9.326478;0.012986;0.000914;-0.015558;-0.234167;0.404517;0.591282
136;-0.127368;-3.218112;-9.0922;0.012798;0.010102;-0.01023;-0.233931;0.404754;0.593359
137;-0.107663;-3.278693;-9.210669;0.000311;0.010052;-0.008478;-0.234068;0.405027;0.593215
138;-0.149069;-3.273555;-9.248066;-0.004873;0.00075;-0.015579;-0.234094;0.4049;0.592699
139;-0.12725;-3.254417;-9.155146;-0.020984;0.020604;-0.01555;-0.235142;0.403745;0.592418
140;-0.165949;-3.287699;-9.424141;-0.015261;0.055744;-0.032262;-0.236377;0.403116;0.593537
141;-0.163128;-3.340491;-9.758191;-0.031372;0.152981;-0.032082;-0.238225;0.403062;0.592793
142;0.004898;-3.361139;-9.566993;-0.008389;0.31564;-0.076723;-0.245673;0.403367;0.591224
143;0.336516;-2.899764;-7.907162;0.050266;0.093211;-0.031069;-0.251515;0.403091;0.588203
144;0.133232;-3.171039;-8.998591;0.041263;0.048435;-0.010045;-0.252901;0.404494;0.586405
145;0.206756;-3.2802;-9.252337;0.032576;0.044548;-0.017116;-0.256817;0.40492;0.585667
146;0.167649;-3.248563;-9.185012;0.034231;-0.037021;-0.006691;-0.254758;0.405907;0.585488
147;0.148047;-3.238949;-9.082771;0.060816;-0.033892;0.000406;-0.254124;0.406151;0.585256
148;0.152645;-3.190828;-8.863459;0.110835;-0.05181;-0.003986;-0.253549;0.409337;0.583898
149;0.172421;-3.329268;-8.907211;0.17;-0.054343;-0.015412;-0.251428;0.410601;0.58242
150;0.177406;-3.402184;-8.888749;0.214581;-0.003083;-0.017028;-0.251639;0.416241;0.578359
151;-0.002839;-3.46444;-8.875726;0.207362;-0.017496;-0.011822;-0.250202;0.422332;0.576185
152;0.064446;-3.885675;-9.733027;0.13171;0.106289;-0.057594;-0.250604;0.425195;0.5709
153;0.055846;-3.539877;-8.949329;0.147684;0.122464;-0.066351;-0.253593;0.427336;0.568089
154;0.243924;-3.712977;-9.090186;-0.009925;0.078316;-0.032143;-0.256069;0.428792;0.565196
155;0.218201;-3.934724;-9.886344;-0.050699;0.116182;-0.036548;-0.259182;0.426652;0.564964
156;0.29595;-3.828375;-9.828328;-0.007587;0.18875;-0.056632;-0.263136;0.426287;0.56347
157;0.197925;-3.53166;-9.798298;-0.000185;0.281057;-0.078512;-0.267618;0.427144;0.561783
158;0.514676;-4.172148;-8.449637;-0.060483;0.047491;-0.003979;-0.269028;0.427487;0.559497
159;0.424919;-4.311623;-11.426999;-0.2794;0.31106;-0.09908;-0.275145;0.42185;0.561151
160;0.518951;-3.522578;-9.057541;-0.347273;0.146109;-0.075574;-0.284616;0.41501;0.562921
161;0.594807;-2.881652;-7.901116;-0.312598;-0.0081;0.006356;-0.28648;0.406522;0.566826
162;0.697334;-2.93055;-7.998971;-0.194678;-0.005473;0.000339;-0.285269;0.401358;0.572739
163;0.679127;-3.188445;-8.958223;-0.029873;0.038256;-0.020599;-0.285759;0.400306;0.573262
164;0.68481;-3.408526;-9.443376;-0.009907;0.065501;-0.031133;-0.287912;0.399873;0.571607
165;0.782967;-3.383143;-10.263965;-0.08274;0.148334;-0.043373;-0.288554;0.396702;0.571666
166;0.731014;-3.257832;-9.628698;-0.047464;0.05624;-0.025867;-0.291302;0.396149;0.571018
167;0.674125;-3.06681;-9.053339;-0.062736;-0.040991;0.019839;-0.292357;0.393906;0.5731
168;0.713055;-3.07446;-8.967029;-0.005954;-0.041274;-0.008349;-0.292371;0.394442;0.572825
169;0.766845;-3.147481;-9.021186;0.036737;-0.008045;-0.002925;-0.291294;0.394126;0.573668
170;0.752394;-3.195785;-9.120823;0.066413;0.031924;-0.015181;-0.290417;0.396228;0.573135
171;0.733113;-3.261031;-9.237356;0.059166;0.032069;-0.008134;-0.291719;0.397103;0.57045
172;0.759944;-3.258677;-9.26878;0.013192;0.00575;-0.025896;-0.292191;0.398868;0.56882
173;0.737939;-3.239222;-9.225436;0.025035;0.019342;0.003285;-0.292759;0.398876;0.570343
174;0.757304;-3.215234;-9.122855;-0.009757;0.011728;0.002353;-0.293604;0.399188;0.568995
175;0.771896;-3.212937;-9.09333;0.016248;0.0045;-0.00381;-0.294917;0.397645;0.568582
176;0.776811;-3.222624;-9.119986;-0.006772;-0.008609;-0.010928;-0.294144;0.399746;0.568561
177;0.791617;-3.263733;-9.24865;0.01636;-0.00283;-0.006472;-0.295235;0.398843;0.569954
178;0.786734;-3.27348;-9.21921;0.012716;-0.0055;-0.002952;-0.29441;0.399891;0.568413
179;0.791549;-3.254133;-9.190129;-0.003441;0.004455;0.000585;-0.29576;0.398998;0.569792
180;0.771922;-3.21288;-9.122675;0.005613;-0.001111;-0.006483;-0.293447;0.398644;0.569537
181;0.767065;-3.220131;-9.127513;0.002082;0.000635;-0.008252;-0.294381;0.398952;0.56896
182;0.762293;-3.239384;-9.205502;0.019051;0.00261;-0.008231;-0.294511;0.398957;0.568953
183;0.801286;-3.27371;-9.138288;0.018768;-0.013424;0.005874;-0.295329;0.399264;0.568124
184;0.796211;-3.232688;-8.989913;-0.00507;-0.061217;-0.004849;-0.294266;0.399483;0.568692
185;0.742532;-3.210615;-8.961767;-0.033789;-0.079405;0.0039;-0.292943;0.399426;0.569282
186;0.708699;-3.239064;-9.230773;-0.017792;-0.120831;0.012656;-0.290072;0.398219;0.572318
187;0.710352;-3.065287;-8.681125;0.070871;-0.212298;0.037311;-0.284722;0.400132;0.573322
188;0.552834;-3.252663;-9.325822;0.109967;-0.195058;0.052351;-0.279322;0.401792;0.572783
189;0.467486;-3.266972;-9.238834;0.231238;-0.204865;0.055094;-0.272334;0.407377;0.57299
190;0.397032;-3.480663;-9.065009;0.192447;-0.160358;0.03037;-0.267021;0.413051;0.570774
191;0.39697;-3.475924;-9.003959;0.146107;-0.180814;0.028508;-0.262156;0.416599;0.569892
192;0.315647;-3.828028;-10.057898;0.045009;-0.074707;0.007368;-0.25916;0.419008;0.570369
193;0.291018;-3.774845;-9.86846;-0.031677;-0.021001;-0.000562;-0.25736;0.419606;0.570188
194;0.188088;-3.619571;-9.523039;-0.083269;-0.034476;-0.012147;-0.25729;0.417992;0.571533
195;0.192504;-3.484092;-9.268568;-0.106527;-0.011127;-0.014763;-0.25675;0.415812;0.574475
196;0.216469;-3.329087;-9.114401;-0.0925;-0.041688;-0.004192;-0.258131;0.412105;0.577747
197;0.080144;-3.328063;-9.287659;-0.003443;-0.009753;0.003006;-0.258827;0.412408;0.576795
198;0.20194;-3.338557;-9.202488;0.075047;-0.00915;0.003128;-0.258548;0.41266;0.577191
199;0.248024;-3.407542;-8.814225;0.151424;0.013545;0.014746;-0.259889;0.415517;0.576259
200;0.259974;-3.444696;-8.471049;0.19224;-0.062252;0.026998;-0.259698;0.42074;0.572491
201;0.196867;-3.59252;-8.469433;0.070814;-0.182953;0.040711;-0.258034;0.424939;0.572197
202;0.158461;-3.669033;-8.987097;-0.08092;-0.143938;0.04767;-0.252012;0.424691;0.573689
203;0.070677;-3.571182;-9.124624;-0.174665;-0.151834;0.051949;-0.24858;0.422122;0.577572
204;-0.041168;-3.526154;-9.511023;-0.166576;-0.153462;0.052816;-0.24403;0.419229;0.583077
205;-0.051574;-3.339845;-9.130504;-0.159677;-0.125163;0.056425;-0.239971;0.413444;0.586569
206;-0.090363;-3.383078;-9.27706;-0.059334;-0.120216;0.037991;-0.235619;0.411503;0.590741
207;-0.212633;-3.278554;-9.009299;0.029836;-0.121322;0.036298;-0.232771;0.413123;0.590845
208;-0.251444;-3.346215;-9.08207;0.055137;-0.104193;0.021332;-0.230494;0.414508;0.589889
209;-0.280629;-3.360563;-9.121388;0.08067;-0.001116;-0.011114;-0.229964;0.415551;0.590145
210;-0.207964;-3.303415;-8.725136;0.098105;0.0064;-0.039319;-0.230411;0.418109;0.589011
211;-0.11732;-3.463725;-8.945944;0.084279;0.010558;-0.014586;-0.230134;0.420383;0.586887
212;-0.158466;-3.540899;-9.116398;0.059425;-0.000596;-0.017304;-0.231405;0.422716;0.584809
213;-0.143963;-3.504667;-9.05323;0.053591;-0.069101;0.009051;-0.231282;0.422712;0.584686
214;-0.270596;-3.537948;-9.093696;0.005617;-0.095104;0.00184;-0.227513;0.424559;0.585091
215;-0.328847;-3.583444;-9.274742;-0.025992;-0.077537;0.021252;-0.223611;0.424003;0.585573
216;-0.377825;-3.51546;-9.139729;-0.013445;-0.083913;0.016829;-0.222795;0.424763;0.586371
217;-0.387489;-3.556669;-9.153831;-0.026615;-0.067921;0.006242;-0.22014;0.423581;0.587712
218;-0.421783;-3.505689;-9.054978;-0.026639;-0.035246;0.003654;-0.220087;0.423969;0.588739
219;-0.387671;-3.491248;-9.07672;-0.099714;-0.02416;-0.000812;-0.217969;0.421747;0.589693
220;-0.402042;-3.510119;-9.326035;-0.097555;0.029084;-0.01925;-0.21844;0.417495;0.59057
221;-0.372946;-3.422833;-9.329558;-0.079738;0.021972;-0.018345;-0.218358;0.416411;0.59216
222;-0.263603;-3.343658;-9.116534;-0.04045;0.01848;-0.022688;-0.219549;0.415264;0.591612
223;-0.309843;-3.355472;-9.165936;0.032476;0.005795;-0.010279;-0.220483;0.414217;0.593536
224;-0.343787;-3.432924;-9.211564;0.044043;0.0196;-0.008487;-0.220778;0.415567;0.592833
225;-0.35379;-3.389557;-9.007062;0.030447;-0.025744;0.002002;-0.221503;0.417207;0.591322
226;-0.348609;-3.476666;-9.183977;0.002059;0.0066;-0.005035;-0.220862;0.41745;0.59122
227;-0.343879;-3.420937;-9.131078;-0.008746;0.033835;-0.003219;-0.221355;0.41813;0.591691
228;-0.300147;-3.370263;-9.077499;-0.024653;0.042545;-0.012035;-0.222637;0.417512;0.591901
229;-0.197796;-3.385421;-9.04145;-0.013083;0.058971;-0.011962;-0.222839;0.415912;0.592973
230;-0.251368;-3.392368;-9.076375;0.037937;0.038344;-0.018143;-0.226242;0.417275;0.589645
231;-0.249057;-3.370718;-8.976458;0.065169;-0.061741;0.007297;-0.226345;0.416874;0.590169
232;-0.32384;-3.568546;-9.455881;0.028766;-0.027482;0.003758;-0.224396;0.417995;0.590369
233;-0.314384;-3.476603;-9.305727;0.023902;0.009924;-0.024423;-0.223142;0.418886;0.589632
234;-0.314719;-3.404208;-9.067348;0.020026;-0.017996;-0.011232;-0.22437;0.418389;0.590877
235;-0.329215;-3.462364;-9.0959;0.02172;0.019389;-0.008513;-0.223686;0.418646;0.589093
236;-0.265963;-3.45318;-8.987506;0.001355;-0.002835;-0.015631;-0.222611;0.419661;0.589897
237;-0.329118;-3.506032;-9.119592;0.023693;0.001033;-0.015618;-0.223468;0.418911;0.588319
238;-0.246275;-3.477233;-9.157963;-0.013949;-0.006356;-0.006819;-0.223238;0.420639;0.587763
239;-0.314393;-3.501002;-9.246614;-0.022926;-0.028087;-0.001594;-0.223352;0.419442;0.588051
240;-0.324192;-3.462057;-9.267003;-0.031669;0.000679;-0.012142;-0.223423;0.420099;0.589193
241;-0.28517;-3.481694;-9.261179;-0.005204;-0.022351;0.003747;-0.221539;0.418547;0.590634
242;-0.343633;-3.488654;-9.276616;0.009354;0.016495;-0.012071;-0.222244;0.420317;0.589509
243;-0.295198;-3.423755;-9.056931;0.016403;0.008366;-0.010296;-0.222658;0.419805;0.588984
244;-0.334097;-3.452606;-9.105925;-0.00141;0.025473;-0.01206;-0.223435;0.419436;0.588953
245;-0.263425;-3.45297;-9.102402;0.009313;0.039134;-0.013767;-0.225151;0.418311;0.588248
246;-0.282877;-3.469838;-9.119521;-0.026197;0.025927;-0.020907;-0.226215;0.418358;0.587672
247;-0.241345;-3.469821;-9.236268;-0.011979;0.031598;-0.017334;-0.226565;0.419031;0.588411
248;-0.224432;-3.433663;-9.141273;-0.015814;0.041826;-0.006712;-0.227858;0.417483;0.588388
249;-0.214516;-3.472347;-9.25538;-0.038999;0.045305;-0.005848;-0.22839;0.417773;0.588092
250;-0.153761;-3.460846;-9.083485;-0.044855;0.096436;-0.02958;-0.231444;0.415752;0.589025
251;-0.168465;-3.360999;-9.18815;-0.047798;0.063169;-0.014631;-0.233209;0.414214;0.589883
252;-0.197899;-3.278382;-9.136236;0.034431;0.079078;-0.02422;-0.236529;0.414227;0.588153
253;-0.015151;-3.362267;-8.933933;0.086612;0.118798;-0.048768;-0.239296;0.417008;0.587148
254;-0.013125;-3.251047;-8.686414;0.123564;0.008838;-0.02068;-0.240366;0.418146;0.58395
255;0.002162;-3.512942;-8.923713;0.156634;0.001931;-0.018026;-0.241574;0.420489;0.58058
256;-0.007922;-3.460003;-8.646018;0.173221;-0.068432;0.000395;-0.239322;0.424677;0.579153
257;0.016674;-3.601024;-8.623628;0.152203;-0.040022;-0.019008;-0.238721;0.42948;0.575807
258;-0.031801;-3.658699;-8.81165;0.030996;-0.01021;-0.024401;-0.237539;0.429987;0.573653
259;-0.089719;-3.744898;-9.292761;-0.043523;0.057901;-0.042913;-0.23743;0.428897;0.575763
260;-0.035694;-3.80277;-9.64551;-0.032833;0.119896;-0.041878;-0.238853;0.428711;0.573232
261;-0.167833;-3.63752;-9.359393;-0.017156;0.122202;-0.02863;-0.241751;0.428834;0.572169
262;-0.040703;-3.817672;-9.461926;-0.033107;0.089285;-0.028698;-0.244967;0.426826;0.572446
263;0.042375;-3.710339;-9.924704;0.031437;0.151331;-0.043473;-0.248158;0.4267;0.570726
264;-0.017325;-3.464062;-9.032454;0.23661;0.169008;-0.055568;-0.252791;0.430121;0.566108
265;0.358872;-3.873558;-9.234815;0.263408;0.185577;-0.051905;-0.257674;0.43677;0.55918
266;0.272754;-4.293725;-10.243626;0.007821;0.413867;-0.116256;-0.265606;0.439533;0.55324
267;0.294391;-4.14389;-7.421534;0.118639;0.0841;-0.050575;-0.273843;0.439895;0.548908
268;0.383722;-4.530309;-11.257534;-0.225662;0.207016;-0.059523;-0.279372;0.437841;0.549452
269;0.532204;-3.922526;-9.48076;-0.201601;0.197226;-0.082398;-0.285638;0.431947;0.550717
270;0.670573;-3.225299;-7.466052;-0.150204;-0.08408;0.009019;-0.28935;0.427;0.553903
271;0.709979;-3.251397;-7.8856;-0.1604;-0.006346;0.026843;-0.287354;0.422893;0.557495
272;0.630705;-3.506857;-8.689319;0.033241;0.070823;-0.011674;-0.285747;0.423619;0.558595
273;0.653238;-3.737242;-8.91483;0.094195;0.09382;-0.022169;-0.289361;0.424582;0.556174
274;0.780811;-3.806704;-9.743104;-0.074247;0.141546;-0.023994;-0.29101;0.424265;0.554283
275;0.770827;-3.729166;-9.627229;-0.045775;0.087337;-0.01877;-0.294155;0.421599;0.553418
276;0.633495;-3.549969;-9.006421;-0.073229;-0.049407;0.014452;-0.293816;0.421571;0.55499
277;0.67966;-3.504193;-8.938048;-0.06607;-0.055786;0.012697;-0.293069;0.418593;0.55693
278;0.743086;-3.52144;-8.975912;-0.014954;-0.023905;-0.001293;-0.291719;0.418663;0.558035
279;0.752959;-3.5846;-8.99178;0.034202;0.029988;-0.008195;-0.29249;0.420048;0.555623
280;0.723718;-3.584442;-8.997117;0.009234;0.022513;-0.008247;-0.292818;0.419517;0.556787
281;0.728726;-3.608549;-9.101771;-0.002218;-0.02039;-0.010998;-0.293389;0.419283;0.555727
282;0.731151;-3.591523;-9.121594;-0.027412;-0.013071;-0.001294;-0.293118;0.419936;0.555982
283;0.728676;-3.584282;-9.092413;-0.012244;0.006109;-0.003004;-0.293054;0.419147;0.554713
284;0.728549;-3.545557;-9.02462;-0.00598;0.002469;-0.004768;-0.293267;0.419812;0.555589
285;0.733385;-3.54079;-8.990395;0.015619;-0.004862;-0.013588;-0.292947;0.419122;0.556792
286;0.733562;-3.586716;-9.102078;-0.003163;0.000544;-0.010069;-0.29304;0.419143;0.554973
287;0.738534;-3.623094;-9.140495;0.002904;0.006285;-0.00122;-0.293648;0.41876;0.555729
288;0.74088;-3.589177;-9.10437;-0.012075;0.007721;-0.010946;-0.294173;0.419049;0.555563
289;0.738289;-3.540749;-9.024555;-0.010394;-0.004894;-0.006551;-0.294384;0.418382;0.556478
290;0.738301;-3.552911;-9.014563;-0.001547;-0.00473;-0.003009;-0.294276;0.419181;0.556072
291;0.733512;-3.574639;-9.068054;0.001871;0.008225;0.004084;-0.293411;0.419954;0.555318
292;0.738436;-3.589179;-9.097071;0.01123;-0.004932;-0.015362;-0.293692;0.419678;0.557383
293;0.714007;-3.559931;-9.088169;0.007613;-0.003089;-0.0136;-0.29386;0.418627;0.556628
294;0.754821;-3.468868;-8.565831;0.028581;-0.048933;0.004008;-0.292451;0.420705;0.556383
295;0.800577;-3.377678;-8.121673;0.044162;-0.214603;0.031965;-0.291626;0.420397;0.557342
296;0.669263;-3.371499;-8.461227;0.095577;-0.349776;0.059977;-0.283303;0.422993;0.558355
297;0.456135;-3.618557;-9.492094;0.257012;-0.358695;0.07597;-0.273292;0.42752;0.559529
298;0.332803;-4.027811;-9.770501;0.243192;-0.261049;0.054888;-0.26524;0.434414;0.557812
299;0.261477;-3.98014;-9.12195;0.114865;-0.180839;0.035453;-0.25904;0.438568;0.55776
300;0.218062;-4.130064;-9.34008;-0.073046;-0.133648;0.020297;-0.252602;0.43952;0.557296
301;0.212962;-3.97939;-9.381906;-0.161917;-0.049479;-0.002582;-0.250713;0.437543;0.561339
302;0.056923;-3.851978;-9.557662;-0.183483;-0.049367;0.005314;-0.25066;0.432713;0.56485
303;-0.067767;-3.69621;-9.410652;-0.167418;-0.009342;-0.000788;-0.250118;0.429601;0.567818
304;0.002179;-3.512904;-8.943276;-0.096501;-0.039326;0.016044;-0.251002;0.426678;0.570706
305;-0.007208;-3.541306;-9.299944;-0.06595;-0.001949;0.007322;-0.247932;0.423852;0.575095
306;0.024355;-3.522228;-9.201984;-0.003532;0.028521;0.005699;-0.249915;0.423405;0.574226
307;0.099888;-3.595783;-9.038166;0.082825;0.034835;0.012888;-0.251106;0.425454;0.573714
308;0.058503;-3.668611;-8.944603;0.049501;0.043107;0.026979;-0.252692;0.427653;0.573048
309;0.177804;-3.64753;-8.855129;0.019227;0.063578;0.02172;-0.255045;0.427616;0.572536
310;0.253005;-3.56092;-8.630525;0.019275;-0.004722;0.020724;-0.256471;0.429161;0.569955
311;0.191837;-3.514827;-8.446408;-0.023828;-0.118306;0.038974;-0.252883;0.428204;0.571856
312;0.095485;-3.770243;-9.228379;-0.0859;-0.14429;0.033508;-0.249678;0.427661;0.573855
313;0.009688;-3.590515;-9.015172;-0.120148;-0.169675;0.047539;-0.244712;0.425969;0.577405
314;-0.095051;-3.565483;-9.127235;-0.121239;-0.172991;0.058104;-0.240453;0.423649;0.57977
315;-0.126978;-3.429344;-9.117862;-0.073915;-0.131808;0.052065;-0.235767;0.421839;0.58292
316;-0.144207;-3.415008;-8.952089;0.033244;-0.141089;0.045982;-0.23088;0.42296;0.584959
317;-0.195292;-3.516366;-9.019388;0.064678;-0.137153;0.041587;-0.227992;0.424912;0.586332
318;-0.222371;-3.468075;-8.805449;0.117132;-0.129317;0.046958;-0.223075;0.426185;0.586426
319;-0.387532;-3.646401;-9.088509;0.101867;-0.106591;0.012483;-0.220561;0.428631;0.585063
320;-0.353313;-3.699985;-9.096839;0.02756;-0.031718;-0.021888;-0.218591;0.430837;0.58316
321;-0.457956;-3.67474;-9.318946;0.024114;0.004548;-0.028024;-0.218414;0.430555;0.584084
322;-0.421808;-3.539875;-8.959015;0.021827;0.011988;-0.013862;-0.219618;0.431465;0.582847
323;-0.460205;-3.728511;-9.264428;-0.001156;0.042591;-0.020916;-0.219868;0.43387;0.583022
324;-0.348334;-3.68084;-9.092387;0.002238;0.000942;-0.012132;-0.219917;0.431484;0.582053
325;-0.300004;-3.577169;-8.829362;0.0233;-0.019488;0.002001;-0.221241;0.432207;0.581444
326;-0.362901;-3.68308;-9.151258;0.01447;0.008657;0.000258;-0.220089;0.432564;0.581236
327;-0.339046;-3.593579;-8.902846;0.005798;-0.040662;-0.007788;-0.219815;0.433027;0.581994
328;-0.358064;-3.738694;-9.159817;-0.026488;-0.02968;0.003662;-0.219338;0.433682;0.581223
329;-0.411687;-3.696993;-9.234715;-0.036934;0.002643;-0.010424;-0.219148;0.43353;0.582404
330;-0.416496;-3.689512;-9.322951;-0.01532;0.029853;-0.020942;-0.219137;0.431397;0.582596
331;-0.341503;-3.54729;-8.972159;-0.00376;0.006179;-0.022713;-0.221771;0.431775;0.581668
332;-0.42142;-3.709101;-9.227316;0.011371;0.016512;-0.01741;-0.221109;0.431879;0.58196
333;-0.328968;-3.637347;-9.029272;0.005808;0.010007;-0.013867;-0.220715;0.431653;0.581618
334;-0.326489;-3.647017;-9.05841;0.003737;0.00854;0.000258;-0.220871;0.431664;0.581091
335;-0.299807;-3.627928;-8.953188;0.010338;0.026258;-0.01912;-0.222375;0.432512;0.582022
336;-0.280211;-3.6595;-9.003694;-0.00676;0.01179;-0.010334;-0.223478;0.432036;0.580683
337;-0.309235;-3.69543;-9.184464;-0.004962;0.010068;-0.008579;-0.223117;0.432692;0.580165
338;-0.331562;-3.581609;-8.961812;-0.005946;-0.00356;-0.006839;-0.223994;0.431123;0.580682
339;-0.324314;-3.576913;-8.898205;0.011129;-0.023577;-0.012158;-0.223444;0.431761;0.58134
340;-0.333602;-3.712363;-9.155194;0.019813;-0.005817;0.002006;-0.222714;0.432141;0.580462
341;-0.309529;-3.618069;-9.002414;0.027064;-0.005991;-0.00592;-0.222877;0.432154;0.579805
342;-0.304463;-3.695682;-9.067011;0.034301;-0.015089;-0.008586;-0.221084;0.432886;0.57949
343;-0.353225;-3.685729;-9.063032;0.004784;-0.002517;-0.005956;-0.222993;0.433645;0.577554
344;-0.314296;-3.671441;-9.018675;-0.01922;0.008038;-0.01125;-0.223143;0.432432;0.579653
345;-0.338586;-3.690642;-9.072506;4.2e-05;0.001421;0.007297;-0.222887;0.434153;0.579616
346;-0.338785;-3.632573;-8.961034;-0.003178;-0.034507;-0.008673;-0.222601;0.434004;0.580154
347;-0.367699;-3.712142;-9.180168;-0.012423;-0.022261;0.008992;-0.221174;0.433415;0.580247
348;-0.367681;-3.695038;-9.234263;-0.002979;0.008065;-0.017428;-0.22199;0.432256;0.579461
349;-0.321693;-3.630151;-9.002388;-0.00335;0.013837;-0.003269;-0.221105;0.432467;0.581573
350;-0.333652;-3.69541;-9.131037;-0.008762;-0.006038;0.002858;-0.220419;0.430036;0.582328
351;-0.367906;-3.651654;-9.063848;-0.034208;-0.008617;-0.018379;-0.220788;0.429647;0.582708
352;-0.324196;-3.615657;-8.956217;-0.062158;0.005968;-0.006886;-0.222383;0.429585;0.581849
353;-0.31462;-3.516133;-8.957804;-0.030971;-0.008278;-0.0051;-0.223168;0.428794;0.584161
354;-0.319411;-3.590932;-9.066433;-0.002026;0.010838;-0.019166;-0.221891;0.42909;0.584331
355;-0.302335;-3.608047;-9.051205;0.02439;-0.005773;-0.001503;-0.223192;0.429433;0.581662
356;-0.31434;-3.668535;-9.135921;0.022717;0.00321;-0.005911;-0.222271;0.429127;0.581979
357;-0.329115;-3.610287;-9.07847;0.005911;0.001951;-0.01388;-0.222839;0.430358;0.581006
358;-0.372475;-3.738151;-9.402134;0.004448;0.06801;-0.028781;-0.223291;0.430896;0.582261
359;-0.411086;-3.791305;-9.570704;-0.053327;0.192435;-0.04892;-0.226665;0.428955;0.581511
360;-0.304474;-3.622568;-9.200332;-0.046874;0.290063;-0.07075;-0.234233;0.427532;0.580116
361;0.054707;-3.305927;-8.114665;0.036323;0.134739;-0.043478;-0.241298;0.42729;0.578453
362;-0.032079;-3.508163;-8.794712;-0.003355;0.046309;-0.008413;-0.243443;0.426323;0.576944
363;0.048784;-3.624614;-9.065338;0.014959;0.036916;-0.026062;-0.244746;0.426509;0.57674
364;0.079993;-3.511241;-8.751389;0.045028;-0.053478;-0.012065;-0.244016;0.426889;0.575861
365;-4.7e-05;-3.590437;-9.029993;0.026995;-0.099537;0.00369;-0.239666;0.428326;0.575013
366;-0.060725;-3.648087;-9.198638;0.008848;-0.060166;0.017861;-0.236256;0.42805;0.575979
367;-0.153465;-3.638158;-9.068168;0.040696;-0.049791;-0.013902;-0.236709;0.429121;0.577219
368;-0.125074;-3.435417;-8.496611;0.10617;-0.022729;-0.040245;-0.234263;0.430892;0.577037
369;-0.094662;-3.701144;-9.300934;0.042242;0.059376;-0.048991;-0.234968;0.432662;0.575912
370;-0.28502;-3.6252;-9.146194;0.147174;0.117865;-0.039082;-0.237775;0.433345;0.5716
371;-0.279604;-3.76542;-9.486019;0.196851;0.221219;-0.069733;-0.241636;0.435805;0.566921
372;0.097242;-3.737634;-8.517324;0.180371;0.204701;-0.059092;-0.246441;0.440172;0.561488
373;-0.055387;-3.881121;-9.265416;0.172606;0.210164;-0.06267;-0.252936;0.443942;0.555854
374;0.320168;-4.072629;-9.168358;0.213413;0.138018;-0.045908;-0.258148;0.447397;0.550038
375;0.335748;-4.431389;-9.548243;0.129499;0.143971;-0.036303;-0.263669;0.450849;0.54576
376;0.17976;-4.430635;-9.531057;0.063741;0.246472;-0.098034;-0.269186;0.452436;0.541536
377;0.569182;-2.955014;-6.322982;0.100142;0.198319;-0.050184;-0.275839;0.451798;0.537836
378;0.691264;-4.165675;-9.74066;-0.198367;0.143293;-0.057753;-0.279978;0.450762;0.537776
379;0.668;-4.470273;-10.398399;-0.30016;0.171771;-0.087868;-0.286265;0.443916;0.54114
380;0.504185;-3.766615;-8.407948;-0.24226;-0.02705;-0.01402;-0.289407;0.436807;0.545325
381;0.604881;-3.197909;-7.643589;-0.166236;-0.000619;0.003859;-0.289731;0.432655;0.549055
382;0.72245;-3.392224;-7.931867;-0.055396;0.026503;-0.003007;-0.288509;0.430309;0.552685
383;0.709245;-3.818078;-8.702275;0.038265;0.062958;-0.034656;-0.288314;0.428715;0.551447
384;0.734887;-4.020163;-9.752312;-0.095335;0.06477;-0.032157;-0.290201;0.42827;0.549936
385;0.805369;-3.821039;-9.928329;-0.124068;0.101986;-0.025891;-0.293846;0.42642;0.549408
386;0.665329;-3.59855;-9.083344;-0.094385;7.3e-05;0.000404;-0.295046;0.424851;0.551203
387;0.684517;-3.506694;-8.913478;-0.062384;-0.050463;0.006531;-0.293541;0.421714;0.552799
388;0.740504;-3.519311;-8.814595;-0.005291;-0.022799;0.004017;-0.292423;0.421522;0.554418
389;0.738346;-3.613759;-8.945033;0.036138;0.024362;-0.015277;-0.292445;0.422459;0.554001
390;0.692275;-3.669078;-9.101271;0.04343;0.027053;-0.020579;-0.292983;0.422084;0.553595
391;0.711709;-3.632748;-9.101608;0.025495;0.007932;-0.015331;-0.29355;0.422915;0.552634
392;0.738521;-3.632875;-9.106091;0.001251;-0.012063;-0.00656;-0.295338;0.42298;0.553056
393;0.728865;-3.686255;-9.105308;-0.017311;0.004835;-0.015386;-0.293901;0.424253;0.553353
394;0.733553;-3.623306;-9.0183;-0.023855;0.009636;-0.003013;-0.294819;0.422693;0.553092
395;0.765052;-3.577551;-8.901242;0.001041;0.01714;-0.001191;-0.296039;0.423018;0.551981
396;0.7871;-3.618854;-8.949096;0.008165;0.013606;0.000579;-0.296973;0.42306;0.551413
397;0.772643;-3.65742;-9.06113;0.016472;-0.001132;-0.010047;-0.296603;0.422383;0.551064
398;0.77274;-3.681582;-9.124287;-0.002508;0.001766;0.0023;-0.296605;0.423182;0.55104
399;0.7823;-3.618664;-9.03476;-0.012082;-0.006836;-0.010085;-0.295819;0.422351;0.551236
400;0.782239;-3.604172;-8.993442;-0.033553;0.0003;-0.008328;-0.296571;0.423174;0.55169
401;0.757894;-3.608868;-9.013291;0.00374;-0.002784;0.000534;-0.29605;0.421555;0.551765
402;0.770147;-3.628283;-9.051893;-0.001525;-0.002919;-0.003003;-0.295854;0.421668;0.553067
403;0.757995;-3.633021;-9.081339;-0.003296;0.018859;-0.004731;-0.296552;0.422347;0.554564
404;0.757949;-3.618497;-9.057139;-0.00233;0.013315;-0.008273;-0.296311;0.422498;0.551723
405;0.772543;-3.618633;-9.025126;-0.009533;0.002421;-0.004767;-0.296618;0.421962;0.553277
406;0.782292;-3.618682;-9.024978;-0.011384;-0.002964;-0.001245;-0.297496;0.421883;0.55129
407;0.772618;-3.623343;-9.100849;0.016277;0.006379;-0.001196;-0.296878;0.422106;0.553259
408;0.792142;-3.633133;-9.112609;-0.023006;0.004269;0.000526;-0.297384;0.422523;0.553479
409;0.806681;-3.618764;-9.046615;-0.005107;0.004313;-0.002982;-0.296671;0.421708;0.552245
410;0.782218;-3.592029;-8.993653;-0.013043;-0.0086;-0.007438;-0.297851;0.421358;0.551934
411;0.743166;-3.565145;-8.980041;0.023587;0.000726;-0.010918;-0.297342;0.421581;0.554285
412;0.752969;-3.5797;-9.013874;0.014767;0.002357;-0.015339;-0.297238;0.421183;0.553785
413;0.772554;-3.613733;-9.047219;0.021517;-0.002543;0.004091;-0.297984;0.421872;0.554372
414;0.792114;-3.628319;-9.090685;-0.007161;0.019182;0.009406;-0.29805;0.421754;0.553077
415;0.801803;-3.608996;-9.061531;0.001297;-0.002179;-0.010054;-0.297844;0.421223;0.552068
416;0.789595;-3.599234;-9.054549;-0.028121;-0.006993;-0.010983;-0.29626;0.420623;0.552687
417;0.78961;-3.594325;-9.081533;-0.02287;-0.010446;-0.005684;-0.296603;0.420627;0.553576
418;0.782265;-3.582173;-9.067184;-0.00497;-0.015821;-0.008325;-0.29687;0.421705;0.5534
419;0.796896;-3.589542;-9.061944;-0.001406;-0.012159;-0.00831;-0.2979;0.421344;0.553486
420;0.7725;-3.574847;-9.062569;-0.013419;0.002784;0.010248;-0.29637;0.42049;0.553074
421;0.767613;-3.574851;-9.047971;0.015623;0.006048;-0.013559;-0.296328;0.419682;0.553877
422;0.777412;-3.584539;-9.08678;0.002011;0.018944;-0.002948;-0.29697;0.419706;0.553972
423;0.782332;-3.611278;-9.08624;0.016384;0.005327;-0.006493;-0.298023;0.421614;0.553601
424;0.78229;-3.58943;-9.08173;0.003834;0.004381;-0.003858;-0.297751;0.421868;0.553867
425;0.809106;-3.609052;-9.051638;0.005569;-0.001918;-0.001214;-0.299059;0.421256;0.553556
426;0.789517;-3.579905;-9.003535;-0.004086;-0.020373;-0.008332;-0.297817;0.421084;0.552591
427;0.796716;-3.594254;-9.007885;-0.003316;-0.001827;0.00054;-0.298358;0.42158;0.552911
428;0.784556;-3.594135;-9.037416;-0.01043;-0.013702;0.000504;-0.297441;0.42021;0.553129
429;0.791859;-3.589315;-9.037389;-0.006535;-0.008627;-0.015376;-0.297634;0.421828;0.551906
430;0.787053;-3.613519;-9.066384;0.000374;-0.010085;-0.003893;-0.297483;0.420886;0.55233
431;0.767563;-3.593901;-9.113483;0.003971;-0.012792;-0.00478;-0.298381;0.419454;0.552454
432;0.801726;-3.618356;-9.114985;-0.001505;-0.026311;0.002258;-0.297144;0.421257;0.553891
433;0.782307;-3.601583;-9.076627;-0.003473;-0.019079;0.005799;-0.297109;0.421311;0.553788
434;0.762691;-3.55543;-9.031266;-0.004844;-0.009633;-0.015381;-0.297082;0.421038;0.554315
435;0.72849;-3.516432;-9.015346;0.025441;0.002481;-0.014444;-0.296643;0.420903;0.552788
436;0.790845;-3.406848;-8.082187;0.044492;-0.082445;0.007501;-0.296831;0.421962;0.554172
437;0.807731;-3.402442;-7.893716;-0.025683;-0.431068;0.056167;-0.288198;0.422806;0.556158
438;0.518918;-3.47633;-9.112144;0.10111;-0.464005;0.06677;-0.277024;0.423933;0.559825
439;0.4173;-3.635075;-9.639116;0.295933;-0.360792;0.05127;-0.266665;0.429119;0.560222
440;0.203989;-4.114144;-9.998368;0.26256;-0.174334;0.022369;-0.256271;0.438183;0.558824
441;0.20074;-4.008666;-9.281322;0.118153;-0.08522;0.002075;-0.252555;0.440866;0.555705
442;0.237769;-4.222337;-9.396864;-0.012747;-0.049306;-0.008609;-0.251704;0.442307;0.554672
443;0.218299;-4.192924;-9.485703;-0.159964;-0.042316;-0.007882;-0.251868;0.441231;0.556508
444;0.049372;-3.879291;-9.229626;-0.242683;-0.082291;0.019301;-0.251856;0.435853;0.561716
445;-0.124133;-3.62836;-9.187716;-0.324779;-0.05936;0.015698;-0.250354;0.426386;0.570749
446;-0.148465;-3.552575;-9.382586;-0.342813;-0.010171;0.022846;-0.249284;0.419897;0.576434
447;-0.080961;-3.322948;-9.001639;-0.264942;-0.035304;0.048533;-0.249855;0.41309;0.580358
448;0.145141;-3.188215;-8.809638;-0.204442;-0.051812;0.058356;-0.246799;0.40914;0.58502
449;0.125708;-3.212355;-8.833966;-0.061539;-0.079843;0.053156;-0.246699;0.407495;0.589477
450;-0.010225;-3.344544;-9.190747;-0.054137;-0.008145;0.040901;-0.246865;0.405377;0.588754
451;0.064527;-3.158976;-8.649977;-0.035552;-0.132498;0.048649;-0.243758;0.406297;0.591352
452;-0.1295;-3.360691;-9.319432;-0.109079;-0.088863;0.030042;-0.240349;0.405731;0.594787
453;-0.098598;-3.109039;-8.929643;-0.120075;-0.205055;0.044833;-0.235671;0.401924;0.597737
454;-0.222062;-3.262602;-9.567077;-0.137298;-0.086665;0.01587;-0.233725;0.399825;0.600363
455;-0.179201;-2.953005;-9.033839;-0.023317;-0.080311;0.016933;-0.231196;0.39665;0.601755
456;-0.295664;-3.136549;-9.257382;0.065806;-0.046584;0.023239;-0.228307;0.398127;0.602642
457;-0.101136;-3.075121;-8.881364;0.135661;-0.0157;0.004008;-0.227404;0.401979;0.600117
458;-0.212679;-3.273214;-9.129033;0.093854;-0.008748;0.002161;-0.227828;0.404291;0.596918
459;-0.256409;-3.239123;-9.191605;0.096962;0.050483;-0.025985;-0.227912;0.40821;0.597332
460;-0.304654;-3.379176;-9.478449;0.104479;0.175553;-0.047823;-0.23154;0.409443;0.594643
461;-0.147437;-3.163211;-8.548148;0.120893;0.152961;-0.075175;-0.237277;0.411564;0.59117
462;-0.127442;-3.308477;-8.828977;0.126811;0.056402;-0.048876;-0.239751;0.411821;0.588312
463;-0.109678;-3.511785;-9.228651;0.047575;0.060284;-0.050736;-0.24118;0.414831;0.585688
464;-0.015124;-3.381711;-8.926259;0.082485;-0.08848;-0.008573;-0.240982;0.415501;0.584513
465;-0.056351;-3.439559;-9.043253;0.0716;-0.092814;0.001988;-0.238865;0.418763;0.582976
466;-0.115762;-3.248714;-8.370115;0.157674;-0.215315;0.023027;-0.233317;0.421212;0.58281
467;-0.095267;-3.578152;-8.855585;0.139853;-0.118251;-0.018325;-0.228963;0.424779;0.582029
468;-0.289396;-3.789846;-9.387929;0.048974;-0.047992;-0.021002;-0.225653;0.427722;0.581083
469;-0.522952;-3.8219;-9.782166;0.011243;0.110982;-0.056993;-0.225965;0.427611;0.580033
470;-0.148647;-3.584673;-9.110597;0.04021;0.160364;-0.047025;-0.229483;0.428044;0.576986
471;-0.481198;-3.838457;-10.118703;-0.030803;0.234388;-0.055891;-0.2342;0.427174;0.575725
472;-0.388957;-3.673962;-10.027245;0.062415;0.334405;-0.085568;-0.241346;0.427084;0.5725
473;0.332958;-3.413657;-8.387341;0.15351;0.101057;-0.009783;-0.245972;0.430237;0.568019
474;-0.095855;-4.054306;-10.018627;0.120845;0.182883;-0.050441;-0.251839;0.432363;0.564538
475;0.235164;-3.978342;-9.850913;0.130658;0.312639;-0.099525;-0.260366;0.434683;0.560239
476;0.66472;-3.389676;-8.96454;-0.09797;0.57276;-0.120286;-0.270812;0.433801;0.555696
477;0.237154;-4.579077;-8.145802;0.25935;-0.054501;-0.013654;-0.275074;0.438543;0.550798
478;0.386286;-4.665999;-11.294081;-0.284822;0.411245;-0.096277;-0.282046;0.434284;0.550942
479;0.728706;-3.849385;-8.759941;-0.185259;0.234984;-0.102561;-0.292315;0.427902;0.549808
480;0.918722;-3.161127;-7.262705;-0.225161;0.0007;0.005646;-0.295696;0.424949;0.551917
481;0.76609;-3.263176;-8.08977;-0.148697;-0.037861;0.030341;-0.295195;0.420889;0.556596
482;0.5845;-3.549722;-8.877383;0.011021;-0.04808;-0.00136;-0.292744;0.419039;0.558982
483;0.626107;-3.63243;-8.914438;-0.022738;-0.077575;-0.004988;-0.289099;0.418093;0.559461
484;0.711795;-3.592986;-9.439575;-0.153353;-0.136154;0.02127;-0.287339;0.415854;0.563506
485;0.613124;-3.263574;-8.737654;0.038627;-0.311959;0.056455;-0.280396;0.417456;0.562791
486;0.216783;-3.415589;-9.462394;0.293271;-0.423119;0.09703;-0.267454;0.422011;0.563084
487;0.247411;-4.022148;-9.835293;0.331669;-0.196654;0.048034;-0.260569;0.428662;0.563772
488;0.205155;-3.833614;-9.267003;0.196223;-0.111087;0.026859;-0.256332;0.433588;0.560744
489;0.173918;-4.081134;-9.282732;0.06282;-0.103565;0.009025;-0.254363;0.436327;0.558825
490;0.334387;-3.970642;-9.071922;-0.113904;-0.016138;0.003755;-0.252845;0.437449;0.560686
491;0.263607;-3.873001;-9.14561;-0.202234;-0.091291;0.008789;-0.251506;0.434567;0.56408
492;-0.051211;-3.626147;-9.137561;-0.303191;-0.144569;0.016451;-0.249859;0.427269;0.568396
493;-0.197276;-3.583611;-9.402167;-0.326619;-0.167932;0.031357;-0.246042;0.420375;0.577219
494;-0.301674;-3.557821;-9.905495;-0.30525;-0.102079;0.034146;-0.241185;0.413864;0.583625
495;-0.263328;-3.347355;-9.585791;-0.253539;-0.017171;0.067084;-0.239617;0.408157;0.588927
496;-0.081356;-3.123915;-8.946422;-0.154689;0.07043;0.056843;-0.241656;0.404008;0.591418
497;-0.047047;-3.162671;-9.087057;-0.077582;0.168726;0.034177;-0.244738;0.401303;0.594312
498;0.067061;-3.081325;-8.754176;-0.019408;0.223076;-0.024782;-0.251024;0.400365;0.592712
499;0.205973;-3.094221;-8.727392;0.009435;0.183853;-0.036275;-0.256625;0.399151;0.589343
500;0.339685;-3.034675;-8.474531;0.021726;-0.06476;-0.013768;-0.259416;0.400206;0.587869
501;0.389214;-3.228206;-8.988825;0.050825;-0.238187;0.021237;-0.255979;0.400191;0.589346
502;0.244998;-3.135791;-8.682061;0.056672;-0.255906;0.037071;-0.249934;0.401801;0.591303
503;0.007629;-3.497021;-9.633057;-0.06483;-0.298819;0.061484;-0.241589;0.403726;0.592725
504;-0.217025;-3.292087;-9.532434;-0.137749;-0.171703;0.038655;-0.234671;0.401024;0.596537
505;-0.402509;-3.150344;-9.508368;-0.069721;-0.015208;0.016054;-0.228813;0.399964;0.599857
506;-0.380804;-3.072948;-9.401791;-0.016061;0.059464;0.003034;-0.230217;0.399084;0.600197
507;-0.293021;-3.131794;-9.340748;0.019563;0.167657;-0.043495;-0.234087;0.396969;0.600312
508;-0.108086;-3.099227;-9.084195;0.104687;0.280324;-0.071377;-0.240242;0.400044;0.596271
509;0.078887;-2.994421;-8.515865;0.195138;0.088927;-0.039816;-0.245362;0.404011;0.592257
510;0.080118;-3.335434;-9.243515;0.189765;0.084753;-0.027491;-0.249475;0.407835;0.585194
511;0.147676;-3.227583;-8.681939;0.209171;-0.046758;-0.015351;-0.249735;0.413462;0.582685
512;0.05596;-3.503055;-9.152931;0.143006;-0.090421;0.0021;-0.246846;0.416029;0.581079
513;0.06727;-3.392917;-8.372167;0.122007;-0.206591;0.02304;-0.241477;0.420092;0.57995
514;-0.053919;-3.595609;-8.727497;0.005194;-0.160184;0.022952;-0.237525;0.421789;0.581404
515;-0.139071;-3.560725;-8.961702;-0.097552;-0.07467;-0.015867;-0.233274;0.419737;0.583632
516;-0.167457;-3.624496;-9.814447;-0.171928;0.013382;-0.03874;-0.230499;0.416422;0.584783
517;-0.128563;-3.646286;-9.820635;-0.139422;0.170481;-0.063101;-0.233375;0.413525;0.587157
518;-0.226579;-3.315419;-9.86945;-0.01638;0.154332;-0.061221;-0.236794;0.410606;0.586026
519;-0.226057;-3.470287;-10.157743;0.099617;0.208103;-0.060989;-0.242129;0.412043;0.582851
520;0.037928;-3.185194;-8.83577;0.219243;0.111323;-0.032703;-0.248855;0.414352;0.577764
521;-0.028287;-3.758146;-10.00546;0.272327;0.155452;-0.038795;-0.250211;0.420192;0.571564
522;0.295611;-3.916327;-9.428031;0.26829;0.274426;-0.071166;-0.258213;0.425744;0.566832
523;0.426906;-3.795778;-9.318098;0.160399;0.226112;-0.073109;-0.264356;0.430306;0.560545
524;0.620834;-3.482139;-8.758186;-0.113482;0.588252;-0.148557;-0.276241;0.429217;0.555672
525;0.239898;-4.512583;-8.628652;0.288134;-0.02258;-0.022375;-0.284037;0.434238;0.549931
526;0.507104;-4.361736;-10.717998;-0.171817;0.301426;-0.083952;-0.288931;0.433118;0.547762
527;0.828762;-3.817894;-8.979053;-0.089104;0.232449;-0.090942;-0.297426;0.430402;0.545967
528;1.002191;-3.352793;-7.575999;-0.087648;-0.03538;0.007504;-0.299114;0.426849;0.548313
529;0.814723;-3.295356;-7.902627;-0.098394;-0.068822;0.014446;-0.296956;0.425016;0.550035
530;0.703848;-3.574857;-8.750423;-0.001619;0.002755;0.001408;-0.298221;0.422663;0.550555
531;0.724128;-3.773126;-9.250407;0.004297;0.041406;-0.020594;-0.29997;0.422986;0.551748
532;0.875597;-3.75844;-9.703201;-0.117035;0.08683;-0.018826;-0.298045;0.422647;0.551471
533;0.840919;-3.61567;-9.349191;-0.07267;-0.00347;-0.006595;-0.299999;0.420462;0.551173
534;0.762347;-3.48493;-8.939394;-0.067792;-0.067488;0.014463;-0.297451;0.418215;0.552928
535;0.752333;-3.426959;-8.752263;-0.031916;-0.056614;0.002162;-0.299716;0.417226;0.554132
536;0.911937;-3.286695;-7.612752;-0.011071;-0.289669;0.030899;-0.295445;0.416235;0.556719
537;0.76159;-3.303765;-8.436371;0.048995;-0.429668;0.077455;-0.284186;0.417902;0.559468
538;0.223099;-3.780539;-10.382733;0.241893;-0.416266;0.092546;-0.273189;0.424107;0.562201
539;0.330351;-3.978508;-10.013305;0.278485;-0.220188;0.034706;-0.264908;0.430334;0.559867
540;0.234608;-3.872308;-9.427277;0.197328;-0.098561;0.01806;-0.25758;0.434186;0.559106
541;0.251485;-3.96544;-9.034144;0.083892;-0.104038;0.021443;-0.255047;0.43756;0.558106
542;0.324943;-4.067434;-9.226883;-0.100291;-0.048905;-0.002489;-0.255574;0.438515;0.55792
543;0.280624;-3.926816;-8.990358;-0.185476;-0.181773;0.022752;-0.251582;0.43565;0.562619
544;0.041482;-3.716633;-9.053885;-0.331943;-0.209984;0.03043;-0.245765;0.429624;0.570098
545;-0.357911;-3.60183;-9.607249;-0.369731;-0.191396;0.04888;-0.241955;0.419801;0.578748
546;-0.342922;-3.613279;-10.002969;-0.388567;-0.134061;0.054282;-0.23786;0.410496;0.587915
547;-0.338947;-3.281304;-9.636993;-0.339956;-0.07703;0.065082;-0.235264;0.405949;0.593108
548;-0.155116;-2.914754;-8.784715;-0.172539;-0.063957;0.066261;-0.232872;0.400334;0.599357
549;-0.052767;-2.954298;-8.696887;-0.001095;-0.011017;0.055108;-0.232017;0.398288;0.600887
550;-0.159419;-3.091431;-9.084928;0.119143;0.145553;0.017552;-0.234543;0.399732;0.599545
551;-0.057035;-3.162589;-8.974542;0.243662;0.105041;-0.004448;-0.239088;0.403424;0.594145
552;0.008674;-3.219198;-8.75737;0.266275;-0.007844;-0.013475;-0.240255;0.410045;0.589097
553;-0.042354;-3.333187;-8.702362;0.243725;-0.127565;0.006541;-0.237774;0.415828;0.587116
554;-0.061289;-3.548818;-8.914087;0.108346;-0.128832;0.000177;-0.234268;0.421041;0.584947
555;-0.24606;-3.659034;-9.203521;-0.010348;-0.091429;0.003592;-0.231484;0.421743;0.583779
556;-0.17802;-3.554988;-9.184737;-0.035687;-0.118497;0.0212;-0.228382;0.421864;0.586271
557;-0.358294;-3.514916;-9.342225;-0.06311;-0.02809;0.005413;-0.22843;0.421185;0.587843
558;-0.271122;-3.370332;-8.988844;-0.007294;-0.067311;0.021328;-0.225788;0.419473;0.58894
559;-0.385477;-3.418095;-9.107123;0.025096;0.02716;0.003861;-0.225461;0.419448;0.590253
560;-0.27351;-3.375087;-9.035259;0.089583;0.014597;-0.008422;-0.225571;0.420938;0.588131
561;-0.338768;-3.595401;-9.215816;0.088279;0.129461;-0.03472;-0.227748;0.422108;0.586039
562;-0.328451;-3.750214;-9.557758;0.041567;0.249306;-0.064565;-0.232135;0.423234;0.583701
563;-0.114766;-3.501919;-9.165139;0.076736;0.306043;-0.092592;-0.240895;0.425482;0.579285
564;0.040587;-3.34862;-8.603205;0.147441;0.184319;-0.064448;-0.247786;0.425974;0.575429
565;0.109706;-3.639561;-9.02992;0.147621;0.167977;-0.064486;-0.254915;0.428834;0.570047
566;0.270141;-3.558398;-8.723232;0.166527;0.039881;-0.025819;-0.258001;0.431771;0.567855
567;0.141517;-3.780833;-8.897375;0.173517;-0.058679;-0.008404;-0.25635;0.436797;0.564817
568;0.202781;-3.919355;-9.006522;0.062963;-0.070536;-0.00855;-0.255537;0.440777;0.56306
569;0.10671;-3.654851;-8.523331;0.108482;-0.034769;-0.015496;-0.252472;0.44061;0.562945
570;0.162637;-3.621282;-8.447261;0.144281;-0.040116;-0.02163;-0.253414;0.442942;0.559718
571;0.082997;-3.919001;-8.748956;0.139905;0.00446;-0.022474;-0.250915;0.446457;0.558064
572;0.08052;-3.921517;-8.697597;0.136947;0.0645;-0.055917;-0.251625;0.448519;0.554339
573;0.013215;-4.133637;-9.340497;-0.012829;0.137916;-0.056853;-0.255876;0.450171;0.552123
574;0.208171;-4.159023;-9.280857;-0.059659;0.167028;-0.03825;-0.25875;0.447624;0.551527
575;-0.020656;-3.967701;-9.791577;-0.00898;0.253765;-0.07868;-0.264766;0.44433;0.549518
576;0.570447;-3.856126;-8.757514;0.081422;0.207363;-0.05908;-0.271511;0.44542;0.546539
577;0.291776;-4.233928;-9.821333;0.10892;0.240017;-0.081162;-0.276373;0.446847;0.542484
578;0.756582;-3.797062;-7.141794;0.296345;0.026184;-0.018539;-0.282066;0.451779;0.537377
579;0.5115;-4.694397;-12.13062;-0.57948;0.222122;-0.066935;-0.284569;0.446801;0.538944
580;0.798468;-4.092577;-10.016451;-0.359817;0.206471;-0.099278;-0.291631;0.438063;0.54307
581;0.804446;-3.286729;-7.316049;-0.359981;-0.105534;0.019362;-0.294485;0.429071;0.547845
582;0.668166;-3.071067;-7.96744;-0.255756;-0.083309;0.030116;-0.291971;0.422896;0.556449
583;0.664052;-3.281455;-8.41623;-0.044957;-0.005342;0.019903;-0.289839;0.42027;0.557675
584;0.625644;-3.550567;-8.549068;0.062788;-0.011508;-0.008283;-0.290065;0.420406;0.558306
585;0.676104;-3.791353;-9.872116;-0.072347;0.077949;-0.024148;-0.288266;0.421598;0.557356
586;0.791127;-3.815245;-10.373698;-0.052435;0.195981;-0.039746;-0.291164;0.418392;0.55626
587;0.784784;-3.545434;-9.234069;-0.051587;-0.018597;0.003986;-0.295746;0.416293;0.557633
588;0.698794;-3.356384;-8.818064;-0.053595;-0.112051;0.014381;-0.29229;0.41654;0.559492
589;0.708683;-3.404878;-8.883094;0.003741;-0.041005;-0.000423;-0.292165;0.415471;0.5594
590;0.752669;-3.492038;-9.005441;0.064678;0.030279;-0.011683;-0.292317;0.416217;0.559734
591;0.75035;-3.542961;-9.038825;0.055842;0.035575;-0.01522;-0.293462;0.416816;0.557584
592;0.743164;-3.564587;-9.138817;0.055812;0.010238;-0.010859;-0.294113;0.418174;0.55751
593;0.718834;-3.571687;-9.170852;0.043293;-0.00252;-0.008257;-0.293953;0.417653;0.555591
594;0.728602;-3.591194;-9.155692;-0.004923;0.013464;-0.007396;-0.295354;0.419036;0.555994
595;0.772264;-3.545553;-9.011549;-0.005044;0.017156;-0.003841;-0.294973;0.419555;0.555869
596;0.78187;-3.521539;-8.89689;0.007287;0.015581;0.002356;-0.29537;0.420371;0.555695
597;0.781974;-3.540811;-8.977249;0.011298;0.007846;-0.017086;-0.297484;0.419929;0.554819
598;0.779768;-3.591482;-9.140239;0.012802;0.002837;-0.001201;-0.296215;0.420684;0.554346
599;0.777337;-3.603646;-9.122947;-0.011201;-0.005645;-0.004781;-0.294665;0.420091;0.554316
600;0.777224;-3.57464;-9.052538;-0.002467;0.006427;0.002321;-0.297245;0.420057;0.554439
601;0.777285;-3.55069;-9.009119;-0.002888;-0.003487;-0.024194;-0.296947;0.418502;0.554396
602;0.784613;-3.555565;-9.018704;0.007369;0.013497;-0.003832;-0.296081;0.418742;0.553658
603;0.779807;-3.570017;-9.067433;-0.0014;0.007814;-0.010038;-0.297078;0.419306;0.554366
604;0.787186;-3.589407;-9.10611;0.002221;0.005982;-0.011804;-0.296677;0.419688;0.554635
605;0.782265;-3.574858;-9.081984;-0.0085;-0.002273;-0.01095;-0.297298;0.419308;0.555131
606;0.796856;-3.565252;-9.064813;-0.006776;-0.003107;-0.008295;-0.297637;0.419602;0.553551
607;0.791958;-3.560403;-9.047853;-0.017555;0.005966;-0.005641;-0.297804;0.419991;0.555343
608;0.78463;-3.550651;-9.048134;0.007461;-0.008396;-0.006526;-0.29689;0.420087;0.555518
609;0.782254;-3.579758;-9.059891;-0.015543;-0.006089;-0.015383;-0.297003;0.418224;0.555826
610;0.779811;-3.570008;-9.072324;0.0057;-0.004791;-0.007406;-0.296593;0.419027;0.553752
611;0.796713;-3.56013;-9.072058;-0.003096;0.005187;-0.01004;-0.297573;0.419659;0.555599
612;0.782073;-3.555217;-9.062584;-0.004906;-0.004784;-0.008299;-0.296398;0.419078;0.555808
613;0.782093;-3.560051;-9.074726;0.00236;-0.001243;-0.014466;-0.297832;0.419536;0.555589
614;0.791818;-3.5504;-9.06741;0.013558;0.015678;0.003248;-0.297095;0.42018;0.554832
615;0.772321;-3.552739;-9.062775;0.011162;-0.011921;-0.008298;-0.296874;0.419113;0.554098
616;0.777221;-3.560021;-9.077246;0.009599;0.00596;-0.019744;-0.296381;0.418166;0.553634
617;0.786948;-3.555242;-9.06251;-0.00143;0.00807;-0.004735;-0.297674;0.420214;0.553635
618;0.796679;-3.545577;-9.062531;-0.012133;0.004338;-0.004751;-0.297237;0.419522;0.554585
619;0.786939;-3.555261;-9.052729;0.001258;-0.001915;-0.004753;-0.296253;0.419227;0.553609
620;0.777193;-3.55033;-9.065188;-0.008493;0.007923;-0.008278;-0.297385;0.418732;0.554211
621;0.796706;-3.560144;-9.064722;0.001343;-0.006555;-0.008292;-0.296779;0.419515;0.553443
622;0.772326;-3.545415;-9.082465;0.015527;-0.008129;-0.003868;-0.297618;0.419003;0.554709
623;0.777212;-3.56004;-9.067465;0.001323;-0.005615;-0.007413;-0.297426;0.419141;0.55342
624;0.777212;-3.56004;-9.067465;0.008634;-0.010308;-0.015362;-0.297604;0.4186;0.554981
625;0.782107;-3.574646;-9.062245;-0.001322;-0.01294;-0.008314;-0.296541;0.418953;0.555545
626;0.786977;-3.569804;-9.067146;0.011114;-0.000966;-0.006507;-0.296269;0.419206;0.555811
627;0.782215;-3.550591;-9.072625;-0.00168;0.006336;0.003209;-0.297687;0.419723;0.555098
628;0.782233;-3.570053;-9.055169;0.004825;-0.006644;-0.008294;-0.296416;0.418612;0.55468
629;0.787097;-3.555473;-9.072466;-0.003479;0.017234;0.00323;-0.297194;0.419175;0.554623
630;0.796845;-3.560399;-9.062451;-0.004962;0.000501;-0.010052;-0.297972;0.41894;0.554588
631;0.777345;-3.555433;-9.067724;-0.013824;0.011257;-0.013578;-0.29956;0.419008;0.553855
632;0.770023;-3.550544;-9.065475;0.003686;-0.00453;0.003189;-0.296525;0.418612;0.555063
633;0.796864;-3.560356;-9.08446;0.003751;-0.006425;0.000542;-0.297085;0.419441;0.554232
634;0.791959;-3.555526;-9.057719;-0.005302;0.00273;0.005849;-0.296905;0.417294;0.555211
635;0.782231;-3.562744;-9.067523;0.004808;-0.006619;-0.00741;-0.297202;0.419443;0.554485
636;0.779748;-3.545769;-9.048293;0.001972;-0.004642;-0.000343;-0.297719;0.418664;0.55448
637;0.787046;-3.550711;-9.023643;0.002072;0.013384;-0.006487;-0.297439;0.418783;0.55488
638;0.810995;-3.521953;-8.759501;0.016255;-0.012617;0.000548;-0.297996;0.420215;0.554913
639;0.789677;-3.630181;-9.24701;-0.015795;-0.019086;0.00402;-0.2967;0.420164;0.554983
640;0.745866;-3.617645;-9.335925;-0.027509;-0.003554;0.009328;-0.2975;0.417802;0.554492
641;0.757604;-3.516307;-9.026952;0.001163;-0.0236;0.000497;-0.295893;0.419061;0.555576
642;0.769779;-3.511516;-9.024405;0.012665;-0.009772;0.004075;-0.296492;0.417877;0.556486
643;0.777352;-3.603613;-9.140064;0.032455;0.012053;-0.002928;-0.295342;0.419433;0.556242
644;0.796773;-3.599002;-9.064045;0.01474;0.027142;-0.010861;-0.296188;0.420411;0.554873
645;0.81133;-3.574842;-9.037346;-0.003202;-0.001964;-0.004753;-0.298028;0.419556;0.554283
646;0.784498;-3.547944;-9.062674;0.013129;0.002392;-0.017978;-0.297498;0.420332;0.554547
647;0.801578;-3.555297;-9.072068;0.016566;0.006215;-0.01178;-0.297523;0.419539;0.554051
648;0.799124;-3.562637;-9.037743;0.003924;0.004468;-0.004734;-0.298248;0.42009;0.555032
649;0.762534;-3.560089;-9.004107;0.010305;-0.005635;-0.01094;-0.299263;0.420417;0.552897
650;0.782077;-3.569836;-9.037876;0.016338;0.00649;-0.001188;-0.299327;0.420673;0.554181
651;0.816009;-3.536293;-8.891225;0.003698;-0.020754;0.005818;-0.298146;0.420224;0.554516
652;0.801225;-3.512198;-8.754929;0.000881;-0.051535;0.012814;-0.297109;0.420183;0.554572
653;0.757432;-3.570324;-8.722792;-0.004095;-0.130831;0.042656;-0.293906;0.421505;0.556516
654;0.687635;-3.685036;-9.497028;0.01945;-0.107076;0.033878;-0.289977;0.421209;0.55751
655;0.682311;-3.588492;-9.176003;0.048311;-0.09103;0.013635;-0.287282;0.421908;0.557115
656;0.635698;-3.540187;-8.918344;0.040914;-0.099956;0.023313;-0.284494;0.422052;0.558553
657;0.563018;-3.641249;-9.211128;0.02679;-0.052869;0.017184;-0.283569;0.423743;0.558941
658;0.558102;-3.631567;-9.182027;0.028873;-0.020544;0.000472;-0.280598;0.425626;0.558914
659;0.621728;-3.687377;-9.370829;0.038898;-0.013386;-0.007437;-0.28052;0.4247;0.557909
660;0.587708;-3.747933;-9.362954;0.004023;0.0382;-0.006503;-0.282303;0.42692;0.555937
661;0.543449;-3.658378;-9.09375;0.045693;0.008788;0.004076;-0.282549;0.426927;0.556182
662;0.558095;-3.704719;-9.029142;-0.012915;0.022465;-0.010095;-0.282994;0.428154;0.555087
663;0.548267;-3.685344;-8.975831;-0.058231;0.039997;-0.02071;-0.285011;0.426225;0.556072
664;0.605842;-3.43469;-8.270352;0.002173;0.002085;-0.019804;-0.286041;0.426058;0.5554
665;0.748895;-3.324903;-7.651423;0.081494;-0.252448;0.035449;-0.282299;0.426422;0.557789
666;0.495582;-3.849349;-9.551059;-0.083549;-0.099558;0.008095;-0.277521;0.426745;0.560234
667;0.452081;-3.821497;-10.024154;-0.084084;-0.031692;-0.008551;-0.275166;0.425849;0.560774
668;0.466128;-3.661947;-9.684369;-0.04589;0.009509;-0.008407;-0.275696;0.425074;0.56051
669;0.516314;-3.485876;-9.062929;-0.005978;0.031829;-0.002992;-0.275882;0.422876;0.562612
670;0.47028;-3.602063;-9.139855;0.027112;0.030268;-0.004747;-0.278041;0.421912;0.560842
671;0.494541;-3.609742;-8.999969;0.052251;0.053824;-0.015263;-0.279136;0.424097;0.559684
672;0.494365;-3.576003;-8.866065;0.047007;0.029975;-0.020616;-0.279466;0.424764;0.560813
673;0.542609;-3.482273;-8.485491;0.039716;-0.013681;-0.015396;-0.27953;0.427177;0.559573
674;0.552978;-3.62722;-8.905856;0.030953;-0.03735;-0.015462;-0.2792;0.426109;0.558456
675;0.550496;-3.651688;-8.805209;0.027238;-0.051766;-0.008434;-0.279109;0.42558;0.557699
676;0.514365;-3.699317;-9.196183;-0.029969;-0.061908;0.002067;-0.275701;0.42677;0.558622
677;0.446321;-3.727796;-9.360558;-0.03692;-0.032131;-0.006731;-0.27537;0.427943;0.56003
678;0.494556;-3.590204;-9.056552;-0.008648;-0.049891;0.003003;-0.273766;0.426805;0.561055
679;0.409683;-3.698538;-9.324942;-0.037128;-0.026437;0.002105;-0.271753;0.42618;0.562475
680;0.412067;-3.68404;-9.293368;-0.041545;-0.012017;-0.001402;-0.270559;0.425595;0.563074
681;0.436185;-3.635966;-9.100657;-0.040555;-0.014047;-0.008461;-0.270815;0.424273;0.563099
682;0.402063;-3.606545;-9.155484;-0.031866;0.02266;0.00045;-0.272417;0.423945;0.562117
683;0.436047;-3.572888;-9.067522;-0.008436;0.022512;-0.011876;-0.27277;0.422487;0.562789
684;0.458042;-3.582615;-9.118372;0.016665;0.025313;-0.017135;-0.273576;0.423057;0.562211
685;0.499248;-3.544313;-8.939903;0.027289;0.022679;-0.015349;-0.275917;0.42395;0.561931
686;0.503901;-3.537516;-8.700307;0.041413;-0.015258;-0.008346;-0.276858;0.423726;0.56124
687;0.496988;-3.621922;-8.987494;0.032562;-0.033436;-0.006634;-0.275491;0.426614;0.560192
688;0.52388;-3.651125;-9.025703;0.04155;-0.017084;-0.010118;-0.275168;0.426347;0.558922
689;0.470227;-3.631433;-9.021969;0.009225;-0.005283;-0.001312;-0.273973;0.425229;0.559536
690;0.441168;-3.665006;-9.166101;0.00581;-0.033569;-0.004916;-0.273839;0.426821;0.559626
691;0.412116;-3.708312;-9.300282;0.001429;-0.010019;-0.008416;-0.273972;0.428292;0.559576
692;0.45085;-3.662764;-9.095078;-0.001302;-0.010086;-0.008406;-0.273665;0.427738;0.560515
693;0.416722;-3.679677;-9.051285;-0.016741;-0.018962;0.004794;-0.273406;0.427995;0.560521
694;0.438745;-3.684465;-9.14379;-0.053043;-0.001414;-0.008453;-0.273184;0.426395;0.559803
695;0.411841;-3.635785;-9.130373;-0.051057;0.031036;-0.020751;-0.272555;0.424884;0.561953
696;0.450656;-3.572991;-9.052627;-0.035384;0.018868;-0.003079;-0.273308;0.422245;0.562379
697;0.460319;-3.558601;-8.984261;-0.002118;0.007899;-0.015425;-0.274382;0.424026;0.561622
698;0.474992;-3.587819;-8.98353;0.030694;0.006602;-0.005673;-0.274699;0.424957;0.563003
699;0.474989;-3.602452;-8.951486;0.025422;-0.013527;-0.008372;-0.273865;0.424672;0.56163
700;0.475059;-3.621801;-8.992719;0.04246;-0.01347;-0.011886;-0.275231;0.426604;0.560206
701;0.509099;-3.631902;-8.881987;0.02868;-0.011338;0.005773;-0.275273;0.427146;0.559411
702;0.436331;-3.696591;-9.146061;0.039807;-0.007977;-0.011011;-0.275396;0.427416;0.559526
703;0.5046;-3.709057;-9.157036;0.027413;-0.006401;-0.015421;-0.274947;0.428743;0.558216
704;0.458393;-3.737861;-9.211033;0.000564;0.000789;-0.011036;-0.274933;0.42874;0.558476
705;0.436337;-3.694139;-9.158331;0.000639;-0.001143;-0.015458;-0.274661;0.428727;0.558749
706;0.470341;-3.689692;-9.035625;-0.023701;-0.013815;-0.004022;-0.275152;0.428608;0.559245
707;0.431484;-3.718448;-9.133528;-0.035365;0.013472;-0.001342;-0.274627;0.428586;0.559403
708;0.440995;-3.641009;-9.017355;-0.014;0.016362;-0.001303;-0.275651;0.428757;0.559603
709;0.465254;-3.614565;-8.941641;0.020042;0.031863;-0.010055;-0.275064;0.427789;0.560957
710;0.509232;-3.665736;-8.966983;0.002207;0.011733;-0.008343;-0.27596;0.426781;0.558608
711;0.489916;-3.689615;-9.125808;-0.015393;0.000471;-0.017224;-0.276036;0.426507;0.559648
712;0.499425;-3.629248;-8.972657;-0.015594;0.004266;-0.010145;-0.277518;0.426418;0.560997
713;0.562754;-3.641836;-8.907899;-0.026447;-0.004771;-0.003095;-0.276035;0.425974;0.559664
714;0.465502;-3.670087;-9.114291;-0.026247;0.008734;-0.011043;-0.277009;0.427865;0.560852
715;0.489633;-3.609793;-8.960917;-0.00577;0.03157;-0.012728;-0.279078;0.425149;0.560822
716;0.528785;-3.616951;-9.128928;0.018394;0.031738;-0.014454;-0.278734;0.424611;0.559949
717;0.518744;-3.563917;-8.900141;0.050652;0.019018;-0.023275;-0.279767;0.425583;0.559996
718;0.50456;-3.67989;-9.169771;0.074048;0.00277;-0.02771;-0.27919;0.428238;0.558653
719;0.592082;-3.690557;-8.906607;0.055846;0.00655;-0.013572;-0.280165;0.428555;0.557297
720;0.601792;-3.685816;-8.872307;0.041597;-0.017228;-0.013634;-0.280754;0.430456;0.555915
721;0.470553;-3.73798;-9.181502;0.065761;0.037552;-0.017065;-0.279306;0.430952;0.553905
722;0.597523;-3.874607;-9.186981;0.052666;0.066132;-0.03113;-0.282637;0.432299;0.552005
723;0.555718;-3.787464;-8.93237;0.024185;0.149234;-0.043363;-0.28402;0.432636;0.550238
724;0.682246;-3.788548;-8.703016;-0.044089;0.052849;-0.017111;-0.28589;0.433253;0.549085
725;0.633514;-4.187553;-10.701995;-0.208565;0.210433;-0.071765;-0.289957;0.429269;0.550411
726;0.698808;-3.580077;-8.549891;-0.173988;0.064826;-0.038409;-0.294905;0.426405;0.549714
727;0.712805;-3.35725;-8.279677;-0.171423;-0.063024;0.012578;-0.293741;0.421916;0.5547
728;0.674253;-3.385328;-8.727272;-0.080025;-0.008968;-0.004878;-0.291203;0.41938;0.558794
729;0.718511;-3.501703;-8.942211;0.011221;0.011572;-0.014443;-0.294378;0.417919;0.557374
730;0.801725;-3.559846;-9.230934;-0.012751;0.049468;-0.018789;-0.293667;0.417903;0.556116
731;0.809492;-3.678331;-9.51486;-0.010005;0.036839;-0.017051;-0.292874;0.416937;0.556446
732;0.767668;-3.588793;-9.243174;-0.044014;-0.021546;-0.011917;-0.29471;0.417413;0.555946
733;0.747742;-3.455561;-9.018377;-0.031731;-0.035835;-0.004861;-0.293189;0.416802;0.557858
734;0.75748;-3.455634;-9.006001;-0.003026;-0.017636;-0.01362;-0.294015;0.416287;0.559383
735;0.769753;-3.499382;-9.019727;0.018319;0.011693;-0.01177;-0.29465;0.41591;0.55962
736;0.762519;-3.513803;-9.078274;0.019153;0.011802;-0.008239;-0.294223;0.414978;0.557856
737;0.752851;-3.525764;-9.146682;0.025319;0.00109;-0.002958;-0.294259;0.416451;0.557164
738;0.743095;-3.513543;-9.161715;0.01289;-0.001806;-0.005629;-0.294027;0.41658;0.556654
739;0.757712;-3.530694;-9.122068;0.010927;0.00201;0.002327;-0.295595;0.416112;0.556326
740;0.757587;-3.506592;-9.027122;-0.0123;0.006349;0.002311;-0.295814;0.416246;0.557087
741;0.762434;-3.501802;-9.005123;-0.003208;0.012559;-0.006496;-0.295242;0.415947;0.558163
742;0.7893;-3.516434;-9.043587;0.012897;0.000842;-0.007379;-0.295256;0.416483;0.557887
743;0.772284;-3.511377;-9.102621;0.001448;-0.003038;-0.013586;-0.293948;0.417228;0.558194
744;0.777158;-3.511402;-9.102547;0.007402;-0.00808;0.000543;-0.294206;0.416572;0.558199
745;0.77712;-3.511487;-9.05853;0.007622;0.000713;-0.010921;-0.295549;0.416501;0.557223
746;0.757604;-3.496802;-9.066417;0.000624;-0.006774;-0.01713;-0.295322;0.416232;0.556596
747;0.767401;-3.511371;-9.092914;0.001289;0.002602;-0.00651;-0.295665;0.416503;0.557476
748;0.743044;-3.513657;-9.103024;-0.001519;-0.008143;0.000523;-0.295399;0.416491;0.55762
749;0.737944;-3.477563;-8.917884;0.023658;-0.024603;-0.01008;-0.295173;0.416488;0.556985
750;0.869111;-3.430436;-8.515678;-0.007295;-0.102416;0.019789;-0.293818;0.416957;0.558209
751;0.694294;-3.530495;-9.059454;0.003676;-0.136837;0.016147;-0.290695;0.417897;0.558605
752;0.65539;-3.486217;-9.249106;0.074587;-0.170096;0.041768;-0.285656;0.418476;0.561057
753;0.587434;-3.558383;-9.427391;0.112179;-0.138942;0.036552;-0.28246;0.421022;0.560375
754;0.52904;-3.667582;-9.318781;0.110529;-0.064664;0.025194;-0.280027;0.424153;0.557433
755;0.49245;-3.743048;-9.12973;0.062588;-0.065405;0.012754;-0.277447;0.426984;0.557358
756;0.497437;-3.75745;-9.229663;0.016301;-0.015938;0.005738;-0.276122;0.425994;0.557975
757;0.533895;-3.733473;-9.165949;-0.031796;0.020745;-0.001296;-0.277415;0.427776;0.557984
758;0.514251;-3.665439;-9.133196;-0.048027;0.048037;0.004041;-0.27773;0.425801;0.556859
759;0.533336;-3.576248;-8.841017;-0.037279;0.037937;-0.001256;-0.277819;0.425131;0.557651
760;0.543313;-3.629424;-8.996443;-0.047801;0.019537;-0.006605;-0.279667;0.423587;0.559412
761;0.525958;-3.534915;-8.846739;-0.025436;0.004135;-0.011024;-0.281625;0.423667;0.559047
762;0.548095;-3.568705;-9.012098;-0.042557;-0.002086;-0.000454;-0.280172;0.423471;0.559648
763;0.509209;-3.560956;-9.149762;-0.029834;0.011424;-0.011018;-0.279352;0.422765;0.560489
764;0.553138;-3.582984;-9.175611;-0.026311;0.01151;-0.008354;-0.281332;0.422426;0.562207
765;0.562532;-3.505805;-8.924942;0.019778;0.003061;0.00317;-0.280633;0.421614;0.560714
766;0.581764;-3.477235;-8.680613;0.044865;-0.04964;-0.00132;-0.279625;0.422645;0.560219
767;0.567737;-3.626991;-9.062139;0.034184;-0.036847;0.002212;-0.279779;0.42492;0.559755
768;0.553049;-3.617311;-9.006287;0.037977;-0.048007;-0.008408;-0.278146;0.424333;0.558823
769;0.553108;-3.636683;-9.035293;0.014913;-0.041991;-0.014606;-0.277301;0.424287;0.560164
770;0.506843;-3.636363;-9.080016;0.009165;-0.005197;0.002231;-0.276944;0.426676;0.559595
771;0.492538;-3.703844;-9.308921;0.004147;-0.01189;-0.010161;-0.276367;0.425601;0.558233
772;0.482594;-3.640845;-9.209909;0.007585;0.002775;-0.006592;-0.27709;0.42522;0.559242
773;0.475132;-3.621639;-9.075863;-0.012808;-0.004873;-0.013698;-0.275641;0.426757;0.559791
774;0.480035;-3.650855;-9.050826;-0.018298;0.013404;-0.008369;-0.275981;0.425962;0.560703
775;0.535985;-3.626986;-8.981924;-0.018352;-0.015642;-0.004879;-0.277035;0.424408;0.560304
776;0.523873;-3.621887;-9.075119;-0.013083;0.005432;-0.001299;-0.277541;0.424692;0.560528
777;0.545811;-3.612237;-9.099408;-0.014003;0.000918;0.000464;-0.275828;0.42422;0.561151
778;0.492221;-3.616784;-9.119704;-0.013136;-0.003554;0.002208;-0.276439;0.423329;0.559331
779;0.499238;-3.529708;-8.957275;0.004156;-0.020263;-0.015462;-0.277308;0.424422;0.560031
780;0.492081;-3.592716;-9.007639;0.011098;0.002772;-0.006582;-0.277077;0.425084;0.559505
781;0.48477;-3.592679;-9.007751;0.025315;0.003873;-0.003916;-0.277502;0.425349;0.561288
782;0.528528;-3.58339;-8.902099;0.029226;-0.006566;-0.020702;-0.276456;0.425197;0.559017
783;0.523881;-3.641373;-9.045436;0.03428;-0.026965;-0.00308;-0.277215;0.426023;0.559341
784;0.499642;-3.670213;-9.138225;0.023836;-0.00916;-0.015428;-0.27654;0.426258;0.559888
785;0.514306;-3.687259;-9.152378;-0.01383;-0.022849;-0.004899;-0.275933;0.426508;0.559136
786;0.504361;-3.631574;-9.038567;0.000444;-0.022787;-0.006647;-0.274338;0.426971;0.559984
787;0.475241;-3.660403;-9.124093;-0.030281;-0.017061;0.01275;-0.27487;0.42726;0.559688
788;0.460762;-3.669763;-9.268425;-0.047883;-0.004724;0.002153;-0.274164;0.424425;0.560845
789;0.455704;-3.621389;-9.154412;-0.03198;0.000991;0.007484;-0.274733;0.423258;0.559812
790;0.45322;-3.599538;-9.145049;-0.044199;0.015076;-0.00663;-0.275316;0.423801;0.561061
791;0.475088;-3.58273;-9.103439;-0.042389;0.040454;-0.010102;-0.276023;0.421685;0.562381
792;0.5235;-3.520321;-8.851921;-0.003133;0.016126;-0.011857;-0.275364;0.422989;0.562636
793;0.52609;-3.559002;-8.949022;-0.010285;-0.00475;-0.008377;-0.275185;0.423397;0.56108
794;0.513887;-3.554102;-8.939511;0.034283;-0.006145;-0.006565;-0.27726;0.423878;0.560956
795;0.526242;-3.602546;-9.036294;0.046988;-0.00444;-0.015379;-0.276525;0.425189;0.560179
796;0.513917;-3.578416;-8.924416;0.045933;-0.041524;-0.006627;-0.276007;0.425435;0.560199
797;0.48026;-3.689362;-9.231109;0.007339;-0.023236;0.007481;-0.27483;0.427251;0.560467
798;0.485051;-3.670067;-9.175129;0.008461;-0.013551;-0.00486;-0.275161;0.426079;0.55906
799;0.470325;-3.660473;-9.075259;-0.020026;-0.021168;-0.008445;-0.275263;0.425412;0.559592
800;0.453338;-3.655349;-9.16853;-0.031849;-0.00551;0.002168;-0.274184;0.424562;0.560451
801;0.470321;-3.636101;-9.1197;-0.046725;0.01486;-0.013698;-0.274758;0.425661;0.559352
802;0.453101;-3.590051;-9.02784;-0.031826;-0.001072;-0.001351;-0.27336;0.425054;0.561387
803;0.484847;-3.587632;-9.105651;-0.007757;-0.002643;0.00045;-0.27333;0.423449;0.561954
804;0.484673;-3.544135;-8.993925;-0.013805;0.005179;-0.011019;-0.274846;0.423235;0.562657
805;0.489539;-3.54174;-8.989002;0.00202;-0.001669;0.000468;-0.275551;0.421942;0.561491
806;0.514021;-3.590375;-9.019574;0.009323;-0.001797;-0.006588;-0.275519;0.422467;0.562125
807;0.479956;-3.582769;-9.096028;0.002375;-0.006585;-0.014562;-0.274715;0.422963;0.562672
808;0.489611;-3.563522;-9.027747;0.008526;-0.006455;-0.011018;-0.275076;0.423796;0.560685
809;0.489848;-3.626382;-9.17337;0.014822;-0.010021;-0.011022;-0.275632;0.424333;0.562453
810;0.48764;-3.679495;-9.328982;-0.01585;0.012918;0.005766;-0.275734;0.423666;0.562986
811;0.478021;-3.693785;-9.448701;-0.05113;0.036697;-0.013659;-0.27562;0.421667;0.562662
812;0.455336;-3.510061;-8.955837;-0.015862;0.041803;-0.001237;-0.276234;0.421152;0.563292
813;0.547573;-3.416275;-8.718872;-0.00392;0.036785;-0.020632;-0.277304;0.420667;0.562602
814;0.494103;-3.486381;-8.745361;0.058397;0.039334;-0.013511;-0.279038;0.422077;0.561562
815;0.601411;-3.523321;-8.760209;0.084405;-0.035094;-0.014491;-0.2799;0.424257;0.559898
816;0.548967;-3.805685;-9.536156;0.041704;0.003853;-0.011844;-0.279279;0.424238;0.559413
817;0.458257;-3.638207;-9.25434;0.075708;0.044747;-0.024097;-0.279679;0.426387;0.5592
818;0.672147;-3.530857;-8.815249;0.091034;0.109767;-0.041546;-0.281344;0.428071;0.55699
819;0.970332;-3.079978;-7.916243;0.118812;0.143951;-0.021015;-0.285722;0.429086;0.552324
820;0.588941;-4.38637;-9.500991;0.059453;-0.112191;-0.036836;-0.284743;0.431722;0.551263
821;0.765426;-4.177777;-11.076749;-0.225589;0.294744;-0.112197;-0.290668;0.425689;0.551644
822;0.732403;-3.522902;-8.066197;-0.174463;-0.051955;-0.013911;-0.294152;0.422869;0.554262
823;0.707341;-3.109867;-8.09822;-0.205879;-0.07729;0.035493;-0.291856;0.418741;0.558649
824;0.708255;-3.366257;-8.63172;-0.039444;-0.019017;0.016354;-0.291176;0.415778;0.55929
825;0.722947;-3.449066;-8.546914;0.078797;0.008604;-0.008187;-0.294105;0.41615;0.56016
826;0.738682;-3.639266;-9.438362;-0.004625;0.052271;-0.020563;-0.293108;0.416118;0.559436
827;0.841651;-3.699374;-10.017748;-0.040065;0.110912;-0.029287;-0.294049;0.416428;0.55873
828;0.801558;-3.511459;-9.136411;-0.041492;-0.019594;-0.006595;-0.296016;0.417708;0.5582
829;0.762069;-3.358775;-8.873124;-0.034916;-0.055301;0.018069;-0.294541;0.416575;0.559218
830;0.737958;-3.462906;-8.962154;0.009322;-0.028263;-0.006569;-0.294352;0.41336;0.560358
831;0.752707;-3.501705;-9.029726;0.012136;0.022472;-0.015293;-0.294081;0.414147;0.560608
832;0.772241;-3.506595;-9.06358;0.015577;0.013586;-0.008236;-0.293521;0.414674;0.558939
833;0.760116;-3.503963;-9.13717;0.027362;-0.002856;-0.015324;-0.294213;0.41684;0.558061
834;0.738214;-3.513533;-9.154452;0.014798;-0.011932;-0.010948;-0.294111;0.417241;0.557537
835;0.74799;-3.535463;-9.141696;-0.013964;-0.003742;-0.001249;-0.295339;0.416611;0.558786
836;0.772241;-3.504157;-9.068513;0.002166;0.008062;-0.006496;-0.296011;0.415177;0.558274
837;0.762339;-3.453254;-8.993743;0.01301;0.008851;-0.014429;-0.29471;0.415923;0.558451
838;0.777078;-3.484763;-9.063886;0.000437;-0.008373;-0.008295;-0.295911;0.416776;0.557714
839;0.796714;-3.525996;-9.141122;-0.006539;0.001393;-0.015346;-0.295119;0.415943;0.55804
840;0.779612;-3.516252;-9.112206;0.004687;-0.004419;0.002314;-0.295997;0.414774;0.558546
841;0.752695;-3.477353;-9.064384;-0.01745;-0.003921;-0.006546;-0.295042;0.415817;0.557011
842;0.759982;-3.477442;-9.037374;0.001391;-0.004816;-0.011824;-0.294424;0.416174;0.558976
843;0.762493;-3.506546;-9.063728;0.015582;0.009951;-0.008246;-0.294554;0.416312;0.558966
844;0.777194;-3.525949;-9.11452;-0.009454;0.008014;-0.004744;-0.294426;0.417373;0.558941
845;0.782053;-3.516255;-9.11706;0.000677;-0.006822;-0.018891;-0.296116;0.416108;0.558759
846;0.767393;-3.51139;-9.083132;-0.006807;-0.004653;-0.003002;-0.296428;0.415864;0.557714
847;0.757613;-3.504097;-9.061399;-0.008563;-0.002893;-0.004769;-0.295303;0.415404;0.55947
848;0.767372;-3.501685;-9.078411;0.00193;-0.007989;0.005834;-0.295098;0.415672;0.558437
849;0.769832;-3.506521;-9.095407;0.011288;0.002457;-0.01533;-0.294602;0.416856;0.55804
850;0.757615;-3.487026;-9.098376;0.001218;-0.002759;-0.002989;-0.295516;0.417026;0.557857
851;0.762485;-3.48706;-9.093411;-0.001348;-0.002921;-0.00829;-0.294737;0.416462;0.557915
852;0.694104;-3.448026;-9.007094;0.029042;0.015403;-0.013532;-0.294941;0.416618;0.556475
853;0.92276;-3.450138;-8.514523;0.003492;-0.052501;0.012851;-0.294084;0.417102;0.558061
854;0.757279;-3.46827;-8.751469;0.023295;-0.13683;0.012657;-0.291497;0.416734;0.558079
855;0.645621;-3.515467;-9.168049;0.04441;-0.183277;0.034635;-0.286805;0.417344;0.558828
856;0.607011;-3.589997;-9.455888;0.069737;-0.122502;0.017993;-0.282847;0.420105;0.560381
857;0.56566;-3.63593;-9.455715;0.082269;-0.067035;0.012807;-0.280196;0.422411;0.559159
858;0.504545;-3.679923;-9.152654;0.051758;-0.049008;0.0172;-0.279492;0.425727;0.557804
859;0.562653;-3.588426;-8.899049;0.044623;-0.038324;0.01282;-0.277308;0.424288;0.560034
860;0.533692;-3.665661;-9.069318;-0.015984;-0.04062;0.012732;-0.278129;0.426194;0.559158
861;0.504579;-3.674971;-9.201646;-0.05933;-0.015945;-0.004938;-0.27602;0.425438;0.559939
862;0.465539;-3.635873;-9.224926;-0.060486;0.010717;0.005707;-0.275063;0.423659;0.560949
863;0.438457;-3.536391;-9.109692;-0.045197;0.022437;-0.003082;-0.27552;0.423133;0.562106
864;0.499635;-3.592212;-9.286303;-0.024643;0.033527;-0.003023;-0.277333;0.421872;0.562047
865;0.499491;-3.577906;-9.149614;-0.018385;0.05348;-0.006507;-0.279343;0.419675;0.56317
866;0.57411;-3.387756;-8.467095;0.0089;-0.017018;0.006659;-0.280143;0.42091;0.562703
867;0.535707;-3.513022;-8.890988;0.018348;-0.028261;-0.011919;-0.278744;0.421393;0.562245
868;0.524087;-3.660418;-9.243175;-0.044339;-0.019228;0.003912;-0.277666;0.420543;0.563104
869;0.49442;-3.524684;-9.030796;0.000261;-0.015323;0.000441;-0.276617;0.421299;0.563397
870;0.542932;-3.466929;-8.884345;-0.016752;-0.055435;0.003889;-0.275876;0.419945;0.562698
871;0.470196;-3.548614;-9.150569;-0.01406;-0.051641;0.006525;-0.273222;0.419296;0.564024
872;0.421553;-3.557901;-9.244067;-0.001254;-0.035518;-0.008455;-0.27223;0.420306;0.565731
873;0.470092;-3.524466;-9.080075;0.022639;-0.034265;-0.001345;-0.271844;0.42189;0.565705
874;0.436282;-3.621124;-9.240298;0.005779;-0.0326;-0.003144;-0.270819;0.421319;0.565517
875;0.387501;-3.608776;-9.219245;0.002219;0.008225;-0.006609;-0.271651;0.421628;0.564427
876;0.409159;-3.533923;-9.053936;-0.020225;-0.00823;-0.001358;-0.271652;0.421895;0.564419
877;0.436085;-3.572803;-9.111539;-0.015835;0.004631;0.00221;-0.270348;0.421709;0.564623
878;0.460422;-3.553498;-9.111506;0.004155;0.00797;-0.015415;-0.271373;0.42228;0.564811
879;0.455458;-3.548796;-9.01874;0.016552;-0.020906;-0.010163;-0.271046;0.421721;0.56614
880;0.431105;-3.555948;-9.023875;0.00918;-0.010678;0.00044;-0.268848;0.422459;0.563645
881;0.436065;-3.58016;-9.074731;0.007496;-0.017146;-0.003108;-0.271447;0.422563;0.563375
882;0.436038;-3.558279;-9.087339;0.009484;-0.004668;-0.013676;-0.270207;0.4225;0.564867
883;0.436216;-3.609081;-9.189157;0.018028;-0.004078;0.005761;-0.269601;0.423949;0.564079
884;0.416733;-3.608953;-9.204126;0.00404;0.006362;-0.00837;-0.270898;0.424001;0.564009
885;0.416508;-3.553379;-9.058376;-0.001347;-0.013691;-0.00753;-0.271115;0.422936;0.564806
886;0.421458;-3.572738;-9.106872;-0.001441;-0.002658;-0.003092;-0.271141;0.422809;0.56429
887;0.426273;-3.577772;-9.02846;-0.003361;0.002908;0.002217;-0.271147;0.422144;0.56418
888;0.457954;-3.587685;-9.008245;0.002354;-0.004771;-0.014565;-0.271566;0.423764;0.563592
889;0.43121;-3.597159;-9.062283;-0.003059;0.008004;-0.011903;-0.272429;0.421925;0.564377
890;0.43603;-3.56805;-9.057825;0.007488;0.010093;-0.004818;-0.271641;0.423224;0.56464
891;0.484713;-3.563549;-9.000922;0.004119;-0.009292;-0.01368;-0.271707;0.42284;0.563353
892;0.428895;-3.592;-9.211574;-0.001186;-0.005647;-0.013694;-0.271907;0.423236;0.564496
893;0.455547;-3.563226;-9.091848;0.03781;-0.004161;-0.00304;-0.272179;0.422983;0.56423
894;0.450698;-3.592401;-9.06207;0.027141;-0.0043;-0.004823;-0.271797;0.424325;0.561621
895;0.406933;-3.616332;-9.130786;0.010877;-0.002317;0.005747;-0.273427;0.42358;0.562592
896;0.436199;-3.626185;-9.135062;-0.002896;0.000576;-0.018101;-0.271484;0.424569;0.562666
897;0.450634;-3.582791;-9.00844;-0.010342;0.008998;-0.005721;-0.273137;0.425294;0.563205
898;0.455606;-3.606978;-9.071523;0.002343;0.002538;-0.013669;-0.271191;0.424418;0.563334
899;0.480027;-3.621617;-9.100243;-0.020931;-0.013898;-0.008425;-0.27255;0.424459;0.564556
900;0.436;-3.548612;-9.063054;-0.023909;-0.001765;0.003956;-0.272862;0.423682;0.563526
901;0.458058;-3.594767;-9.113269;-0.006827;-0.000851;-0.00132;-0.272854;0.423148;0.563671
902;0.467732;-3.57304;-9.07193;-0.012082;-0.001042;-0.006621;-0.271286;0.423749;0.563996
903;0.443286;-3.553582;-9.023732;0.012813;-0.004377;-0.003072;-0.270986;0.42333;0.564801
904;0.445727;-3.553585;-9.028585;0.003798;-0.01614;0.002194;-0.272321;0.422724;0.563971
905;0.467749;-3.597383;-9.042162;0.015696;-0.009137;-0.011907;-0.272246;0.423264;0.562923
906;0.450757;-3.609335;-9.096009;0.018596;0.000632;-0.022487;-0.27232;0.422191;0.563987
907;0.411693;-3.572726;-9.087457;-0.012062;-0.012843;-0.00666;-0.27181;0.422705;0.563869
908;0.438422;-3.573038;-8.996569;-0.002334;-0.01906;-0.003123;-0.271391;0.424548;0.564485
909;0.421679;-3.625883;-9.252664;-0.024587;-0.006471;-0.003129;-0.270592;0.42398;0.564933
910;0.436397;-3.640373;-9.332885;-0.006504;-0.003859;-0.013698;-0.269646;0.421538;0.565702
911;0.411923;-3.601472;-9.292362;-0.022936;0.011882;0.002209;-0.270524;0.421325;0.563719
912;0.406771;-3.533801;-9.110217;-0.015702;0.03534;-0.006563;-0.271359;0.421744;0.565087
913;0.430952;-3.519718;-8.921803;0.018246;0.022764;-0.010077;-0.271236;0.422007;0.564956
914;0.431003;-3.539109;-8.941029;0.014824;0.004408;-0.015419;-0.272783;0.42209;0.56254
915;0.457916;-3.570704;-8.998759;0.026513;0.006232;-0.018929;-0.273002;0.422224;0.563302
916;0.496955;-3.582988;-9.027297;0.039572;0.017636;-0.003867;-0.273691;0.422659;0.562476
917;0.485134;-3.674758;-9.260633;0.008653;0.022571;-0.015384;-0.272916;0.423827;0.562483
918;0.468171;-3.679335;-9.36107;-0.015489;0.064253;-0.014447;-0.274601;0.423894;0.562391
919;0.484698;-3.583087;-8.94434;-0.01001;0.065755;-0.025909;-0.277136;0.423208;0.560852
920;0.591685;-3.501282;-8.82921;-0.017376;0.040445;-0.015336;-0.279116;0.423002;0.562567
921;0.498851;-3.43549;-8.702159;0.014625;0.013582;-0.010075;-0.280219;0.422126;0.561239
922;0.621045;-3.559684;-8.844866;0.032708;-0.010126;-0.017146;-0.27925;0.42181;0.562465
923;0.622392;-3.819989;-9.864916;-0.011296;0.052814;-0.036511;-0.279279;0.422615;0.561922
924;0.591898;-3.564193;-8.947934;0.069409;0.14244;-0.074205;-0.283765;0.421875;0.560151
925;0.797648;-2.40357;-6.876688;0.347452;0.132504;-0.007522;-0.291097;0.424224;0.553348
926;0.41885;-3.860233;-11.121764;-0.098085;-0.00983;-0.04915;-0.287275;0.427682;0.552283
927;0.90606;-3.985049;-10.642699;-0.116692;0.36795;-0.126001;-0.296567;0.424868;0.55006
928;0.917315;-3.539145;-7.686529;-0.151594;-0.062482;-0.001497;-0.300163;0.421008;0.5505
929;0.848609;-3.09126;-8.042604;-0.198864;-0.107125;0.042545;-0.296297;0.416549;0.55524
930;0.795481;-3.211802;-8.359207;-0.026636;-0.046724;-0.001316;-0.297502;0.412559;0.559437
931;0.703047;-3.405981;-8.171382;0.05335;-0.094708;0.016296;-0.295314;0.413808;0.559258
932;0.729956;-3.790537;-10.303961;-0.072095;0.081663;-0.027653;-0.29512;0.415253;0.560521
933;0.856412;-3.704016;-10.16661;-0.013396;0.149447;-0.025639;-0.297526;0.414563;0.558989
934;0.874217;-3.381187;-8.878369;-0.062404;-0.012189;0.007557;-0.298613;0.412883;0.557944
935;0.756986;-3.259257;-8.833362;-0.043017;-0.078019;0.021554;-0.298239;0.412314;0.560183
936;0.772128;-3.436147;-9.074589;0.039424;-0.034961;0.005829;-0.296265;0.411032;0.560843
937;0.806348;-3.484854;-9.092785;0.028836;0.022923;-0.002891;-0.296158;0.411965;0.560433
938;0.821025;-3.506748;-9.111744;0.021958;0.029818;-0.015247;-0.297352;0.41255;0.559834
939;0.786831;-3.46286;-9.113027;0.036952;0.001103;-0.005579;-0.297861;0.414299;0.560015
940;0.791726;-3.482342;-9.09794;0.023461;-0.013408;0.000557;-0.298261;0.414608;0.557265
941;0.789335;-3.516359;-9.082713;-0.001152;0.005912;-0.017982;-0.298746;0.414488;0.55789
942;0.796536;-3.46788;-9.054104;-0.003155;0.004323;-0.008266;-0.296235;0.41398;0.558945
943;0.811074;-3.443763;-9.005396;0.012882;0.008084;-0.008235;-0.297461;0.413507;0.557728
944;0.811214;-3.477584;-9.097729;0.012829;-0.013596;-0.002982;-0.298258;0.416738;0.557332
945;0.825916;-3.506735;-9.131233;-0.009017;0.001299;0.017338;-0.298665;0.414336;0.559453
946;0.801474;-3.475077;-9.112592;-0.013835;-0.003037;-0.008293;-0.298486;0.414344;0.557908
947;0.791675;-3.467827;-9.068851;-0.00314;-0.00386;-0.008284;-0.297679;0.412842;0.558513
948;0.789221;-3.453224;-9.078923;-0.003107;-0.001174;-0.010044;-0.298274;0.413122;0.559509
949;0.803957;-3.496928;-9.121955;0.002245;0.012515;-0.01001;-0.298327;0.412867;0.558478
950;0.806403;-3.482293;-9.161299;-0.006489;0.002235;-0.017987;-0.297848;0.416052;0.557762
951;0.811244;-3.467765;-9.151696;0.003993;-0.001043;-0.007381;-0.298361;0.413274;0.557817
952;0.791705;-3.458009;-9.122818;0.011057;-0.008165;-0.00386;-0.298008;0.414732;0.557145
