time index;acc_x;acc_y;acc_z;gyr_x;gyr_y;gyr_z;mag_x;mag_y;mag_z
1;-0.983821;9.630398;1.958182;0.053227;0.01563;-0.019421;-0.221861;-0.907667;-0.120706
2;-0.946367;9.660314;1.899117;0.005253;0.004876;-0.010347;-0.222135;-0.90767;-0.120715
3;-0.983853;9.615481;1.950669;-0.049777;-0.022391;-0.019421;-0.220549;-0.907918;-0.121478
4;-0.968909;9.540361;2.047858;-0.059805;-0.007913;-0.010258;-0.219735;-0.907894;-0.123366
5;-0.961312;9.562478;2.122769;-0.039048;-0.002465;-0.010276;-0.219314;-0.907891;-0.123215
6;-0.886321;9.599426;2.139081;-0.019246;0.003971;-0.004887;-0.219839;-0.907884;-0.124736
7;-0.923778;9.599604;2.138448;-0.002841;0.004698;-0.016665;-0.218489;-0.907717;-0.126746
8;-0.938801;9.592308;2.108286;0.01672;0.01784;0.008706;-0.220925;-0.907896;-0.124635
9;-0.938831;9.562346;2.130621;0.031292;0.010482;-0.003136;-0.219833;-0.908441;-0.122948
10;-0.893855;9.622188;2.049347;0.040169;0.010765;0.009486;-0.220532;-0.906821;-0.122865
11;-0.946359;9.585081;2.04836;0.034674;0.009077;0.014938;-0.219725;-0.908046;-0.121448
12;-0.848882;9.644441;2.035223;0.041015;-0.001755;0.01119;-0.221963;-0.907265;-0.12017
13;-0.983824;9.600331;2.010407;0.032805;0.018193;0.022254;-0.221939;-0.909722;-0.118481
14;-0.923971;9.525154;2.063521;0.038531;0.02311;-0.000361;-0.221336;-0.90918;-0.117651
15;-0.908953;9.570066;2.019063;0.034946;0.01587;-0.003122;-0.223277;-0.909212;-0.116211
16;-1.006396;9.570736;1.957639;0.056605;0.019602;-0.001302;-0.223562;-0.908009;-0.114329
17;-1.021406;9.570911;1.927497;0.049493;0.021227;-0.008503;-0.224268;-0.909369;-0.114873
18;-1.043872;9.616105;1.852516;0.036836;0.008643;-0.008549;-0.22297;-0.907616;-0.111856
19;-0.968994;9.585814;1.868645;-0.008141;-0.006179;-0.023039;-0.222155;-0.909384;-0.110428
20;-0.923922;9.690404;1.80991;-0.015272;-0.009928;-0.029401;-0.221654;-0.908967;-0.110966
21;-0.878901;9.70495;1.863016;-0.055057;-0.018101;-0.026663;-0.22215;-0.908827;-0.112079
22;-0.878909;9.65234;1.952542;-0.059744;-0.02059;-0.015812;-0.219974;-0.908924;-0.114056
23;-0.856336;9.674412;2.020233;-0.067947;-0.009727;-0.008493;-0.221044;-0.909721;-0.117495
24;-0.923834;9.614859;2.048821;-0.013865;-0.005816;-0.003142;-0.220591;-0.90957;-0.118713
25;-0.923859;9.599916;2.04878;0.004313;0.020168;-0.006631;-0.220719;-0.907555;-0.116432
26;-1.028816;9.555587;2.046887;0.037464;0.021584;0.011432;-0.221978;-0.909477;-0.115342
27;-0.923918;9.585105;2.011378;0.027785;0.022963;-0.005765;-0.221382;-0.909883;-0.114768
28;-0.983855;9.630528;1.92082;0.045851;0.017656;-0.006727;-0.223562;-0.908009;-0.114329
29;-0.946427;9.660548;1.831866;0.031438;0.003183;-0.010423;-0.22198;-0.908965;-0.111661
30;-0.98391;9.645783;1.831193;-0.011826;0.002943;-0.014825;-0.221411;-0.908961;-0.111369
31;-0.998974;9.586008;1.853194;-0.048022;-0.006058;-0.010265;-0.221889;-0.909365;-0.112334
32;-0.968902;9.600495;1.943409;-0.045393;-0.025779;-0.010416;-0.22109;-0.909746;-0.114488
33;-0.893851;9.644732;2.012047;-0.060521;-0.0064;-0.022944;-0.22061;-0.90865;-0.115176
34;-0.863762;9.689233;2.064981;-0.023616;-0.011542;-0.017656;-0.220462;-0.909177;-0.116939
35;-0.87886;9.637111;2.034697;0.0041;0.012385;0.007769;-0.219543;-0.909976;-0.117577
36;-0.998908;9.540634;2.009991;0.010527;0.01588;0.000594;-0.221751;-0.908912;-0.11767
37;-0.998865;9.570544;2.0026;0.001463;-0.0057;-0.001338;-0.221843;-0.908512;-0.116997
38;-0.97634;9.600322;2.003061;0.013321;0.003153;-0.008554;-0.220938;-0.910544;-0.116245
39;-0.998881;9.600689;1.927958;0.011643;0.00749;-0.015748;-0.220359;-0.909864;-0.115692
40;-0.946354;9.667785;1.899137;-0.010139;-0.00321;-0.008555;-0.220761;-0.909056;-0.115447
41;-0.946428;9.607912;1.928864;-0.029968;0.000263;-0.010289;-0.219725;-0.909175;-0.116231
42;-0.923874;9.615015;2.003987;-0.044369;-0.013391;-0.01759;-0.219345;-0.909168;-0.116629
43;-0.968797;9.622647;2.018193;-0.031922;-0.009453;-0.003104;-0.219671;-0.909692;-0.119227
44;-0.953749;9.644884;2.048396;-0.001071;0.014706;-0.010261;-0.221185;-0.9093;-0.119285
45;-0.976117;9.644573;2.167574;0.059848;0.027282;0.024053;-0.220525;-0.910525;-0.118009
46;-0.894017;9.389699;2.302775;0.194958;0.034425;0.043644;-0.222619;-0.909097;-0.11291
47;-0.946409;9.374718;2.384045;0.376329;0.014432;0.040374;-0.223145;-0.909315;-0.103626
48;-0.970369;8.553407;2.269341;0.839323;0.050435;0.051275;-0.226701;-0.910346;-0.082121
49;-0.611954;8.405889;1.243824;1.375221;0.133227;0.104631;-0.228564;-0.91424;-0.040544
50;-0.836926;8.753752;0.344286;1.326918;0.236344;0.11094;-0.232431;-0.913959;0.002392
51;-0.746209;9.727741;-0.563173;0.948525;0.205884;0.003048;-0.233844;-0.914947;0.037776
52;-0.586303;11.596939;-1.183102;0.404829;0.169956;-0.033983;-0.230995;-0.916316;0.058952
53;-1.133302;11.208947;-0.595609;0.133751;-0.009865;-0.063218;-0.228085;-0.917479;0.071922
54;-0.625964;9.680573;-0.053153;0.063275;-0.048156;-0.073399;-0.224199;-0.919493;0.07414
55;-1.060358;9.373863;0.641074;0.241548;0.039398;-0.035069;-0.222946;-0.92016;0.074331
56;-0.865272;9.815428;0.159863;0.621789;0.09055;0.032075;-0.222823;-0.917026;0.089178
57;-0.7315;9.901697;-1.190127;0.720098;0.129789;0.003085;-0.224449;-0.915478;0.113158
58;-1.084178;9.845449;-1.726771;0.411366;0.106523;0.011069;-0.224154;-0.913897;0.135424
59;-0.919082;9.83605;-1.395226;0.132186;0.000851;-0.063184;-0.222275;-0.91288;0.145994
60;-1.060864;9.954875;-1.001271;0.019764;-0.011535;-0.0358;-0.222404;-0.912069;0.146248
61;-1.031063;9.872657;-1.030878;0.185067;0.042468;0.033791;-0.221934;-0.911273;0.148983
62;-0.79142;9.849292;-1.079197;0.337757;0.046364;0.024298;-0.223676;-0.909202;0.158866
63;-0.746897;9.880817;-1.608892;0.276849;0.074021;0.072548;-0.224398;-0.907669;0.169478
64;-0.507714;9.596046;-1.680341;0.169706;0.061931;-0.014189;-0.226742;-0.905313;0.176875
65;-1.196186;9.882161;-1.392313;-0.003995;0.012421;-0.002059;-0.225414;-0.90275;0.180425
66;-0.807009;9.445642;-0.998354;0.129123;0.000763;0.023624;-0.225913;-0.902249;0.184774
67;-0.702743;9.432502;-1.654189;0.31351;0.035502;0.023356;-0.227397;-0.901649;0.19237
68;-0.799693;9.82229;-1.893889;0.226491;0.044871;0.057123;-0.225995;-0.89938;0.198662
69;-0.852823;9.389064;-1.851121;0.143836;-0.024444;0.012581;-0.229356;-0.897825;0.203307
70;-0.484914;9.933075;-1.948049;0.110256;-0.000915;0.034356;-0.230157;-0.896555;0.212827
71;-0.717216;9.671227;-1.534233;0.194109;-0.009602;0.030582;-0.230346;-0.894293;0.217973
72;-0.717489;9.71741;-1.922672;0.410829;0.056022;0.044051;-0.232732;-0.89142;0.228503
73;-0.748281;9.419966;-2.282664;0.38034;0.048561;0.034148;-0.23377;-0.887703;0.237148
74;-0.58333;9.62921;-2.518425;0.290351;0.031679;0.015185;-0.235579;-0.884842;0.249886
75;-0.658421;9.645289;-2.743819;0.192925;0.043957;0.018249;-0.236963;-0.880594;0.259467
76;-0.658868;9.316148;-2.625158;0.138955;0.016419;-0.003496;-0.239243;-0.879583;0.265661
77;-0.853622;9.452331;-2.852251;0.05414;0.014401;-0.002323;-0.238881;-0.879183;0.266896
78;-0.740783;9.600384;-2.610831;-0.04729;-0.037794;0.007476;-0.235946;-0.88062;0.263876
79;-0.658703;9.405747;-2.609969;-0.103044;0.000386;0.00151;-0.237341;-0.879532;0.261895
80;-0.77771;9.658657;-2.133072;-0.029262;-0.023475;0.003926;-0.236602;-0.879666;0.262605
81;-0.448917;9.434743;-2.636235;0.019695;0.036833;0.011314;-0.236882;-0.879413;0.264369
82;-0.717967;9.734311;-2.483056;-0.045548;6.5e-05;0.018565;-0.237573;-0.880217;0.26231
83;-0.763563;9.391119;-2.559475;-0.0454;-0.00552;0.007705;-0.239089;-0.880743;0.258442
84;-0.508343;9.583454;-2.352891;-0.130124;-0.002548;-0.003032;-0.23926;-0.88181;0.255996
85;-0.73287;9.61375;-2.169797;-0.047781;-0.007994;-0.023982;-0.23884;-0.882349;0.25602
86;-0.643657;9.315189;-2.370846;-0.027702;0.02379;0.03766;-0.240462;-0.882353;0.254463
87;-0.582937;9.717921;-2.249177;-0.044279;0.008392;-0.01038;-0.238888;-0.881787;0.253683
88;-0.897972;9.615652;-2.49389;-0.066319;-0.035063;0.011224;-0.238685;-0.883117;0.250708
89;-0.470998;9.388195;-2.113673;-0.159318;-0.040102;0.007636;-0.239372;-0.884569;0.24497
90;-0.740108;9.687999;-2.027745;-0.072609;-0.031753;0.002152;-0.238147;-0.885218;0.242972
91;-0.493091;9.574816;-2.038821;0.055464;0.030931;0.023866;-0.240815;-0.883898;0.244089
92;-0.672646;9.822888;-2.235466;0.066707;0.025964;-0.005075;-0.239785;-0.883911;0.246858
93;-0.845483;9.540015;-2.298928;0.057488;0.023586;0.009485;-0.239056;-0.882689;0.247679
94;-0.478575;9.433683;-2.293014;0.034891;0.023472;0.013011;-0.239714;-0.883105;0.247939
95;-0.800565;9.577523;-2.402679;0.002378;0.009092;0.012217;-0.240306;-0.883271;0.25093
96;-0.493513;9.388458;-2.158887;-0.047377;-0.010891;0.012992;-0.242245;-0.881783;0.249061
97;-0.65046;9.763745;-2.444474;-0.05262;-0.021824;0.002127;-0.24299;-0.881919;0.248218
98;-0.553294;9.478395;-2.159655;-0.056252;0.015871;0.007787;-0.242907;-0.883659;0.245383
99;-0.613019;9.553075;-2.070795;-0.036362;0.006866;0.001369;-0.242266;-0.884717;0.242827
100;-0.628152;9.636449;-2.392134;-0.009236;0.01873;0.005905;-0.243204;-0.883901;0.241413
101;-0.627848;9.612704;-2.011107;-0.079664;-0.017657;-0.006825;-0.242893;-0.884986;0.241717
102;-0.673116;9.584078;-2.31084;-0.011094;-0.000127;0.003996;-0.242874;-0.884551;0.238428
103;-0.568092;9.507827;-2.01038;-0.059656;-0.00072;-0.014017;-0.242579;-0.8844;0.236931
104;-0.665493;9.60609;-2.20604;0.016093;0.012366;-0.003227;-0.242428;-0.885348;0.236954
105;-0.560803;9.516098;-2.249347;-0.031081;-5.1e-05;0.013047;-0.242253;-0.883724;0.237749
106;-0.492902;9.754563;-2.165362;-0.037683;0.000737;-0.034002;-0.242279;-0.887516;0.236727
107;-0.717969;9.568878;-2.177138;-0.002054;0.016045;0.004101;-0.24172;-0.885479;0.237254
108;-0.54548;9.537265;-1.912778;-0.012737;0.018336;-0.010397;-0.242426;-0.886688;0.234929
109;-0.852739;9.719616;-2.373289;0.086516;0.034308;0.002245;-0.243157;-0.885893;0.236257
110;-0.410704;9.514344;-1.947924;-0.000126;0.004902;-0.010573;-0.242895;-0.885076;0.23625
111;-0.718038;9.584186;-2.28171;0.063113;0.019653;-0.00689;-0.24211;-0.884808;0.237638
112;-0.508514;9.433721;-2.26363;-0.014576;-0.001289;-0.006015;-0.241986;-0.885498;0.239159
113;-0.567986;9.642775;-2.144515;-0.054268;-0.02041;-0.014168;-0.241886;-0.885086;0.238745
114;-0.553089;9.567837;-2.099632;-0.055324;-0.0112;-0.001444;-0.24288;-0.884671;0.236516
115;-0.687923;9.568423;-2.086964;0.047024;0.013866;-0.02318;-0.240734;-0.885879;0.237567
116;-0.643125;9.538718;-2.198371;0.037599;-0.007133;0.003819;-0.240937;-0.885075;0.238639
117;-0.403225;9.627157;-2.171662;0.019366;-0.003857;-0.048676;-0.239368;-0.885066;0.239511
118;-0.867329;9.988877;-2.44006;-0.01417;0.017152;-0.030188;-0.240024;-0.885618;0.239773
119;-0.627594;9.747078;-1.980851;-0.05172;-0.006707;-0.002303;-0.237874;-0.886947;0.239049
120;-0.703344;9.344599;-2.155079;0.073953;0.016021;-0.010555;-0.237791;-0.886955;0.240146
121;-0.485596;9.67253;-2.217765;0.003407;0.028568;0.004976;-0.239331;-0.885627;0.24171
122;-0.702609;9.792937;-2.176274;0.036172;0.000393;-0.023247;-0.240477;-0.885091;0.241116
123;-0.650995;9.38983;-2.340879;0.034135;0.022402;0.002224;-0.240958;-0.88432;0.245733
124;-0.52313;9.507562;-1.994676;-0.028922;0.015512;-0.014003;-0.241041;-0.883635;0.244761
125;-0.687938;9.703841;-2.355602;0.048312;0.007564;0.018374;-0.240877;-0.882688;0.245295
126;-0.373194;9.641801;-2.126281;0.051915;0.018231;0.01831;-0.242056;-0.882991;0.247723
127;-0.747678;9.79362;-2.311535;0.102321;0.004377;0.027286;-0.243243;-0.881924;0.248483
128;-0.434032;9.224492;-2.352603;0.076688;0.029519;-0.005152;-0.244094;-0.880861;0.250076
129;-0.913181;9.541405;-2.606431;0.000451;0.031415;-0.03733;-0.244001;-0.881021;0.25309
130;-0.515745;9.507944;-2.114107;-0.101673;-0.042399;0.015633;-0.244098;-0.88074;0.251851
131;-0.4336;9.628892;-2.62798;-0.058522;-0.002642;-0.020428;-0.244867;-0.881265;0.248827
132;-0.867998;9.66812;-2.582909;-0.169772;-0.009824;-0.006458;-0.24352;-0.882996;0.246444
133;-0.366467;9.27626;-2.291544;-0.390775;-0.059673;-0.029954;-0.242223;-0.886287;0.235885
134;-0.702508;9.973024;-2.399956;-0.464594;-0.030408;-0.036701;-0.241759;-0.890489;0.219574
135;-0.98563;10.344318;-1.372563;-0.564708;-0.083425;0.060984;-0.240182;-0.894711;0.207128
136;0.106155;9.158671;-1.342366;-0.204597;0.009939;0.018711;-0.244745;-0.895731;0.193598
137;-1.366314;11.182982;-1.406624;-0.223305;-0.0122;0.058032;-0.245268;-0.897441;0.186367
138;-0.290242;9.812251;-1.840473;-0.157527;0.011138;0.149889;-0.252035;-0.894582;0.176928
139;-0.027143;9.890241;-0.991448;-0.317686;-0.08965;0.07624;-0.256154;-0.894457;0.173098
140;-0.717861;9.192456;-1.3562;-0.190774;-0.111336;0.034486;-0.259853;-0.893215;0.165979
141;-0.00492;9.680554;-0.879554;-0.379808;-0.127123;-0.079429;-0.259348;-0.895027;0.15605
142;-0.445142;10.164527;0.182849;-0.092618;-0.143353;-0.18409;-0.253526;-0.898167;0.149329
143;-1.376167;9.36485;-0.634576;0.570785;-0.004882;-0.076753;-0.250231;-0.896584;0.158842
144;-1.108506;8.52925;-1.327229;0.568235;0.031583;0.000295;-0.251642;-0.892152;0.178946
145;-0.756297;8.940761;-1.970256;0.287307;0.009009;-0.041841;-0.249669;-0.887908;0.193149
146;-0.538101;9.891109;-2.69629;0.014752;-0.011577;-0.034202;-0.249573;-0.887676;0.19807
147;-0.320207;10.286147;-2.721431;-0.073015;0.049618;-0.00293;-0.250634;-0.887661;0.19489
148;-0.417407;9.970032;-1.924392;-0.206632;0.011061;-0.022701;-0.250412;-0.888707;0.190405
149;-0.627361;9.633368;-1.510399;-0.314575;-0.002623;-0.060414;-0.249216;-0.890241;0.18063
150;-0.852215;9.461893;-1.31291;-0.268975;-0.005436;-0.03331;-0.248389;-0.892597;0.171268
151;-0.791949;9.47535;-0.96813;-0.173535;-0.015691;-0.024591;-0.247459;-0.893624;0.165303
152;-0.671685;9.743948;-1.025152;-0.084268;-0.009829;-0.015787;-0.245542;-0.893845;0.161679
153;-0.739016;9.879268;-1.17537;-0.016681;0.001461;-0.003193;-0.247084;-0.896281;0.15894
154;-0.73923;9.75226;-1.175717;0.006787;0.001546;-0.003245;-0.246095;-0.895988;0.1576
155;-0.746967;9.670533;-1.295624;-0.016737;-0.027214;-0.003374;-0.247206;-0.89535;0.161106
156;-0.687007;9.715258;-1.346796;-0.068851;-0.018751;-0.017688;-0.246745;-0.895065;0.160022
157;-0.671849;9.774668;-1.264185;-0.090659;-0.020447;-0.008609;-0.24528;-0.896928;0.157371
158;-0.656721;9.796592;-1.144313;-0.068968;-0.00966;-0.010405;-0.245856;-0.896087;0.153508
159;-0.701614;9.774026;-1.040521;-0.020201;0.012951;-0.00945;-0.244441;-0.896876;0.152202
160;-0.724177;9.729359;-1.055967;0.032939;0.003423;-0.003302;-0.244137;-0.896063;0.152744
161;-0.731668;9.78203;-1.153092;0.050139;0.021456;-0.001414;-0.246317;-0.896372;0.154592
162;-0.731763;9.78992;-1.272629;0.030411;0.014036;-0.010461;-0.245482;-0.894468;0.15513
163;-0.731833;9.760114;-1.295127;0.009512;-0.002025;-0.00328;-0.246222;-0.89584;0.155952
164;-0.716823;9.752415;-1.25006;-0.014621;0.002906;-0.020378;-0.246487;-0.895031;0.156201
165;-0.716751;9.774697;-1.212638;-0.023944;-0.003894;-0.000503;-0.246361;-0.895706;0.155945
166;-0.709277;9.744648;-1.175231;-0.002221;-0.009325;-0.006926;-0.245042;-0.895009;0.155428
167;-0.686752;9.774426;-1.17477;0.003192;-0.002104;-0.005092;-0.246145;-0.895968;0.155137
168;-0.70924;9.774584;-1.190094;0.003389;-0.002392;-0.019557;-0.245013;-0.895554;0.155713
169;-0.671886;9.744732;-1.249322;-0.002105;0.006728;-0.010453;-0.246338;-0.89637;0.154318
170;-0.709266;9.767165;-1.205059;0.003195;0.005111;-0.003226;-0.24709;-0.896928;0.155124
171;-0.731701;9.774638;-1.175529;0.027547;0.00612;-0.002365;-0.244874;-0.895011;0.155844
172;-0.686928;9.669831;-1.175055;0.012183;0.010586;0.000401;-0.245266;-0.894881;0.156102
173;-0.716822;9.744892;-1.235136;0.042635;0.009287;0.018417;-0.248123;-0.89559;0.156158
174;-0.657162;9.655426;-1.36887;0.04262;0.012953;0.022942;-0.248478;-0.895344;0.158739
175;-0.717692;9.364759;-1.490234;0.077812;0.013158;0.025605;-0.249124;-0.894015;0.16129
176;-0.688739;9.000079;-1.931593;0.140283;0.042079;0.025644;-0.24859;-0.892683;0.164974
177;-0.328876;9.343245;-2.268311;-0.051279;0.125027;0.00118;-0.247816;-0.893919;0.167758
178;-0.85258;9.673876;-2.111879;-0.334953;0.088853;-0.057856;-0.246578;-0.898454;0.159819
179;-0.926541;9.662999;-1.037149;-0.706845;-0.032636;-0.101131;-0.241167;-0.904083;0.141784
180;-0.445277;10.232732;-0.093444;-0.629104;-0.062733;-0.13249;-0.234144;-0.909407;0.121609
181;-1.28341;10.203059;0.968321;-0.502898;-0.081633;-0.080113;-0.228511;-0.915404;0.099213
182;-0.745248;9.76912;0.423297;0.204526;0.040683;0.038148;-0.226622;-0.916873;0.09862
183;-0.557527;10.277907;-0.042913;0.351439;0.04752;-0.003873;-0.226691;-0.916384;0.105035
184;-0.760815;10.440743;-1.473116;0.436107;0.10815;0.047044;-0.226905;-0.915429;0.120459
185;-0.446003;10.370918;-1.154148;0.121321;0.047052;0.013819;-0.229674;-0.912427;0.131385
186;-1.001246;9.639974;-0.761999;0.050197;0.010461;-0.01584;-0.23121;-0.912199;0.134611
187;-1.039278;9.431826;-1.009789;0.229369;0.089325;0.038537;-0.231795;-0.910891;0.139763
188;-0.731007;9.561377;-0.010416;0.173161;0.048033;-0.035894;-0.231542;-0.909832;0.143305
189;-1.211302;9.50675;-0.840631;0.487425;0.063779;-0.032749;-0.230706;-0.906121;0.15502
190;-0.649875;9.565948;-1.428767;0.647284;0.14176;-0.01115;-0.232018;-0.90331;0.174338
191;-0.836981;9.626289;-1.342098;0.545112;0.066037;-0.016756;-0.232659;-0.899543;0.19366
192;-0.666265;9.315818;-2.520672;0.64255;0.078609;0.010157;-0.233245;-0.893356;0.215945
193;-0.629197;9.196836;-2.72959;0.371071;0.08867;0.069671;-0.236116;-0.887845;0.235023
194;-0.538048;9.958582;-2.763357;0.098753;0.020647;0.036353;-0.237699;-0.885474;0.241625
195;-0.417756;10.272188;-2.872563;-0.06984;-0.057666;0.007239;-0.237273;-0.884538;0.243808
196;-0.589038;10.246465;-1.694906;-0.188495;-0.093928;0.009176;-0.237135;-0.887608;0.237856
197;-0.613794;8.909368;-1.728819;0.274935;0.02421;0.005268;-0.235667;-0.885993;0.241292
198;-0.867458;9.575779;-1.813504;0.426983;0.056209;0.048603;-0.237425;-0.883363;0.24925
199;-0.658742;9.451017;-2.736876;0.496314;0.07909;0.015937;-0.23918;-0.877557;0.266855
200;-0.486836;9.421676;-3.12261;0.270516;0.041706;0.027024;-0.242041;-0.872815;0.280479
201;-0.592026;9.122575;-2.908497;0.046665;-0.023085;0.010012;-0.243994;-0.868796;0.284303
202;-0.583687;9.705799;-3.056229;-0.167995;-0.03665;-0.001336;-0.242855;-0.871635;0.284395
203;-0.298224;9.874352;-2.498002;-0.163874;-0.070542;0.01097;-0.242303;-0.874686;0.276678
204;-0.823795;9.257212;-2.643049;0.006821;-0.005087;0.018462;-0.241309;-0.873445;0.275593
205;-0.448927;9.404702;-2.591482;-0.117305;0.009911;-0.009331;-0.242214;-0.874123;0.274346
206;-0.793277;9.540681;-2.559573;-0.084312;-0.030712;0.009448;-0.242005;-0.876537;0.271254
207;-0.523718;9.494813;-2.622392;-0.07055;0.010383;0.004152;-0.243435;-0.875175;0.268857
208;-0.65846;9.51008;-2.534961;-0.054213;-0.01131;-0.009545;-0.242541;-0.877056;0.267692
209;-0.49347;9.606371;-2.516968;-0.152013;-0.002218;0.016915;-0.243053;-0.877035;0.26453
210;-0.568097;9.552966;-2.099926;-0.022414;-0.001806;-0.030399;-0.243236;-0.878492;0.26004
211;-0.605883;9.494264;-2.35478;0.07035;0.017431;0.059966;-0.244642;-0.877178;0.263386
212;-0.561194;9.419863;-2.503671;0.071342;0.026355;0.058198;-0.246912;-0.875054;0.266278
213;-0.59866;9.555432;-2.765469;-0.049527;0.015108;0.054811;-0.248567;-0.874392;0.266211
214;-0.388435;9.612797;-2.358258;-0.192308;-0.022749;-0.013919;-0.249462;-0.876802;0.261169
215;-0.70304;9.569016;-2.236664;-0.007381;-0.000293;-0.005046;-0.248268;-0.877598;0.26054
216;-0.471035;9.486102;-2.337579;0.055677;0.01272;0.009264;-0.248768;-0.875983;0.26145
217;-0.966358;9.341476;-3.048734;0.078706;0.029603;-0.010373;-0.249237;-0.875198;0.264427
218;-0.298468;9.597064;-2.252168;-0.174339;-0.051431;-0.015999;-0.249063;-0.87651;0.259262
219;-0.628304;9.61448;-2.519225;-0.025616;-0.003582;0.013032;-0.24869;-0.878655;0.256581
220;-0.553832;9.375211;-2.563446;0.057572;0.021705;0.008452;-0.250143;-0.877607;0.259248
221;-0.433339;9.627873;-2.336559;-0.097548;-0.007079;-0.010411;-0.250758;-0.877335;0.258402
222;-0.643076;9.643808;-2.340061;-0.00097;0.00142;-0.009601;-0.249117;-0.876219;0.256794
223;-0.50067;9.462395;-1.927168;0.072003;0.023301;-0.001543;-0.249659;-0.87746;0.25844
224;-0.628488;9.457275;-2.429985;0.174827;0.05643;0.019278;-0.250487;-0.87548;0.264118
225;-0.448826;9.577267;-2.800239;0.090242;0.016229;-0.001666;-0.252098;-0.874431;0.266505
226;-0.538764;9.450006;-2.607823;-0.031643;-0.013032;-0.008755;-0.251529;-0.873072;0.267045
227;-0.688524;9.307565;-2.267013;0.009778;-0.016442;-0.008811;-0.251533;-0.874156;0.266792
228;-0.463842;9.329306;-2.375241;0.071833;-0.008677;0.011798;-0.25102;-0.8735;0.270078
229;-0.343287;9.935169;-2.737712;0.111981;0.00534;-0.010894;-0.249428;-0.873101;0.273131
230;-0.831102;9.707726;-3.277102;0.0614;0.014538;0.002161;-0.251126;-0.872751;0.277854
231;-0.494436;9.001011;-2.458839;-0.178113;-0.022731;-0.060921;-0.249515;-0.872144;0.272153
232;-0.433393;9.755925;-2.635106;-0.155466;-0.008735;0.005995;-0.249982;-0.873603;0.267517
233;-0.403406;9.688022;-2.485337;-0.108335;-0.00443;-0.010382;-0.250458;-0.876175;0.266183
234;-0.583437;9.569468;-2.526061;-0.11025;0.002988;-0.0003;-0.24947;-0.876409;0.262939
235;-0.493572;9.44133;-2.323136;-0.139027;-0.004584;-0.012974;-0.246963;-0.87797;0.257856
236;-0.672804;9.673103;-2.13126;-0.05044;-0.009907;-0.028537;-0.246664;-0.878617;0.25446
237;-0.523761;9.276901;-2.264311;0.028687;0.023274;0.004004;-0.247152;-0.87917;0.255138
238;-0.590838;9.53907;-2.369349;0.027992;0.008608;-0.01326;-0.248115;-0.879059;0.256881
239;-0.523467;9.523914;-2.398141;0.005186;0.017894;0.007634;-0.248358;-0.877559;0.255751
240;-0.673146;9.554115;-2.288505;0.084775;0.018824;-0.006966;-0.247947;-0.877706;0.257545
241;-0.613694;9.34514;-2.430037;0.055812;0.035993;0.005865;-0.24931;-0.875718;0.261563
242;-0.598385;9.554361;-2.459103;0.079287;0.016269;0.001139;-0.249709;-0.875332;0.263594
243;-0.41128;9.629386;-2.799464;0.063963;0.029788;0.009325;-0.251213;-0.874278;0.265575
244;-0.553737;9.427482;-2.555831;-0.034162;-0.002543;-0.021334;-0.249818;-0.874538;0.265899
245;-0.538435;9.508886;-2.353601;-0.063275;0.001216;-0.006774;-0.249638;-0.873848;0.264798
246;-0.508321;9.628489;-2.412548;-0.009174;0.01952;0.002243;-0.250103;-0.874389;0.263973
247;-0.538452;9.546555;-2.443167;-0.003655;0.003196;-0.008718;-0.250394;-0.876016;0.263447
248;-0.508648;9.554563;-2.636921;-0.052333;-0.000603;-0.010447;-0.249796;-0.876407;0.262244
249;-0.523318;9.508293;-2.203901;-0.10132;-0.016787;-0.003188;-0.24979;-0.877868;0.258444
250;-0.508772;9.344487;-2.383432;0.017993;0.010469;-0.006918;-0.248706;-0.876365;0.258588
251;-0.471021;9.659005;-2.643476;-0.090076;0.004405;-0.021194;-0.247631;-0.878385;0.257978
252;-0.605664;9.568607;-2.249964;-0.098281;-0.018144;-0.027594;-0.247376;-0.878215;0.254155
253;-0.61326;9.546492;-2.324875;-0.086796;0.003016;-0.003057;-0.249203;-0.878484;0.251639
254;-0.417809;9.776073;-2.007117;0.011412;0.00887;0.005699;-0.249726;-0.880118;0.251653
255;-0.658008;9.673763;-2.340232;0.14745;0.033346;0.034572;-0.250211;-0.87757;0.254733
256;-0.546142;9.396961;-2.383922;0.141982;0.026198;0.03812;-0.25078;-0.87652;0.258249
257;-0.643276;9.637069;-2.549306;0.120432;0.011632;0.029061;-0.25335;-0.875781;0.264166
258;-0.359176;9.397328;-2.739431;0.043071;0.033479;0.019338;-0.252586;-0.873629;0.267431
259;-0.314461;9.210027;-2.649513;-0.160263;0.006493;-0.035527;-0.252492;-0.87266;0.265228
260;-0.508173;9.627914;-2.248156;-0.15715;-0.00997;-0.010252;-0.252482;-0.875748;0.261186
261;-0.224132;9.433522;-2.587606;0.041307;0.028817;0.012924;-0.252814;-0.875187;0.258703
262;-0.48629;9.63763;-2.920266;-0.190857;0.003684;-0.039035;-0.251895;-0.877191;0.256037
263;-0.538827;9.540494;-2.846693;-0.41649;-0.052997;-0.053305;-0.251213;-0.882092;0.242481
264;-0.418251;9.649955;-2.261522;-0.686928;-0.093478;-0.096376;-0.247762;-0.887887;0.225615
265;-0.836886;9.731196;-1.431481;-0.596837;-0.092249;-0.100033;-0.243046;-0.893898;0.203737
266;-0.43882;10.131445;-1.050061;-0.478566;-0.04752;-0.031461;-0.240276;-0.89809;0.189005
267;-0.820098;10.761862;-1.353695;-0.235108;0.004358;0.00098;-0.240396;-0.899101;0.179997
268;-0.641859;9.796991;-1.278562;-0.166288;-0.041674;0.107196;-0.242902;-0.900387;0.168317
269;0.181689;9.817671;-1.884789;-0.233189;-0.001203;0.004176;-0.244918;-0.901029;0.161427
270;-1.058701;10.893975;-0.356085;-0.499958;-0.144454;0.045961;-0.246448;-0.902337;0.153608
271;-0.642318;9.340059;-0.936077;-0.316069;-0.13967;0.076177;-0.250585;-0.901442;0.138825
272;-0.163726;8.604196;-0.518998;-0.113568;-0.087476;0.057771;-0.254578;-0.898469;0.135354
273;-0.415394;10.135154;-0.003535;0.006595;-0.153144;-0.111148;-0.254627;-0.901671;0.128715
274;-1.389794;10.209405;-0.707251;0.189614;-0.113854;-0.078379;-0.251095;-0.901557;0.135665
275;-0.860357;9.035821;-1.239474;0.205627;-0.073718;-0.04034;-0.24994;-0.897818;0.144382
276;-0.748668;8.729631;-1.425219;0.115498;0.005037;-0.027869;-0.248122;-0.897307;0.150448
277;-0.792562;9.56798;-1.819731;-0.012295;0.050993;-0.038118;-0.247912;-0.897839;0.149508
278;-0.536587;10.148415;-1.500004;-0.137621;0.064123;0.017326;-0.249907;-0.89758;0.14848
279;-0.348923;10.138543;-1.063467;-0.20065;0.05624;-0.002545;-0.250214;-0.896992;0.142717
280;-0.49886;9.891508;-0.722942;-0.153403;0.027017;-0.038962;-0.251364;-0.898293;0.1345
281;-0.76154;9.601328;-0.713219;-0.003955;0.035397;-0.010211;-0.249822;-0.899079;0.133062
282;-0.836792;9.490191;-0.87918;0.091735;0.029504;-0.010451;-0.25027;-0.897469;0.134657
283;-0.716735;9.684393;-1.026074;0.058324;0.031241;-0.005893;-0.251057;-0.897902;0.136827
284;-0.656415;9.93828;-1.069203;0.005023;0.014919;-0.005001;-0.249932;-0.897758;0.137272
285;-0.581622;9.833122;-1.008445;0.024881;-0.005758;-0.010641;-0.2519;-0.898887;0.139963
286;-0.626791;9.75899;-1.11402;0.012293;-0.013927;-0.014262;-0.250386;-0.897924;0.140268
287;-0.716686;9.729323;-1.055841;-0.002174;-0.016647;-0.014206;-0.250347;-0.89847;0.14069
288;-0.641787;9.751591;-1.114293;-0.043867;-0.02373;-0.00152;-0.250799;-0.897641;0.138471
289;-0.656606;9.788625;-1.00236;-0.036247;-0.007246;-0.029463;-0.249734;-0.897627;0.138096
290;-0.619024;9.818044;-0.91945;0.041287;0.022841;-0.01771;-0.249143;-0.897762;0.138665
291;-0.626499;9.848094;-0.956857;0.039199;0.02328;0.004008;-0.249714;-0.897629;0.13837
292;-0.686624;9.773929;-1.032796;0.047966;0.012946;0.022034;-0.250066;-0.896841;0.141078
293;-0.701622;9.728939;-0.96592;0.04089;0.018077;0.01124;-0.249045;-0.898193;0.141684
294;-0.67169;9.789087;-1.114698;0.035589;0.019739;0.005822;-0.250451;-0.898083;0.143003
295;-0.64167;9.788736;-1.054413;-0.000681;-0.003579;0.012074;-0.251345;-0.896879;0.144044
296;-0.656695;9.80401;-1.129349;0.030185;0.001699;0.001185;-0.250479;-0.895656;0.14487
297;-0.686653;9.78908;-1.092534;0.012174;-0.002038;-0.003305;-0.251747;-0.894716;0.144537
298;-0.671682;9.713855;-0.965455;0.027461;0.00525;0.000322;-0.251461;-0.895678;0.146342
299;-0.641737;9.788998;-1.129136;0.012288;0.004096;-0.009614;-0.253274;-0.895844;0.147652
300;-0.671717;9.789192;-1.144587;0.028398;-0.013632;-0.003429;-0.251451;-0.89583;0.148259
301;-0.596851;9.75143;-1.128479;-0.001312;0.003229;-0.005081;-0.251721;-0.896104;0.148256
302;-0.62677;9.75139;-1.076679;0.006736;-0.009247;-0.003363;-0.251133;-0.893934;0.149191
303;-0.626729;9.803869;-1.128842;0.006654;-9.7e-05;0.005741;-0.251042;-0.895841;0.15005
304;-0.656745;9.774127;-1.12943;0.024903;0.017682;-0.005025;-0.252329;-0.895035;0.149446
305;-0.656744;9.75908;-1.099581;0.030446;0.013895;-0.015917;-0.251465;-0.894504;0.151925
306;-0.656799;9.774336;-1.189209;0.037661;0.004963;-0.015996;-0.252404;-0.895343;0.153824
307;-0.611927;9.744344;-1.21842;0.008697;0.006786;-0.008694;-0.251855;-0.893983;0.15409
308;-0.626808;9.789136;-1.188662;0.003121;-0.007406;-0.00063;-0.251936;-0.893433;0.153119
309;-0.626817;9.751572;-1.128985;0.003206;-0.003057;-0.006931;-0.252661;-0.893722;0.154332
310;-0.611874;9.751657;-1.173566;-0.003926;0.0067;-0.010473;-0.253348;-0.893593;0.154306
311;-0.626853;9.774272;-1.21112;0.010337;0.017846;0.005852;-0.25242;-0.894408;0.155583
312;-0.64188;9.744432;-1.203982;0.006803;0.003312;-0.003273;-0.252412;-0.894951;0.155594
313;-0.626917;9.74444;-1.226146;0.014008;0.012372;0.000381;-0.253141;-0.893614;0.157048
314;-0.627039;9.692274;-1.26365;0.001408;0.005083;-0.003253;-0.254916;-0.894039;0.156998
315;-0.626856;9.804365;-1.270817;-0.007528;0.010319;-0.008627;-0.253035;-0.893609;0.156641
316;-0.626925;9.759513;-1.263466;-0.000263;0.025581;-0.008541;-0.251486;-0.893598;0.157239
317;-0.619435;9.774524;-1.293189;-0.03458;0.008389;-0.010385;-0.252092;-0.893342;0.158308
318;-0.626813;9.834275;-1.278208;-0.052801;-0.002229;-0.000461;-0.251822;-0.894122;0.154504
319;-0.641687;9.818882;-1.129055;-0.056425;0.001321;-0.001325;-0.252645;-0.894657;0.152573
320;-0.626865;9.699119;-1.084293;-0.030971;0.008319;-0.014005;-0.252445;-0.894662;0.1534
321;-0.656771;9.759185;-1.129471;-0.016698;-0.002151;-0.003246;-0.252796;-0.895063;0.152302
322;-0.62694;9.714452;-1.196338;-0.013065;0.007752;-0.001391;-0.252794;-0.895199;0.152305
323;-0.641823;9.774291;-1.196428;-0.005838;0.010473;-0.001387;-0.250988;-0.893949;0.15111
324;-0.596775;9.788733;-1.113433;-0.038246;0.011982;-0.008551;-0.251242;-0.895986;0.151004
325;-0.626994;9.654501;-1.144194;-0.000412;0.017654;-0.001353;-0.251623;-0.894352;0.149866
326;-0.620716;8.982389;-1.235568;0.109372;0.00509;0.021832;-0.251221;-0.895461;0.153182
327;-0.464987;8.581762;-2.250248;0.2882;0.100485;0.052726;-0.252599;-0.89418;0.160495
328;-0.988595;9.137621;-2.407043;-0.24025;0.117834;0.025392;-0.255028;-0.895292;0.16071
329;-0.676813;11.058304;-0.857304;-0.766044;-0.104196;-0.080815;-0.250853;-0.902153;0.142384
330;-0.758747;10.545496;0.619442;-0.649715;-0.187936;-0.118682;-0.244009;-0.907172;0.118096
331;-0.430386;10.097661;0.055889;0.139889;0.041802;0.020081;-0.241916;-0.908465;0.112994
332;-0.506602;9.486438;-0.245939;0.541112;0.143522;0.011686;-0.241049;-0.907227;0.128312
333;-0.867108;9.747376;-1.745785;0.359065;0.084612;0.003729;-0.241523;-0.908655;0.136254
334;-0.355185;10.788033;-0.912376;-0.163198;-0.070408;-0.067722;-0.238583;-0.908632;0.137171
335;-0.68591;9.868911;-0.4198;0.028729;-0.008127;-0.039565;-0.23752;-0.908257;0.142258
336;-0.708982;9.382541;-0.174916;0.497836;0.073979;-0.009388;-0.237188;-0.906709;0.152357
337;-0.912092;9.454445;-1.239219;0.648335;0.136586;0.039577;-0.237905;-0.901458;0.172741
338;-0.597066;9.880108;-1.606362;0.465345;0.06632;0.014084;-0.238191;-0.898689;0.182113
339;-0.836214;10.270022;-1.691547;0.479056;0.056292;-0.000405;-0.238853;-0.895973;0.197352
340;-0.733604;9.157887;-2.133677;0.578528;0.076808;0.065512;-0.243249;-0.889557;0.219917
341;-0.509561;9.016677;-2.645859;0.444141;0.092966;0.005259;-0.245698;-0.884721;0.239022
342;-0.86811;9.706155;-2.777088;0.079911;0.020912;-0.03943;-0.245161;-0.881793;0.24664
343;-0.328604;9.492586;-2.245487;-0.138642;-0.039446;-0.050361;-0.243175;-0.882262;0.240289
344;-0.537874;9.657104;-2.009466;0.043564;-0.013449;-0.041509;-0.240534;-0.883851;0.238766
345;-0.478859;9.276871;-2.315858;0.1785;0.055368;0.012876;-0.240754;-0.882564;0.246937
346;-0.642745;9.687642;-2.05599;0.128348;0.022576;0.03816;-0.2405;-0.880828;0.250604
347;-0.411479;9.6076;-2.978861;0.107914;0.029542;0.032732;-0.242246;-0.880067;0.25477
348;-0.731734;10.256046;-2.108267;-0.030887;-0.021974;-0.009669;-0.244022;-0.881169;0.254596
349;-0.674544;8.912837;-2.641455;0.17856;0.043748;0.011082;-0.244401;-0.877262;0.257517
350;-0.852491;9.778809;-2.208735;0.070034;0.009329;0.011162;-0.244934;-0.877841;0.261202
351;-0.568805;9.405322;-2.608451;0.201862;0.047651;0.023652;-0.246416;-0.876022;0.269048
352;-0.628826;9.300673;-2.512608;0.089806;0.009607;0.023702;-0.248021;-0.874025;0.271691
353;-0.68109;9.465674;-2.62513;0.143964;0.011658;0.025407;-0.246403;-0.872018;0.277175
354;-0.388985;9.43446;-2.635223;0.074849;0.019768;0.000186;-0.248514;-0.870558;0.278445
355;-0.628281;9.644468;-2.549033;0.185668;0.030394;0.014547;-0.250367;-0.868988;0.283139
356;-0.291622;9.554422;-2.887312;0.154551;0.041805;0.056169;-0.250444;-0.866601;0.28979
357;-0.749258;9.401209;-3.328851;0.121914;0.030907;0.003908;-0.251683;-0.865303;0.29533
358;-0.546288;9.570492;-2.869155;-0.115542;-0.052906;-0.016054;-0.251062;-0.865681;0.292623
359;-0.471534;9.450444;-2.823382;-0.079276;-0.028746;-0.023244;-0.250965;-0.867693;0.289931
360;-0.561288;9.420228;-2.608284;0.02713;0.02304;-0.008648;-0.250072;-0.866051;0.289382
361;-0.479424;9.226428;-2.846536;0.00392;0.03525;-0.020296;-0.250321;-0.8658;0.291556
362;-0.599204;9.316909;-2.923039;-0.09901;0.006175;-0.022905;-0.251038;-0.867009;0.289095
363;-0.486649;9.308148;-2.704464;-0.196093;-0.054746;-0.002315;-0.248877;-0.868715;0.284824
364;-0.530953;9.659289;-2.644488;-0.151841;-0.035731;-0.001387;-0.248342;-0.871508;0.278742
365;-0.448946;9.329575;-2.472129;-0.072375;-0.002276;0.00043;-0.248703;-0.872436;0.275603
366;-0.537959;9.943196;-2.636369;-0.059606;0.015662;-0.003087;-0.249208;-0.872431;0.274356
367;-0.523683;9.419477;-2.44326;0.062964;0.027107;0.009366;-0.248714;-0.872962;0.273562
368;-0.76364;9.421499;-2.701367;0.095712;0.022495;-0.006929;-0.25218;-0.871411;0.278613
369;-0.553612;9.569874;-2.682473;0.070447;0.007033;-0.01068;-0.252428;-0.871296;0.280791
370;-0.545997;9.539276;-2.488148;0.083219;0.022997;-0.020555;-0.250596;-0.870621;0.283436
371;-0.479147;9.33063;-2.734166;0.204;0.057988;0.003782;-0.250139;-0.868483;0.288059
372;-0.584216;9.271698;-2.833241;0.126211;0.011205;0.007323;-0.25189;-0.865282;0.292588
373;-0.524243;9.511897;-3.235083;-0.014572;-0.007194;0.009319;-0.251828;-0.864762;0.295315
374;-0.471647;9.315522;-2.696719;-0.074129;-0.031074;-0.006081;-0.251112;-0.866489;0.291817
375;-0.614157;9.346942;-2.945628;-0.10079;-0.007362;-0.027509;-0.250336;-0.866205;0.29129
376;-0.403734;9.621618;-2.724635;-0.149631;-0.006621;-0.022957;-0.250932;-0.869564;0.286413
377;-0.53851;9.584379;-2.577567;-0.067124;-0.014549;0.011216;-0.248713;-0.86965;0.283206
378;-0.53915;9.301108;-2.757677;0.044987;0.02706;0.009419;-0.249153;-0.869937;0.284564
379;-0.448749;9.61457;-2.785193;-0.048758;-0.000488;-0.005056;-0.250141;-0.869929;0.282344
380;-0.583945;9.428563;-2.825341;-0.133788;-0.03288;0.002235;-0.248856;-0.870448;0.281166
381;-0.613573;9.34467;-2.295535;-0.097553;-0.035861;-0.017754;-0.248422;-0.870281;0.277896
382;-0.643268;9.682156;-2.623908;0.031763;0.006693;-0.021408;-0.249083;-0.871916;0.277905
383;-0.628796;9.390794;-2.646865;0.043157;0.01266;0.005743;-0.247013;-0.87134;0.276458
384;-0.718619;9.375886;-2.536339;-0.004394;-0.004181;-0.021348;-0.248452;-0.871919;0.27902
385;-0.478687;9.59956;-2.725961;0.06032;0.021705;0.008405;-0.248888;-0.871123;0.280631
386;-0.553813;9.442815;-2.667875;0.046899;0.021469;-0.001476;-0.248921;-0.86993;0.284025
387;-0.658907;9.308781;-2.655068;0.0324;-0.003689;-0.003369;-0.248162;-0.868425;0.283474
388;-0.448848;9.539755;-2.755507;0.02166;0.015938;-0.003307;-0.24911;-0.870077;0.285115
389;-0.560671;9.778784;-2.592362;0.104436;0.009392;0.010956;-0.249885;-0.867651;0.286137
390;-0.434242;9.308031;-2.740941;0.137232;0.043298;-0.000692;-0.251021;-0.86689;0.291144
391;-0.613428;9.614827;-2.638529;0.158896;0.027164;-0.007122;-0.251224;-0.863678;0.296271
392;-0.793835;9.430052;-2.970857;0.173141;0.023189;0.01189;-0.253577;-0.861019;0.299971
393;-0.180312;8.971466;-2.97667;0.092027;0.022585;0.005518;-0.256836;-0.858661;0.306108
394;-0.719806;9.200029;-3.523175;0.002011;0.00332;-0.00865;-0.254629;-0.859589;0.306198
395;-0.239665;9.435735;-3.20059;-0.227456;-0.050552;-0.008651;-0.253361;-0.8597;0.304875
396;-0.389441;9.436235;-3.143341;-0.304613;-0.027224;-0.038996;-0.252538;-0.863818;0.295137
397;-0.434154;9.480647;-2.964642;-0.293884;-0.005486;-0.029814;-0.252406;-0.867535;0.285368
398;-0.868287;9.676766;-2.919144;-0.414655;-0.018724;-0.047524;-0.24981;-0.8735;0.271622
399;-0.501654;9.135342;-2.406293;-0.650022;-0.089041;-0.018599;-0.249369;-0.878618;0.251226
400;-0.642418;10.122526;-2.503149;-0.642369;-0.045485;-0.040014;-0.249295;-0.883503;0.235052
401;-0.656766;10.270529;-2.077072;-0.807176;-0.085959;-0.01636;-0.24744;-0.889801;0.211443
402;-0.06628;9.250236;-1.658869;-0.861212;-0.106442;-0.034656;-0.245135;-0.896189;0.182929
403;-1.217697;10.630516;-1.719439;-0.864457;-0.111198;0.06795;-0.246836;-0.902328;0.152091
404;0.130626;10.218637;-1.107453;-0.725672;-0.011869;0.099392;-0.248645;-0.906077;0.127492
405;-1.365536;10.578357;0.579387;-0.873932;-0.203728;0.106325;-0.250133;-0.907239;0.102171
406;0.077249;9.034369;0.0616;-0.32507;-0.145707;0.05779;-0.255355;-0.906055;0.083929
407;0.116336;9.464009;1.064706;-0.08612;-0.096797;-0.133343;-0.254315;-0.906821;0.079466
408;-1.13437;10.009906;0.454731;0.376123;-0.002941;-0.116176;-0.252196;-0.906716;0.085823
409;-1.061759;9.071;-0.346108;0.442391;0.057832;-0.049001;-0.251004;-0.904517;0.100176
410;-0.793047;8.855467;-1.029599;0.276;0.079537;-0.006947;-0.249862;-0.90448;0.113476
411;-0.642081;9.624897;-1.204307;0.005372;0.054957;-0.019201;-0.250136;-0.902601;0.115618
412;-0.491074;10.266328;-1.095414;-0.130342;0.045878;0.001789;-0.250001;-0.90284;0.111936
413;-0.341078;10.159693;-0.71208;-0.119587;0.027837;-0.002935;-0.252623;-0.902548;0.106238
414;-0.528686;9.838465;-0.469531;-0.063207;0.035447;-0.037303;-0.251589;-0.904413;0.1033
415;-0.828849;9.47336;-0.348559;0.011384;0.006514;-0.023069;-0.2498;-0.90411;0.101712
416;-0.904061;9.422228;-0.581609;0.117869;0.007945;-0.017863;-0.251394;-0.902792;0.104369
417;-0.716494;9.690976;-0.771994;0.113333;-0.001001;-0.014383;-0.251331;-0.901744;0.109
418;-0.618544;10.086896;-0.888828;0.04294;-0.02105;-0.017113;-0.252891;-0.902883;0.113482
419;-0.618684;10.012238;-0.903976;-0.030994;-0.013329;-0.020495;-0.251559;-0.900968;0.113352
420;-0.656454;9.750434;-0.763347;-0.072592;-0.028718;-0.020469;-0.250192;-0.902701;0.111243
421;-0.671516;9.668089;-0.696573;-0.074461;-0.020548;-0.014973;-0.248759;-0.902392;0.10855
422;-0.64132;9.779856;-0.650927;-0.051739;-0.000922;-0.023055;-0.248354;-0.902508;0.106652
423;-0.626136;9.899321;-0.650349;-0.022764;0.009844;-0.027587;-0.246451;-0.902894;0.106448
424;-0.611182;9.861764;-0.612836;-0.004087;0.022019;-0.004944;-0.247144;-0.903713;0.106168
425;-0.656074;9.891834;-0.606041;0.001613;0.020713;-0.026657;-0.246629;-0.903719;0.107552
426;-0.731129;9.817532;-0.622454;0.045634;0.029313;-0.009489;-0.247383;-0.903463;0.108479
427;-0.671388;9.727753;-0.666521;0.04287;0.022191;-0.005933;-0.248338;-0.903744;0.108453
428;-0.731221;9.802851;-0.697218;0.003257;-0.006892;-0.019576;-0.247399;-0.902377;0.108458
429;-0.686262;9.832679;-0.741212;-0.020149;0.001041;-0.021294;-0.248147;-0.903206;0.10927
430;-0.686349;9.772859;-0.72643;-0.011361;-0.003973;-0.005066;-0.246992;-0.902252;0.110246
431;-0.716255;9.772765;-0.659685;-0.014926;-0.007677;-0.010496;-0.246258;-0.90362;0.112484
432;-0.656266;9.80234;-0.651119;-0.033689;-0.000851;-0.023093;-0.246383;-0.904285;0.110716
433;-0.686208;9.83247;-0.681433;-0.018602;-0.01119;-0.006003;-0.247247;-0.905494;0.108113
434;-0.686275;9.772572;-0.644234;-0.013107;-0.002302;-0.010477;-0.246941;-0.903989;0.107
435;-0.671193;9.847315;-0.673667;-0.007812;0.00421;0.000398;-0.245296;-0.902768;0.109082
436;-0.716147;9.832507;-0.65205;0.01398;0.017598;-0.006783;-0.245727;-0.904261;0.108549
437;-0.686257;9.787539;-0.651666;0.001325;-0.005834;-0.010537;-0.244495;-0.903586;0.110491
438;-0.716236;9.787733;-0.667117;-0.001605;0.000807;0.007617;-0.246914;-0.903871;0.109186
439;-0.701223;9.817625;-0.689199;0.017409;0.010696;0.00582;-0.24638;-0.903066;0.110966
440;-0.686259;9.810109;-0.696439;0.026447;-0.006395;0.001155;-0.24718;-0.903739;0.109312
441;-0.701243;9.817703;-0.711616;-0.002329;0.007752;-0.003197;-0.245207;-0.902656;0.112091
442;-0.71624;9.817826;-0.726814;-0.011457;0.005182;0.004051;-0.245259;-0.902651;0.111405
443;-0.701218;9.832645;-0.711576;0.006764;-0.002221;-0.010522;-0.244744;-0.903184;0.110885
444;-0.686247;9.81758;-0.696419;0.003052;0.001511;-0.002353;-0.245965;-0.904011;0.110861
445;-0.701186;9.847561;-0.704063;0.014001;0.004079;-0.010498;-0.246781;-0.903071;0.111089
446;-0.671315;9.795148;-0.711171;0.009403;0.014993;-0.00138;-0.244423;-0.903066;0.113355
447;-0.716277;9.787889;-0.711951;-0.000693;0.01252;0.010406;-0.245325;-0.902524;0.112358
448;-0.701334;9.787975;-0.756532;0.014004;0.000496;-0.01052;-0.246545;-0.903637;0.114116
449;-0.68628;9.817711;-0.73378;0.013858;0.010608;0.002203;-0.246312;-0.902275;0.113824
450;-0.678809;9.817754;-0.756071;0.019399;0.014046;-0.005931;-0.246343;-0.9031;0.115069
451;-0.686287;9.817737;-0.741253;0.006809;0.010324;-0.010444;-0.245305;-0.903354;0.114288
452;-0.701295;9.802865;-0.741546;0.013959;0.003258;-0.006884;-0.246291;-0.902428;0.115879
453;-0.678808;9.81023;-0.741147;0.006538;0.000831;0.00758;-0.24648;-0.902574;0.116969
454;-0.716318;9.795569;-0.771709;0.01218;0.001428;-0.008695;-0.246368;-0.903655;0.116447
455;-0.686334;9.81792;-0.793559;0.003244;0.004862;-0.01409;-0.246503;-0.903114;0.116568
456;-0.701321;9.795446;-0.756511;-0.001546;0.021459;0.009556;-0.24674;-0.90285;0.117102
457;-0.686326;9.81037;-0.771162;0.0086;0.003162;-0.010496;-0.245658;-0.902717;0.118776
458;-0.70131;9.817965;-0.78634;0.008445;0.003406;0.00127;-0.248537;-0.901782;0.117023
459;-0.701359;9.773034;-0.756572;0.009121;0.007342;0.018482;-0.246984;-0.902042;0.117626
460;-0.671321;9.847811;-0.815641;0.020964;0.014441;0.013058;-0.247931;-0.901662;0.119638
461;-0.686404;9.788114;-0.816057;0.021212;0.015869;-0.005015;-0.247675;-0.901266;0.12128
462;-0.678989;9.743252;-0.816053;0.011941;0.007202;0.011229;-0.24796;-0.90059;0.121257
463;-0.701408;9.788263;-0.838727;0.023876;0.007854;-0.00326;-0.248002;-0.901414;0.122366
464;-0.686413;9.803186;-0.853378;0.01026;0.005223;0.002176;-0.24861;-0.901699;0.123308
465;-0.648986;9.78057;-0.845335;0.031044;0.005251;0.000302;-0.247541;-0.900752;0.124966
466;-0.6864;9.810658;-0.853358;0.013798;0.005347;0.007595;-0.249731;-0.902415;0.126429
467;-0.626488;9.810452;-0.874763;0.012145;0.008707;-0.002353;-0.250513;-0.90026;0.127319
468;-0.663995;9.773222;-0.860553;0.021125;0.011512;0.001279;-0.249087;-0.899694;0.126399
469;-0.649101;9.728377;-0.875366;-0.0151;0.001664;0.008533;-0.24973;-0.899705;0.126924
470;-0.671441;9.848281;-0.950143;0.028322;0.008912;0.003957;-0.249741;-0.899855;0.128568
471;-0.63406;9.810801;-0.964557;-0.00239;-0.009173;0.002088;-0.250031;-0.898772;0.128537
472;-0.656616;9.758584;-0.957607;-0.007762;-0.002054;0.000352;-0.251684;-0.898923;0.128349
473;-0.656547;9.803436;-0.964957;0.012137;0.003361;-0.001472;-0.251532;-0.898667;0.1304
474;-0.626541;9.803138;-0.919617;0.001191;0.000769;0.005761;-0.251333;-0.899199;0.129323
475;-0.671411;9.81056;-0.845633;0.013823;0.014305;0.007648;-0.251204;-0.898806;0.131097
476;-0.648953;9.848123;-0.934819;0.017304;0.028952;0.022198;-0.252811;-0.898555;0.131586
477;-0.62663;9.758364;-0.934684;0.017549;0.004267;-0.00149;-0.25326;-0.898299;0.132934
478;-0.626719;9.71359;-0.949751;0.002959;-0.014461;0.005659;-0.252823;-0.897741;0.13157
479;-0.62659;9.758207;-0.88985;-0.01306;0.001316;-0.00867;-0.253305;-0.898024;0.13238
480;-0.656546;9.78839;-0.935109;-0.027508;-0.004104;-0.008659;-0.253517;-0.897205;0.131537
481;-0.62658;9.788248;-0.934603;-0.032892;-0.018583;-0.014182;-0.252884;-0.899376;0.132283
482;-0.626554;9.795667;-0.919638;-0.016585;0.002986;-0.014078;-0.253662;-0.897868;0.129494
483;-0.626605;9.773306;-0.934643;-0.018467;0.000402;-0.008663;-0.25327;-0.898148;0.131016
484;-0.626612;9.773332;-0.942116;-0.023986;-0.002159;-0.001431;-0.251752;-0.897983;0.129423
485;-0.649068;9.788406;-0.949927;-0.007717;-0.011129;-0.00514;-0.252294;-0.898396;0.129413
486;-0.626603;9.75826;-0.904795;-0.014883;-0.005861;-0.008713;-0.25219;-0.898406;0.130783
487;-0.626541;9.803138;-0.919617;-0.007414;0.002799;-0.024956;-0.251345;-0.898385;0.129307
488;-0.626548;9.803164;-0.92709;-0.016759;0.001452;-0.001426;-0.25326;-0.899353;0.129126
489;-0.618999;9.832986;-0.919409;-0.009443;0.017535;-0.004958;-0.250907;-0.898113;0.129726
490;-0.649086;9.773438;-0.942495;0.012129;-0.005642;-0.003343;-0.251885;-0.898933;0.1293
491;-0.566993;9.63891;-1.03861;0.001328;0.003298;-0.001477;-0.252186;-0.898677;0.130789
492;-0.85208;9.333529;-0.924695;0.085605;-0.013527;0.033608;-0.252006;-0.898138;0.131468
493;-0.582426;9.580571;-1.427587;0.089293;0.005427;0.041742;-0.253474;-0.899001;0.135401
494;-0.4028;9.663102;-1.768054;-0.155658;0.060517;0.020926;-0.253385;-0.899265;0.134725
495;-0.680246;9.349587;-1.474697;-0.206059;0.045646;0.00118;-0.25239;-0.900434;0.129585
496;-0.250436;10.532373;-0.582514;-0.527342;0.011547;-0.022896;-0.250796;-0.903032;0.117656
497;-0.745777;9.455338;0.422441;-0.357215;-0.05994;-0.091377;-0.247966;-0.908825;0.099812
498;-0.746868;9.008385;0.047603;0.121603;0.071829;-0.08985;-0.243752;-0.910902;0.093702
499;-0.791386;9.48068;-0.355379;0.225044;0.03734;-0.131943;-0.23877;-0.913356;0.101296
500;-0.743122;11.475407;-0.40149;0.015403;0.011742;-0.119031;-0.231687;-0.91456;0.107979
501;-0.804686;10.519481;-0.427525;0.080142;-0.016433;-0.106654;-0.225991;-0.916122;0.107104
502;-1.030429;9.832586;-0.253857;0.303168;0.054921;-0.034247;-0.224268;-0.916445;0.11537
503;-0.430934;9.956913;-0.288225;0.388182;0.052157;-0.04558;-0.22189;-0.91599;0.128839
504;-1.239893;10.298661;-0.794145;0.464916;0.046965;0.025064;-0.222541;-0.913124;0.142435
505;-0.77757;9.35731;-1.416543;0.634119;0.093491;0.083591;-0.226937;-0.909117;0.160945
506;-0.612612;9.566528;-1.644832;0.422013;0.100834;-0.043448;-0.226727;-0.905886;0.180578
507;-1.44891;10.958511;-1.199401;0.383198;0.052119;0.068773;-0.228057;-0.901779;0.190847
508;-0.554931;8.386846;-1.938457;0.676381;0.132299;0.047509;-0.233662;-0.896853;0.211623
509;-0.838988;8.972341;-2.345182;0.428953;0.096649;-0.078657;-0.231344;-0.891273;0.22882
510;-1.009757;10.065097;-2.681374;0.256434;0.084253;0.000402;-0.233473;-0.889494;0.240747
511;-0.4716;9.31534;-2.644413;0.152456;-0.004685;-0.071584;-0.231959;-0.8868;0.244984
512;-0.471224;9.734995;-3.009416;-0.049356;0.035158;-0.015667;-0.230383;-0.884638;0.24814
513;-0.252557;9.939029;-1.82455;-0.158693;-0.014205;-0.037526;-0.228198;-0.889178;0.241873
514;-1.062928;9.451548;-2.347674;0.110153;-0.034256;-0.027118;-0.226733;-0.889836;0.24125
515;-0.957399;9.59893;-1.904629;0.078734;0.027759;0.033928;-0.227699;-0.886894;0.245263
516;-0.658002;9.553418;-2.108916;0.238055;0.013247;-0.000149;-0.227718;-0.886124;0.25058
517;-0.672372;10.017344;-2.294715;0.219213;0.028864;0.065112;-0.229187;-0.883237;0.260594
518;-0.748902;8.971184;-2.134439;0.424085;0.066026;0.004328;-0.232925;-0.878212;0.271723
519;-0.561616;9.346302;-2.832657;0.365852;0.05957;0.050461;-0.234294;-0.873709;0.28335
520;-0.599582;9.52142;-3.722029;0.200672;0.043575;-0.003506;-0.234885;-0.87094;0.292301
521;-0.509433;9.377139;-3.175417;-0.156418;-0.04714;0.010305;-0.236014;-0.870962;0.293631
522;-0.651024;9.645619;-2.848306;-0.220096;-0.075103;-0.032186;-0.235303;-0.87415;0.286196
523;-0.673445;9.404879;-2.341218;-0.090801;-0.02789;0.019389;-0.233211;-0.875593;0.282875
524;-0.703135;9.704748;-2.594969;0.17642;0.035234;0.03272;-0.2332;-0.873035;0.285287
525;-0.770376;9.990114;-2.924116;0.143088;0.052272;0.037454;-0.236654;-0.870793;0.288822
526;-0.793695;9.256548;-2.493096;0.118732;0.020477;0.021965;-0.238397;-0.870017;0.29121
527;-0.898432;9.406882;-2.614017;0.259311;0.028606;0.041609;-0.240707;-0.866444;0.299269
528;-0.45037;8.861357;-3.17581;0.266049;0.067315;0.097761;-0.245406;-0.860088;0.312391
529;-0.2256;9.063237;-3.522665;-0.030443;0.032747;-0.003146;-0.248341;-0.8585;0.313631
530;-0.748787;9.752816;-3.462396;-0.137589;-0.029606;0.027644;-0.248426;-0.860238;0.31038
531;-0.007732;9.210218;-3.115083;-0.276126;-0.008604;-0.00472;-0.249415;-0.862639;0.304104
532;-0.704194;9.393029;-3.186138;-0.324261;0.003083;-0.047659;-0.24718;-0.866596;0.293179
533;-0.607068;9.408633;-3.505763;-0.519743;0.019483;0.001731;-0.247076;-0.87299;0.278949
534;-0.554022;9.51883;-3.041288;-0.932311;-0.066297;-0.084682;-0.243984;-0.881429;0.253235
535;-1.16618;10.618826;-2.719886;-1.085894;-0.135922;0.036645;-0.241715;-0.890252;0.223809
536;0.195421;9.055428;-1.849251;-1.0772;-0.104095;-0.008885;-0.242842;-0.898902;0.185655
537;-1.009542;10.004102;-2.330338;-0.980272;-0.117326;-0.03408;-0.239313;-0.904299;0.153608
538;-0.443912;11.114779;-0.225543;-1.111243;-0.292793;0.098672;-0.243711;-0.910529;0.114205
539;-0.9567;8.911889;0.148409;-1.176214;-0.410144;0.063974;-0.249612;-0.911491;0.075745
540;0.31136;9.552374;1.172852;-0.701937;-0.251327;-0.081389;-0.246415;-0.912638;0.054544
541;-0.773789;9.733633;2.066622;0.096395;-0.120058;-0.174286;-0.243791;-0.914421;0.043727
542;-1.50971;9.337852;0.857552;0.609924;0.037863;-0.051173;-0.242368;-0.911175;0.063126
543;-1.167697;8.308567;-0.095897;0.627707;0.064766;-0.006825;-0.241594;-0.909024;0.082799
544;-0.68009;8.905299;-0.474606;0.412988;0.087298;-4.1e-05;-0.243662;-0.907553;0.09911
545;-0.580924;10.191364;-0.902855;0.284849;0.054532;-0.001846;-0.2455;-0.90347;0.111686
546;-0.408025;10.767278;-1.316828;0.302354;0.10238;0.057127;-0.246623;-0.901642;0.118861
547;-0.356606;10.116766;-1.235518;0.327687;0.11494;0.054439;-0.249803;-0.899322;0.129649
548;-0.522142;9.608996;-1.090239;0.281201;0.086152;0.011938;-0.253376;-0.897098;0.135231
549;-0.792418;9.417019;-1.379271;0.243316;0.058244;0.008344;-0.254192;-0.896761;0.142581
550;-0.702235;9.693726;-1.578753;0.17467;0.052731;0.014758;-0.255545;-0.893871;0.152325
551;-0.596949;9.909731;-1.531557;-0.000457;0.012475;0.007633;-0.257505;-0.894187;0.155274
552;-0.649333;9.879678;-1.412967;-0.043717;0.003178;-0.001344;-0.25635;-0.893082;0.154471
553;-0.620159;9.28102;-1.174975;0.01006;-0.015963;0.018306;-0.255972;-0.893316;0.150386
554;-0.706649;7.387224;-2.167886;0.463785;-0.022465;0.053427;-0.256717;-0.89285;0.158693
555;-0.182469;7.97218;-3.502461;0.28098;0.280981;0.117163;-0.259848;-0.890851;0.175505
556;-0.491108;10.326618;-1.244697;-0.856332;-0.055359;-0.260311;-0.253797;-0.9007;0.15976
557;-1.59205;14.031422;0.480259;-1.096314;-0.219787;-0.206225;-0.239829;-0.910992;0.12569
558;0.019648;9.6723;1.452193;-0.161765;-0.060517;-0.010775;-0.237122;-0.913536;0.108601
559;-0.627784;8.356613;0.399056;0.967302;0.23461;0.006821;-0.236713;-0.910837;0.127157
560;-1.045331;10.501623;-1.410509;0.85121;0.178255;0.065602;-0.239561;-0.905915;0.151853
561;-0.088162;9.962438;-2.329824;0.454838;0.064181;0.003929;-0.241914;-0.90175;0.17029
562;-0.822708;9.734259;-2.327908;0.196106;0.034537;-0.093911;-0.239319;-0.900203;0.183198
563;-0.9724;9.335872;-1.434838;0.032945;0.011254;-0.062831;-0.239884;-0.897918;0.201457
564;-0.898;8.893841;-1.180714;0.179635;0.049666;-0.093699;-0.237322;-0.898866;0.204431
565;-1.257085;9.404928;-1.573964;0.296492;0.061863;-0.050364;-0.232734;-0.900152;0.201599
566;-0.501014;9.238134;-1.890417;0.355795;0.090367;-0.016256;-0.233875;-0.895371;0.212681
567;-0.686491;10.578053;-2.383109;0.294373;0.065248;-0.010823;-0.233576;-0.89248;0.224394
568;-0.192741;10.134714;-2.316182;0.26342;0.070808;0.010812;-0.232742;-0.888408;0.241571
569;-0.830723;9.435533;-2.351266;0.279474;0.045197;0.018126;-0.2333;-0.886455;0.250813
570;-1.010874;9.189606;-2.287723;0.214459;0.013505;0.011827;-0.234614;-0.88539;0.251706
571;-0.374393;9.210311;-2.650525;0.069617;0.030277;-0.010583;-0.236181;-0.88275;0.258577
572;-0.852267;9.943379;-2.268065;0.076855;-0.006221;0.03817;-0.236168;-0.881682;0.260744
573;-0.569878;8.913177;-2.878799;0.194135;0.027324;-0.005391;-0.237882;-0.878515;0.269377
574;-0.778343;9.563362;-2.6564;-0.003944;0.007802;-0.050196;-0.236717;-0.877035;0.272395
575;-0.674134;9.332362;-2.969098;-0.046742;-0.006979;-0.019473;-0.235486;-0.877263;0.268749
576;-0.598696;9.269811;-2.273069;-0.210114;-0.053789;-0.041117;-0.233405;-0.87991;0.263263
577;-0.687387;10.122818;-2.526325;-0.022944;-0.030512;0.009233;-0.233069;-0.881645;0.260162
578;-0.261205;9.717963;-2.692077;-0.071278;-0.005688;-0.077475;-0.231882;-0.882712;0.259401
579;-0.55208;10.150471;-2.068154;-0.117548;0.010086;-0.001171;-0.23002;-0.883621;0.256746
580;-1.0484;9.077249;-2.154159;0.138862;0.02005;-0.005108;-0.230985;-0.884578;0.256459
581;-0.628014;9.77879;-2.503833;0.185267;0.063395;0.050943;-0.231242;-0.882731;0.262431
582;-0.883074;9.661034;-2.672851;0.06687;0.007935;-0.014151;-0.232425;-0.880881;0.267005
583;-0.688928;9.316655;-2.730277;-0.032933;0.012844;0.027666;-0.234032;-0.879953;0.267618
584;-0.620682;9.523696;-2.205505;-0.033757;-0.005516;0.008519;-0.234904;-0.880092;0.266908
585;-0.897963;9.660739;-2.568491;0.112689;0.010659;0.067165;-0.236689;-0.879161;0.266968
586;-0.284408;9.149386;-2.439945;0.06289;0.043372;0.019336;-0.238652;-0.876496;0.270407
587;-1.30293;9.378548;-2.516317;0.100271;-0.016664;0.04277;-0.239804;-0.875176;0.273488
588;-0.20908;9.297825;-2.258937;0.034409;-0.017283;0.039768;-0.241816;-0.876165;0.275629
589;-0.763552;9.601639;-2.939993;0.138654;0.031434;0.027388;-0.24334;-0.875245;0.277338
590;-0.554219;9.481997;-3.190836;0.022496;0.033822;0.080066;-0.245454;-0.872309;0.28063
591;-0.142724;9.60998;-4.020433;-0.318301;0.04529;0.004824;-0.246555;-0.873102;0.276781
592;-0.98047;9.834476;-3.00281;-0.76136;-0.088186;-0.052522;-0.245166;-0.880769;0.254004
593;-0.313374;9.446435;-1.886684;-0.853914;-0.151403;-0.047544;-0.244327;-0.889359;0.227398
594;-0.73174;9.88759;-1.429283;-0.655057;-0.066584;-0.05997;-0.240495;-0.895749;0.200985
595;-0.507051;10.029625;-1.753883;-0.517781;-0.058449;0.008388;-0.240131;-0.899534;0.183432
596;0.183413;10.90888;-2.008846;-0.488487;-0.010862;-0.072185;-0.237138;-0.90304;0.168148
597;-1.867573;11.543705;-1.339399;-1.002777;-0.25586;0.11007;-0.240449;-0.906248;0.141849
598;-0.314834;8.083476;-0.963821;-0.869175;-0.241484;0.111139;-0.247694;-0.90703;0.112776
599;-0.057718;8.779791;0.402358;-0.660688;-0.16124;-0.028252;-0.250401;-0.908627;0.089337
600;-1.178495;10.134748;1.1343;-0.279707;-0.147017;-0.117318;-0.246201;-0.910733;0.070375
601;-1.217269;9.66629;0.549544;0.141846;-0.024182;-0.017105;-0.245239;-0.909654;0.072437
602;-0.777427;8.544594;0.25506;0.269906;0.026894;0.00901;-0.247028;-0.906871;0.078203
603;-0.777305;8.905082;-0.28197;0.40915;0.076768;0.010793;-0.248625;-0.904739;0.097251
604;-0.678847;9.795341;-0.756132;0.506075;0.099746;0.0649;-0.251637;-0.9034;0.111892
605;-0.566177;10.147095;-1.08206;0.564717;0.121719;0.077504;-0.254138;-0.900139;0.1246
606;-0.469195;10.005338;-1.26761;0.448727;0.081063;0.039494;-0.258358;-0.895698;0.140099
607;-0.477263;9.819616;-1.559667;0.355118;0.049838;0.01872;-0.259433;-0.892699;0.153542
608;-0.612404;9.686038;-1.637034;0.270213;0.028075;0.019748;-0.261603;-0.888884;0.165292
609;-0.507876;9.604196;-1.874601;0.149128;0.000909;0.028868;-0.260491;-0.888529;0.172842
610;-0.545037;9.77618;-1.867293;-0.037287;-0.022012;-0.006997;-0.262675;-0.889094;0.17278
611;-0.529518;9.969545;-1.634868;-0.137459;-0.015298;-0.010336;-0.262276;-0.888802;0.170874
612;-0.596966;9.819557;-1.382355;-0.154793;-0.024172;-0.003082;-0.261205;-0.889572;0.166822
613;-0.597093;9.632051;-1.173639;-0.095331;-0.027477;0.000376;-0.261774;-0.890629;0.162722
614;-0.537611;9.332718;-1.113662;-0.022992;-0.007646;-0.006014;-0.261619;-0.891021;0.161094
615;-0.554442;8.460145;-1.534748;0.182068;-0.003383;-0.010975;-0.261647;-0.8901;0.164493
616;-0.369638;7.987643;-3.400971;0.276554;0.133605;0.007728;-0.261465;-0.889094;0.174324
617;-0.448701;9.59934;-2.703038;-0.549698;0.130436;-0.040937;-0.258234;-0.894581;0.169067
618;-0.90814;11.386744;-0.464296;-1.094054;-0.191416;-0.213465;-0.249319;-0.904429;0.140564
619;-0.594058;10.51512;0.539948;-0.633957;-0.094448;-0.193236;-0.238934;-0.912346;0.110159
620;-1.028707;9.848444;1.621758;0.319135;0.086141;-0.039494;-0.232105;-0.915738;0.102246
621;-0.911189;9.41333;-0.163306;0.752337;0.128108;0.003093;-0.232109;-0.912531;0.12447
622;-0.957361;9.681503;-2.01649;0.602711;0.13883;0.023429;-0.232881;-0.910301;0.149013
623;-0.318853;10.596717;-1.801479;0.150198;0.03343;-0.044295;-0.232491;-0.907735;0.167298
624;-0.888534;10.32996;-1.669853;0.039383;-0.00323;-0.071157;-0.22996;-0.908002;0.169984
625;-0.792663;9.267572;-1.372206;0.08533;0.041938;-0.059207;-0.227008;-0.908493;0.167356
626;-1.000712;10.089096;-1.007365;0.099237;0.019288;-0.032201;-0.226281;-0.907963;0.169831
627;-0.956646;9.761438;-1.373645;0.33691;0.064439;0.029013;-0.22707;-0.906002;0.177834
628;-0.612781;9.461907;-1.637644;0.379105;0.105016;-0.006227;-0.226295;-0.901367;0.192538
629;-1.016049;10.075504;-1.373802;0.282708;0.041817;0.027199;-0.228858;-0.899305;0.202394
630;-0.733095;9.524384;-2.252237;0.3983;0.077561;0.046951;-0.230253;-0.895883;0.213494
631;-0.733107;9.389071;-2.013489;0.256048;0.051192;0.010951;-0.232727;-0.894236;0.224456
632;-1.040436;9.353614;-2.145807;0.226036;-0.026781;0.011536;-0.233287;-0.890642;0.232162
633;-0.590613;9.748755;-2.510754;0.122575;-0.019513;-0.00374;-0.232026;-0.889458;0.238197
634;-0.193003;9.594296;-1.600304;0.216162;-0.006597;0.005009;-0.233028;-0.886392;0.243574
635;-0.350842;9.604574;-2.193254;0.384618;0.004224;-0.026025;-0.232413;-0.882674;0.254188
636;-0.314001;9.539117;-2.75323;0.393506;0.051508;0.005006;-0.232842;-0.879274;0.269011
637;-0.898322;9.872695;-3.359988;0.259568;0.048331;0.039909;-0.235119;-0.876141;0.281045
638;-0.358749;9.538546;-2.529819;-0.180699;-0.029655;-0.00315;-0.234878;-0.874795;0.282668
639;-0.703755;9.361238;-2.64074;-0.002101;0.019906;0.016789;-0.234999;-0.876936;0.278876
640;-0.73377;9.752614;-3.424782;-0.033307;0.046547;0.007992;-0.237022;-0.875604;0.279468
641;-0.343064;9.738782;-2.125511;-0.350349;-0.044004;-0.015503;-0.234631;-0.878222;0.270846
642;-0.823209;9.661012;-2.746562;-0.117331;-0.008813;-0.010217;-0.234296;-0.881688;0.263814
643;-0.613224;9.343312;-1.906974;-0.106144;0.001572;0.018699;-0.235635;-0.880727;0.260743
644;-0.642974;9.696053;-2.324974;0.131389;0.031195;0.020119;-0.238744;-0.87888;0.26334
645;-0.711114;9.496118;-2.745112;0.012086;0.032994;0.040356;-0.239286;-0.878616;0.263454
646;-0.756435;8.918739;-2.082402;0.010312;0.005666;0.020323;-0.240033;-0.878089;0.264513
647;-0.749131;9.220234;-2.851111;-0.036158;-0.005698;-0.003174;-0.240336;-0.878902;0.263971
648;-0.419225;9.240147;-2.576479;-0.093788;0.002706;-0.01487;-0.240851;-0.878369;0.264491
649;-0.568429;9.824977;-2.973455;-0.226906;0.00261;-0.042545;-0.240675;-0.881322;0.260862
650;-0.732738;9.756116;-2.288967;-0.36322;-0.048045;0.00275;-0.23856;-0.884183;0.248545
651;-0.62821;9.614115;-2.414613;-0.219596;0.003656;0.008131;-0.239832;-0.887775;0.238317
652;-0.949371;10.145766;-2.328939;-0.358654;-0.021036;0.004803;-0.240009;-0.889866;0.22837
653;-0.747588;9.34207;-1.371243;-0.542603;-0.079567;0.030143;-0.241637;-0.893678;0.211572
654;-0.207699;9.728609;-1.53294;-0.186348;-0.014458;0.00052;-0.240357;-0.896561;0.200868
655;-0.851855;10.032013;-1.9764;-0.189314;0.005151;0.029853;-0.242381;-0.896961;0.197528
656;-0.535309;10.970642;-1.617322;-0.34775;-0.063332;0.044998;-0.243863;-0.899056;0.186581
657;0.151635;9.517354;-1.422825;-0.300551;-0.082696;0.020104;-0.246022;-0.89869;0.172557
658;-0.207754;9.924344;-1.958333;0.011137;0.069072;-0.027456;-0.24608;-0.898956;0.17174
659;-0.894202;10.947059;-0.801499;-0.391126;-0.047466;0.037224;-0.249366;-0.899727;0.162485
660;-0.417328;9.548601;-1.051269;-0.537022;-0.117813;0.004406;-0.251708;-0.900968;0.145751
661;-0.70369;8.646585;-1.237876;-0.244852;-0.02077;0.047902;-0.254027;-0.901445;0.134883
662;-0.746517;9.232619;0.018325;-0.192553;-0.115544;0.007346;-0.255332;-0.901676;0.128418
663;-0.775475;10.131239;-0.540163;-0.04105;-0.159143;-0.05123;-0.256707;-0.902171;0.120999
664;-1.09145;9.611508;-1.047547;0.125743;-0.056239;-0.006486;-0.255311;-0.901377;0.125131
665;-0.702576;9.13105;-0.90777;0.10263;0.021327;-0.016002;-0.254952;-0.900464;0.130048
666;-0.769852;9.311274;-1.080284;0.140941;0.046149;-0.037618;-0.255246;-0.898056;0.13382
667;-0.566988;9.71409;-1.172909;0.133118;0.047032;0.009341;-0.25437;-0.897812;0.13822
668;-0.296721;10.116665;-1.286812;0.106;0.045184;0.014695;-0.257704;-0.896516;0.141366
669;-0.319242;10.049272;-1.212652;0.025858;0.040078;-0.00141;-0.259193;-0.897225;0.143245
670;-0.596877;9.744011;-1.143444;0.025227;0.042394;-0.022974;-0.25927;-0.89642;0.144184
671;-0.739671;9.490775;-1.176429;0.048457;0.043783;-0.004864;-0.258684;-0.894942;0.146773
672;-0.649713;9.557798;-1.234506;0.014229;0.003942;-0.017749;-0.257264;-0.896153;0.147253
673;-0.641616;9.908847;-1.218478;-0.039729;-0.018172;-0.037679;-0.256139;-0.897214;0.14567
674;-0.626432;10.028312;-1.2179;-0.036421;-0.013202;-0.014148;-0.256234;-0.896391;0.144557
675;-0.596812;9.758797;-1.098569;-0.010301;-0.006775;-0.010553;-0.25443;-0.896511;0.144893
676;-0.656837;9.691763;-1.077348;-0.043691;-0.031211;-0.016938;-0.253901;-0.897317;0.144515
677;-0.626781;9.789031;-1.158772;-0.041988;-0.043626;-0.010711;-0.253295;-0.897573;0.143446
678;-0.529198;9.863019;-1.082201;-0.030228;-0.009464;-0.006031;-0.25397;-0.89743;0.141781
679;-0.581622;9.833122;-1.008445;0.008584;0.014066;-0.002328;-0.255049;-0.897172;0.142014
680;-0.619246;9.758746;-1.054115;0.028506;0.012267;-0.006894;-0.254024;-0.89744;0.142873
681;-0.656772;9.774231;-1.159319;0.03384;0.014261;0.001261;-0.254258;-0.897311;0.14341
682;-0.656811;9.759341;-1.174305;-0.001281;0.006815;-0.005938;-0.253828;-0.896647;0.145599
683;-0.656797;9.759289;-1.15936;-0.000445;-0.00209;-0.003286;-0.253834;-0.896239;0.145591
684;-0.619237;9.803833;-1.128716;-0.04917;-0.02842;-0.010595;-0.253988;-0.897037;0.143413
685;-0.641754;9.758984;-1.091856;-0.049048;0.015501;-0.01029;-0.253307;-0.897286;0.141526
686;-0.641757;9.721394;-1.024707;-0.037416;-0.01314;-0.010509;-0.252477;-0.897143;0.141688
687;-0.649174;9.781301;-1.05456;-0.011202;0.018422;-0.005839;-0.252295;-0.898621;0.140218
688;-0.619184;9.803624;-1.068937;-0.001179;-0.004195;-0.017786;-0.25251;-0.898359;0.141026
689;-0.596769;9.79623;-1.120884;0.012241;0.008656;-0.00508;-0.251528;-0.89781;0.141458
690;-0.641697;9.788841;-1.084302;0.008572;0.02133;0.001364;-0.251688;-0.896996;0.141301
691;-0.656717;9.758976;-1.069692;0.004836;0.008901;0.007629;-0.252585;-0.896334;0.142216
692;-0.671695;9.774067;-1.092321;0.014059;0.012249;-0.005933;-0.252508;-0.89729;0.143057
693;-0.649254;9.774091;-1.129303;0.033776;0.007142;0.003924;-0.251148;-0.897426;0.144745
694;-0.656809;9.744295;-1.144456;0.025778;-0.009276;-0.008825;-0.251975;-0.897163;0.144713
695;-0.626807;9.781612;-1.173738;0.021329;0.00142;-0.010565;-0.251973;-0.897449;0.146496
696;-0.6418;9.751643;-1.129238;-0.014779;0.003081;-0.010458;-0.25234;-0.896916;0.147157
697;-0.641762;9.774055;-1.129177;-0.022851;0.003874;-0.014051;-0.250762;-0.896621;0.146383
698;-0.626805;9.759043;-1.128965;-0.01483;0.010358;-0.004988;-0.253289;-0.897453;0.145358
699;-0.671753;9.751733;-1.114799;0.003309;-0.011314;-0.016917;-0.252969;-0.898404;0.145797
700;-0.656776;9.751688;-1.122019;-0.007601;-0.002229;-0.008696;-0.252479;-0.897308;0.145246
701;-0.626831;9.751624;-1.14393;-0.001352;-0.002999;-0.003302;-0.250853;-0.896221;0.147056
702;-0.641801;9.759166;-1.144162;0.015792;-0.000225;-0.002415;-0.252452;-0.89704;0.145652
703;-0.656727;9.849255;-1.248784;-0.000303;0.013938;-0.00861;-0.252755;-0.897326;0.147014
704;-0.641843;9.774369;-1.218845;0.01409;0.012247;-0.005946;-0.25026;-0.897846;0.14738
705;-0.611823;9.774018;-1.15856;-0.000325;0.00492;-0.010494;-0.251854;-0.896377;0.148256
706;-0.716679;9.789456;-1.160291;-0.000453;-0.003865;-0.003274;-0.250476;-0.898261;0.148065
707;-0.671806;9.744418;-1.159654;0.010434;-0.00212;-0.006924;-0.251518;-0.896907;0.147184
708;-0.626843;9.744153;-1.14395;-0.001336;0.010482;-0.001402;-0.251929;-0.896234;0.147294
709;-0.656796;9.744243;-1.129511;0.017587;-0.002007;-0.002424;-0.251005;-0.896778;0.148566
710;-0.641803;9.774213;-1.174011;0.009407;0.003468;0.003956;-0.251786;-0.896263;0.150991
711;-0.626808;9.789136;-1.188662;0.028381;0.008912;0.003939;-0.251167;-0.895979;0.150186
712;-0.649371;9.744469;-1.204108;0.012297;0.017619;-0.005902;-0.253104;-0.896282;0.151631
713;-0.671848;9.759622;-1.234336;0.001464;-0.005808;-0.010546;-0.251906;-0.896823;0.152912
714;-0.671836;9.774615;-1.24924;-0.013006;-0.000408;-0.006857;-0.253073;-0.896812;0.150139
715;-0.656839;9.774492;-1.234043;-0.012058;-0.000484;-0.010483;-0.252213;-0.896537;0.150709
716;-0.64188;9.744432;-1.203982;-0.016597;0.017529;-0.00493;-0.252211;-0.895995;0.150835
717;-0.62686;9.774299;-1.218592;-0.005969;0.005276;0.007618;-0.252159;-0.896678;0.151397
718;-0.626872;9.759304;-1.203688;-0.022794;0.004715;-0.016765;-0.253067;-0.896542;0.15027
719;-0.641784;9.789181;-1.181442;-0.022882;0.013847;-0.008559;-0.254209;-0.897632;0.149433
720;-0.641841;9.759323;-1.188996;-0.027461;0.00763;-0.00497;-0.25294;-0.895862;0.150262
721;-0.716768;9.744683;-1.175357;-0.016792;-0.003777;0.004004;-0.25311;-0.896402;0.149719
722;-0.641903;9.714444;-1.174174;-0.002048;-0.009602;-0.019617;-0.252305;-0.896663;0.149478
723;-0.619328;9.774106;-1.173631;-0.003983;0.012191;-0.005007;-0.253162;-0.896397;0.149034
724;-0.611812;9.796535;-1.188388;-0.01297;0.015705;-0.006774;-0.253395;-0.897081;0.14945
725;-0.671832;9.744522;-1.189543;-0.001939;0.010052;-0.023093;-0.251761;-0.897064;0.149366
726;-0.686827;9.729599;-1.174892;-0.01126;0.010464;-0.001353;-0.252277;-0.895717;0.150007
727;-0.641866;9.744381;-1.189037;-0.003139;-0.00031;-0.003273;-0.252364;-0.895438;0.148905
728;-0.626795;9.796607;-1.188641;-0.009348;0.0076;-0.009545;-0.253397;-0.896268;0.149571
729;-0.611811;9.789013;-1.173464;-0.026617;-0.011197;-0.005111;-0.253611;-0.897496;0.150134
730;-0.671819;9.744471;-1.174598;-0.018503;0.006866;-0.000461;-0.252963;-0.896251;0.148081
731;-0.656836;9.744399;-1.174345;0.002358;0.012187;-0.006815;-0.253023;-0.897058;0.147137
732;-0.641803;9.781735;-1.188935;-0.014749;0.008462;-0.010423;-0.252949;-0.897879;0.147976
733;-0.619289;9.788996;-1.158646;-0.014928;-0.000287;0.000363;-0.251659;-0.896637;0.147174
734;-0.656784;9.759237;-1.144415;-0.022045;0.003134;-0.006816;-0.252784;-0.896781;0.146729
735;-0.656802;9.744268;-1.136984;-0.009554;0.004297;0.004016;-0.252745;-0.896649;0.147275
736;-0.671799;9.744392;-1.152181;-0.011329;0.005154;0.002223;-0.252396;-0.896112;0.14837
737;-0.671769;9.774354;-1.174517;-0.01484;0.012202;-0.003149;-0.25137;-0.896907;0.147325
738;-0.611785;9.788908;-1.143575;-0.013005;0.007636;-0.006827;-0.252297;-0.898937;0.145556
739;-0.701899;9.684896;-1.190212;0.00315;-0.009233;-0.003321;-0.252976;-0.898674;0.145666
740;-0.649903;9.513416;-1.361658;-0.019595;0.005422;0.016715;-0.252176;-0.897173;0.145663
741;-0.852728;9.133013;-1.268972;0.026209;-0.036375;0.021849;-0.253819;-0.899358;0.145241
742;-0.560233;9.581561;-1.741046;0.0815;0.00099;0.088754;-0.254551;-0.896695;0.150498
743;-0.508023;9.476928;-1.800224;-0.267972;0.024726;0.042721;-0.255114;-0.897482;0.146529
744;-0.357218;9.645388;-1.035048;-0.35402;-0.002057;-0.020625;-0.253072;-0.901164;0.134909
745;-0.556337;11.107997;-0.272295;-0.296783;0.002714;-0.062308;-0.252005;-0.90392;0.125016
746;-0.70728;10.248236;0.09645;-0.12669;0.006669;-0.03185;-0.248869;-0.906401;0.117237
747;-0.506179;9.544952;0.112896;0.172786;0.051204;-0.008829;-0.249552;-0.90549;0.121025
748;-0.61175;9.593252;-0.740598;0.387697;0.092732;0.007238;-0.249942;-0.903915;0.126998
749;-0.598426;9.1334;-1.720483;0.317711;0.070638;-0.010822;-0.250511;-0.903467;0.137635
750;-0.38693;9.952859;-1.32614;0.058051;0.033939;-0.045819;-0.249441;-0.901089;0.146786
751;-0.776264;10.044067;-1.250278;0.020439;-0.001711;-0.078369;-0.247253;-0.902151;0.146605
752;-0.686852;9.714657;-1.174933;0.146395;0.022723;-0.044169;-0.245441;-0.902437;0.150635
753;-0.685896;10.229816;-1.076388;0.135086;0.022468;-0.010696;-0.245381;-0.903813;0.152988
754;-0.596544;10.133757;-1.501057;0.096028;0.034562;0.018388;-0.24482;-0.902213;0.157077
755;-0.386843;9.952519;-1.229;0.001587;0.031757;-0.01042;-0.247579;-0.90117;0.158744
756;-0.851941;9.716508;-1.484081;0.052972;0.030443;-0.00312;-0.245848;-0.900605;0.158243
757;-0.658072;9.27545;-1.668802;-0.066161;0.03003;0.000724;-0.247556;-0.90063;0.159144
758;-0.912017;9.566954;-1.365943;-0.198788;-0.022824;-0.020915;-0.247216;-0.901658;0.152612
759;-0.476821;9.825416;-1.081417;-0.234873;-0.024995;-0.026455;-0.24639;-0.903351;0.145152
760;-0.656606;9.728465;-0.890438;-0.069718;0.020612;-0.019242;-0.24394;-0.903295;0.141404
761;-0.589116;9.727885;-0.814576;-0.026689;0.004965;-0.002294;-0.244692;-0.905207;0.141962
762;-0.641435;9.908142;-1.016725;-0.017803;-0.019905;0.005672;-0.244543;-0.906547;0.140079
763;-0.551911;9.773813;-1.179965;0.038636;0.02824;-0.015886;-0.244871;-0.905731;0.139506
764;-0.641855;9.759375;-1.203941;-0.002328;0.008841;0.00583;-0.245381;-0.904114;0.140278
765;-0.791586;9.774738;-1.124235;-0.086966;-0.020592;-0.017613;-0.245613;-0.903971;0.139037
766;-0.566841;9.721039;-1.023442;-0.023103;0.0123;0.004972;-0.244468;-0.905034;0.137728
767;-0.746496;9.773977;-0.966557;-0.00762;0.001355;-0.009539;-0.245421;-0.906128;0.137581
768;-0.649044;9.818395;-0.979735;-0.015788;0.00408;-0.00502;-0.243878;-0.905559;0.13639
769;-0.68651;9.773485;-0.905766;0.051864;0.005267;-0.003352;-0.243876;-0.905695;0.136393
770;-0.626521;9.863219;-1.009122;0.067156;0.003631;0.001998;-0.245155;-0.905733;0.139359
771;-0.686995;9.670093;-1.249778;0.095304;0.025199;-0.001515;-0.244815;-0.904954;0.144004
772;-0.58203;9.759509;-1.322486;0.058294;0.007972;-0.003395;-0.245371;-0.90389;0.14588
773;-0.731464;9.939157;-1.219915;-0.041824;-0.007815;-0.014053;-0.245271;-0.904155;0.145341
774;-0.46983;9.564131;-1.149254;0.028676;0.026421;-0.01409;-0.24556;-0.905241;0.144942
775;-0.86633;9.864667;-1.102838;0.005044;-0.00216;-0.010453;-0.245487;-0.904571;0.146026
776;-0.522335;9.594707;-1.277088;0.017712;-0.003064;-0.008814;-0.246346;-0.902964;0.147607
777;-0.731358;10.013945;-1.242128;-0.025595;-0.01132;-0.013214;-0.245859;-0.904443;0.146558
778;-0.537287;9.62474;-1.299677;-0.047093;-0.009865;-0.023167;-0.246212;-0.904709;0.145458
779;-0.761521;9.849411;-1.153414;-0.076116;-0.016973;-0.017631;-0.244759;-0.90508;0.142915
780;-0.521705;9.847938;-1.052226;-0.083339;-0.013488;-0.017688;-0.243671;-0.905204;0.142816
781;-0.701517;9.743567;-0.876211;-0.014761;-0.00244;-0.017704;-0.244111;-0.90534;0.142394
782;-0.701844;9.669641;-1.100585;0.059252;0.02133;-0.008681;-0.245014;-0.904799;0.141397
783;-0.656998;9.63223;-1.144761;0.05722;-0.001733;0.003816;-0.246712;-0.905653;0.144092
784;-0.71726;9.581157;-1.41492;0.039445;0.021314;-0.006815;-0.245236;-0.90443;0.145758
785;-0.619143;9.923787;-1.247947;-0.09963;-0.009776;-0.010351;-0.244672;-0.90551;0.145797
786;-0.626403;9.892841;-0.934318;-0.043772;-0.018548;-0.010541;-0.244983;-0.904802;0.141808
787;-0.626846;9.714087;-1.091725;0.071767;0.029643;0.002165;-0.245633;-0.905234;0.143983
788;-0.671691;9.796611;-1.129622;0.044693;0.016059;-0.000557;-0.245936;-0.904691;0.143689
789;-0.626956;9.72955;-1.241131;0.012152;-0.018163;-0.002531;-0.24441;-0.904693;0.14579
790;-0.664248;9.811805;-1.21165;0.032046;0.017863;0.002195;-0.244493;-0.904308;0.148378
791;-0.724275;9.759817;-1.220277;0.002328;-0.000339;-0.006871;-0.246021;-0.904322;0.148054
792;-0.641782;9.774134;-1.151594;0.013971;-0.002005;-0.001518;-0.243409;-0.903483;0.148398
793;-0.664289;9.759325;-1.159486;0.042851;0.005315;0.000278;-0.244547;-0.904318;0.14947
794;-0.641829;9.774317;-1.2039;0.02503;0.004913;-0.015971;-0.244851;-0.902436;0.151201
795;-0.642163;9.632733;-1.3089;0.03393;0.003379;-0.005145;-0.24438;-0.902302;0.152035
796;-0.656623;9.939089;-1.300846;-0.015675;-0.007662;-0.010529;-0.245269;-0.904216;0.152589
797;-0.627167;9.640134;-1.308626;-0.011171;0.012172;-0.004982;-0.243874;-0.903121;0.153161
798;-0.68701;9.685191;-1.294572;-0.016711;0.005146;0.002244;-0.24486;-0.904076;0.1526
799;-0.626747;9.84906;-1.233333;-0.040191;-0.011166;-0.001456;-0.243756;-0.90378;0.15099
800;-0.612065;9.654639;-1.20372;-0.027598;0.008738;0.005883;-0.243681;-0.903245;0.152076
801;-0.62719;9.610146;-1.278818;-0.014366;0.01872;-0.034777;-0.243328;-0.903356;0.149492
802;-0.507757;9.317974;-1.210337;0.003455;0.006005;-0.088308;-0.241713;-0.904977;0.15067
803;-0.851046;10.058947;-1.131945;0.03365;0.02624;-0.117077;-0.235886;-0.906282;0.151571
804;-0.963169;10.223945;-1.163284;0.08603;0.019692;-0.053895;-0.235465;-0.907634;0.151474
805;-0.844496;9.596336;-1.312417;0.069943;0.0253;0.005852;-0.235425;-0.906298;0.154048
806;-0.70922;9.842188;-1.294523;0.053665;0.014448;0.005754;-0.235727;-0.90687;0.157193
807;-0.641891;9.849758;-1.412922;0.028356;0.003643;0.008429;-0.237657;-0.905397;0.157238
808;-0.702043;9.655378;-1.294906;0.023134;-0.00751;-0.010594;-0.236526;-0.905284;0.161375
809;-0.747002;9.618027;-1.235988;0.050509;0.003827;-0.031369;-0.237267;-0.904488;0.162566
810;-0.866857;9.656158;-1.297689;0.080956;0.014259;-0.010523;-0.236399;-0.904078;0.16327
811;-0.672242;9.565637;-1.309589;0.100754;0.039593;0.000375;-0.236067;-0.904111;0.167657
812;-0.732348;9.686918;-1.728726;0.118915;0.019872;-0.005211;-0.236866;-0.903203;0.171715
813;-0.747172;9.821729;-1.803335;0.001685;0.012114;-0.013115;-0.236857;-0.901713;0.172097
814;-0.732112;9.851437;-1.773112;-0.133479;-0.013944;-0.035576;-0.237565;-0.903464;0.169646
815;-0.687169;9.670772;-1.444059;-0.205734;-0.034088;-0.041874;-0.235;-0.904759;0.16538
816;-0.866341;9.84215;-1.07301;-0.158907;-0.024865;-0.039144;-0.233244;-0.906049;0.159447
817;-0.806305;9.879065;-1.027062;-0.06708;-0.010697;-0.019402;-0.232305;-0.905736;0.155644
818;-0.925342;10.40281;-1.08744;0.06586;-0.001982;0.030105;-0.235332;-0.906307;0.155281
819;-1.082675;10.50888;-1.299037;-0.045328;-0.029446;0.107136;-0.238051;-0.904982;0.155713
820;-0.536852;9.878728;-1.291512;-0.233509;-0.082697;0.130558;-0.241657;-0.902695;0.153636
821;-0.02108;9.279124;-1.433859;-0.305555;-0.099033;0.052649;-0.246701;-0.901589;0.144972
822;-0.013219;9.57845;-1.582364;-0.175726;0.022791;0.025994;-0.248943;-0.903473;0.140285
823;-1.060169;10.102571;-0.50769;-0.41656;-0.114025;0.028804;-0.253709;-0.903389;0.124266
824;-0.874722;9.274128;-0.999961;0.010006;-0.024859;0.150408;-0.256746;-0.900646;0.11714
825;-0.131994;9.559741;-0.344022;-0.175061;-0.079069;-0.001766;-0.258348;-0.89999;0.117758
826;-0.864962;10.47381;-0.292648;-0.019063;-0.084545;-0.135756;-0.255127;-0.902727;0.113698
827;-1.091599;9.504636;-0.583039;0.309073;0.022345;-0.010902;-0.254691;-0.901415;0.119704
828;-0.868744;8.458128;-0.724068;0.360288;0.046305;0.015309;-0.256734;-0.898862;0.136546
829;-0.598111;9.250319;-1.158224;0.316282;0.029725;0.003404;-0.256729;-0.896498;0.146074
830;-0.356823;10.438797;-1.644113;0.299618;0.045755;0.046821;-0.257326;-0.893999;0.154896
831;-0.132069;10.670822;-2.06561;0.168038;0.049603;0.041639;-0.260542;-0.891253;0.163489
832;-0.320513;9.773805;-1.675182;-0.030857;0.011866;-0.015898;-0.261655;-0.890856;0.163308
833;-0.650479;9.566124;-1.666374;-0.104743;-0.006536;-0.030167;-0.261572;-0.891918;0.160596
834;-0.800282;9.446409;-1.41517;-0.161978;-0.011652;-0.008285;-0.260482;-0.893382;0.158472
835;-0.769858;9.549765;-1.100541;-0.198642;-0.019645;-0.040824;-0.259313;-0.892776;0.152345
836;-0.626853;9.832258;-0.888138;-0.141031;-0.022919;-0.03382;-0.257771;-0.895972;0.14685
837;-0.596734;9.906722;-0.857539;-0.031218;-0.014876;-0.010535;-0.256602;-0.895667;0.144284
838;-0.552116;9.742356;-0.917006;0.067146;-0.005471;-0.006204;-0.256923;-0.898105;0.143226
839;-0.581968;9.684068;-1.113464;0.093507;0.012497;-0.007065;-0.256874;-0.895469;0.147116
840;-0.537024;9.789154;-1.314173;0.075408;0.012577;0.000192;-0.257864;-0.895777;0.150234
841;-0.559471;9.849316;-1.396586;0.023089;0.012378;-0.000579;-0.256965;-0.894692;0.151474
842;-0.567028;9.774406;-1.329665;-0.025565;0.001239;-0.010476;-0.257141;-0.894976;0.152704
843;-0.626805;9.759043;-1.128965;-0.031084;-0.000494;-0.00683;-0.258204;-0.894147;0.149645
844;-0.626867;9.714165;-1.114142;0.017595;0.005172;-0.001483;-0.257658;-0.895361;0.149413
845;-0.581946;9.729103;-1.173121;0.03557;0.007169;0.005703;-0.258308;-0.895115;0.151711
846;-0.672197;9.648183;-1.413978;0.042866;-0.009907;0.000182;-0.257887;-0.894585;0.153765
847;-0.552579;9.565852;-1.531735;-0.031919;-0.011254;-0.006926;-0.258192;-0.894585;0.153345
848;-0.612044;9.83504;-1.517069;-0.086929;-0.009719;-0.010384;-0.256348;-0.8951;0.152322
849;-0.372504;9.593998;-1.274558;-0.148045;-0.01409;-0.033867;-0.255962;-0.896403;0.146344
850;-0.598144;9.072144;-1.294723;-0.015688;0.059395;-0.060724;-0.254441;-0.898543;0.144384
851;-0.777586;9.079134;-0.91665;-0.086276;0.070107;-0.051358;-0.250651;-0.899583;0.143709
852;-0.626069;10.019379;-0.799469;-0.141542;0.057965;-0.107478;-0.246716;-0.904252;0.138869
853;-1.059633;10.288485;-0.260594;-0.199973;-0.045805;-0.09248;-0.24104;-0.906565;0.130351
854;-0.588569;10.124317;-0.947999;0.214653;0.086396;-0.008691;-0.238284;-0.908602;0.133899
855;-0.521267;10.131991;-1.096286;0.142872;0.060325;-0.043088;-0.237472;-0.908216;0.137473
856;-0.776017;10.298786;-1.451339;-0.007661;0.02006;-0.06098;-0.234838;-0.908344;0.13975
857;-0.671722;9.834332;-1.234133;-0.071876;0.006408;-0.05732;-0.231697;-0.909515;0.137689
858;-0.866177;10.057419;-0.861686;-0.043651;0.024444;-0.017372;-0.232596;-0.910443;0.139069
859;-0.89671;9.781525;-0.97503;0.042802;0.032312;0.00058;-0.230965;-0.910304;0.140761
860;-0.792628;9.430701;-1.205859;0.088106;0.034084;-0.007691;-0.23093;-0.909073;0.139645
861;-0.852058;9.744871;-1.235905;0.002548;0.021808;-0.023831;-0.231563;-0.908558;0.142213
862;-0.776856;9.8186;-1.0551;-0.041805;0.004642;-0.021156;-0.230374;-0.910439;0.141331
863;-0.829;9.802652;-0.697354;0.004845;-0.003895;-0.00864;-0.232298;-0.908846;0.143288
864;-0.716886;9.712887;-0.815258;0.156333;0.031117;0.011981;-0.231712;-0.907519;0.147658
865;-0.77687;9.818652;-1.070045;0.232813;0.050785;0.038173;-0.231597;-0.905648;0.151319
866;-0.627692;9.655044;-1.486414;0.233791;0.031908;0.036178;-0.2348;-0.905208;0.159683
867;-0.800228;9.686839;-1.80308;0.185556;0.031132;0.003798;-0.235136;-0.904451;0.166222
868;-0.762809;9.671773;-1.817433;0.033952;0.017926;-0.000455;-0.236954;-0.9018;0.171582
869;-0.830038;9.603651;-1.475027;-0.086934;-0.020548;-0.019377;-0.235879;-0.904498;0.170848
870;-0.837171;9.820372;-1.482036;-0.054645;-0.011112;-0.002213;-0.234307;-0.905001;0.168038
871;-0.657448;9.699489;-1.337351;-0.036666;-0.014635;0.000364;-0.235749;-0.904993;0.165255
872;-0.807356;9.790738;-1.593696;-0.020088;0.001265;-0.016699;-0.23439;-0.904164;0.165284
873;-0.747239;9.759656;-1.331234;-0.077919;-0.017874;-0.020325;-0.233855;-0.9047;0.165038
874;-0.68679;9.937841;-1.090618;-0.095283;-0.022225;-0.009487;-0.233284;-0.906564;0.161401
875;-0.687492;9.669851;-1.367828;0.060157;0.017775;-0.010498;-0.232189;-0.905739;0.161558
876;-0.837336;9.678136;-1.400227;0.057544;0.024868;-0.01581;-0.233595;-0.905102;0.164781
877;-0.769688;9.834865;-1.443495;-0.032972;-0.009279;-0.003187;-0.233653;-0.905367;0.163964
878;-0.791923;9.670772;-1.303856;0.009582;-0.011119;-0.010549;-0.233937;-0.905814;0.162975
879;-0.806936;9.640881;-1.281773;0.073667;0.016118;-0.00509;-0.23343;-0.905428;0.166129
880;-0.769594;9.716353;-1.549941;0.02756;0.017966;0.00587;-0.233704;-0.904226;0.168147
881;-0.642157;9.700391;-1.428274;-0.000326;-0.008465;-0.008761;-0.232037;-0.904347;0.168478
882;-0.776777;9.835506;-1.430184;0.008712;-0.002119;-0.008691;-0.234429;-0.905193;0.169236
883;-0.702356;9.566353;-1.474486;0.059374;-0.000309;-0.01606;-0.233291;-0.903831;0.170068
884;-0.859477;9.822;-1.73051;0.001626;0.012197;-0.010354;-0.233581;-0.903049;0.173598
885;-0.657517;9.596651;-1.652982;-0.095789;-0.01354;-0.021214;-0.232273;-0.902728;0.16926
886;-0.911636;9.821151;-1.417557;-0.14435;-0.024836;-0.041876;-0.231352;-0.904867;0.166597
887;-0.732018;9.610433;-1.220811;-0.079665;-0.01886;-0.021257;-0.229951;-0.905911;0.163245
888;-0.851589;9.8129;-1.274592;-0.029234;0.006754;-0.006696;-0.229646;-0.906438;0.161761
889;-0.746828;9.745191;-1.280476;-0.003985;0.005062;-0.005001;-0.230875;-0.908077;0.161478
890;-0.836718;9.790703;-1.356595;0.009468;0.004392;0.002232;-0.229737;-0.906715;0.16231
891;-0.777148;9.789656;-1.324186;0.021261;-0.005647;-0.010526;-0.229252;-0.906936;0.162225
892;-0.867223;9.685488;-1.325989;0.031927;0.005467;0.004035;-0.231077;-0.906965;0.163396
893;-0.837191;9.70013;-1.280608;0.048094;0.014626;0.011279;-0.230952;-0.90645;0.166946
894;-0.792556;9.625939;-1.489278;0.115079;0.029958;0.003964;-0.232549;-0.905673;0.169477
895;-0.807562;9.716341;-1.683568;0.071899;0.017961;-0.005957;-0.23086;-0.904592;0.17211
896;-0.777396;9.730462;-1.48874;-0.025778;-0.013693;-0.001418;-0.231892;-0.904067;0.173023
897;-0.746809;9.820318;-1.39983;0.011506;-0.004059;-0.015958;-0.230777;-0.90369;0.172609
898;-0.747002;9.678186;-1.34791;0.076208;0.023598;0.010304;-0.231231;-0.903028;0.173949
899;-0.829665;9.634456;-1.551177;0.086236;0.005577;0.002053;-0.231543;-0.903599;0.176957
900;-0.710016;9.634724;-1.788267;0.02686;0.024944;-0.00315;-0.230895;-0.903483;0.180121
901;-0.806995;9.806548;-1.654942;-0.050817;0.010304;-0.004831;-0.232174;-0.902542;0.179651
902;-0.762069;9.716187;-1.512453;-0.02999;-0.009598;-0.016788;-0.231958;-0.903482;0.178719
903;-0.792125;9.611395;-1.416103;0.003146;-0.010916;0.000324;-0.232205;-0.903216;0.179116
904;-0.762287;9.686955;-1.699342;0.046551;-0.014371;-0.001632;-0.233138;-0.903786;0.181147
905;-0.859484;9.882185;-1.849904;0.012326;-0.00012;-0.00142;-0.232338;-0.903113;0.182801
906;-0.747222;9.671525;-1.579573;-0.067882;-0.014238;-0.017635;-0.231094;-0.902123;0.179541
907;-0.836971;9.656329;-1.386851;-0.044705;-0.012872;0.000446;-0.230486;-0.903192;0.178352
908;-0.881892;9.641392;-1.327872;0.064551;0.016255;0.0022;-0.230015;-0.903209;0.180965
909;-0.747179;9.641275;-1.475042;0.086381;0.001707;-0.01067;-0.229853;-0.903632;0.183029
910;-0.732432;9.83547;-1.667032;0.129431;0.026605;0.012918;-0.231734;-0.901056;0.18651
911;-0.702944;9.61159;-1.779222;0.140176;0.020513;0.020082;-0.232161;-0.901104;0.191693
912;-0.830178;9.656837;-1.728944;0.075453;0.032488;0.002283;-0.233313;-0.899106;0.194899
913;-0.763078;9.552498;-1.892482;0.088116;-0.005268;-0.005261;-0.233149;-0.898987;0.197091
914;-0.732833;9.701672;-1.86168;0.046612;0.017948;-0.001404;-0.234358;-0.898068;0.199358
915;-0.762915;9.596984;-1.79522;0.020326;-0.001807;0.001259;-0.234661;-0.897677;0.200845
916;-0.808008;9.627838;-2.012595;0.030143;-0.002403;0.013005;-0.232574;-0.898487;0.202981
917;-0.732912;9.686938;-1.921499;-0.058278;-0.014534;0.006777;-0.234538;-0.898231;0.202364
918;-0.792502;9.866369;-1.877189;-0.115724;-0.013434;-0.017477;-0.233484;-0.89927;0.198042
919;-0.687632;9.730559;-1.636669;-0.059963;0.006759;-0.00214;-0.233058;-0.899388;0.196417
920;-0.964956;9.762486;-1.850494;-0.04097;0.019521;0.000724;-0.231935;-0.900313;0.194831
921;-0.897799;9.567686;-1.782634;-0.128989;-0.027848;0.024121;-0.233729;-0.900044;0.192852
922;-0.553321;9.356005;-1.530797;-0.128541;-0.018801;-0.010323;-0.232118;-0.900942;0.188683
923;-0.866831;10.029884;-1.534278;-0.060186;0.008894;0.01241;-0.234757;-0.901899;0.186153
924;-0.717546;9.745539;-1.607245;0.011744;0.026681;0.038531;-0.23659;-0.900029;0.187561
925;-0.597726;9.775221;-1.709752;-0.069186;0.015139;0.015989;-0.236497;-0.900415;0.185109
926;-0.583979;9.125721;-1.86819;-0.132987;-0.015172;-0.00846;-0.236553;-0.90187;0.180486
927;-0.986465;10.375476;-1.923927;-0.192571;0.017151;-0.000743;-0.237139;-0.901842;0.176363
928;-1.120314;10.439906;-0.939672;-0.471091;-0.129727;0.055098;-0.239853;-0.903107;0.161938
929;-0.162394;9.724839;-0.701243;-0.201873;-0.082607;0.045339;-0.242845;-0.901995;0.155117
930;-0.701659;9.749466;-0.61315;0.164637;-0.027264;0.048648;-0.244513;-0.902552;0.154662
931;-0.792556;9.50562;-1.265434;0.231324;-0.022971;0.068454;-0.245245;-0.899361;0.161825
932;-0.591185;9.154727;-1.606703;0.103843;0.027837;0.036473;-0.24995;-0.897702;0.168612
933;-0.763006;9.507097;-1.728213;-0.058685;0.015721;0.040467;-0.252674;-0.895728;0.172724
934;-0.672329;9.864601;-1.531437;-0.087781;-0.016573;0.0457;-0.254496;-0.894085;0.168803
935;-0.432698;9.713446;-1.355932;-0.071472;-0.010428;0.040182;-0.255782;-0.894996;0.162487
936;-0.462605;9.668239;-1.207113;-0.029572;-0.025315;0.005624;-0.256257;-0.893503;0.161896
937;-0.717094;9.773856;-1.158823;0.019399;-0.029056;-0.014319;-0.255846;-0.894327;0.163567
938;-0.702669;9.55036;-1.360934;0.084223;-0.009586;0.005552;-0.257116;-0.892724;0.165135
939;-0.62806;9.460954;-1.531777;0.102596;0.017957;-0.00881;-0.257079;-0.894114;0.168992
940;-0.597748;9.730186;-1.650096;0.042061;0.003469;-0.005163;-0.257426;-0.892227;0.170175
941;-0.552496;9.909277;-1.648848;-0.029321;-0.002986;-0.000534;-0.258156;-0.890603;0.169847
942;-0.477635;9.788813;-1.483517;-0.069098;-0.000419;0.002269;-0.257083;-0.892487;0.169234
943;-0.567552;9.714109;-1.365681;-0.052503;0.004485;-0.024833;-0.258144;-0.891944;0.167958
944;-0.62745;9.714263;-1.329332;-0.03494;-0.000112;0.009489;-0.258983;-0.892222;0.167662
945;-0.612476;9.729264;-1.3664;-0.013113;0.003329;-0.001403;-0.257748;-0.89355;0.165677
946;-0.604949;9.774212;-1.410985;-0.004101;0.0034;0.00038;-0.258223;-0.892207;0.166866
947;-0.567575;9.744281;-1.447796;0.006757;0.000705;-0.001489;-0.258561;-0.89139;0.166156
948;-0.582632;9.744639;-1.530244;-0.020328;-0.000245;0.000386;-0.258717;-0.893031;0.167413
949;-0.58258;9.759477;-1.500314;-0.048948;-0.007965;-0.021303;-0.259033;-0.89303;0.166855
950;-0.612088;9.74497;-1.397756;-0.083204;-0.002726;-0.019387;-0.258241;-0.892909;0.163839
951;-0.536999;9.743937;-1.202211;-0.056294;-0.003371;-0.010442;-0.258435;-0.894515;0.160992
952;-0.611842;9.75905;-1.151129;-0.030192;-0.005871;-0.006874;-0.25748;-0.893557;0.161142
953;-0.559471;9.728996;-1.172741;0.017714;0.014905;-0.006874;-0.257127;-0.895022;0.158311
954;-0.612019;9.729663;-1.293184;0.034696;0.003577;0.004788;-0.257465;-0.893679;0.159504
955;-0.604558;9.759825;-1.382644;0.027655;0.01952;-0.003233;-0.257928;-0.893301;0.16249
956;-0.597519;9.729298;-1.396036;0.019245;-0.00354;0.00751;-0.258876;-0.894085;0.163325
957;-0.552544;9.728981;-1.365388;-0.007813;-0.003691;0.005749;-0.258151;-0.893118;0.162236
958;-0.567449;9.758831;-1.33567;-0.000318;0.017518;-0.010404;-0.258834;-0.892734;0.164121
959;-0.567526;9.721529;-1.350716;0.020289;-0.001976;-0.003347;-0.25911;-0.892601;0.16411
960;-0.612555;9.714532;-1.426219;0.006928;0.003148;-0.014116;-0.258447;-0.893134;0.163731
961;-0.552545;9.744027;-1.395236;-0.019192;-0.009662;-0.021399;-0.257667;-0.893121;0.16321
962;-0.64242;9.774442;-1.426562;-0.036462;-0.002307;-0.010417;-0.257733;-0.892844;0.162382
963;-0.552238;9.878192;-1.305202;-0.081637;-0.009673;-0.010396;-0.255948;-0.89498;0.160293
964;-0.597202;9.773184;-1.12691;-0.062544;0.002726;-0.02119;-0.255707;-0.896193;0.159641
965;-0.61232;9.653458;-1.052765;-0.000368;0.031892;-0.008474;-0.255782;-0.895373;0.158802
966;-0.619684;9.833476;-1.246684;0.0485;0.003147;-0.021454;-0.25616;-0.895666;0.160983
967;-0.567567;9.729208;-1.410475;0.055568;0.00346;-0.007016;-0.256633;-0.895137;0.162052
968;-0.590068;9.72942;-1.440744;0.027476;-0.019864;-0.003476;-0.256859;-0.893518;0.162971
969;-0.597557;9.639202;-1.269251;0.009496;0.005102;-0.005971;-0.25491;-0.894857;0.163197
970;-0.568116;9.355345;-1.321825;0.103435;0.016157;-0.007939;-0.255219;-0.893381;0.1648
971;-0.493481;9.46136;-1.828394;0.101148;0.046314;-0.023146;-0.254051;-0.892865;0.169478
972;-0.659656;8.798161;-2.101993;0.056092;0.062391;-0.020122;-0.254372;-0.894248;0.17223
973;-0.688433;9.447914;-1.996115;-0.121762;0.060401;-0.085738;-0.249903;-0.899092;0.172607
974;-0.670302;10.766634;-0.968548;-0.572803;-0.044692;-0.145078;-0.243927;-0.902429;0.157004
975;-0.947223;10.428513;-0.047574;-0.297764;-0.04946;-0.078721;-0.237757;-0.907006;0.143756
976;-0.724322;9.577347;-0.501913;0.22897;0.065714;-0.017805;-0.237146;-0.907157;0.146378
977;-0.747326;9.639676;-1.20453;0.290277;0.07354;0.001094;-0.237128;-0.906421;0.155801
978;-0.746948;10.104445;-1.651608;0.097292;-0.000163;-0.019747;-0.237158;-0.904536;0.157541
979;-0.544682;10.088468;-1.625816;0.060419;0.026457;-0.02318;-0.23584;-0.905495;0.160338
980;-0.852389;9.520558;-1.184209;0.084743;0.017495;-0.030384;-0.235622;-0.905141;0.166903
981;-0.806973;9.72909;-1.055851;0.162294;0.028628;-0.025099;-0.233979;-0.904461;0.168859
982;-0.76953;9.856808;-1.308931;0.281303;0.067173;-0.002544;-0.234446;-0.902231;0.177553
983;-0.837412;9.633309;-1.400349;0.330706;0.062367;0.015428;-0.237677;-0.901773;0.183729
984;-0.837756;9.717371;-1.938134;0.308141;0.048102;0.021713;-0.237391;-0.897404;0.19733
985;-0.628445;9.552695;-2.12932;0.252407;0.063795;0.012829;-0.239999;-0.894674;0.208543
986;-0.620685;9.732094;-2.166067;0.100951;0.021569;-0.008799;-0.240516;-0.894306;0.212622
987;-0.628451;9.605357;-2.233791;0.043344;0.003142;-0.023244;-0.238677;-0.892682;0.215523
988;-0.613768;9.403413;-2.189253;-0.050655;-0.00963;-0.016765;-0.238563;-0.89307;0.213346
989;-0.793628;9.374433;-2.207315;-0.126391;-0.014486;-0.023772;-0.237988;-0.893851;0.209961
990;-0.613091;9.656461;-1.912084;-0.173614;-0.049492;-0.014929;-0.237123;-0.895714;0.206607
991;-0.717614;9.7458;-1.681968;-0.173682;-0.04406;-0.013042;-0.235381;-0.898237;0.202063
992;-0.747054;10.029657;-1.629394;-0.094395;0.000544;0.006057;-0.234908;-0.898616;0.199214
993;-0.67295;9.536138;-1.607056;0.001181;-0.019691;0.008389;-0.236339;-0.898458;0.194787
994;-0.881692;10.134759;-1.594025;-0.012174;0.002528;-0.001316;-0.235735;-0.899407;0.195372
995;-0.650386;9.520645;-1.479687;0.095141;0.033576;0.011219;-0.236441;-0.898884;0.19698
996;-0.822626;9.716725;-1.773489;0.171084;0.040121;0.00752;-0.237405;-0.89555;0.202902
997;-0.732858;9.686729;-1.861721;0.142172;0.025672;0.008362;-0.238016;-0.896152;0.209184
998;-0.643118;9.656837;-1.979841;0.131412;0.021954;0.004709;-0.239729;-0.894701;0.212108
999;-0.658361;9.462401;-1.9059;0.125019;0.031021;0.011131;-0.239988;-0.893244;0.216174
1000;-0.673362;9.507664;-2.010644;0.118875;0.032579;0.000307;-0.239744;-0.890151;0.219952
1001;-0.628544;9.5982;-2.323479;0.088038;0.022011;0.01476;-0.242043;-0.89063;0.22563
1002;-0.672773;9.703065;-2.153596;-0.023517;-0.014066;-0.017778;-0.241215;-0.890664;0.224928
1003;-0.687959;9.651283;-2.281021;-0.029113;-0.011055;-0.001456;-0.239631;-0.890099;0.224285
1004;-0.67291;9.545678;-2.012049;-0.069648;-0.004238;-0.010357;-0.240466;-0.892003;0.223747
1005;-0.702646;9.702842;-2.049489;-0.097869;-0.02196;0.004072;-0.239719;-0.892379;0.220908
1006;-0.747592;9.680485;-2.005475;-0.074244;-0.009518;-0.005832;-0.24;-0.891538;0.217328
1007;-0.792928;9.479163;-2.05909;-0.063389;-0.009483;-0.006737;-0.239864;-0.892891;0.217085
1008;-0.67282;9.693551;-1.756075;-0.105723;-0.022586;-0.02665;-0.238177;-0.894148;0.212833
1009;-0.612981;9.68611;-1.844752;-0.00777;-0.001746;0.011212;-0.238385;-0.894956;0.211747
1010;-0.672883;9.723879;-1.883024;0.024074;0.007917;-0.005059;-0.238412;-0.893191;0.211712
1011;-0.658061;9.656752;-1.93526;0.034765;-0.002617;0.003885;-0.240111;-0.894045;0.214408
1012;-0.613024;9.656199;-1.837361;0.042293;0.017601;-0.015915;-0.238989;-0.89363;0.214847
1013;-0.777885;9.664686;-1.907375;0.102394;0.013048;0.011108;-0.240941;-0.892457;0.218179
1014;-0.778502;9.418926;-2.132217;0.131334;0.022163;0.012915;-0.240899;-0.891406;0.222537
1015;-0.748249;9.613187;-2.176016;0.005179;0.005194;-0.004998;-0.240975;-0.890074;0.225381
1016;-0.538461;9.627136;-2.172433;-0.008999;-0.007908;-0.026845;-0.240838;-0.890072;0.225385
1017;-0.792977;9.612538;-1.930187;-0.003972;-0.000143;-0.001373;-0.23973;-0.890725;0.223656
1018;-0.583434;9.597361;-2.143384;0.04656;0.016311;0.00757;-0.239501;-0.88992;0.225016
1019;-0.763083;9.717957;-2.205873;-0.036368;-0.014706;-0.006836;-0.240087;-0.890343;0.226236
1020;-0.666071;9.493365;-2.204839;-0.052504;0.012056;-0.008458;-0.239615;-0.890059;0.225289
1021;-0.77816;9.598074;-2.086894;-0.086952;-0.014877;-0.005796;-0.239207;-0.891801;0.223147
1022;-0.657846;9.776236;-1.91999;-0.084208;-0.027621;-0.014084;-0.239545;-0.891512;0.220532
1023;-0.673242;9.567353;-1.988064;-0.014317;0.017085;-0.032033;-0.238688;-0.89351;0.217043
1024;-0.680497;9.611588;-1.808732;-0.03465;-0.013849;-0.006862;-0.238248;-0.892695;0.217589
1025;-0.553119;9.71618;-1.978161;0.009616;0.008805;-0.00145;-0.238092;-0.893916;0.217617
1026;-0.770358;9.702109;-1.937036;0.028544;0.015244;0.000446;-0.238877;-0.892301;0.218381
1027;-0.628371;9.492248;-1.935202;0.039512;0.017747;-0.00866;-0.238156;-0.892719;0.220601
1028;-0.703031;9.732249;-2.100207;0.050285;0.019758;-0.001416;-0.239611;-0.889879;0.219952
1029;-0.763167;9.567883;-2.019472;0.056682;0.012438;-0.010494;-0.240658;-0.892093;0.223789
1030;-0.733528;9.433656;-2.131417;0.01262;0.000363;-0.023137;-0.239271;-0.891132;0.224226
1031;-0.718142;9.612496;-2.01859;-0.000162;0.001388;-0.014066;-0.239478;-0.890735;0.225169
1032;-0.605833;9.582133;-2.031719;-0.019131;-0.006779;-0.014119;-0.239029;-0.888958;0.224193
1033;-0.65056;9.8146;-2.218655;-0.021906;0.014108;-0.001302;-0.237589;-0.892204;0.224576
1034;-0.673022;9.701858;-1.99517;-0.0257;-0.017226;0.001227;-0.239362;-0.891259;0.222995
1035;-0.762495;9.98639;-2.055693;-0.009644;-0.014134;0.01661;-0.238727;-0.890705;0.222458
1036;-0.763006;9.63494;-1.966982;0.017479;0.007468;0.016701;-0.242178;-0.889939;0.223971
1037;-0.688927;9.058796;-1.817838;-0.025861;-0.00895;0.012168;-0.239736;-0.88964;0.223772
1038;-0.651548;9.104045;-1.988947;0.022884;0.007489;0.018471;-0.242061;-0.889935;0.223701
1039;-0.560953;9.785231;-2.486223;0.044501;0.034832;0.036624;-0.244113;-0.889173;0.227448
1040;-0.411407;9.808187;-2.842304;-0.198784;0.034332;0.013638;-0.244732;-0.889834;0.224568
1041;-0.606207;9.749028;-2.756088;-0.534495;-0.039891;-0.007657;-0.244515;-0.892717;0.212459
1042;0.027066;7.849581;-3.094234;-0.723547;-0.089083;-0.179565;-0.241615;-0.897645;0.188443
1043;-2.561822;13.167083;-1.210736;-0.963434;-0.09306;0.163772;-0.238557;-0.906399;0.167651
1044;-0.265977;10.11132;0.015389;-1.191631;-0.350819;0.081288;-0.241713;-0.909322;0.123566
1045;0.631765;8.946292;0.819482;-0.498432;-0.165681;-0.092257;-0.240684;-0.91197;0.100539
1046;-1.083558;9.1415;0.701353;0.333423;0.051644;-0.025219;-0.240351;-0.911175;0.10327
1047;-1.309856;8.802685;-0.386868;0.268688;-0.005627;0.028926;-0.243305;-0.907913;0.115418
1048;-0.853598;8.863502;-1.298086;0.140175;0.018546;0.011117;-0.246045;-0.905531;0.119385
1049;-0.627079;9.998579;-1.448116;0.00218;0.037713;0.011448;-0.246358;-0.903783;0.120982
1050;-0.565454;10.886587;-1.227983;-0.14338;0.01404;0.020635;-0.245892;-0.906088;0.121315
1051;-0.341391;10.136177;-0.583602;-0.24783;-0.012244;-0.013715;-0.247171;-0.905901;0.113474
1052;-0.536969;9.470926;-0.230031;-0.189504;-0.030995;-0.066336;-0.246563;-0.906519;0.106942
1053;-1.016751;9.25638;-0.193884;0.11867;0.007004;-0.023218;-0.245639;-0.907288;0.102747
1054;-0.89708;9.309206;-0.505555;0.219594;0.032036;0.000165;-0.246191;-0.906269;0.110095
1055;-0.761779;9.690321;-0.711466;0.206977;-0.012098;-0.007407;-0.246859;-0.904576;0.117835
1056;-0.611452;10.17648;-1.066284;0.197967;-0.020143;-0.003903;-0.246533;-0.902997;0.124243
1057;-0.597055;9.892929;-1.186363;0.124084;0.003747;-0.005366;-0.246541;-0.901551;0.129823
1058;-0.664831;9.68406;-1.188071;0.115452;-0.014875;-0.0389;-0.247855;-0.902143;0.13403
1059;-0.792394;9.617789;-1.295018;0.00891;-0.02234;-0.03592;-0.244909;-0.902678;0.136736
