time index;acc_x;acc_y;acc_z;gyr_x;gyr_y;gyr_z;mag_x;mag_y;mag_z
1;9.735471;1.40669;-0.381946;-0.034458;0.00505;0.009706;-0.75816;0.135031;-0.274817
2;9.758172;1.361675;-0.358928;-0.027313;-0.011696;0.006934;-0.75921;0.137967;-0.275144
3;9.780587;1.361762;-0.358477;-0.010392;-0.005568;0.006095;-0.761285;0.13691;-0.274433
4;9.720662;1.384096;-0.374714;-0.009587;0.002386;0.010568;-0.759891;0.137692;-0.274637
5;9.720784;1.354153;-0.389688;-0.041466;0.012105;0.006215;-0.760869;0.139649;-0.27361
6;9.750844;1.324232;-0.381547;-0.016812;0.004143;0.016744;-0.758306;0.139599;-0.273216
7;9.810516;1.346937;-0.372868;-0.011229;-0.002063;0.00435;-0.75937;0.140202;-0.274753
8;9.728156;1.376655;-0.38206;-0.02534;0.021761;0.000994;-0.759812;0.140225;-0.275179
9;9.765687;1.346763;-0.373769;-0.027293;0.005904;0.007935;-0.760925;0.141004;-0.274425
10;9.72852;1.31655;-0.359474;-0.030897;0.00945;0.010603;-0.758279;0.141529;-0.275243
11;9.698464;1.339032;-0.382616;-0.02877;0.012093;-0.005257;-0.760862;0.14277;-0.27564
12;9.780683;1.346727;-0.350955;-0.050375;0.016489;0.007125;-0.759756;0.142387;-0.276395
13;9.765765;1.33176;-0.373751;-0.061607;0.010339;-0.007922;-0.759031;0.143535;-0.275554
14;9.706088;1.316494;-0.367429;-0.03625;0.030595;0.013398;-0.758906;0.143157;-0.276086
15;9.706262;1.286457;-0.359889;-0.043145;0.020035;0.00273;-0.757747;0.14442;-0.274954
16;9.68357;1.346319;-0.345402;-0.023436;0.008574;-0.00616;-0.759198;0.145125;-0.275566
17;9.728746;1.286419;-0.32942;-0.04284;0.00241;-0.013276;-0.759796;0.145684;-0.276136
18;9.721205;1.286515;-0.359589;-0.007663;-0.002023;0.004343;-0.758683;0.145555;-0.276621
19;9.728373;1.331677;-0.389511;-0.0201;0.00415;0.004392;-0.759063;0.146302;-0.275292
20;9.788188;1.316969;-0.403302;-0.029067;-0.011712;0.006922;-0.758898;0.147321;-0.274343
21;9.73607;1.301576;-0.359306;-0.046901;-0.004618;0.009618;-0.759108;0.146605;-0.272868
22;9.736425;1.226624;-0.374226;-0.045233;-0.015182;0.014824;-0.759104;0.148166;-0.272197
23;9.721604;1.196622;-0.3895;-0.04164;-0.022223;0.013005;-0.759922;0.149713;-0.270891
24;9.736578;1.204057;-0.35919;-0.015905;-0.00375;0.057257;-0.760115;0.150806;-0.271713
25;9.751229;1.226931;-0.433964;0.000519;-0.011715;0.037791;-0.759506;0.152452;-0.270069
26;9.765903;1.27206;-0.448726;-0.010018;-0.020516;0.030677;-0.759486;0.153346;-0.269261
27;9.780621;1.302249;-0.478481;-0.041121;-0.036329;0.028804;-0.760711;0.154752;-0.26757
28;9.736138;1.242001;-0.4643;-0.075371;-0.031874;0.010293;-0.760269;0.156946;-0.26634
29;9.781771;1.114401;-0.40321;-0.081119;-0.047722;0.028689;-0.759417;0.159018;-0.265494
30;9.9386;1.122574;-0.415076;-0.042081;-0.006476;0.036034;-0.760485;0.160929;-0.263258
31;9.826302;1.181994;-0.379876;-0.0289;-0.019659;-0.000218;-0.760765;0.161451;-0.263003
32;9.810871;1.24226;-0.455295;-0.019794;-0.019671;-0.009915;-0.761612;0.163025;-0.262373
33;9.825923;1.204966;-0.492473;-0.036161;0.005854;-0.030924;-0.761117;0.161129;-0.2614
34;9.856378;1.122317;-0.431737;-0.033579;-0.001203;-0.027458;-0.760979;0.162434;-0.260992
35;9.796406;1.167031;-0.417982;0.025419;0.007547;-0.042382;-0.760358;0.160811;-0.260284
36;9.781116;1.227047;-0.433363;0.005951;0.032225;-0.044847;-0.760324;0.159737;-0.259875
37;9.781585;1.13703;-0.433256;0.020655;0.053318;-0.064129;-0.760649;0.158736;-0.261237
38;9.691852;1.144246;-0.450075;0.050782;0.018116;-0.062603;-0.761552;0.155279;-0.263835
39;9.691074;1.286835;-0.465255;0.061066;0.035721;-0.044805;-0.762966;0.153603;-0.264439
40;9.676332;1.241831;-0.480511;0.031495;0.002321;-0.036225;-0.761279;0.151635;-0.265431
41;9.661467;1.22677;-0.480793;0.021131;-0.006445;-0.009818;-0.761824;0.150972;-0.265186
42;9.64641;1.241777;-0.49612;0.021824;-0.009074;-0.001009;-0.761246;0.150952;-0.264889
43;9.676062;1.286902;-0.495574;0.006731;-0.013471;-0.002798;-0.761823;0.151622;-0.264918
44;9.735951;1.26463;-0.494346;0.022281;-0.034636;0.016461;-0.762045;0.150917;-0.263713
45;9.781012;1.227234;-0.478391;0.022408;-0.052268;0.009271;-0.762536;0.151507;-0.261715
46;10.079381;1.206981;-0.735023;0.056009;-0.065694;-0.020846;-0.764175;0.151216;-0.260445
47;10.167715;1.425214;-0.816033;0.035766;-0.119564;-0.282375;-0.765787;0.144513;-0.257539
48;10.591013;1.959128;-0.72556;-0.191634;0.067037;-0.445125;-0.767335;0.1341;-0.254486
49;11.927309;2.300733;-0.42142;-0.105296;0.273761;-0.848666;-0.768989;0.11818;-0.259383
50;11.969035;3.049618;-0.076199;0.173579;0.632194;-1.432779;-0.767473;0.083915;-0.273118
51;11.473655;4.025281;1.143488;0.057168;1.231035;-1.737198;-0.759639;0.032269;-0.30458
52;11.259278;5.170756;1.483131;-0.010614;1.656968;-2.281074;-0.739737;-0.02571;-0.347447
53;10.665853;4.521627;1.877143;0.0748;1.464234;-2.545451;-0.708571;-0.105819;-0.396461
54;10.005968;4.924651;1.743376;-0.075252;1.51307;-2.717091;-0.668596;-0.179301;-0.435354
55;8.236895;6.161797;2.006651;-0.541449;1.569267;-2.549652;-0.621693;-0.23593;-0.474762
56;7.165274;5.600019;2.58607;-0.296776;1.490936;-2.936712;-0.559759;-0.292926;-0.516816
57;5.167433;7.067509;1.358649;-0.507359;1.248498;-2.719279;-0.492793;-0.342242;-0.550688
58;4.74633;7.769274;1.769664;-0.358834;0.898141;-2.848614;-0.422916;-0.385936;-0.57715
59;4.260217;6.729261;2.458925;-0.130282;0.482686;-2.76341;-0.362645;-0.427291;-0.588975
60;3.570055;7.177458;2.256961;-0.560289;0.193379;-2.31181;-0.3126;-0.452702;-0.602546
61;1.531442;8.548336;2.574709;-0.343343;0.0227;-2.021451;-0.270831;-0.467118;-0.61034
62;1.520282;8.199658;3.430352;-0.725488;0.151077;-1.653544;-0.233787;-0.47021;-0.625403
63;0.31923;6.513574;3.663197;-0.360714;0.232407;-1.275555;-0.204015;-0.468065;-0.62977
64;-0.087946;7.350985;3.939266;-0.659961;0.265015;-0.768675;-0.180272;-0.460418;-0.644288
65;0.052757;6.210789;4.063403;-0.091654;0.11825;-0.494569;-0.163086;-0.459412;-0.652363
66;-0.51655;6.404432;3.85664;-0.321513;0.041524;-0.232119;-0.154145;-0.454088;-0.659767
67;0.056579;7.124;4.54276;-0.108926;-0.03635;-0.05603;-0.152314;-0.450065;-0.661846
68;-0.553766;8.163852;4.649433;-0.024552;-0.153966;0.12868;-0.159487;-0.445705;-0.659236
69;-0.28397;8.007365;4.655025;0.00141;-0.210455;0.15825;-0.16725;-0.444965;-0.658534
70;-0.298049;7.864562;4.707427;0.117953;-0.352299;0.183716;-0.175766;-0.444955;-0.659215
71;0.637016;9.343602;5.302438;-0.105554;-0.328648;0.22031;-0.188679;-0.445135;-0.65687
72;0.641657;8.398919;5.183491;0.039093;-0.253212;0.128012;-0.197495;-0.441194;-0.656497
73;0.444584;8.878819;5.043931;-0.159205;-0.122601;0.097236;-0.20839;-0.438437;-0.652174
74;0.887137;8.52815;5.008181;0.129098;-0.070388;0.094008;-0.213157;-0.438151;-0.651056
75;1.066564;8.58067;5.176823;-0.027003;0.024737;0.001137;-0.211044;-0.438041;-0.651224
76;1.103443;8.56681;4.937442;0.006973;0.041436;0.078893;-0.211366;-0.439174;-0.652586
77;0.58301;8.039958;4.860019;0.035511;0.049599;0.122988;-0.212751;-0.439443;-0.651977
78;1.088508;8.551873;4.907141;0.068465;0.051068;0.114257;-0.217462;-0.439861;-0.649776
79;0.769373;8.086035;4.781167;0.012991;0.037216;0.136135;-0.219172;-0.440348;-0.650262
80;0.653167;8.806424;4.612953;0.055392;-0.050797;0.134776;-0.22105;-0.439895;-0.647656
81;0.953532;8.552224;4.694308;0.093257;-0.102949;0.107887;-0.224336;-0.441515;-0.645653
82;0.773343;8.738876;4.73551;-0.017945;-0.05339;0.154152;-0.231198;-0.439272;-0.646529
83;1.028214;8.612027;4.815813;-0.001028;-0.019233;0.115536;-0.234375;-0.438777;-0.644526
84;1.124977;8.583333;4.59266;0.055136;-0.007017;0.153551;-0.237825;-0.437507;-0.64537
85;1.16119;8.823338;4.638152;-0.031868;0.03352;0.066517;-0.238172;-0.438485;-0.643901
86;1.236062;8.793622;4.639689;0.176612;0.006795;0.043395;-0.240291;-0.440414;-0.641166
87;1.155648;8.396256;4.510932;0.008618;-0.007069;0.006149;-0.241095;-0.442269;-0.640796
88;1.183127;8.86887;4.533484;0.0581;0.000791;0.015121;-0.240702;-0.443809;-0.63875
89;1.208497;8.321164;4.579615;-0.105069;-0.041258;0.039419;-0.241731;-0.443238;-0.639475
90;1.295384;8.913566;4.715794;0.045571;-0.033523;0.095189;-0.243498;-0.441977;-0.637271
91;1.044004;8.28358;4.441273;0.002757;-0.082698;0.025896;-0.245334;-0.442737;-0.637492
92;1.072469;8.642955;4.636566;0.028066;-0.057218;0.002325;-0.249057;-0.445382;-0.636182
93;1.145352;8.928924;4.487633;-0.027892;0.024704;0.047058;-0.250522;-0.4431;-0.636528
94;1.222712;8.500883;4.669756;-0.001819;-0.032618;-0.00989;-0.252075;-0.442039;-0.636066
95;1.301803;8.989794;4.430677;0.053189;-0.00896;-0.005228;-0.251136;-0.443699;-0.634533
96;1.217761;8.013291;4.662683;-0.042628;0.010562;-0.00439;-0.251265;-0.44449;-0.634538
97;1.346338;9.079673;4.506517;0.007782;0.00343;0.03811;-0.25255;-0.443158;-0.634333
98;1.283351;8.29148;4.573647;-0.028885;0.022849;0.016921;-0.253012;-0.443379;-0.635299
99;1.385267;8.824332;4.612637;0.096846;-0.009031;0.030925;-0.254411;-0.44598;-0.632528
100;1.476782;8.434917;4.539857;-0.03769;0.01924;0.01162;-0.253518;-0.444339;-0.634242
101;1.443838;9.042232;4.58356;0.008683;-0.022172;-0.006195;-0.25347;-0.444905;-0.633294
102;1.192923;8.389118;4.459159;0.04964;-0.008906;0.00084;-0.254589;-0.444771;-0.632944
103;1.445517;8.719669;4.583944;0.04448;0.002419;-0.011377;-0.253455;-0.448698;-0.630991
104;1.041275;8.801242;4.425646;-0.038921;0.06346;-0.012697;-0.252272;-0.446807;-0.632422
105;1.341314;8.629371;4.551931;-0.002764;0.048284;-0.041076;-0.250266;-0.446727;-0.631786
106;1.409157;8.554243;4.643428;-0.035365;0.075574;-0.052372;-0.24989;-0.448251;-0.633518
107;1.354495;8.974433;4.56683;-0.017051;0.063266;-0.040907;-0.246409;-0.446814;-0.634297
108;1.312106;8.598313;4.776507;-0.056436;0.080048;-0.066444;-0.245048;-0.446132;-0.635312
109;1.24869;9.132242;4.399437;-0.054878;0.096779;-0.097121;-0.240666;-0.445016;-0.63834
110;1.187199;8.192742;4.774438;-0.016759;0.086129;-0.2103;-0.237159;-0.445557;-0.639249
111;1.026401;8.801059;4.455365;-0.03603;0.102117;-0.143019;-0.230826;-0.447698;-0.640826
112;0.621155;7.78602;4.628428;-0.112734;0.063689;-0.125816;-0.224496;-0.445014;-0.644034
113;0.686619;8.042141;4.434354;0.206253;-0.014141;-0.002762;-0.223481;-0.448568;-0.641413
114;0.65653;7.938344;4.111178;-0.10704;-0.006586;0.184304;-0.225721;-0.44856;-0.640847
115;0.686623;7.848911;3.999316;-0.177282;-0.069773;0.386785;-0.231641;-0.442765;-0.641552
116;0.948098;7.656759;3.554522;-0.093459;-0.228387;0.532981;-0.244392;-0.436712;-0.643127
117;1.256487;7.223238;3.471139;-0.07495;-0.464262;0.894783;-0.267816;-0.426154;-0.641181
118;1.877081;5.85889;3.837796;-0.200719;-0.673641;1.358064;-0.304666;-0.405129;-0.638427
119;2.166592;7.407686;3.279108;-0.62352;-0.801459;1.853305;-0.349903;-0.371183;-0.635164
120;3.636216;3.743237;3.762884;-0.753661;-0.903841;2.429814;-0.39988;-0.327461;-0.629996
121;3.39664;6.712877;3.769848;-0.562342;-1.179241;2.732019;-0.458517;-0.263522;-0.621385
122;7.115626;4.749339;5.062413;-0.299551;-1.458737;2.690801;-0.517909;-0.199133;-0.596895
123;8.283208;4.200316;4.711259;0.516761;-1.706845;2.711029;-0.580905;-0.135542;-0.564215
124;9.951878;4.787918;3.903672;1.549719;-1.735581;2.469149;-0.632082;-0.099417;-0.516331
125;10.184631;5.714267;3.246964;1.905089;-1.556827;2.083197;-0.668943;-0.075893;-0.465701
126;9.734801;5.967949;3.147597;1.262787;-1.092495;2.553234;-0.703592;-0.044141;-0.419975
127;8.921062;6.497211;1.374666;1.188268;-1.325008;1.598694;-0.724717;-0.005353;-0.383054
128;9.660811;4.680693;0.551028;0.271931;-1.072555;1.561162;-0.742299;0.031686;-0.346632
129;11.189571;3.883272;0.747711;0.190846;-0.990697;1.215631;-0.753716;0.069347;-0.31477
130;11.569569;2.134246;-0.413419;0.372423;-0.544596;0.295392;-0.762865;0.086118;-0.29057
131;11.17114;1.477124;0.284692;0.702865;-0.296259;0.819438;-0.764695;0.101125;-0.281389
132;10.475072;2.61216;-0.931216;0.686441;-0.260987;0.352214;-0.766691;0.10977;-0.278539
133;9.746277;2.105286;-0.600113;0.1765;-0.325212;0.168135;-0.764686;0.109201;-0.271427
134;8.839454;1.164377;-0.692355;0.378451;-0.273949;0.217773;-0.769956;0.107614;-0.262776
135;10.571959;2.566284;-0.778835;0.431855;-0.046261;-0.027399;-0.771002;0.114209;-0.25779
136;9.852432;1.558305;-0.799702;0.572095;0.084956;-0.199587;-0.770733;0.103266;-0.262202
137;9.537896;1.647572;-0.918684;0.309796;-0.042045;0.037777;-0.771574;0.096882;-0.264386
138;9.698503;2.308931;-1.058758;0.095538;-0.093761;0.069281;-0.769374;0.093651;-0.267105
139;9.873748;1.716422;-0.919514;-0.026114;-0.112236;-0.01568;-0.769691;0.092906;-0.261452
140;9.868823;1.476128;-0.717034;-0.051079;-0.032841;0.038555;-0.77216;0.097815;-0.258272
141;9.478778;1.707725;-0.860202;-0.062653;0.030724;0.002873;-0.771527;0.100091;-0.255819
142;9.434956;1.527391;-0.830869;-0.13469;-0.033397;0.041214;-0.771881;0.102768;-0.256517
143;9.688841;1.543505;-0.855802;-0.148624;-0.051978;0.067548;-0.771844;0.102212;-0.25584
144;9.70454;1.438169;-0.76532;-0.094696;-0.022139;0.043036;-0.772003;0.106531;-0.254644
145;9.764677;1.378296;-0.741534;-0.085114;-0.008972;0.053704;-0.772727;0.108644;-0.250908
146;9.742114;1.363611;-0.839527;-0.026034;-0.001128;0.036992;-0.774489;0.111073;-0.251538
147;9.658555;1.573831;-0.961503;-0.070518;-0.020396;0.036011;-0.772806;0.112888;-0.251192
148;9.659926;1.363292;-0.841178;-0.089404;-0.00276;0.04845;-0.772306;0.114245;-0.25225
149;9.816369;1.439041;-0.868134;-0.080364;0.016487;0.001826;-0.771791;0.116109;-0.252769
150;9.848058;1.146101;-0.74711;-0.041202;0.009378;0.000845;-0.772315;0.11699;-0.251448
151;9.645044;1.348262;-0.848965;-0.021863;0.030588;0.011625;-0.771734;0.118273;-0.250614
152;9.703208;1.468175;-0.915167;-0.056091;0.012903;0.027505;-0.77266;0.120063;-0.251274
153;9.71796;1.528027;-0.862405;-0.13421;0.000696;0.060958;-0.770991;0.119936;-0.252002
154;9.65897;1.407491;-0.795921;-0.179899;-0.030896;0.074834;-0.77214;0.125182;-0.250452
155;9.845402;1.423718;-0.912261;-0.124041;-0.052261;-0.041794;-0.770963;0.12682;-0.24878
156;9.93462;1.58835;-0.730544;-0.160159;-0.026808;-0.181884;-0.772186;0.125618;-0.244654
157;10.524992;1.568138;-0.718658;-0.091836;-0.070496;-0.466338;-0.775225;0.116988;-0.242756
158;11.005117;2.644725;-1.040669;0.37614;0.242674;-1.034955;-0.776685;0.090709;-0.247413
159;11.622507;4.657113;-0.925391;0.819756;0.809083;-1.870641;-0.774589;0.035829;-0.265117
160;11.147003;5.934666;-0.125874;0.678348;0.918354;-2.45727;-0.763454;-0.03845;-0.290429
161;11.321192;7.12616;0.341596;-0.291383;1.10947;-2.794608;-0.741887;-0.118575;-0.322102
162;10.090855;5.483472;0.934011;-1.139688;1.116314;-3.019874;-0.703862;-0.190624;-0.359744
163;9.806234;5.676847;1.063158;-1.144252;1.289913;-2.962139;-0.657421;-0.267939;-0.407757
164;8.603573;5.654748;1.474565;-0.79233;1.343681;-2.960696;-0.596255;-0.328057;-0.45279
165;6.430068;6.001731;2.54865;-0.70761;1.370206;-3.03091;-0.535045;-0.370687;-0.490202
166;6.045439;7.56582;1.278497;-0.311477;1.113793;-2.915931;-0.464881;-0.417254;-0.52137
167;4.817625;8.338377;1.935874;-0.505731;0.612164;-2.793048;-0.398478;-0.458345;-0.538973
168;3.626044;7.583652;1.897741;-1.139854;0.450919;-2.458129;-0.328549;-0.48253;-0.567374
169;2.269292;6.238772;3.057315;-0.608138;0.278764;-2.066014;-0.276861;-0.490929;-0.587644
170;1.180326;7.255261;2.914257;-0.498095;0.110468;-1.590464;-0.242482;-0.49153;-0.601223
171;0.731138;7.604405;3.310082;-0.327392;0.165318;-1.185838;-0.213009;-0.496666;-0.608689
172;-0.072461;7.008221;3.399642;-0.674486;0.243055;-0.66391;-0.191755;-0.49008;-0.622246
173;0.27345;6.901543;4.12712;-0.128364;0.158819;-0.282391;-0.179668;-0.486783;-0.626256
174;-0.514572;7.439847;3.810528;-0.330065;0.134893;-0.168625;-0.172004;-0.483131;-0.63102
175;0.074888;7.830001;4.354753;-0.018884;0.10972;0.062479;-0.165959;-0.47927;-0.637212
176;-0.211343;8.130297;4.02599;0.032295;-0.043341;0.108237;-0.167394;-0.477406;-0.637016
177;-0.275154;9.177711;4.63892;-0.106971;-0.004326;0.159901;-0.17129;-0.478456;-0.635852
178;0.21906;8.850685;4.379053;-0.03931;-0.018761;0.16148;-0.178305;-0.476199;-0.633634
179;0.250576;8.676959;4.695055;-0.033559;-0.050527;0.05535;-0.181985;-0.476147;-0.633677
180;0.649099;9.475113;4.356998;0.099423;0.037138;0.075508;-0.181893;-0.477668;-0.635422
181;0.371339;8.370549;4.532721;-0.101234;-0.022388;-0.013353;-0.182243;-0.475255;-0.63612
182;0.726995;8.838029;4.299222;0.11204;0.082818;0.038642;-0.181481;-0.47688;-0.635404
183;0.491254;8.177129;4.257683;-0.04044;-0.040103;0.057067;-0.183593;-0.477381;-0.631998
184;0.585702;8.828855;4.566547;0.010154;0.046121;0.138983;-0.186525;-0.478028;-0.631329
185;0.609359;8.477433;4.312259;-0.021955;0.042644;0.191823;-0.187719;-0.473525;-0.6345
186;0.384791;8.729991;4.697695;0.006536;-0.029447;0.17551;-0.190572;-0.472422;-0.63464
187;0.785517;9.048582;4.232631;0.083878;0.052961;0.144353;-0.192767;-0.473758;-0.633529
188;0.502876;8.911425;4.474741;-0.100053;-0.001259;0.092776;-0.196907;-0.474058;-0.631166
189;0.815247;9.048979;4.165689;0.141096;0.029975;0.12831;-0.198248;-0.474239;-0.632849
190;0.77213;8.882246;4.532714;-0.190434;-0.010994;0.037098;-0.199846;-0.470008;-0.632262
191;0.928395;8.809679;4.09318;0.061042;0.022974;0.133498;-0.199847;-0.469225;-0.631994
192;1.204955;8.981479;4.5338;-0.172464;-0.022684;0.026432;-0.20249;-0.467016;-0.633476
193;0.773139;8.49931;4.473423;-0.028414;0.072333;0.077429;-0.20385;-0.465108;-0.637212
194;0.727323;8.612374;4.299781;-0.152837;0.047812;-0.007444;-0.205173;-0.461787;-0.640522
195;0.965843;8.88186;4.664487;0.063523;0.045685;0.01026;-0.203311;-0.461572;-0.639893
196;1.002712;8.823426;4.320094;-0.044491;0.080991;-0.001879;-0.20074;-0.462411;-0.639632
197;0.817102;8.738845;4.639141;-0.059781;0.00363;-0.044772;-0.199095;-0.461341;-0.640499
198;0.833558;8.372048;4.467271;0.032234;0.022873;-0.016471;-0.199632;-0.4611;-0.639716
199;0.816315;8.807137;4.451443;0.070355;-0.021174;-0.020223;-0.199456;-0.464002;-0.639971
200;0.587231;8.355807;4.529878;0.055917;0.020362;0.038229;-0.199004;-0.463512;-0.639141
201;0.842859;9.392897;4.323766;0.073526;0.035184;0.038513;-0.199472;-0.466203;-0.637807
202;0.893661;8.371689;4.611061;-0.075515;0.034458;0.032136;-0.200398;-0.464294;-0.638936
203;0.852422;8.987879;4.316895;0.108317;0.040433;0.079065;-0.20168;-0.465702;-0.636296
204;0.914392;8.672052;4.558621;-0.111113;0.035376;0.031311;-0.20146;-0.464606;-0.637368
205;0.882081;8.958674;4.152428;0.103188;0.072104;0.074861;-0.200603;-0.464232;-0.637057
206;0.951124;8.73277;4.424216;-0.181569;0.012513;-0.041204;-0.200397;-0.462209;-0.638132
207;0.786439;8.911044;4.690867;-0.010692;0.14269;-0.003173;-0.198257;-0.460952;-0.640595
208;0.936783;8.590433;4.364048;0.037768;0.150447;-0.015547;-0.19221;-0.46139;-0.641651
209;0.783182;9.377631;4.330088;-0.035645;0.08369;-0.088221;-0.189807;-0.463116;-0.64234
210;0.701969;7.890716;4.63775;0.077076;0.075688;-0.026768;-0.18701;-0.462471;-0.642881
211;0.783207;9.332996;4.240085;0.0451;0.026444;0.038438;-0.186384;-0.466576;-0.639603
212;0.654318;8.356349;4.463686;-0.025285;-0.006876;0.009792;-0.187446;-0.463236;-0.640067
213;0.941308;9.123378;4.288516;0.038594;0.010559;0.092991;-0.189666;-0.467028;-0.640435
214;0.943035;8.808161;4.326416;-0.091885;0.047664;0.049063;-0.189983;-0.463472;-0.639919
215;0.93594;8.9115;4.723888;-0.117661;0.100506;0.006227;-0.189139;-0.462306;-0.642984
216;0.577352;8.642486;4.131639;0.022199;0.163834;-0.032206;-0.186126;-0.459909;-0.644463
217;0.60677;8.762344;4.199639;0.042061;0.070479;-0.056656;-0.183784;-0.463141;-0.643803
218;0.623757;8.379735;4.222909;-0.20272;0.088468;0.086326;-0.181368;-0.459925;-0.645717
219;0.496601;8.1937;3.740282;-0.272288;-0.00025;0.179187;-0.184017;-0.451975;-0.651936
220;0.840256;7.052104;4.393799;-0.10111;-0.094688;0.398933;-0.189889;-0.447529;-0.65196
221;0.967807;7.993986;3.50983;-0.479397;-0.066765;0.792786;-0.203636;-0.433115;-0.657247
222;1.149442;7.851458;3.828511;-0.987759;-0.353801;1.007687;-0.225764;-0.404606;-0.669281
223;1.045494;5.013951;4.189714;-0.164144;-0.586977;1.405321;-0.259295;-0.374436;-0.67502
224;2.591955;6.683437;4.669232;0.529434;-0.982879;1.502595;-0.304926;-0.365403;-0.660117
225;2.691473;7.302328;3.860096;-0.057368;-0.886733;2.173922;-0.352587;-0.35056;-0.644246
226;4.452667;7.625046;3.700025;-0.858909;-1.10497;2.057621;-0.408483;-0.302217;-0.636813
227;5.359359;4.770942;5.260037;-0.270618;-1.565762;2.037271;-0.467822;-0.248191;-0.619329
228;7.839058;4.395673;4.064562;1.226061;-1.634978;2.069339;-0.531231;-0.22749;-0.578463
229;7.747768;5.749326;3.168244;1.697314;-1.555321;2.273105;-0.587411;-0.212762;-0.529408
230;9.533481;6.706024;2.10746;1.174601;-1.398916;2.249528;-0.632952;-0.184125;-0.484594
231;8.996972;6.612172;2.517022;0.487477;-1.262319;2.049263;-0.672504;-0.140751;-0.446678
232;10.495578;5.18343;1.1679;0.098643;-1.211599;2.063333;-0.705223;-0.088381;-0.404406
233;8.478769;5.434781;1.937562;0.461181;-1.709396;1.767083;-0.735496;-0.033996;-0.360402
234;9.643949;5.1353;1.105813;-0.223216;-1.306077;1.647948;-0.759205;0.007346;-0.313216
235;9.399321;3.274451;0.982853;-0.310838;-0.973354;1.312843;-0.77053;0.053403;-0.279339
236;10.599627;1.895562;-0.012111;0.157628;-0.76268;0.992816;-0.778026;0.087144;-0.249834
237;11.162573;2.671976;-0.376858;0.583063;-0.485505;0.744296;-0.781085;0.110997;-0.232906
238;10.863394;2.552475;-0.787972;0.661085;-0.176831;0.213467;-0.778791;0.116937;-0.226604
239;10.587796;1.052266;-0.927254;0.629277;-0.034042;0.115249;-0.779708;0.114526;-0.226307
240;9.968424;2.072577;-1.541153;0.656291;-0.094497;0.130906;-0.781261;0.113761;-0.226515
241;9.935781;2.761097;-1.182353;0.302428;0.0864;0.054637;-0.779991;0.11518;-0.229424
242;9.674809;1.348597;-0.900897;0.134016;0.081346;-0.120371;-0.778911;0.111433;-0.232061
243;9.404504;1.543151;-1.041618;0.122764;-0.024024;0.060707;-0.777816;0.105977;-0.234962
244;9.761442;1.867137;-1.042302;-0.058699;-0.011643;0.063475;-0.77786;0.108755;-0.234971
245;9.972686;1.522446;-0.932622;-0.005949;0.011037;0.013272;-0.779788;0.112383;-0.232375
246;9.867698;1.589615;-0.949813;0.021777;0.032153;-0.034211;-0.778378;0.111064;-0.232978
247;9.545756;1.686167;-1.023926;-0.043573;0.028889;-0.013916;-0.778694;0.110969;-0.233802
248;9.553544;1.618745;-1.038705;-0.162363;-0.027287;0.007729;-0.777821;0.112368;-0.232685
249;9.538679;1.603685;-1.038988;-0.172407;-0.006133;0.021992;-0.778799;0.114716;-0.231524
250;9.695686;1.604107;-0.990807;-0.179732;-0.034365;0.02885;-0.777781;0.117023;-0.229996
251;9.704165;1.423976;-0.960424;-0.146815;-0.008004;0.03165;-0.779777;0.119932;-0.229291
252;9.681516;1.468898;-0.960928;-0.120134;-0.006266;0.030791;-0.778038;0.122218;-0.227459
253;9.719369;1.393842;-0.91506;-0.095202;0.013049;0.030913;-0.777522;0.124341;-0.227844
254;9.718657;1.484295;-1.020232;-0.08474;0.001595;0.039671;-0.779236;0.128029;-0.226857
255;9.704329;1.379092;-0.990389;-0.106;-0.030943;0.03413;-0.779632;0.129443;-0.225665
256;9.695614;1.438639;-1.035356;-0.070505;-0.009961;0.036159;-0.779192;0.130479;-0.224363
257;9.672644;1.528725;-1.073437;-0.111431;-0.043347;0.034175;-0.778642;0.133746;-0.223535
258;9.59818;1.483395;-1.06738;-0.1245;-0.097853;0.058495;-0.778789;0.13584;-0.2195
259;9.791189;1.63502;-1.266282;-0.104596;-0.09799;0.043509;-0.779616;0.1387;-0.217928
260;9.671131;1.709789;-1.321306;-0.267588;-0.13564;-0.068812;-0.780967;0.140225;-0.212466
261;9.959792;0.929524;-1.021989;-0.321173;-0.080252;-0.0474;-0.783524;0.141964;-0.208681
262;10.268306;1.794844;-1.361928;-0.217497;-0.038452;-0.320501;-0.783832;0.138864;-0.203697
263;10.974649;2.5841;-1.070934;0.010041;0.161278;-0.887214;-0.786136;0.119248;-0.201872
264;11.346529;3.00476;-0.853798;0.489136;0.798399;-1.327384;-0.78566;0.079688;-0.21875
265;10.83615;5.130893;-0.303545;0.794671;1.328605;-2.160607;-0.781075;0.024159;-0.251581
266;10.698579;6.428985;1.290693;0.948484;1.385393;-2.80668;-0.760173;-0.060576;-0.297582
267;10.553534;7.829625;-0.132057;-0.63186;1.235006;-3.075871;-0.730203;-0.151439;-0.332068
268;10.807023;5.525386;0.558134;-1.462465;1.202597;-3.044917;-0.684299;-0.235377;-0.382159
269;9.740545;5.450856;1.227178;-0.960526;1.524634;-3.132588;-0.63069;-0.296583;-0.432023
270;7.682121;6.311642;1.522569;-0.527177;1.226838;-2.987908;-0.570875;-0.349381;-0.465692
271;5.827248;6.694335;1.529904;-0.551972;1.126626;-2.924936;-0.502395;-0.401153;-0.498136
272;4.420169;7.3472;1.936167;-0.690742;0.943756;-2.62249;-0.432965;-0.441302;-0.530562
273;3.902078;7.892273;2.052736;-0.979196;0.684874;-2.38771;-0.364057;-0.463499;-0.561979
274;2.751524;6.675689;2.931757;-0.713695;0.378872;-2.114572;-0.311231;-0.477475;-0.584358
275;1.808456;6.942522;2.807455;-0.226723;0.236324;-1.792496;-0.269398;-0.486732;-0.595671
276;1.088481;7.598556;3.107454;-0.397394;0.204623;-1.356669;-0.234422;-0.495573;-0.601649
277;0.165007;7.151125;3.389555;-0.417181;0.203637;-0.894346;-0.206851;-0.495538;-0.61219
278;-0.352809;6.582433;4.355327;-0.194841;0.076195;-0.588202;-0.192706;-0.493511;-0.618257
279;0.07287;7.809191;3.799724;0.01125;0.129611;-0.254958;-0.182343;-0.498634;-0.61599
280;-0.603944;7.424122;3.898801;0.052036;0.122184;-0.081326;-0.173575;-0.498863;-0.620402
281;-0.047707;8.266024;4.014122;0.034826;0.05869;0.122204;-0.174637;-0.500216;-0.619236
282;-0.111507;8.986429;3.891988;0.013916;0.014777;0.174092;-0.176807;-0.498839;-0.619884
283;0.020066;8.317361;4.360626;-0.044369;-0.063538;0.191957;-0.185736;-0.498573;-0.616809
284;0.030117;9.151077;4.119783;0.139831;-0.098113;0.17423;-0.191292;-0.498592;-0.614379
285;0.501779;8.943114;4.069454;-0.009071;-0.103459;0.156475;-0.193955;-0.495842;-0.616133
286;0.634697;9.241588;4.432312;0.051172;-0.099285;0.155796;-0.200985;-0.49672;-0.614467
287;0.844738;8.869322;3.956663;0.021544;-0.096749;0.138951;-0.207238;-0.494004;-0.614101
288;0.657925;8.942957;4.110419;-0.007715;-0.043822;0.096108;-0.212439;-0.495398;-0.610436
289;0.965301;8.79365;4.229323;0.131618;0.001629;0.1114;-0.214618;-0.49675;-0.608919
290;0.827285;9.431126;4.135804;-0.141563;0.05309;0.080978;-0.215474;-0.494256;-0.61153
291;0.889917;8.898599;4.175164;0.046503;0.087962;-0.015047;-0.214834;-0.492769;-0.612582
292;0.559814;9.16728;4.190751;-0.054443;0.097102;0.045958;-0.214965;-0.493428;-0.612587
293;0.741704;8.62087;4.074932;0.100125;0.009609;-0.030641;-0.213045;-0.494701;-0.611142
294;0.815385;8.912844;4.286215;-0.088377;0.051197;-0.031187;-0.212038;-0.495643;-0.611091
295;0.769869;8.832149;3.805113;0.163409;0.020971;0.004767;-0.208787;-0.496074;-0.611338
296;0.606616;8.695736;3.982084;0.013909;-0.011317;0.008048;-0.211818;-0.499497;-0.607293
297;0.844493;9.072535;3.941123;0.143817;0.033445;0.08774;-0.212954;-0.501538;-0.605842
298;0.680952;8.921774;3.960513;-0.183099;0.016331;0.076987;-0.214484;-0.498415;-0.607407
299;0.755986;8.943789;4.149604;0.138288;0.003578;0.092812;-0.215176;-0.499071;-0.607304
300;0.94306;8.810236;3.973406;0.054746;0.021138;0.01524;-0.214902;-0.498154;-0.607158
301;0.649518;9.288573;4.117073;-0.005905;0.044266;0.019033;-0.21439;-0.498241;-0.60511
302;0.693745;9.245235;3.757802;0.025162;0.023922;-0.016425;-0.214121;-0.498362;-0.605502
303;0.768309;9.191657;3.939768;-0.143614;0.044244;-0.025021;-0.212806;-0.500138;-0.607475
304;0.865885;9.050036;3.81431;-0.122264;0.044161;-0.022407;-0.211096;-0.496784;-0.609289
305;0.801037;8.659045;3.971022;-0.097206;0.049464;0.013743;-0.210798;-0.494064;-0.611305
306;0.786565;8.658145;4.173348;-0.020392;-0.022788;0.029136;-0.211026;-0.493981;-0.609967
307;0.560562;8.890973;3.890894;0.064487;-0.012212;0.0522;-0.21388;-0.493921;-0.61051
308;0.729046;9.544206;3.908578;-0.124677;-0.012029;0.077012;-0.215034;-0.493755;-0.61097
309;0.944891;8.388671;4.184328;0.005774;-0.042256;0.053652;-0.217831;-0.49114;-0.612596
310;0.73789;9.333694;4.029054;0.058213;-0.006977;0.089378;-0.219714;-0.490422;-0.60999
311;1.069407;8.809807;4.051294;0.016679;-8.6e-05;0.043429;-0.220903;-0.490875;-0.611531
312;0.887378;9.356468;4.107076;-0.006823;0.019421;0.056029;-0.222628;-0.492261;-0.609317
313;1.024126;8.869894;3.990284;-0.062127;0.051939;-0.007382;-0.222525;-0.491966;-0.610123
314;1.060678;9.064703;4.080859;-0.034481;0.051033;0.026183;-0.220545;-0.490949;-0.60976
315;0.904104;8.974325;4.017776;-0.039365;0.035258;0.005765;-0.220662;-0.489276;-0.611928
316;1.14353;8.996948;4.217675;-0.128335;0.059907;0.00858;-0.22017;-0.487389;-0.612988
317;1.129771;8.749529;4.172641;0.064801;0.05435;-0.040024;-0.218064;-0.487533;-0.613425
318;0.948348;9.116747;4.086049;-0.107028;0.089881;-0.028245;-0.216848;-0.488018;-0.614984
319;1.003562;8.613822;4.215279;0.01412;0.037754;-0.040163;-0.215044;-0.48775;-0.615707
320;0.723917;9.094089;3.908965;0.032191;0.079257;-0.010663;-0.211765;-0.489251;-0.61568
321;0.644289;8.568979;3.832893;-0.0967;0.031918;-0.008455;-0.210148;-0.487504;-0.616956
322;0.527946;7.953395;3.831225;-0.014301;0.028401;0.092889;-0.210092;-0.486383;-0.618574
323;0.800792;8.41424;3.310905;-0.288166;0.042834;0.344508;-0.21659;-0.48396;-0.620783
324;0.561212;7.0854;3.337554;-0.856628;0.10723;0.670275;-0.225267;-0.4606;-0.633401
325;0.234873;6.515009;3.091479;-0.929526;0.114911;1.336421;-0.238397;-0.43034;-0.64841
326;1.395084;6.099549;3.085229;-0.994428;-0.223451;1.599533;-0.267137;-0.388746;-0.66366
327;1.769042;6.293545;3.692876;-0.933517;-0.653867;2.022772;-0.307094;-0.342532;-0.671369
328;1.822033;6.396555;4.226634;-1.12367;-1.090986;2.218283;-0.361697;-0.278063;-0.677402
329;4.636683;4.221924;4.908418;-0.849611;-1.499355;2.352615;-0.421248;-0.213004;-0.669645
330;7.315416;3.96521;6.058155;0.425568;-2.107892;2.35365;-0.483905;-0.171369;-0.636753
331;7.624263;3.278198;5.599843;1.678329;-1.888625;2.542179;-0.548435;-0.153659;-0.586624
332;10.241268;6.104458;3.127914;1.472197;-1.913357;2.782349;-0.60889;-0.123592;-0.532552
333;8.943683;5.366697;2.517306;1.303533;-2.092222;2.565672;-0.666369;-0.082225;-0.470808
334;10.761784;5.992044;1.795227;1.019729;-2.068117;2.622317;-0.709358;-0.033416;-0.41162
335;9.950112;6.740553;1.417895;0.040075;-1.887181;2.141883;-0.738946;0.022158;-0.357603
336;11.518673;4.920781;0.363273;-0.902735;-1.76025;1.882838;-0.759728;0.091794;-0.297528
337;10.166051;2.169251;0.50418;-0.466379;-1.051209;1.036729;-0.767267;0.139788;-0.256997
338;9.754933;1.079105;0.842;0.280891;-0.844416;0.549099;-0.772806;0.16933;-0.226782
339;12.408612;1.643024;-0.546109;0.889144;0.065654;-0.391351;-0.775463;0.169209;-0.219357
340;11.94805;0.358208;-2.294961;1.154351;-0.223773;0.221383;-0.778868;0.152841;-0.222314
341;10.747622;4.714447;-1.115633;0.618127;-0.000684;-0.021491;-0.774996;0.155737;-0.226719
342;8.887111;0.53524;-0.885824;0.2671;0.173023;-0.255733;-0.774781;0.143543;-0.232884
343;8.607277;1.105025;-1.07217;0.030879;-0.107054;0.195954;-0.773187;0.136707;-0.241287
344;9.702106;1.693094;-0.885416;-0.184703;-0.094207;0.206799;-0.773421;0.146721;-0.235861
345;10.157199;1.777816;-0.981423;-0.152823;-0.041709;0.13569;-0.773958;0.157394;-0.227819
346;10.107015;1.543447;-0.591953;-0.096365;-0.001339;-0.006999;-0.774813;0.159106;-0.227325
347;9.84068;1.024896;-0.619254;-0.007553;0.074308;-0.113323;-0.774827;0.158206;-0.227998
348;9.444516;0.986505;-0.784764;0.080949;0.028675;-0.014806;-0.77186;0.155301;-0.232569
349;9.547749;1.363044;-0.888458;0.051637;-0.004661;0.021978;-0.772009;0.154376;-0.233586
350;9.85374;1.416868;-0.912385;-0.031323;0.030509;0.038098;-0.771776;0.156114;-0.230746
351;9.808646;1.513777;-0.808336;-0.105128;0.005983;0.034416;-0.771131;0.157987;-0.231529
352;9.73576;1.235247;-0.644403;-0.087598;0.03063;0.008074;-0.77125;0.160185;-0.230191
353;9.631361;1.182456;-0.676461;-0.021458;0.025305;-0.007849;-0.770651;0.160667;-0.232591
354;9.646496;1.152446;-0.661116;0.024464;0.00236;0.004342;-0.77038;0.160022;-0.233116
355;9.824246;1.228156;-0.807413;0.052447;0.019745;0.02575;-0.770362;0.159898;-0.232238
356;9.778975;1.332816;-0.763411;-0.022306;-0.003019;0.025609;-0.770659;0.161479;-0.231986
357;9.719402;1.287637;-0.779567;-0.004012;0.009296;0.00363;-0.77041;0.162941;-0.232248
358;9.749609;1.212863;-0.808896;-0.023647;0.004024;0.007987;-0.770337;0.162612;-0.230625
359;9.660094;1.204827;-0.765661;0.010048;0.004911;0.011529;-0.770386;0.162136;-0.231975
360;9.719367;1.257974;-0.862083;0.001145;0.011052;0.01334;-0.770801;0.163958;-0.231055
361;9.749488;1.242807;-0.793923;-0.01684;-0.010059;0.020249;-0.770795;0.164344;-0.230786
362;9.77957;1.205415;-0.793278;0.006504;-0.015393;0.009617;-0.770209;0.164187;-0.230352
363;9.794365;1.220601;-0.823014;-0.014411;0.014543;-0.00694;-0.770166;0.165059;-0.232376
364;9.794595;1.183031;-0.80796;-0.023626;-0.010084;0.006117;-0.772277;0.164817;-0.232208
365;9.704667;1.227754;-0.824824;-0.01139;0.005797;0.016828;-0.771351;0.165777;-0.230007
366;9.794404;1.2131;-0.823005;-0.021821;0.028645;0.008157;-0.770275;0.166596;-0.231036
367;9.794547;1.205411;-0.777968;-0.023965;0.005748;-0.018475;-0.770182;0.166118;-0.229007
368;9.697295;1.234977;-0.764946;-0.005675;-0.006539;-0.002666;-0.769993;0.167374;-0.230754
369;9.704545;1.257698;-0.809851;-0.029286;0.016362;-0.018389;-0.770848;0.167652;-0.230796
370;9.675232;1.167377;-0.765316;-0.03598;0.004075;0.002688;-0.771005;0.167538;-0.231208
371;9.71974;1.212716;-0.801992;-0.018277;0.004032;0.006224;-0.769816;0.16734;-0.229936
372;9.704659;1.242633;-0.794823;-0.047071;-0.013519;0.020224;-0.770392;0.16827;-0.229832
373;9.704662;1.235193;-0.809824;-0.068522;-0.01701;0.025491;-0.771376;0.16919;-0.229342
374;9.675388;1.137371;-0.76528;-0.052518;-0.022297;0.025439;-0.7709;0.170961;-0.227434
375;9.734979;1.182519;-0.741619;-0.056146;-0.009996;0.029061;-0.770779;0.173716;-0.226896
376;9.749839;1.175294;-0.793842;-0.098482;-0.030182;0.053621;-0.771334;0.174757;-0.22625
377;9.825063;1.078065;-0.792225;-0.083073;-0.017045;0.042221;-0.770435;0.177828;-0.223921
378;9.787927;1.055228;-0.74792;-0.068918;-0.019682;0.04485;-0.770393;0.179093;-0.222438
379;9.840772;1.017301;-0.596731;-0.052967;-0.052293;0.042855;-0.770643;0.179848;-0.221373
380;10.175261;1.185197;-0.965407;0.026816;-0.077265;-0.027899;-0.772016;0.183479;-0.21902
381;10.100215;1.215224;-1.041991;-0.098288;-0.078006;-0.120558;-0.771736;0.18048;-0.21684
382;11.098407;0.512512;-0.675969;-0.064789;-0.058517;-0.470884;-0.775235;0.17189;-0.212401
383;12.291848;1.055826;-0.30738;0.870556;0.497354;-1.176305;-0.778529;0.141984;-0.221121
384;12.369926;4.308168;-1.232378;1.15544;1.269484;-1.726222;-0.776425;0.084864;-0.252989
385;10.875361;6.664596;0.723663;1.485965;1.721832;-2.633093;-0.763628;0.006271;-0.297643
386;11.274408;7.707057;1.165797;0.718191;1.405233;-3.512252;-0.737315;-0.107248;-0.340075
387;10.740188;6.613277;0.308266;-0.825306;1.539504;-3.426054;-0.69279;-0.198681;-0.378578
388;9.510566;5.088211;1.478399;-0.977235;1.579021;-3.50717;-0.627029;-0.291853;-0.437636
389;7.974621;4.719795;2.018261;-0.264128;1.621101;-3.595939;-0.554448;-0.364018;-0.481442
390;6.042758;7.905038;0.880346;-0.447931;1.289682;-3.45292;-0.476656;-0.418889;-0.512626
391;4.965129;8.052572;0.453298;-0.49433;0.769227;-3.364734;-0.394206;-0.46638;-0.537938
392;3.617732;6.382674;2.063976;-0.357028;0.281226;-3.387749;-0.31383;-0.507106;-0.552843
393;2.908009;8.102446;2.730733;-0.364837;0.084037;-2.663426;-0.240615;-0.542828;-0.557853
394;1.63565;8.309518;2.232169;-0.929724;-0.141443;-2.211426;-0.192876;-0.543658;-0.573623
395;-0.208156;6.413202;1.897008;-0.792601;0.151873;-1.597295;-0.153403;-0.536371;-0.594533
396;-1.232074;5.445146;2.808018;-0.326197;0.011201;-1.227752;-0.12292;-0.53254;-0.605077
397;-1.169805;6.643365;3.355779;0.03656;-0.068192;-0.765665;-0.104569;-0.535746;-0.607286
398;-1.240145;7.347213;3.601242;-0.143622;0.17531;-0.317346;-0.09201;-0.53028;-0.60939
399;-1.46596;7.616862;3.483846;-0.121967;0.00036;-0.103207;-0.086291;-0.527544;-0.613708
400;-1.692117;8.154663;3.823914;0.015499;0.052385;0.110826;-0.08461;-0.5342;-0.609833
401;-1.316544;7.922166;4.169408;0.079813;-0.058752;0.167365;-0.087779;-0.532801;-0.610664
402;-1.183091;9.424255;3.870283;-0.014695;-0.006699;0.253582;-0.095325;-0.535784;-0.606165
403;-1.421682;7.885561;3.852154;-0.072143;-0.061965;0.291734;-0.106744;-0.525893;-0.611597
404;-0.632547;8.191002;3.312362;0.252698;-0.148115;0.394404;-0.119035;-0.530437;-0.606109
405;-0.619722;8.551566;3.207167;-0.243697;-0.051355;0.703061;-0.127195;-0.530109;-0.604885
406;-0.224163;7.187934;3.186583;-0.511524;-0.138222;0.968643;-0.147793;-0.512811;-0.613882
407;0.61173;7.222561;2.873153;-0.597146;-0.10567;1.480612;-0.176397;-0.489856;-0.626112
408;-0.038555;6.129522;3.529157;-0.768509;-0.578487;1.801861;-0.222667;-0.458598;-0.634764
409;1.410178;6.233107;3.453097;-1.13647;-0.58178;2.618865;-0.27788;-0.406207;-0.649701
410;2.116811;6.880645;3.54914;-1.088598;-1.199259;2.5626;-0.335333;-0.350154;-0.655986
411;4.111242;4.45462;4.372305;-0.377601;-1.110252;3.007492;-0.402948;-0.287986;-0.645913
412;6.433769;6.537618;5.369757;-0.158336;-1.690987;2.731144;-0.470859;-0.22971;-0.624108
413;8.981396;4.04632;6.181597;0.882655;-1.674113;2.957573;-0.545647;-0.176862;-0.586163
414;9.723396;5.387232;3.733639;1.182939;-1.759537;2.811543;-0.602356;-0.13622;-0.54003
415;10.583797;4.4298;2.086017;1.864745;-1.88764;2.875722;-0.650108;-0.10108;-0.484816
416;9.787051;8.088648;1.788367;1.026929;-1.784237;2.495903;-0.692935;-0.060768;-0.431671
417;10.147725;6.200236;1.655087;0.320099;-1.677423;1.876785;-0.724964;-0.002131;-0.380747
418;9.316591;4.826838;1.009519;-0.155103;-1.059542;1.648741;-0.745689;0.054541;-0.337637
419;11.095789;1.542758;0.51604;-0.181065;-0.741087;1.442894;-0.757365;0.103794;-0.300816
420;10.405546;1.946507;0.179046;0.31905;-0.672004;1.178786;-0.762105;0.136782;-0.276707
421;10.715955;2.414562;-0.235467;0.676349;-0.588412;0.697674;-0.765172;0.158688;-0.257347
422;11.099376;1.609188;-1.022341;0.499966;-0.303591;0.102959;-0.767011;0.161321;-0.25299
423;10.963146;0.245834;-1.616435;0.404466;-0.26303;-0.017045;-0.765996;0.150205;-0.249811
424;10.501446;2.869136;-1.516002;0.524998;0.003059;0.197111;-0.765825;0.150826;-0.252233
425;10.312874;2.040727;-0.918547;0.195467;0.185474;-0.331201;-0.766415;0.146947;-0.250903
426;9.470177;0.386257;-0.731065;0.057787;-0.005668;-0.050456;-0.768959;0.137069;-0.254509
427;10.107958;1.229633;-0.891765;0.008956;-0.048985;0.058785;-0.768085;0.138077;-0.253525
428;9.780643;1.092021;-0.583012;-0.135216;-0.051214;0.14523;-0.766552;0.14264;-0.255756
429;9.734017;1.436914;-0.584324;0.116388;0.053146;-0.014551;-0.766507;0.146249;-0.253334
430;9.77934;1.27271;-0.740825;0.087429;0.033727;-0.11179;-0.768403;0.142416;-0.252742
431;10.199541;0.966433;-0.649501;0.118392;0.023796;-0.103103;-0.767847;0.139549;-0.254057
432;10.495517;1.455811;-0.794171;0.214941;0.029548;-0.33593;-0.768815;0.128331;-0.254346
433;10.373546;2.083942;-0.429595;0.320637;0.236139;-0.694358;-0.768069;0.108336;-0.264244
434;11.041825;2.889179;-0.409538;0.873992;0.696064;-1.173646;-0.767289;0.071883;-0.279497
435;11.360862;4.862341;-0.165136;0.925781;0.950746;-1.842992;-0.760802;0.020836;-0.302398
436;11.043381;5.75949;0.262758;0.324756;1.070289;-2.254962;-0.744337;-0.050101;-0.334347
437;10.059323;5.484205;0.580976;0.011658;0.822712;-2.680262;-0.721904;-0.126875;-0.361137
438;9.988655;6.337271;1.021381;-0.472968;0.935872;-3.007576;-0.683833;-0.212927;-0.396323
439;9.913537;5.22443;1.5764;-0.615035;0.967758;-3.048141;-0.63979;-0.284222;-0.42532
440;8.637956;6.299333;1.639649;-0.29896;0.923961;-3.12935;-0.590569;-0.339367;-0.449654
441;7.338573;5.90664;1.028629;-0.357634;0.743626;-2.641818;-0.532231;-0.397299;-0.470169
442;5.602827;7.864572;1.171722;-0.360684;0.574577;-2.787269;-0.471375;-0.448718;-0.488959
443;4.694384;8.656652;1.047544;-0.042518;0.153107;-2.623236;-0.405887;-0.494038;-0.502953
444;3.496315;9.095157;0.887914;-0.473186;-0.122259;-2.837722;-0.346612;-0.535111;-0.508354
445;3.314647;7.384902;2.492044;-0.593168;-0.223772;-2.316325;-0.29917;-0.555475;-0.514916
446;1.635238;8.176487;1.75203;-0.882681;-0.204726;-1.918954;-0.259153;-0.560038;-0.534018
447;0.955922;6.769673;2.070099;-0.267353;-0.123796;-1.251489;-0.228031;-0.564365;-0.542487
448;0.786657;7.877661;2.448211;-0.346429;-0.089962;-0.981018;-0.205898;-0.563937;-0.547625
449;0.144873;7.89608;2.818013;-0.364038;0.045322;-0.572372;-0.187793;-0.564178;-0.554575
450;-0.465496;7.458554;2.821232;0.038517;0.083042;-0.434488;-0.176755;-0.56433;-0.561326
451;0.087769;7.578948;3.259964;-0.195273;0.134206;-0.314125;-0.165829;-0.564246;-0.563901
452;0.200365;9.003848;3.463293;0.304897;0.179491;-0.026724;-0.159031;-0.570599;-0.559375
453;-0.156253;8.389455;2.946502;0.002495;0.081446;-0.015198;-0.15851;-0.56874;-0.559759
454;0.040367;9.335765;2.866877;0.088144;0.16061;0.214068;-0.158278;-0.571563;-0.555289
455;0.03607;8.861866;3.174982;0.062201;0.010982;0.168824;-0.160075;-0.570535;-0.557267
456;-0.324454;9.183411;3.077336;-0.092447;0.097678;0.254198;-0.164242;-0.573158;-0.556383
457;-0.067043;8.4129;2.805688;0.13161;-0.025946;0.336131;-0.169079;-0.56994;-0.555815
458;0.033529;9.015043;2.416831;-0.046232;-0.001053;0.461687;-0.182765;-0.566922;-0.553785
459;0.651401;8.034575;2.467835;-0.633198;0.1828;1.032742;-0.197467;-0.553833;-0.562082
460;0.1018;9.762591;1.306753;-1.285698;-0.135601;1.081075;-0.218585;-0.521975;-0.584766
461;0.498477;5.635341;2.017114;-0.678079;-0.368906;1.241963;-0.249384;-0.488234;-0.601446
462;1.078441;6.252038;2.193193;-0.449062;-0.429838;1.858445;-0.288621;-0.460291;-0.605568
463;2.083557;7.481082;3.442759;-1.155889;-0.879719;2.408753;-0.349135;-0.399685;-0.619027
464;4.693592;4.977871;5.374006;-1.132074;-1.162641;2.52099;-0.414163;-0.330422;-0.622203
465;6.413668;3.444784;5.875506;-0.127023;-1.277235;2.909943;-0.47233;-0.276564;-0.605852
466;7.939673;4.360092;5.499944;1.158226;-1.617816;2.639518;-0.533492;-0.233718;-0.570597
467;8.826182;5.258532;3.160432;1.82457;-1.379488;3.108946;-0.590912;-0.208705;-0.520278
468;8.992647;7.27389;2.133496;0.855237;-1.341489;2.913589;-0.645239;-0.154778;-0.479863
469;10.374849;6.04715;2.60536;1.63422;-1.646422;2.187694;-0.691659;-0.109934;-0.429735
470;9.959663;5.800478;0.19591;0.929871;-1.552029;2.32407;-0.721904;-0.074866;-0.378803
471;10.605375;4.059801;0.886166;0.598182;-1.597923;1.966913;-0.745732;-0.019205;-0.339212
472;10.191156;5.809035;0.163031;-0.279095;-0.667301;1.580118;-0.76076;0.035396;-0.306075
473;9.936556;2.698158;-0.626652;-0.175865;-0.626974;1.459794;-0.765926;0.0929;-0.279618
474;10.287515;1.423123;-0.348058;0.272948;-0.392329;0.636187;-0.765904;0.122085;-0.268221
475;11.197284;1.712217;-0.450159;0.673973;0.048226;0.054284;-0.766026;0.124024;-0.267017
476;12.356262;1.135465;-1.356774;0.61042;-0.31153;-0.061361;-0.768789;0.115528;-0.261868
477;10.679904;3.034864;-1.512596;0.532806;-0.080783;-0.008162;-0.771968;0.109245;-0.259039
478;9.603561;1.977648;-0.857689;0.143724;-0.056048;-0.13963;-0.770123;0.093308;-0.264847
479;9.078955;0.850338;-0.8595;0.177378;0.086819;-0.026762;-0.770122;0.089657;-0.266187
480;9.441174;1.542423;-0.980547;-0.017347;-0.053856;0.120597;-0.7709;0.099121;-0.260986
481;9.732174;1.61857;-0.974783;-0.060244;-0.020491;0.133184;-0.77169;0.102467;-0.258334
482;9.971179;1.70883;-0.804983;-0.057478;0.023329;0.00644;-0.771204;0.106836;-0.258591
483;9.988788;1.243361;-0.699063;0.022295;0.046061;-0.058777;-0.767649;0.100773;-0.263801
484;9.606312;1.422789;-0.917064;0.024046;0.014607;0.022224;-0.769112;0.100055;-0.265219
485;9.597565;1.647991;-0.962511;-0.157441;-0.037089;0.021891;-0.769488;0.10484;-0.262281
486;9.614192;1.377498;-0.841814;-0.172154;0.002548;0.049473;-0.771313;0.108763;-0.26049
487;9.794058;1.332624;-0.703073;-0.166454;-0.003718;0.03089;-0.76943;0.110523;-0.258784
488;9.795005;1.197162;-0.597847;-0.09573;0.008528;0.050371;-0.769784;0.112809;-0.259616
489;9.756098;1.474758;-0.643956;-0.041049;-0.027624;0.023703;-0.767793;0.113164;-0.259251
490;9.95912;1.287443;-0.504595;0.057779;-0.112411;-0.072217;-0.771087;0.114158;-0.256445
491;10.166219;1.470379;-1.00342;0.181235;-0.107526;-0.267173;-0.773149;0.107223;-0.250861
492;10.698279;2.568024;-1.07647;0.366809;0.092466;-0.619416;-0.77581;0.09185;-0.252571
493;11.722256;2.838872;-0.290749;1.041032;0.572076;-1.508955;-0.773601;0.047152;-0.267195
494;10.46461;4.694763;-0.408093;1.132836;0.899747;-2.044525;-0.765287;-0.022942;-0.290771
495;10.010703;6.092771;0.309182;0.363157;0.977428;-2.317271;-0.748318;-0.092392;-0.316898
496;11.027501;5.998918;0.397255;-0.348879;0.859545;-2.861748;-0.722742;-0.171452;-0.340428
497;10.116112;6.11403;0.709005;-0.935174;0.83608;-2.930713;-0.685528;-0.239101;-0.368954
498;9.439489;5.340048;0.381069;-0.81395;0.825651;-2.97503;-0.633625;-0.317225;-0.40538
499;8.250924;5.87899;1.332157;-0.446139;0.655299;-2.588643;-0.585658;-0.370547;-0.431938
500;6.295101;8.124564;0.645041;-0.530848;0.756558;-2.913954;-0.531025;-0.423319;-0.45116
501;5.123406;6.692209;1.223397;-0.472431;0.375119;-2.804754;-0.470967;-0.467345;-0.472705
502;4.525976;8.085032;1.247398;-0.138247;0.193775;-2.669821;-0.414452;-0.508186;-0.483096
503;3.379138;8.815487;1.283592;-0.126715;-0.129519;-2.583655;-0.354489;-0.548337;-0.485228
504;1.812031;8.300604;0.937479;-0.355828;-0.165134;-2.096894;-0.303628;-0.573722;-0.489724
505;1.953397;7.188946;1.4143;-0.673162;-0.014929;-1.709582;-0.262599;-0.588093;-0.4985
506;1.038842;8.038017;2.010351;-0.480109;0.062267;-1.112319;-0.229709;-0.593422;-0.50904
507;0.909488;7.084498;2.083832;-0.377014;0.122151;-0.93206;-0.20454;-0.59062;-0.521862
508;-0.004646;7.865931;2.709981;-0.224505;0.174691;-0.434694;-0.188082;-0.590363;-0.524035
509;-0.012872;8.030746;2.754662;-0.06599;-0.02257;-0.262195;-0.176421;-0.590444;-0.529408
510;-0.056688;9.201484;2.594918;-0.036975;0.051449;-0.129101;-0.171861;-0.592622;-0.532825
511;-0.090004;9.757442;2.36101;0.074103;-0.017239;0.027591;-0.170169;-0.594595;-0.53031
512;0.050026;8.945438;2.935034;-0.146311;-0.034625;0.025551;-0.172418;-0.590798;-0.531912
513;0.063796;9.081364;2.732547;-0.035904;0.084984;0.11112;-0.176076;-0.589334;-0.530878
514;-0.174063;8.810695;2.653019;-0.002091;0.021674;0.107989;-0.176511;-0.587624;-0.533871
515;0.212358;9.172678;2.562834;-0.196088;0.002441;0.235838;-0.177768;-0.586711;-0.536497
516;0.192832;7.102908;2.384591;-0.010987;0.059572;0.544687;-0.186757;-0.580916;-0.539509
517;0.077655;10.144611;1.418417;-0.418446;-0.005663;0.858878;-0.204381;-0.57096;-0.544432
518;0.65924;6.668001;2.78466;-0.609079;-0.1729;0.966483;-0.230659;-0.547702;-0.555067
519;0.799949;7.873241;1.720566;-0.120763;-0.320333;1.433339;-0.261436;-0.528319;-0.559704
520;1.238352;8.429219;1.931387;-0.667727;-0.619864;1.655433;-0.300051;-0.503433;-0.563653
521;1.73067;5.745274;2.011739;-1.321474;-0.972798;2.285071;-0.358688;-0.452533;-0.573086
522;4.372306;5.212979;2.650738;-1.47235;-1.117951;2.834482;-0.427788;-0.3736;-0.582013
523;5.519715;3.866151;4.71643;-0.573242;-1.931177;2.859535;-0.512949;-0.290204;-0.567443
524;8.58698;3.038693;4.583857;1.041459;-1.448746;3.146872;-0.581771;-0.233417;-0.527466
525;11.494486;6.209532;2.507614;1.419538;-1.31872;3.097927;-0.6357;-0.182469;-0.485405
526;9.357904;5.407006;4.041454;1.253586;-1.327934;3.112835;-0.677976;-0.122469;-0.445503
527;10.934433;5.679147;1.43883;0.928056;-1.114684;2.842422;-0.711757;-0.063891;-0.402623
528;11.551032;6.312145;1.337968;1.141889;-1.817403;1.851119;-0.741019;-0.01853;-0.348025
529;10.988297;4.977984;0.532656;-0.275459;-1.088233;1.95467;-0.75801;0.040126;-0.306223
530;9.728568;2.702603;-0.090527;0.103771;-0.715299;1.340104;-0.766137;0.094792;-0.28395
531;10.072536;2.584538;-0.233573;0.224964;-0.420016;1.110064;-0.76805;0.134781;-0.267411
532;11.104152;2.312609;-0.602769;0.362617;-0.354144;0.597764;-0.76858;0.156139;-0.251839
533;13.138881;1.290536;-1.821491;0.053578;-0.053347;-0.100207;-0.763414;0.156525;-0.249972
534;11.123146;1.242701;-1.261602;-0.004194;-0.274726;0.240697;-0.765463;0.160268;-0.24347
535;10.168262;1.214052;-0.695424;-0.133666;0.011092;0.161553;-0.771043;0.168876;-0.234991
536;9.697145;1.287269;-0.712476;-0.094967;0.111545;0.024635;-0.768713;0.172174;-0.235561
537;9.706683;0.986336;-0.494332;0.171077;0.248374;-0.219745;-0.76686;0.170831;-0.242484
538;9.750728;0.958188;-0.898648;0.253698;0.117122;-0.141261;-0.763356;0.160773;-0.250384
539;10.078298;1.229112;-0.794805;0.079668;0.104024;-0.074261;-0.764094;0.156117;-0.252837
540;9.631662;1.001454;-0.593412;-0.079419;0.07103;-0.038344;-0.764196;0.153996;-0.256074
541;9.548816;1.121221;-0.610216;0.029209;0.04276;-0.049979;-0.764562;0.153424;-0.258249
542;9.630056;1.257003;-0.713791;-0.000942;0.065641;-0.051568;-0.763601;0.151483;-0.259682
543;9.697509;1.227164;-0.68989;-0.039412;0.007589;-0.004334;-0.760975;0.153982;-0.260236
544;9.779866;1.234611;-0.598192;-0.101912;-0.001165;0.006191;-0.761363;0.153432;-0.259579
545;9.810773;1.091701;-0.477346;-0.072423;-0.00298;-0.000902;-0.76261;0.154076;-0.258696
546;9.69135;1.091018;-0.427215;0.003404;-0.039994;-0.017032;-0.763295;0.154717;-0.257921
547;9.630821;1.166455;-0.586104;0.051658;-0.02067;-0.025707;-0.765622;0.154156;-0.256279
548;9.57865;1.12143;-0.632129;0.023537;-0.00563;0.002624;-0.764212;0.154271;-0.256346
549;9.884416;1.205385;-0.68611;0.034467;-0.024267;0.029852;-0.765108;0.153937;-0.25423
550;9.779852;1.197478;-0.688203;-0.004391;-0.041778;0.016493;-0.766528;0.154091;-0.254299
551;9.817519;1.174775;-0.604874;-0.005753;-0.013635;-0.000961;-0.765574;0.153981;-0.251824
552;9.780438;1.084956;-0.688069;0.008467;-0.040927;-0.001169;-0.766403;0.155148;-0.250922
553;9.780068;1.122775;-0.76316;0.012959;-0.020689;-0.001023;-0.766353;0.155232;-0.249706
554;9.697395;1.212504;-0.772424;-0.014837;-0.013563;0.009633;-0.76664;0.154718;-0.249988
555;9.734952;1.137978;-0.854135;-0.028578;-0.002137;-0.009719;-0.766593;0.155326;-0.248639
556;9.779842;1.152905;-0.793215;-0.040424;-0.003015;0.00263;-0.766035;0.154804;-0.249015
557;9.764778;1.182791;-0.778542;-0.075489;-0.002951;0.020283;-0.766512;0.156293;-0.249716
558;9.818138;1.002741;-0.724743;-0.091436;0.010245;0.02034;-0.766017;0.158699;-0.247135
559;9.780746;1.032383;-0.672997;-0.048624;-0.005638;0.011417;-0.766272;0.160501;-0.249175
560;9.765725;1.047328;-0.673315;-0.048748;0.002296;0.017652;-0.767217;0.160342;-0.248141
561;9.810493;1.032749;-0.732434;-0.033533;0.026897;0.016054;-0.76494;0.160561;-0.247762
562;9.75026;1.107656;-0.763743;-0.035917;0.009317;0.000946;-0.765305;0.162465;-0.248999
563;9.675944;1.047198;-0.727649;-0.071823;0.005889;0.016795;-0.765436;0.16324;-0.248467
564;9.847982;1.047523;-0.641645;-0.089515;0.002304;0.011471;-0.765333;0.164577;-0.24887
565;9.886129;0.88276;-0.670716;0.010812;0.058471;-0.0164;-0.764105;0.166558;-0.24922
566;9.645617;1.181641;-0.61584;0.032178;-0.006547;0.013217;-0.764383;0.166166;-0.249233
567;9.646484;1.00173;-0.645644;0.030881;0.04623;-0.042923;-0.764773;0.165749;-0.248576
568;9.624008;0.98689;-0.706114;0.04313;0.053272;-0.032289;-0.763923;0.163258;-0.252846
569;9.781015;0.987312;-0.657934;0.021441;0.010978;-0.020236;-0.764863;0.162441;-0.255318
570;9.781772;0.881918;-0.567752;0.038466;0.021517;-0.025472;-0.764126;0.16071;-0.255278
571;9.765848;1.076835;-0.553276;0.020887;0.002179;-0.038806;-0.764029;0.159577;-0.253382
572;9.765985;1.017135;-0.628251;0.034238;0.002158;-0.037937;-0.764585;0.158532;-0.253541
573;9.750731;1.077089;-0.628623;0.033736;-0.013664;-0.016858;-0.764879;0.158807;-0.253691
574;9.720158;1.182243;-0.689386;0.035359;-0.019809;-0.010705;-0.76519;0.157663;-0.254782
575;9.856339;0.897335;-0.596288;0.085083;-0.004095;-0.004471;-0.764544;0.154843;-0.253935
576;9.840867;1.031992;-0.521702;0.151785;0.004609;-0.048496;-0.763302;0.154464;-0.254818
577;9.787141;1.212697;-0.733099;0.242524;0.065204;-0.127453;-0.763728;0.147692;-0.257385
578;9.926739;1.574191;-0.940807;0.090357;0.077628;-0.161735;-0.765278;0.143143;-0.258933
579;10.137577;1.393721;-0.636202;-0.044058;0.010681;-0.366074;-0.765954;0.135301;-0.261105
580;10.358774;1.994397;-0.557368;0.019593;0.152084;-0.590866;-0.767639;0.122405;-0.262234
581;10.177826;2.323609;-0.52384;0.200883;0.4309;-0.731784;-0.766818;0.099473;-0.271447
582;10.564641;2.78893;-0.208897;0.317772;0.66097;-1.109511;-0.763843;0.068398;-0.28971
583;10.802755;3.222636;0.350734;0.409987;0.921176;-1.333487;-0.756062;0.022658;-0.313506
584;10.402236;4.26962;0.746778;-0.074856;1.072485;-1.444302;-0.74256;-0.021129;-0.34526
585;10.007302;4.117554;0.859076;-0.609184;1.114767;-1.39729;-0.724411;-0.054401;-0.37695
586;9.396269;3.993344;1.282181;-0.655559;1.085222;-1.397484;-0.702432;-0.084865;-0.410755
587;9.096282;4.380639;1.665955;-0.567414;1.198756;-1.526299;-0.675741;-0.11426;-0.446494
588;8.368012;3.865389;2.207199;-0.355079;1.09507;-1.407935;-0.643839;-0.147222;-0.480758
589;7.901756;4.46352;2.242204;-0.193036;0.97372;-1.273633;-0.614376;-0.175425;-0.507327
590;7.18137;5.105424;2.33209;-0.415873;0.995645;-1.048336;-0.584885;-0.197526;-0.534314
591;6.480702;4.87678;2.528378;-0.314031;0.785621;-0.844208;-0.55721;-0.211281;-0.557632
592;6.65228;4.981969;2.651781;-0.037483;0.558221;-0.624277;-0.537364;-0.224102;-0.571617
593;6.282044;5.849999;2.815995;-0.154731;0.419585;-0.489181;-0.518973;-0.231258;-0.581099
594;6.298727;5.698314;3.229232;-0.161806;0.234837;-0.346656;-0.51047;-0.235038;-0.588909
595;6.075909;5.53157;3.427552;-0.006776;0.161832;-0.123926;-0.50291;-0.238327;-0.595416
596;5.986922;5.544885;3.748434;0.291467;0.028672;0.004013;-0.499949;-0.244092;-0.594449
597;6.361888;6.701714;3.724693;0.208376;0.091161;0.09818;-0.499536;-0.250866;-0.593873
598;6.12849;7.016125;3.659626;0.141926;-0.007282;-0.005685;-0.501611;-0.252315;-0.589922
599;6.247745;7.098856;3.721967;-0.044156;0.024547;-0.073407;-0.501704;-0.251837;-0.588579
600;6.311608;6.266862;3.619096;-0.12747;0.05365;-0.071609;-0.498065;-0.256413;-0.591225
601;6.341149;6.416228;3.807134;-0.050879;0.030655;-0.084083;-0.496985;-0.255467;-0.59212
602;6.325501;6.46202;3.604154;-0.16599;0.059009;-0.018595;-0.496485;-0.25411;-0.593178
603;6.40282;5.952305;3.583749;-0.028677;0.014788;0.005713;-0.496171;-0.250622;-0.594521
604;6.265521;6.521613;3.647909;0.071204;-0.099682;0.014743;-0.497586;-0.248648;-0.593784
605;6.387246;6.20605;3.883332;0.062092;-0.032796;0.072509;-0.498615;-0.251727;-0.592477
606;6.399346;6.679386;3.717966;-0.013576;-0.018618;0.075333;-0.500714;-0.250937;-0.591636
607;6.497695;6.432339;3.690194;-0.068341;0.021001;0.065847;-0.501167;-0.249211;-0.591662
608;6.549989;6.477146;3.788752;0.009539;0.000618;0.037485;-0.502425;-0.247122;-0.590514
609;6.481875;6.597344;3.682192;0.056895;0.007625;0.02697;-0.503264;-0.247511;-0.590419
610;6.535707;6.416453;3.938617;0.006931;0.016426;-0.04712;-0.502533;-0.248194;-0.590112
611;6.489861;6.551866;3.802471;0.047229;0.067468;-0.014973;-0.501896;-0.250093;-0.589132
612;6.563308;6.762509;3.728674;0.013374;0.031335;-0.098137;-0.498491;-0.253146;-0.59004
613;6.46105;6.312015;3.72711;0.002445;0.037565;-0.080528;-0.500587;-0.254315;-0.589868
614;6.429618;6.582201;3.66615;-0.026099;0.055226;-0.076828;-0.498166;-0.256448;-0.590286
615;6.369671;6.58228;3.589902;-0.112367;0.060672;-0.032677;-0.495831;-0.256024;-0.591793
616;6.416399;6.30409;3.786255;-0.099457;0.011326;-0.057774;-0.494118;-0.254236;-0.594143
617;6.344126;5.860965;3.84532;0.057147;0.073705;0.027302;-0.493625;-0.253525;-0.595605
618;6.143065;7.143178;3.787354;-0.035142;-0.006173;-0.00125;-0.49234;-0.2559;-0.596211
619;6.358635;5.950978;3.860522;0.003855;0.049999;0.021856;-0.492904;-0.255372;-0.59597
620;6.270814;6.956571;3.685064;0.047419;0.037669;0.011371;-0.491363;-0.25564;-0.596435
621;6.30236;6.701045;3.828557;-0.166895;0.027367;0.014769;-0.490825;-0.253796;-0.596413
622;6.312905;6.190227;4.009429;-0.056292;0.024545;-0.040041;-0.490383;-0.253036;-0.599092
623;6.370533;6.565875;3.92763;0.005732;0.051757;0.009633;-0.490698;-0.252873;-0.599782
624;6.2051;6.74549;3.871581;-0.045384;0.044827;-0.053913;-0.489595;-0.25234;-0.60027
625;6.282524;6.265313;3.96371;-0.025785;0.074713;-0.007909;-0.487646;-0.251815;-0.600851
626;6.250989;6.595136;3.992735;0.047639;0.013006;-0.0418;-0.487634;-0.252609;-0.600849
627;6.297198;6.310441;3.948948;0.024873;0.032364;-0.052313;-0.4862;-0.254732;-0.601179
628;6.278556;6.941254;3.767784;0.073062;0.023505;-0.066376;-0.486425;-0.258432;-0.601181
629;6.357334;6.220843;3.905228;-0.034317;0.065871;-0.023868;-0.482126;-0.260626;-0.600698
630;6.129419;6.850968;3.689842;-0.01998;0.057162;-0.034396;-0.482211;-0.259895;-0.602458
631;6.387802;6.115877;3.920963;0.006783;0.062276;-0.032734;-0.480755;-0.260864;-0.601845
632;6.153927;6.564909;3.953296;0.044837;0.084388;0.01252;-0.478552;-0.263185;-0.604162
633;6.130449;6.752514;3.915099;0.008203;0.0589;-0.023804;-0.476946;-0.261819;-0.605841
634;6.145916;6.565846;3.720501;0.026251;0.023642;-0.03468;-0.477188;-0.263418;-0.605444
635;5.965479;6.7901;3.739144;-0.073937;0.000114;-0.010977;-0.476311;-0.264369;-0.60513
636;5.818815;6.23463;3.684271;-0.166171;-0.004061;0.067418;-0.476876;-0.259799;-0.606787
637;5.758754;6.190324;3.457983;-0.186124;-0.095501;0.162944;-0.478936;-0.25292;-0.606094
638;5.60307;5.7565;3.005069;-0.22099;-0.250223;0.332952;-0.484841;-0.244923;-0.605589
639;5.687416;5.634053;3.667275;-0.23082;-0.442033;0.47544;-0.499768;-0.230837;-0.602028
640;6.965864;3.736545;2.989626;-0.091106;-0.43383;0.951566;-0.516669;-0.213079;-0.593579
641;6.283851;5.57923;2.988925;-0.149561;-0.966746;1.037338;-0.540497;-0.189105;-0.579274
642;7.637377;3.904313;2.972921;0.099312;-1.284517;1.277429;-0.57599;-0.161132;-0.551512
643;7.387726;4.131828;2.142184;0.398789;-1.392016;1.56791;-0.619318;-0.13222;-0.517924
644;9.305998;3.2524;2.586921;0.515494;-1.539163;1.713147;-0.658094;-0.099218;-0.475493
645;9.332016;3.690469;1.896572;0.384668;-1.663069;1.835864;-0.690893;-0.061504;-0.433864
646;10.512097;5.136079;1.746115;0.527779;-1.883124;1.639556;-0.723164;-0.019197;-0.381293
647;9.86218;4.53883;0.435461;-0.579981;-1.620769;1.853825;-0.748282;0.031285;-0.330555
648;10.790724;5.354734;-0.05706;-0.83359;-1.189998;1.203947;-0.764219;0.10043;-0.279958
649;9.911351;1.961372;-0.258647;-0.74412;-1.026293;0.740343;-0.772538;0.135334;-0.242671
650;11.211238;1.922129;-0.405081;-0.092548;-0.561608;0.171784;-0.77876;0.154847;-0.215093
651;11.987159;1.570437;-1.679845;0.15202;0.171372;-0.444427;-0.780872;0.149654;-0.206683
652;10.232156;1.658769;-1.144882;0.249883;0.156503;-0.130292;-0.781877;0.133513;-0.216406
653;10.031635;1.915924;-0.038555;0.20289;0.292238;-0.182195;-0.776543;0.12396;-0.227727
654;8.719596;1.021167;-0.791865;0.429427;0.23612;-0.366255;-0.775636;0.1089;-0.238709
655;9.11965;1.482162;-1.227081;0.243862;-0.108658;0.04434;-0.778293;0.108386;-0.238161
656;9.626945;1.678736;-1.11204;-0.072637;-0.044976;0.293617;-0.778149;0.11503;-0.235607
657;9.834569;2.135704;-0.763167;-0.181927;-0.048448;0.281323;-0.776952;0.124341;-0.233953
658;9.86644;1.827574;-0.597097;-0.059332;0.014616;0.046121;-0.776368;0.125099;-0.233253
659;9.791429;1.857539;-0.658671;-0.038588;0.096409;-0.083012;-0.774577;0.125902;-0.234112
660;9.673463;1.52726;-0.720717;-0.050598;0.065681;-0.060345;-0.774904;0.127902;-0.234403
661;9.613959;1.481957;-0.706855;-0.022483;-0.006449;0.030916;-0.774639;0.127654;-0.234929
662;9.53785;1.729402;-0.753679;-0.055964;-0.00811;0.055657;-0.775453;0.128937;-0.233622
663;9.635714;1.60213;-0.721557;-0.076632;0.004196;0.068068;-0.775778;0.127936;-0.234985
664;9.755042;1.647572;-0.711704;-0.038988;0.000559;0.053049;-0.77494;0.130543;-0.234276
665;9.792656;1.595238;-0.718396;-0.03833;-0.025888;0.021087;-0.774454;0.136737;-0.233863
666;9.665795;1.564739;-0.720912;0.000362;-0.041707;0.039509;-0.774364;0.137175;-0.231566
667;9.697457;1.256983;-0.644898;0.119572;-0.084157;-0.00672;-0.775442;0.137531;-0.230135
668;9.794969;1.137773;-0.747869;0.235704;-0.020089;0.016648;-0.776554;0.132182;-0.23166
669;10.358465;1.801728;-1.127491;0.192407;-0.028402;-0.244509;-0.778112;0.12673;-0.230373
670;10.221909;2.444024;-0.575616;0.328194;0.260158;-0.387051;-0.778231;0.116281;-0.233726
671;10.285596;3.193808;-0.425066;0.754526;0.696684;-1.038561;-0.775387;0.088457;-0.250519
672;10.339602;2.826813;-0.513633;1.157462;1.082276;-1.501816;-0.767594;0.03371;-0.280768
673;10.968418;5.640735;-0.113834;0.742556;1.161626;-1.747837;-0.753669;-0.029378;-0.316366
674;9.389708;5.194139;1.145666;-0.078126;0.92591;-1.650694;-0.734123;-0.090029;-0.351969
675;9.957573;4.965918;0.647033;-0.821999;1.144634;-2.000495;-0.708394;-0.136774;-0.383395
676;9.429328;4.640297;0.87691;-1.109594;1.300189;-2.006523;-0.675604;-0.173176;-0.424758
677;8.634035;4.042645;1.326845;-0.951747;1.050508;-1.845962;-0.64008;-0.207048;-0.464107
678;7.86805;4.908702;1.588169;-0.839299;1.109078;-1.505624;-0.601466;-0.231944;-0.497257
679;6.697478;4.669357;2.105215;-1.025711;1.081038;-1.238453;-0.564312;-0.244135;-0.533476
680;5.945574;4.156203;2.120681;-0.766679;0.605139;-0.798865;-0.537567;-0.246722;-0.561319
681;5.332836;4.555256;2.985936;-0.356719;0.515265;-0.665209;-0.516563;-0.254629;-0.576204
682;5.409714;5.694674;3.256396;-0.384857;0.311297;-0.303751;-0.504218;-0.256004;-0.589365
683;5.381632;5.520404;3.646245;-0.301517;0.179329;-0.062026;-0.495342;-0.244619;-0.596114
684;5.327842;5.939036;3.944881;0.1079;0.085624;0.062741;-0.494587;-0.24324;-0.597835
685;5.854361;6.669049;3.879624;0.232288;-0.001035;0.092263;-0.493269;-0.248774;-0.598837
686;5.800467;6.961528;3.848206;0.010619;0.022222;0.187763;-0.49439;-0.2489;-0.598621
687;5.95318;6.391436;3.986972;-0.071185;0.04335;0.154265;-0.495327;-0.244112;-0.598948
688;6.025331;6.864505;3.942882;0.004471;0.036176;0.144599;-0.498937;-0.24178;-0.59643
689;6.290009;6.302475;4.053872;0.04193;0.051834;0.145482;-0.500393;-0.239377;-0.596506
690;6.197935;6.819229;4.171528;-0.042889;0.050223;0.113804;-0.497347;-0.23688;-0.600547
691;6.364447;6.362714;4.070311;-0.035351;0.036025;0.099491;-0.497695;-0.233165;-0.600708
692;6.401237;6.505075;4.145938;0.031509;-0.016922;0.042682;-0.49825;-0.232125;-0.600063
693;6.387483;6.250217;4.085905;0.143911;0.024324;0.072929;-0.50067;-0.233642;-0.597613
694;6.333431;6.513251;3.919438;0.121366;-0.027599;0.000255;-0.500323;-0.236965;-0.597318
695;6.362272;6.701028;3.889796;0.081081;-0.008212;-0.027816;-0.501177;-0.238513;-0.59803
696;6.400514;6.491506;3.800741;-0.043833;0.013942;-0.001243;-0.499778;-0.238777;-0.595128
697;6.251174;6.483331;3.820261;0.011773;0.013053;-0.024182;-0.499399;-0.239784;-0.596592
698;6.251612;6.415662;3.857866;0.008258;0.010416;-0.025977;-0.500633;-0.241368;-0.596243
699;6.206246;6.565081;3.961851;0.062953;-0.016903;-0.012012;-0.500321;-0.242833;-0.596089
700;6.342836;6.234853;4.13005;0.059811;0.034128;0.057109;-0.49985;-0.242491;-0.594853
701;6.099984;6.790591;3.74935;-0.035465;-0.006147;0.018096;-0.499861;-0.24248;-0.595123
702;6.369834;6.663737;3.844963;-0.08499;0.004338;0.007547;-0.499878;-0.241422;-0.595127
703;6.402381;6.205765;3.966184;0.05907;0.005896;0.009249;-0.501121;-0.240651;-0.594109
704;6.218645;7.000722;3.841558;0.011149;-0.020381;-0.045493;-0.501505;-0.24329;-0.594122
705;6.372035;6.280788;3.935475;-0.085792;0.046587;0.010419;-0.500832;-0.243137;-0.594899
706;6.144872;6.842683;3.892777;-0.132473;0.009783;-0.018847;-0.499224;-0.24086;-0.596176
707;6.403978;5.905644;3.981551;-0.051244;0.039486;0.019125;-0.499016;-0.238578;-0.597116
708;6.235585;6.670217;3.962327;0.060537;-0.001075;-0.023354;-0.498985;-0.240171;-0.596976
709;6.372782;6.311285;3.965168;-0.005569;0.040447;0.042932;-0.499747;-0.240873;-0.59767
710;6.144459;7.046179;3.809695;-0.09867;0.003681;-0.018956;-0.498769;-0.238921;-0.597223
711;6.457495;5.876052;4.079908;0.018859;0.003364;-0.017409;-0.498892;-0.239717;-0.597092
712;6.220833;6.761103;3.886583;0.096973;0.013074;-0.018931;-0.497737;-0.241449;-0.597167
713;6.342253;6.431222;3.95692;-0.04566;0.03345;0.004079;-0.497267;-0.241366;-0.596065
714;6.23644;6.633636;3.887035;-0.060686;0.041418;-0.041711;-0.497388;-0.241254;-0.598904
715;6.328125;6.130336;3.994791;0.029048;0.028853;0.002337;-0.495911;-0.242003;-0.598576
716;6.15912;6.933164;3.795409;0.026258;0.004276;-0.041803;-0.496185;-0.243311;-0.598856
717;6.251448;6.460546;3.88783;-0.060585;0.032499;-0.047878;-0.495356;-0.243043;-0.599222
718;6.191772;6.475005;3.961658;-0.002552;0.020151;-0.020598;-0.496536;-0.24194;-0.599956
719;6.205599;6.662849;3.901698;-0.018748;0.014009;-0.013551;-0.495805;-0.244058;-0.600185
720;6.251435;6.482863;3.932832;-0.054338;0.062446;-0.006191;-0.494968;-0.243145;-0.600147
721;6.311647;6.445152;4.039143;-0.031317;0.064152;-0.002653;-0.493959;-0.244219;-0.600096
722;6.198262;6.67001;3.976585;-0.012322;0.077381;-0.018398;-0.492647;-0.243621;-0.602327
723;6.192254;6.422121;4.051777;0.025692;0.02538;-0.052333;-0.490539;-0.245723;-0.603434
724;6.132738;6.399135;4.110641;0.073466;0.031519;-0.041698;-0.489291;-0.247149;-0.601212
725;5.979937;6.939657;3.866845;-0.038033;0.030867;-0.027493;-0.48806;-0.247517;-0.602366
726;6.133227;6.271922;4.035746;-0.039869;0.020203;-0.061224;-0.487575;-0.247711;-0.604366
727;5.937876;6.414319;3.881579;0.128352;0.014846;0.011135;-0.48774;-0.250554;-0.602613
728;5.891387;6.640061;3.670279;-0.053313;-0.055317;0.019493;-0.488249;-0.250991;-0.601422
729;5.75831;6.235707;3.367873;-0.251578;-0.056697;0.151744;-0.49062;-0.244864;-0.601686
730;5.500051;5.604631;3.348361;-0.344008;-0.132062;0.315225;-0.495352;-0.234313;-0.602615
731;5.644715;4.946363;3.036804;-0.336208;-0.241139;0.613453;-0.504072;-0.215732;-0.601193
732;6.076661;5.218099;3.045188;-0.427957;-0.4981;0.883464;-0.518424;-0.193189;-0.597625
733;6.477334;2.998116;3.310802;-0.082009;-0.755632;1.163631;-0.545382;-0.160945;-0.587403
734;7.110827;4.622048;3.05161;0.257106;-1.143437;1.546828;-0.575988;-0.132589;-0.564398
735;8.10415;3.193785;2.908031;0.158684;-1.258104;1.83072;-0.610302;-0.100241;-0.533891
736;9.027179;3.627148;2.400807;0.382583;-1.464849;1.820499;-0.645399;-0.058556;-0.498319
737;9.864244;3.466456;2.155153;0.363622;-1.748626;1.93757;-0.678339;-0.014452;-0.454283
738;9.58856;3.967895;0.370549;0.246849;-1.762491;1.926916;-0.713895;0.034446;-0.399998
739;10.504045;4.839825;0.823247;-0.848977;-2.099616;1.78698;-0.741143;0.088747;-0.341278
740;11.413125;3.660163;0.347515;-1.268717;-1.63319;1.567568;-0.754453;0.154265;-0.286768
741;11.723161;2.346768;-1.010608;-0.944088;-0.859722;0.759117;-0.759345;0.202003;-0.240578
742;10.790578;2.578513;0.096044;-0.351008;-0.565623;-0.14047;-0.762393;0.218026;-0.216211
743;11.097539;0.878214;-0.226127;-0.037157;0.133341;-0.508283;-0.765994;0.21553;-0.205181
744;11.320751;1.17802;0.048187;-0.080783;0.601779;-0.18377;-0.763532;0.209313;-0.216244
745;9.204581;0.007584;-0.120638;0.298685;0.230847;-0.237659;-0.764777;0.191571;-0.228943
746;9.036215;0.757248;-0.162358;0.445115;0.289006;0.017032;-0.763771;0.186717;-0.237112
747;9.225545;1.443097;-0.752139;0.114147;0.085153;0.093337;-0.761449;0.185456;-0.246305
748;9.812467;0.806271;-0.38695;-0.03411;-0.053941;0.238703;-0.756368;0.196218;-0.249324
749;9.884274;1.331975;-0.461122;-0.046787;-0.133126;0.319424;-0.756391;0.204844;-0.246648
750;9.914604;1.286708;-0.370412;-0.175582;-0.147087;0.271662;-0.757092;0.211239;-0.237389
751;10.029064;0.851841;-0.315108;-0.15129;-0.140169;0.222214;-0.756746;0.221606;-0.232001
752;10.020385;0.987742;-0.533055;-0.122808;-0.108543;0.183629;-0.756588;0.227458;-0.226072
753;9.97581;0.905363;-0.608904;-0.183992;-0.021302;0.185982;-0.753981;0.23871;-0.223815
754;10.043921;0.911505;-0.217319;-0.20224;0.121219;0.0511;-0.751716;0.244283;-0.225068
755;9.583204;0.362692;-0.368562;-0.108821;0.049992;0.008163;-0.752305;0.24353;-0.225904
756;9.724507;0.446165;-0.463369;-0.112227;-0.026641;0.035871;-0.751581;0.244678;-0.225062
757;9.687636;0.385696;-0.389001;-0.12914;-0.023908;0.118826;-0.749467;0.247656;-0.224158
758;9.843783;0.4917;-0.47603;-0.130681;-0.041599;0.10636;-0.749178;0.255209;-0.221195
759;9.873358;0.581553;-0.407995;-0.089084;-0.075134;0.069088;-0.749466;0.258346;-0.220137
760;10.00891;0.394383;-0.367546;-0.036125;-0.051492;0.090395;-0.749737;0.262252;-0.215033
761;9.964214;0.341948;-0.428421;0.013403;-0.018127;0.024442;-0.749691;0.263643;-0.213415
762;9.942064;0.274504;-0.466315;0.062215;-0.04197;-0.013677;-0.7482;0.261207;-0.212528
763;9.919054;0.372091;-0.504405;0.125138;0.001955;-0.042467;-0.749055;0.261092;-0.216076
764;10.181584;0.222641;-0.393906;0.211832;-0.030013;-0.107132;-0.750267;0.255576;-0.216661
765;10.212843;0.012218;-0.27298;0.341965;-0.026756;-0.244789;-0.751233;0.250352;-0.218044
766;10.573085;0.997671;-0.589498;0.388628;0.104959;-0.383122;-0.756381;0.237304;-0.220824
767;10.647612;1.302996;0.019516;0.713452;0.509226;-0.743745;-0.756787;0.214865;-0.235494
768;10.778116;2.068667;0.021305;1.392523;0.800213;-1.295664;-0.758186;0.169102;-0.265669
769;10.925026;2.712877;0.383763;1.736338;0.998446;-1.648846;-0.756002;0.103303;-0.29886
770;10.571058;4.662139;0.321999;1.315436;0.926837;-1.944596;-0.74894;0.036332;-0.330869
771;10.540629;4.945396;0.726311;0.06031;1.055983;-2.15196;-0.733915;-0.032476;-0.362623
772;10.02406;3.802239;0.934799;-0.553628;1.13543;-2.028106;-0.710022;-0.087934;-0.393846
773;9.483635;4.35451;1.103441;-0.318872;1.080812;-2.085694;-0.679167;-0.14612;-0.428774
774;8.466469;4.976666;2.050378;-0.41541;1.100062;-1.956548;-0.643361;-0.195377;-0.463754
775;8.343924;5.44976;1.814768;-0.508317;1.009608;-1.90504;-0.610828;-0.226971;-0.492595
776;6.937434;6.042115;2.341177;-0.41218;1.166124;-1.747575;-0.569026;-0.255499;-0.525312
777;6.125714;5.54367;2.370433;-0.475914;0.762655;-1.626924;-0.530437;-0.284541;-0.550494
778;5.44885;5.074817;2.627496;-0.163895;0.514487;-1.441621;-0.494931;-0.309003;-0.566527
779;4.534611;5.425404;2.233528;-0.097584;0.465842;-0.977734;-0.468156;-0.329603;-0.576785
780;4.519961;5.707222;2.998365;-0.244274;0.293753;-0.636497;-0.450368;-0.339587;-0.588178
781;4.399096;5.887479;2.830646;-0.291809;0.221947;-0.213423;-0.439937;-0.33865;-0.595501
782;4.277492;6.574406;3.487833;-0.004689;0.121468;0.008417;-0.436737;-0.337341;-0.599667
783;4.566318;7.048316;3.448096;0.164471;-0.04429;0.141473;-0.437418;-0.338399;-0.596055
784;5.040926;7.829452;3.666903;0.082658;-0.038247;0.131942;-0.440359;-0.33995;-0.592551
785;4.782217;7.377539;3.857308;0.106015;-0.116496;0.116328;-0.444612;-0.337799;-0.591952
786;5.33792;8.27242;3.859997;0.207145;-0.062362;0.039212;-0.444915;-0.343772;-0.587905
787;5.316978;7.853528;3.552356;-0.237025;0.006878;0.080163;-0.448107;-0.34131;-0.588874
788;5.230061;7.3132;3.52118;-0.281308;0.047434;0.041517;-0.448651;-0.33272;-0.59189
789;5.434373;6.967514;3.863355;-0.039883;-0.033944;0.051495;-0.450226;-0.328119;-0.594001
790;5.351218;7.110127;3.763973;0.075553;0.061072;0.14749;-0.449578;-0.326769;-0.594917
791;5.31065;7.769706;3.859996;-0.150187;0.013829;0.090802;-0.449911;-0.324373;-0.595209
792;5.414565;6.576323;4.111024;-0.008248;0.024187;0.156843;-0.449822;-0.319242;-0.597915
793;5.393579;7.627497;3.861817;0.200479;0.002789;0.113662;-0.455032;-0.32115;-0.594654
794;5.541282;7.883844;3.691908;-0.033746;-0.002309;0.050115;-0.457211;-0.320676;-0.592467
795;5.447666;7.208335;3.690762;-0.087327;0.025974;0.071361;-0.455781;-0.318233;-0.594563
796;5.515536;7.118299;3.759762;-0.057023;0.073411;0.031087;-0.455259;-0.316114;-0.594813
797;5.48457;7.335631;3.781416;-0.088229;0.05061;0.071559;-0.456353;-0.313658;-0.596355
798;5.409986;7.193904;3.517421;-0.199839;0.077226;0.142294;-0.455564;-0.308269;-0.599164
799;5.469787;7.298128;3.766151;-0.455885;0.044131;0.217956;-0.458504;-0.296658;-0.604191
800;5.439459;6.007171;3.902024;-0.652429;0.061189;0.359004;-0.458993;-0.277561;-0.612086
801;5.342634;6.021111;4.065157;0.010917;-0.114808;0.29254;-0.463483;-0.266194;-0.613679
802;5.998042;6.458437;4.152895;0.028646;-0.05517;0.499498;-0.469953;-0.262622;-0.611437
803;5.908431;6.680951;4.676153;-0.135094;-0.100666;0.493939;-0.480201;-0.246393;-0.610218
804;6.034911;6.831038;4.783592;0.199668;-0.060771;0.307203;-0.485277;-0.238128;-0.610079
805;6.42649;7.405273;4.167979;0.392404;-0.043742;0.113282;-0.486938;-0.2457;-0.605284
806;6.371455;7.930172;4.166302;0.191806;-0.01099;-0.068174;-0.488598;-0.251186;-0.599685
807;6.428047;7.082929;4.115831;-0.121138;0.079965;-0.171848;-0.486337;-0.25356;-0.600649
808;6.34314;6.18972;4.160122;0.025026;0.155482;-0.21383;-0.480765;-0.259553;-0.604952
809;6.010587;6.789775;3.860119;0.019251;0.097568;-0.201766;-0.47621;-0.26355;-0.605801
810;6.00578;6.294494;3.898083;0.103831;0.06755;-0.164119;-0.474101;-0.266044;-0.607043
811;5.920338;6.879663;3.805678;0.072673;0.052697;-0.127936;-0.470181;-0.271533;-0.606705
812;5.846524;6.6994;3.789382;0.050115;0.026387;-0.071681;-0.467521;-0.275453;-0.605488
813;5.86184;6.624475;3.782267;0.059804;0.056322;-0.022955;-0.467192;-0.281237;-0.606537
814;5.755063;7.239459;3.861694;-0.002488;-0.000647;-0.030398;-0.465632;-0.282541;-0.605901
815;5.742825;6.640033;3.681997;-0.025641;0.038159;0.065932;-0.464526;-0.280056;-0.605584
816;5.582912;7.254199;3.760663;-0.087042;-0.042681;0.012545;-0.46687;-0.278126;-0.606781
817;5.670683;6.152086;3.696087;-0.112021;-0.009206;0.11492;-0.466797;-0.275197;-0.607324
818;5.27343;7.555904;3.071225;-0.312575;-0.181249;0.1572;-0.4736;-0.267013;-0.607943
819;5.607761;5.155691;3.320692;-0.478698;-0.227809;0.29494;-0.479971;-0.253107;-0.606261
820;5.359733;5.224242;2.835359;-0.574804;-0.403357;0.740201;-0.490968;-0.230966;-0.607251
821;5.660613;4.827919;2.819324;-0.75099;-0.770188;1.007553;-0.515543;-0.196001;-0.600026
822;5.957297;2.383488;2.842954;-0.502023;-1.126019;1.493458;-0.546985;-0.153051;-0.584924
823;6.933455;2.67437;2.374475;0.047419;-1.53719;1.868292;-0.58911;-0.105322;-0.556323
824;7.923842;3.427345;2.641199;0.42651;-1.845211;2.099237;-0.634722;-0.063323;-0.511826
825;9.543445;2.598427;3.282495;0.549837;-1.911942;2.516838;-0.674193;-0.021327;-0.462581
826;10.058434;3.91533;2.78112;0.49693;-2.077838;2.146169;-0.710408;0.03457;-0.408087
827;11.093826;3.056979;2.727817;0.1022;-2.162128;2.560954;-0.73937;0.095028;-0.340846
828;12.700526;6.194379;0.235251;-0.739884;-1.880589;1.978278;-0.753577;0.174801;-0.27213
829;12.406012;2.673237;0.653403;-1.250558;-0.438747;0.763788;-0.755316;0.230398;-0.225412
830;10.162955;1.524377;0.587065;0.033989;-0.527179;-0.501334;-0.759899;0.239903;-0.202997
831;12.070083;0.783157;0.108701;0.767602;0.879767;-0.947782;-0.764659;0.213886;-0.217794
832;9.696528;-0.032985;-0.718556;0.988449;0.704755;-0.675544;-0.762357;0.173658;-0.252121
833;9.645948;1.210774;-0.405745;0.620756;0.130788;-0.186071;-0.759735;0.141477;-0.272422
834;8.492651;1.597535;-0.707001;0.085725;0.29761;-0.056013;-0.758304;0.133488;-0.281777
835;9.035048;0.789061;-0.597666;-0.318486;-0.125427;0.148198;-0.75826;0.147919;-0.275335
836;9.812729;0.865254;-0.139367;-0.061757;-0.258094;0.262004;-0.758363;0.156622;-0.267806
837;9.995578;1.586462;-0.219025;-0.140296;-0.302086;0.265348;-0.760453;0.166139;-0.260105
838;9.899566;1.301684;-0.378235;-0.247052;-0.270267;0.194915;-0.762329;0.172589;-0.251847
839;9.718945;1.481678;-0.53965;-0.091163;-0.214123;0.062112;-0.763523;0.177097;-0.241528
840;9.956941;1.447405;-1.090148;-0.10824;-0.092732;0.129984;-0.76494;0.1839;-0.232305
841;10.202761;1.806407;-0.59782;-0.350927;0.062329;0.010238;-0.765849;0.188661;-0.231955
842;9.851158;0.633103;-0.198377;-0.131754;0.23641;-0.15285;-0.763775;0.186981;-0.237113
843;9.662744;0.828507;-0.465026;0.119043;0.130542;-0.16589;-0.762115;0.178778;-0.244432
844;9.630013;1.301668;-0.631293;0.026152;0.097238;-0.151926;-0.76231;0.172833;-0.247935
845;9.496689;1.120706;-0.53622;-0.120641;0.074684;-0.025056;-0.762387;0.173035;-0.249693
846;9.572057;1.045514;-0.422059;-0.097728;0.011295;0.060082;-0.761846;0.175005;-0.249537
847;9.795623;1.181193;-0.365184;-0.036606;-0.058404;0.102857;-0.761019;0.179056;-0.248562
848;9.735294;1.271134;-0.404015;-0.034761;-0.073368;0.056886;-0.762883;0.180018;-0.245417
849;9.839949;1.241721;-0.446906;0.001442;-0.067324;0.028684;-0.764236;0.183108;-0.242792
850;9.780679;1.121684;-0.500497;-0.015255;-0.091049;0.019671;-0.763654;0.183608;-0.238852
851;9.94468;1.197306;-0.489779;-0.013009;-0.020724;0.003405;-0.762627;0.183953;-0.237859
852;9.84007;1.211778;-0.46188;0.035194;0.028533;-0.043007;-0.764933;0.182718;-0.239317
853;9.780027;1.226891;-0.54565;0.040593;0.016204;-0.08721;-0.765202;0.180754;-0.23973
854;9.660621;1.196452;-0.555521;-0.004721;0.019866;-0.0466;-0.763535;0.178934;-0.241129
