time index;acc_x;acc_y;acc_z;gyr_x;gyr_y;gyr_z;mag_x;mag_y;mag_z
1;-6.570372;-5.438206;4.61783;0.015919;0.040791;-0.01287;0.186684;0.612496;-0.475498
2;-6.525924;-5.490489;4.632751;0.006782;0.029286;-0.007358;0.186942;0.613032;-0.475767
3;-6.593018;-5.453198;4.707108;0.018559;0.03008;-0.009173;0.186629;0.613319;-0.476469
4;-6.61509;-5.437846;4.617493;-0.009559;0.0277;0.001739;0.186396;0.61171;-0.475779
5;-6.645256;-5.467596;4.706619;-0.021463;0.009066;0.009097;0.185275;0.612265;-0.476241
6;-6.630507;-5.526811;4.661572;-0.020565;0.006362;0.009108;0.185973;0.61371;-0.475948
7;-6.660505;-5.563646;4.668567;-0.015107;0.008063;0.005456;0.18661;0.61472;-0.47428
8;-6.615765;-5.571326;4.646469;0.022915;0.00785;0.00916;0.188614;0.614458;-0.47516
9;-6.608683;-5.645536;4.660965;-0.036844;-0.000881;-0.005477;0.187326;0.615295;-0.476181
10;-6.601449;-5.69008;4.668192;0.026659;0.022914;-0.002757;0.18725;0.614735;-0.475079
11;-6.615417;-5.526636;4.587064;-0.015101;-0.001967;-0.007265;0.18744;0.614575;-0.474108
12;-6.653668;-5.704448;4.660241;0.022087;-0.003342;-0.024544;0.185083;0.616205;-0.474627
13;-6.593021;-5.526757;4.572308;0.004018;0.009414;-0.01823;0.185924;0.614861;-0.474308
14;-6.608329;-5.615546;4.571614;0.01223;0.014622;-0.026453;0.184772;0.615696;-0.475323
15;-6.555629;-5.482721;4.602727;0.035809;0.021631;-0.028265;0.184226;0.61464;-0.475337
16;-6.570688;-5.512267;4.609883;-0.042098;0.020435;-0.023808;0.183743;0.615674;-0.474126
17;-6.541039;-5.556902;4.594893;0.035751;0.024564;-0.009127;0.184065;0.615449;-0.475762
18;-6.555422;-5.452967;4.573073;0.012242;0.030985;-0.010097;0.183394;0.61545;-0.475514
19;-6.555593;-5.482662;4.587803;-0.031276;0.022339;-0.009208;0.184805;0.614619;-0.474764
20;-6.541076;-5.556961;4.609817;0.034027;0.043425;-0.007386;0.184285;0.615141;-0.474238
21;-6.563064;-5.482632;4.595209;0.021353;0.05261;0.003501;0.184551;0.615673;-0.474369
22;-6.593205;-5.527052;4.646928;-0.002269;0.047551;0.015343;0.184977;0.615793;-0.474078
23;-6.623114;-5.556389;4.631586;0.023069;0.033767;0.003577;0.184492;0.615039;-0.475467
24;-6.63053;-5.55627;4.616606;-0.000531;0.012239;-0.010044;0.185781;0.613804;-0.474444
25;-6.593232;-5.549161;4.616935;0.054705;0.030106;0.014582;0.184968;0.61361;-0.476813
26;-6.563298;-5.534495;4.59487;0.006717;0.018569;-0.002758;0.187412;0.613793;-0.474653
27;-6.600829;-5.556687;4.661602;0.006814;0.043752;0.003515;0.188622;0.614455;-0.475022
28;-6.645309;-5.511814;4.646632;0.015822;0.040196;0.011747;0.188131;0.612177;-0.474062
29;-6.645736;-5.586052;4.683458;-0.004094;0.023904;-0.011924;0.188203;0.61433;-0.475176
30;-6.645614;-5.571146;4.661169;0.024851;0.025642;-3.6e-05;0.187916;0.613412;-0.475456
31;-6.645978;-5.659995;4.645663;0.012243;0.025501;-0.017383;0.188927;0.614038;-0.474457
32;-6.69021;-5.555879;4.638543;-0.009582;0.016833;-0.005521;0.188996;0.614071;-0.475692
33;-6.646008;-5.674754;4.630642;0.001329;0.016621;-0.016449;0.187931;0.613537;-0.475181
34;-6.62278;-5.482299;4.63207;0.030269;0.000137;-0.029098;0.187383;0.613277;-0.475201
35;-6.615506;-5.534133;4.609401;-0.057497;0.020554;-0.022011;0.18553;0.613796;-0.474041
36;-6.600658;-5.526992;4.646872;0.035837;0.026994;-0.029205;0.185482;0.615013;-0.474877
37;-6.630193;-5.48953;4.602118;-0.056598;0.015096;-0.027459;0.185252;0.615259;-0.474063
38;-6.571307;-5.645659;4.616474;0.008602;0.01831;-0.02191;0.185599;0.616679;-0.472684
39;-6.607503;-5.408269;4.617743;-0.015095;0.000736;-0.007271;0.185085;0.615276;-0.47462
40;-6.59394;-5.690052;4.645863;-0.067458;0.022447;-0.020211;0.184058;0.617042;-0.470823
41;-6.601093;-5.62331;4.646242;0.042995;0.019037;-0.016396;0.184091;0.616563;-0.472744
42;-6.556679;-5.683002;4.661116;-0.067562;-0.000901;-0.024666;0.182685;0.617589;-0.470882
43;-6.527622;-5.802141;4.75011;0.026499;-0.023031;-0.023529;0.182584;0.619231;-0.472686
44;-6.498665;-5.943507;4.838958;-0.04248;-0.082196;-0.063496;0.179394;0.617891;-0.471016
45;-6.590083;-6.196052;5.179891;0.037014;-0.149585;-0.106882;0.175714;0.618651;-0.473232
46;-6.575878;-6.270853;5.328759;0.05014;-0.295819;-0.182839;0.167115;0.61853;-0.475364
47;-6.575946;-6.241541;5.411035;0.168312;-0.431834;-0.242281;0.155679;0.617758;-0.481869
48;-6.569609;-6.294882;5.768929;0.082966;-0.510763;-0.299506;0.139032;0.617045;-0.488583
49;-6.512693;-6.689547;6.147375;0.255471;-0.808198;-0.340852;0.11566;0.615348;-0.495697
50;-6.580889;-6.4113;7.118773;0.503764;-1.248455;-0.51552;0.084642;0.608553;-0.512708
51;-6.851578;-7.918135;8.345672;0.455619;-2.073574;-0.873228;0.038081;0.604073;-0.521144
52;-6.801013;-7.862294;9.107578;1.50433;-2.721276;-1.270261;-0.041973;0.581956;-0.547162
53;-5.668081;-7.143119;10.434221;1.240326;-3.273353;-1.457772;-0.141487;0.54208;-0.566816
54;-5.477767;-7.694544;10.835046;1.04468;-3.964606;-1.657517;-0.269541;0.508952;-0.560155
55;-3.774484;-7.275203;10.014905;1.43319;-4.447422;-1.579967;-0.396057;0.456426;-0.533486
56;-3.345861;-4.767015;10.064316;0.42217;-4.961451;-2.180922;-0.516111;0.405597;-0.468609
57;-0.676285;-6.007255;7.255725;0.381144;-5.051226;-1.92873;-0.630592;0.355839;-0.356752
58;1.290983;-2.787946;4.246939;0.108005;-4.968531;-2.330509;-0.719416;0.293515;-0.226446
59;1.81838;-2.787693;4.982251;0.150138;-4.810055;-2.275431;-0.775981;0.217079;-0.067097
60;2.710237;-1.678905;1.981433;1.61819;-4.52902;-1.611575;-0.7913;0.156713;0.071369
61;6.527133;0.213639;-0.917482;-0.016399;-4.033774;-1.650223;-0.783978;0.110214;0.198951
62;8.379207;0.319743;-5.253299;0.201098;-3.166601;-1.383628;-0.753175;0.057277;0.310329
63;10.350603;4.207666;-8.71291;-0.571039;-1.495579;-0.649276;-0.725655;0.028124;0.377389
64;9.253813;1.545248;-4.029796;-0.135003;-0.170688;0.377001;-0.702489;0.017717;0.4004
65;9.341479;-0.078499;-0.211503;0.156923;0.239809;0.254393;-0.703124;0.027381;0.396591
66;9.469453;-0.641161;1.27828;-0.080693;0.002737;-0.008444;-0.71293;0.031768;0.395065
67;10.355172;-0.108596;-0.278635;0.227014;-0.156128;-0.126745;-0.711302;0.031625;0.399808
68;10.219139;-0.75045;-0.701732;0.154608;-0.081856;-0.023242;-0.709402;0.032009;0.404558
69;10.127101;-0.930439;0.02771;0.145711;-0.000409;0.021087;-0.706146;0.035837;0.399159
70;9.946354;-1.255646;0.188396;0.044397;0.032708;0.03355;-0.705886;0.038758;0.39901
71;9.744966;-1.31312;0.141721;0.125917;-0.039024;-0.059076;-0.707987;0.040658;0.403176
72;9.701406;-1.193212;-0.111549;-0.010953;-0.085015;-0.080048;-0.706933;0.037748;0.407366
73;9.84664;-0.350016;-0.030341;0.109069;-0.088122;0.015931;-0.705018;0.039519;0.409905
74;9.766096;-0.523572;-0.942488;0.037115;0.030268;0.071831;-0.702132;0.040611;0.407675
75;9.659673;-0.555496;-0.152493;0.116907;0.087578;0.098149;-0.703464;0.044122;0.405945
76;9.621589;-0.777172;-0.228847;0.071799;-0.008367;-0.066582;-0.705172;0.047817;0.407363
77;9.742381;-0.452016;-0.255666;0.05192;0.008034;-0.059362;-0.704908;0.045565;0.407115
78;9.771685;-0.629602;-0.375996;0.139359;0.10968;-0.051478;-0.704696;0.046521;0.406016
79;9.800624;-0.690088;-0.129912;0.024604;0.066138;0.050702;-0.70719;0.045569;0.402897
80;9.762273;-0.809218;0.092893;0.075115;0.027239;0.047288;-0.70832;0.050371;0.402404
81;9.993378;-0.825691;0.042302;0.042299;-0.02282;0.036536;-0.708459;0.051169;0.402393
82;10.05361;-0.788418;-0.136095;0.072381;-0.018192;-0.003567;-0.706209;0.05284;0.403571
83;9.956886;-0.868281;-0.353757;0.019576;-0.04967;0.035694;-0.704442;0.052496;0.405845
84;9.860246;-0.646439;-0.04709;0.055142;-0.001598;0.024597;-0.705307;0.054515;0.405108
85;9.740306;-0.984937;-0.393469;0.017303;-0.003756;-0.014692;-0.70355;0.055369;0.407235
86;9.837626;-0.720231;-0.077591;-0.008198;0.040605;0.067187;-0.704549;0.05593;0.406503
87;9.829185;-0.971843;-0.13899;-0.019316;0.005083;0.089202;-0.70502;0.05928;0.405497
88;9.681631;-0.644585;-0.152906;0.01972;-0.021059;0.030996;-0.703124;0.05907;0.407638
89;9.629143;-0.755005;-0.228645;0.000858;0.00773;0.031748;-0.703173;0.060686;0.406799
90;9.659255;-0.688564;-0.227985;0.055283;0.005231;0.00539;-0.701697;0.060883;0.408782
91;9.622291;-0.702491;-0.377603;0.037121;0.011923;0.031776;-0.703034;0.062606;0.409404
92;10.016625;-0.677336;-0.046105;0.123867;0.016506;0.072963;-0.701472;0.066475;0.408063
93;9.918627;-0.987263;-0.168262;0.077106;0.006636;-0.01828;-0.702895;0.069433;0.407159
94;10.016288;-0.824986;-0.18139;0.085985;-0.0621;-0.063557;-0.701119;0.068156;0.409578
95;9.889637;-0.853306;-0.257159;0.098541;-0.072714;-0.041622;-0.699926;0.068758;0.411409
96;9.726566;-0.71815;-0.376914;0.034031;-0.066089;0.025734;-0.69822;0.068112;0.415058
97;9.688493;-0.800058;-0.198639;0.093058;-0.003273;0.06111;-0.698327;0.071546;0.415716
98;9.718007;-0.955239;-0.363596;0.043352;-0.006878;0.035515;-0.696791;0.072842;0.416319
99;9.770509;-0.874218;-0.347746;0.06765;-0.033881;0.038409;-0.696122;0.075957;0.418661
100;9.740339;-0.896619;-0.243648;0.129072;-0.035617;0.074978;-0.694965;0.07618;0.419806
101;9.725496;-0.95524;-0.378464;0.065625;-0.038613;0.08949;-0.693858;0.082131;0.42022
102;9.858986;-1.111851;-0.393395;0.058834;0.027387;0.058197;-0.694138;0.084789;0.420189
103;9.918411;-1.200916;-0.475609;0.013612;0.012036;0.025371;-0.693852;0.086703;0.417986
104;10.023407;-1.060955;-0.481365;-0.006335;-0.036045;-0.032802;-0.694058;0.086075;0.421696
105;9.800852;-0.748564;-0.331774;0.019969;-0.034606;-0.045548;-0.693244;0.086335;0.421589
106;9.60684;-0.879775;-0.483346;0.039896;-0.025639;-0.027347;-0.692159;0.08414;0.423849
107;9.636248;-0.880665;-0.318957;0.026072;0.002583;0.065542;-0.691492;0.085732;0.423589
108;9.754396;-1.133474;-0.33463;0.056883;0.011441;0.072845;-0.691469;0.089036;0.424116
109;9.836677;-1.060103;-0.318604;-0.006422;-0.028508;-0.003665;-0.691546;0.089007;0.425214
110;9.837439;-1.117723;-0.736865;-0.020594;-0.010262;-0.048463;-0.690019;0.08739;0.425562
111;9.800993;-0.733627;-0.361525;-0.013474;-0.005419;-0.023832;-0.688573;0.087735;0.426993
112;9.681952;-0.864731;-0.691624;0.041089;0.019916;-0.036659;-0.690323;0.086678;0.42748
113;9.749012;-0.747612;-0.466484;-0.006102;0.061564;0.034249;-0.689924;0.085353;0.427231
114;9.502591;-0.842007;-0.454041;0.103896;-0.010524;0.069337;-0.689167;0.088029;0.426141
115;9.680645;-0.984516;-0.378994;0.043605;0.033585;0.256949;-0.688566;0.094759;0.427354
116;9.887798;-1.341713;-0.409596;0.128973;0.057745;0.227787;-0.688483;0.102609;0.426613
117;10.155003;-1.463334;-0.177027;0.054907;0.019334;0.118441;-0.68838;0.108792;0.423683
118;10.006248;-1.60875;-0.574606;-0.050781;-0.050951;-0.027348;-0.687083;0.111001;0.424957
119;9.844447;-1.030232;-0.392974;-0.029458;-0.024571;-0.127744;-0.687444;0.108593;0.425785
120;9.769232;-1.221972;-0.469415;0.003719;-0.052852;-0.074697;-0.6871;0.104046;0.426933
121;9.740449;-1.05826;-0.587966;-0.028136;-0.066674;-0.049146;-0.685244;0.100607;0.430746
122;9.709117;-1.354677;-0.515508;0.022593;-0.078017;-0.067279;-0.684163;0.100403;0.432991
123;9.755303;-1.146728;-0.730214;-0.078536;-0.065521;-0.124008;-0.684795;0.096273;0.433821
124;9.606779;-1.071112;-0.812934;-0.092778;0.003015;-0.095153;-0.684112;0.093548;0.436207
125;9.56949;-1.100271;-0.858181;-0.141569;0.065878;-0.040776;-0.685756;0.089322;0.436034
126;9.236411;-0.667253;-1.007138;-0.227304;0.293018;-0.051012;-0.68675;0.084776;0.432727
127;9.310891;-0.800331;-1.231309;-0.282703;0.493297;0.022831;-0.69214;0.078959;0.424025
128;9.283611;-0.54594;-1.797;-0.173991;0.775639;0.162203;-0.701026;0.078985;0.406614
129;9.554776;-0.27872;-2.464818;-0.105416;1.403224;0.357518;-0.715932;0.08458;0.371866
130;8.647754;0.048494;-2.797912;-0.477792;2.179291;0.724764;-0.736174;0.097596;0.319794
131;8.389294;0.892954;-2.219779;-0.829842;2.921257;1.138799;-0.762184;0.119903;0.250094
132;7.167522;-0.277896;-1.579971;-0.97469;3.728595;1.474247;-0.780843;0.154761;0.150063
133;6.579871;-1.224847;-0.762265;-0.895422;4.215739;1.970137;-0.781603;0.203978;0.032489
134;4.889418;-1.647644;0.901196;-0.797091;4.821429;2.357857;-0.753498;0.27884;-0.111897
135;3.554564;-2.451892;2.74397;-0.634903;5.284163;2.666964;-0.686269;0.358611;-0.246222
136;-0.233385;-7.194594;6.818546;1.08203;5.535347;2.508203;-0.584457;0.413714;-0.374443
137;-1.90457;-2.693116;3.618872;1.62171;6.816464;2.410308;-0.428387;0.423752;-0.53028
138;-14.810997;-3.256942;7.487303;-2.623284;6.605726;0.616733;-0.242212;0.467136;-0.599741
139;-13.487038;-7.598886;6.670635;-2.530854;5.268163;1.704196;-0.056921;0.547592;-0.581483
140;-11.788324;-10.050126;8.503316;-2.013883;3.740369;1.332219;0.073521;0.599009;-0.528764
141;-8.82844;-10.013451;8.212582;-0.482153;1.836552;0.85578;0.149035;0.620716;-0.490684
142;-7.142577;-8.644508;7.12984;-0.384748;0.754047;0.494132;0.184933;0.622313;-0.474677
143;-7.112514;-8.629635;7.055541;0.043834;0.439767;0.264425;0.202425;0.625591;-0.464922
144;-7.59542;-5.885061;5.39816;0.308082;0.317395;0.194175;0.198984;0.604751;-0.468484
145;-6.579362;-7.144383;5.136493;0.070917;0.308895;0.160199;0.207764;0.602795;-0.468118
146;-6.611817;-6.03305;5.22556;0.433111;0.275456;0.121656;0.228884;0.603555;-0.474704
147;-6.868232;-5.52365;4.34637;0.006388;0.148806;0.028565;0.234215;0.598399;-0.477478
148;-6.836161;-6.437005;4.780953;-0.05617;0.08475;-0.044219;0.235043;0.601767;-0.474719
149;-7.160269;-5.825079;4.342196;0.111222;0.020261;-0.076569;0.225314;0.591795;-0.475311
150;-7.20535;-5.714971;4.6933;0.078268;-0.054954;-0.094522;0.221642;0.592419;-0.477389
151;-6.794073;-5.5984;4.361372;0.138918;-0.062496;-0.092547;0.226141;0.594968;-0.480115
152;-6.987353;-5.316535;4.675158;0.115241;-0.096609;-0.112499;0.220402;0.594096;-0.485015
153;-6.776831;-5.315264;3.930527;-0.013179;-0.056965;-0.086394;0.215938;0.594713;-0.486574
154;-7.009271;-5.315646;4.495901;0.19299;-0.07572;-0.045002;0.209886;0.590083;-0.489809
155;-6.7232;-5.210364;3.528649;-0.096652;-0.073109;-0.056345;0.206672;0.589883;-0.491037
156;-6.825258;-5.894581;4.374134;0.025643;-0.031365;-0.031745;0.207735;0.59433;-0.488963
157;-6.866655;-5.271034;4.168929;0.015505;-0.053493;-0.012501;0.205731;0.591609;-0.490674
158;-6.756367;-5.597992;4.182563;-0.2129;-0.105909;-0.031738;0.203894;0.595302;-0.489124
159;-6.571528;-5.888741;4.256698;-0.167322;-0.030639;-0.012837;0.199234;0.599461;-0.484115
160;-6.734666;-5.687494;4.286619;0.125128;-0.030697;0.003969;0.198534;0.599477;-0.484418
161;-6.630599;-5.688777;4.399335;-0.185367;-0.016192;-0.016567;0.199491;0.600528;-0.484388
162;-6.749807;-5.776017;4.218767;0.102717;0.025216;0.020108;0.199106;0.602376;-0.483866
163;-6.748128;-5.464394;4.108871;-0.130054;-0.007682;-0.014716;0.198986;0.601573;-0.48359
164;-6.645206;-5.820574;4.032712;0.028561;0.04366;0.021756;0.198482;0.601955;-0.482788
165;-6.629128;-5.568727;4.019547;0.000781;0.108491;0.028744;0.200447;0.601778;-0.481883
166;-6.79565;-5.851016;4.538813;0.084892;0.097247;0.030719;0.203024;0.600968;-0.482324
167;-6.598716;-5.553293;3.80347;0.039619;0.068494;0.009816;0.20382;0.599381;-0.48283
168;-6.870993;-5.881144;4.814153;0.046378;-0.013952;0.001959;0.203133;0.599919;-0.482862
169;-6.62804;-5.412517;3.863862;-0.067519;-0.002767;-0.014645;0.205075;0.597302;-0.484965
170;-6.915787;-5.998591;4.626491;-0.032203;0.013282;-0.009222;0.203901;0.600003;-0.481319
171;-6.628232;-5.434892;3.901026;-0.089431;-0.03301;-0.009072;0.202512;0.601486;-0.48166
172;-6.766282;-6.006433;4.433552;0.003054;0.012376;0.009992;0.202238;0.604074;-0.479077
173;-6.614515;-5.569319;4.139051;0.050155;0.000204;-0.00355;0.202829;0.602389;-0.480829
174;-6.7122;-5.761056;4.107214;-0.074566;0.049456;-0.002124;0.201748;0.602261;-0.480596
175;-6.734763;-5.717071;4.271501;0.06921;0.014502;0.003697;0.200843;0.601914;-0.482143
176;-6.749198;-5.701484;4.107321;-0.065768;-0.013551;-0.017347;0.200771;0.602943;-0.480915
177;-6.715077;-6.148157;4.567341;-0.061328;-0.045235;-0.0473;0.199583;0.605519;-0.477543
178;-6.721504;-5.977275;4.463931;0.27769;-0.18328;-0.071777;0.19435;0.603203;-0.483238
179;-6.798018;-6.060772;5.119495;0.138764;-0.283262;-0.12625;0.187992;0.600384;-0.489524
180;-7.146945;-6.744483;6.336228;0.524197;-0.787504;-0.249436;0.171926;0.5966;-0.500731
181;-6.501005;-6.094374;5.517034;0.442021;-1.195287;-0.358993;0.146765;0.587106;-0.518313
182;-6.60901;-7.369219;7.701856;0.50234;-1.527189;-0.521638;0.105219;0.583264;-0.532605
183;-7.37967;-7.478185;8.710183;1.670156;-2.129736;-0.745506;0.049935;0.560896;-0.563541
184;-7.099719;-7.419511;10.160384;1.52537;-3.057785;-1.093673;-0.040935;0.518475;-0.605387
185;-6.306022;-6.412282;10.538609;1.293057;-3.701734;-1.134877;-0.147921;0.48004;-0.6215
186;-6.147012;-6.877598;11.708378;1.055767;-4.365522;-1.32657;-0.261453;0.444766;-0.609565
187;-5.243695;-5.752399;10.147989;1.00894;-4.85192;-1.528741;-0.397953;0.396444;-0.567647
188;-3.299118;-4.447841;9.82795;0.069314;-5.175477;-2.074684;-0.531336;0.357702;-0.47836
189;0.07648;-5.037715;6.014063;1.34506;-5.131858;-2.094799;-0.659322;0.294201;-0.358693
190;2.010975;-3.261898;4.592585;0.089356;-5.091741;-1.901307;-0.741623;0.230108;-0.22426
191;3.311285;-2.011655;2.461418;-0.266028;-4.540942;-1.978827;-0.789591;0.169318;-0.087375
192;4.530677;-2.20537;0.268011;0.826011;-3.962249;-1.602204;-0.803651;0.112508;0.046714
193;6.213614;-0.277442;-1.631976;0.640697;-3.452474;-1.234201;-0.793423;0.075051;0.162656
194;8.173411;0.858329;-2.393276;0.473704;-2.729741;-0.909922;-0.757931;0.043069;0.26788
195;9.707886;2.766352;-4.578088;-0.041137;-1.716683;-0.609306;-0.734516;0.024169;0.335251
196;9.146463;2.163785;-4.705662;-0.117111;-0.509079;0.012767;-0.730278;0.010591;0.364816
197;9.540031;0.339511;-1.386331;0.240904;0.235033;0.574639;-0.730891;0.02641;0.364125
198;9.660645;-0.941092;1.785219;0.102096;0.25163;0.3364;-0.732769;0.041265;0.355277
199;10.064878;-0.875291;1.191724;0.289796;0.021777;-0.008883;-0.731523;0.049803;0.343298
200;9.902288;-0.908536;0.563437;0.245502;0.007317;-0.027154;-0.733406;0.050602;0.343905
201;9.810081;-1.530117;0.543771;0.091471;0.070661;0.079948;-0.734043;0.054296;0.349904
202;9.9445;-1.302757;0.859688;0.057365;0.088057;0.010545;-0.73387;0.05567;0.348113
203;9.869479;-1.354433;0.963256;0.039509;0.074541;-0.075155;-0.735536;0.055766;0.345157
204;10.00503;-0.948724;1.146019;0.090717;-0.019263;-0.100186;-0.733814;0.052926;0.341533
205;9.91851;-0.568194;0.655322;-0.060878;-0.076197;-0.069149;-0.734114;0.050488;0.343465
206;9.963656;-0.619355;0.386687;0.002976;-0.084225;0.043143;-0.732552;0.051768;0.34957
207;9.68076;-0.631272;0.227754;-0.031942;-0.049778;-0.007245;-0.733181;0.052874;0.353112
208;9.590822;-0.616648;0.4585;0.045953;-0.041299;-0.005354;-0.732907;0.052008;0.355605
209;9.651238;-0.336352;0.654803;0.090291;-0.01965;0.023817;-0.729023;0.053204;0.354102
210;9.606384;-0.564226;0.287325;0.100469;0.032482;0.049122;-0.730413;0.054952;0.353758
211;9.783432;-0.840747;0.525665;0.206534;0.068735;0.060981;-0.730201;0.058626;0.355253
212;9.783323;-0.885053;0.488064;0.160658;0.079879;-0.002971;-0.730262;0.062967;0.35178
213;9.886741;-1.034488;0.59235;0.071853;0.084337;0.013313;-0.731474;0.063832;0.349662
214;9.789049;-1.049706;0.890004;0.166076;0.070726;-0.02207;-0.732771;0.0662;0.346017
215;9.85638;-0.961574;0.950787;0.029779;-0.00245;-0.003691;-0.733285;0.067514;0.346675
216;9.843506;-0.575711;0.8338;0.065483;-0.041976;0.080438;-0.733082;0.068143;0.347916
217;9.932818;-0.789936;0.489816;0.085101;-0.07383;0.128931;-0.731715;0.072836;0.35055
218;10.050586;-1.175755;0.383728;-0.061287;-0.070183;0.054841;-0.729703;0.075686;0.352398
219;9.738409;-0.855588;0.622238;-0.015567;-0.086645;-0.085486;-0.72929;0.073425;0.357382
220;9.635961;-0.5722;0.369583;0.083786;-0.092823;-0.017845;-0.727398;0.071493;0.359398
221;9.508872;-0.608579;0.457931;0.109072;-0.031722;0.078586;-0.726286;0.073925;0.362313
222;9.513705;-1.238054;0.364326;0.036759;-0.017041;0.069283;-0.724543;0.077837;0.36428
223;9.819129;-1.152493;0.59107;0.111361;0.019566;0.018194;-0.726221;0.078932;0.363654
224;9.871891;-1.078409;0.487478;-0.004655;-0.010262;0.006314;-0.724643;0.08213;0.362594
225;9.917886;-0.731016;0.609484;0.031259;-0.029558;0.054799;-0.72382;0.081523;0.365107
226;9.767786;-1.033055;0.472059;0.052959;-0.067856;0.022134;-0.722956;0.08335;0.365954
227;9.859003;-0.824964;0.130836;0.004312;-0.064672;-0.031746;-0.7196;0.083611;0.3698
228;9.784781;-0.691473;0.250539;0.055116;-0.0125;0.009139;-0.720193;0.082379;0.371436
229;9.805762;-1.061634;0.128893;0.00627;0.018684;0.040845;-0.720441;0.084491;0.37196
230;9.700278;-1.136182;0.455952;0.054372;0.050748;0.047152;-0.72139;0.08695;0.369704
231;9.7804;-1.492891;0.558713;0.020782;-0.016177;-0.020094;-0.720645;0.087443;0.37083
232;9.812903;-1.062196;0.255804;-0.013604;-0.070686;-0.091944;-0.720368;0.085249;0.373333
233;9.867321;-0.705948;-0.002649;-0.050568;-0.010795;-0.052115;-0.719222;0.082891;0.376697
234;9.649991;-0.750255;0.398381;-0.078823;0.016357;0.019764;-0.718551;0.079908;0.373858
235;9.753625;-0.972895;0.278322;-0.004214;0.011971;-0.071314;-0.718726;0.079198;0.375644
236;9.843768;-0.707687;0.482214;0.02553;-0.028814;-0.096611;-0.719059;0.07797;0.377015
237;9.859528;-0.765279;0.026755;0.006289;-0.017833;-0.010969;-0.717472;0.07619;0.378467
238;9.753572;-1.017113;0.218335;0.042124;-0.045064;0.051198;-0.71743;0.077893;0.379281
239;9.72393;-0.987178;0.20338;0.011355;-0.076825;0.004779;-0.71678;0.079427;0.381222
240;9.717625;-0.882299;-0.072093;0.039687;-0.039571;-0.005379;-0.716461;0.078804;0.38454
241;9.710299;-0.756994;0.107763;0.062273;0.007813;0.063767;-0.712909;0.08129;0.384527
242;9.739524;-0.883217;0.114626;0.025535;-0.044889;0.127782;-0.712732;0.084186;0.385338
243;9.924777;-0.952639;0.428999;0.121685;-0.041551;0.081411;-0.712904;0.088912;0.38736
244;9.999155;-1.225633;-0.012492;0.011476;-0.053457;0.009253;-0.710389;0.091513;0.388404
245;9.917341;-0.989329;0.35408;0.050181;0.040566;-0.053105;-0.711019;0.090166;0.389352
246;9.887855;-1.179806;-0.132435;0.018189;-0.047462;-0.074679;-0.710673;0.088404;0.390616
247;9.754638;-0.853583;0.085084;0.009752;-0.059266;-0.023566;-0.709909;0.087031;0.392032
248;9.597814;-0.977863;-0.021386;-0.006343;-0.039785;-0.045582;-0.708143;0.086819;0.394305
249;9.442759;-0.746242;-0.19269;-0.013303;0.0222;-0.033102;-0.707545;0.085065;0.395167
250;9.398279;-0.745498;-0.290033;-0.027556;0.112664;0.026674;-0.710218;0.084862;0.393824
251;9.59903;-0.821446;-0.229306;-0.072664;0.191717;0.081011;-0.711803;0.086444;0.389898
252;9.488052;-0.760388;-0.453621;-0.153229;0.358687;0.06284;-0.713971;0.087187;0.382791
253;9.535716;-0.564777;-1.295233;-0.207513;0.713895;0.067613;-0.720795;0.087253;0.368075
254;9.866213;-0.18082;-1.626036;-0.12295;1.133937;0.29578;-0.732194;0.089984;0.339815
255;9.584228;-0.132432;-2.045752;-0.211685;1.669887;0.535906;-0.750279;0.102991;0.297183
256;8.800533;-0.275046;-1.866063;-0.638497;2.484906;0.964935;-0.765567;0.119126;0.240749
257;7.501476;-0.327029;-1.077781;-1.020035;3.055204;1.064906;-0.782201;0.138589;0.159754
258;7.056182;-1.185652;-0.400205;-1.060917;3.714502;1.709471;-0.785702;0.178613;0.05933
259;5.827854;-2.141698;0.2708;-0.946649;4.517194;2.242288;-0.768292;0.248683;-0.070595
260;4.024009;-2.610291;2.500242;-0.103044;4.942685;2.394686;-0.716458;0.317903;-0.206562
261;1.270163;-4.449609;6.638853;-0.226497;5.177623;2.455294;-0.632728;0.380357;-0.329922
262;-1.674127;-6.034602;6.830089;2.091443;5.314684;2.089086;-0.51556;0.409233;-0.460911
263;-5.785246;-0.299674;3.955738;-1.351466;5.745358;1.273312;-0.3642;0.429408;-0.567359
264;-11.875373;-6.093738;8.752254;-2.918126;5.423924;1.261857;-0.195412;0.511278;-0.585671
265;-11.292203;-6.904562;6.512698;-1.475864;4.925685;1.951755;-0.03863;0.561878;-0.571776
266;-11.580852;-7.933407;6.8247;-1.749467;4.05292;1.54651;0.090665;0.597955;-0.530544
267;-9.564674;-9.754831;8.014659;-0.712593;2.399159;1.004367;0.183631;0.61666;-0.481153
268;-7.447474;-7.510911;5.896149;-0.167453;0.836646;0.649086;0.226127;0.611612;-0.467308
269;-7.371821;-9.475591;7.898782;-0.416673;0.389732;0.297724;0.247546;0.610885;-0.438386
270;-8.074359;-7.374807;6.474344;0.479119;0.342889;0.241654;0.258346;0.605477;-0.438739
271;-7.73667;-5.942189;5.142997;0.079502;0.134315;0.059655;0.265818;0.605696;-0.449719
272;-7.261161;-6.323539;5.054575;-0.011666;-0.024255;0.010085;0.264727;0.606501;-0.449631
273;-7.120814;-5.424671;4.188389;0.12782;-0.058017;-0.019654;0.26361;0.605065;-0.450078
274;-7.276492;-5.319093;4.038648;0.113497;-0.035686;-0.027993;0.263508;0.596629;-0.452221
275;-7.520515;-5.144844;3.567802;0.013833;-0.082189;-0.060791;0.260073;0.597269;-0.454977
276;-7.20035;-5.265616;3.479897;0.017443;-0.053862;-0.020755;0.256645;0.601485;-0.457483
277;-7.135124;-5.401527;3.986948;0.13632;0.006405;-0.019925;0.256248;0.599163;-0.459821
278;-6.998397;-4.993929;3.692141;-0.027678;-0.023113;-0.03277;0.256037;0.598671;-0.461201
279;-7.195166;-5.534114;3.911007;-0.047883;-0.082215;-0.038047;0.252168;0.597335;-0.459421
280;-7.136761;-5.683661;4.134347;-0.034866;-0.003252;-0.029242;0.251047;0.598155;-0.459884
281;-7.343364;-5.325578;3.941088;0.091078;0.015693;-0.014574;0.250794;0.599408;-0.461967
282;-7.224306;-5.473952;3.747005;-0.167039;-0.0316;-0.066704;0.249526;0.600565;-0.4601
283;-7.091773;-5.713008;3.970326;0.10665;0.033262;-0.038327;0.248685;0.601909;-0.460419
284;-7.356226;-4.924986;3.846585;0.050147;-0.043585;-0.045373;0.247676;0.597503;-0.464003
285;-6.949141;-5.580107;3.800638;-0.232216;-0.016623;-0.058624;0.244208;0.60061;-0.459764
286;-7.09842;-5.461572;4.106233;0.112004;0.044395;-0.009173;0.244865;0.603269;-0.460169
287;-7.044547;-5.201819;3.891923;-0.129073;-0.006129;-0.023868;0.243782;0.60407;-0.459944
288;-7.121459;-5.624302;4.082613;-0.051245;-0.026564;-0.038282;0.242877;0.605444;-0.456414
289;-7.105232;-5.416349;3.927379;0.089933;-0.043624;-0.031628;0.240943;0.60607;-0.459247
290;-7.209935;-5.430799;4.045889;-0.089288;-0.029932;-0.040147;0.240333;0.605775;-0.457894
291;-7.127614;-5.445628;3.882245;-0.020721;-0.062322;-0.010727;0.236522;0.607595;-0.459985
292;-7.008299;-5.431771;3.88324;-0.160116;-0.059739;-0.027332;0.236682;0.610167;-0.456972
293;-7.045903;-5.534991;3.830047;0.024832;-0.005202;-0.005435;0.235974;0.612505;-0.454817
294;-7.029922;-5.312721;3.801764;-0.018774;-0.006265;0.02735;0.235698;0.610122;-0.454948
295;-6.971164;-5.469057;3.868354;-0.072904;0.03171;0.021644;0.235505;0.610615;-0.453446
296;-7.105967;-5.579348;3.926314;-0.000573;0.002409;0.014557;0.236441;0.611412;-0.453827
297;-7.044988;-5.364347;3.771465;-0.056872;-0.020366;0.026443;0.235229;0.611547;-0.453464
298;-7.033044;-5.847324;4.089296;-0.051137;0.029603;0.007078;0.236033;0.612541;-0.451238
299;-7.149997;-5.474907;3.837111;0.031971;-0.028612;-0.008068;0.235701;0.614827;-0.452231
300;-6.927893;-5.765956;3.911526;-0.143411;0.028136;-0.016745;0.234707;0.615119;-0.447872
301;-7.122202;-5.647563;4.343639;0.073771;0.019772;0.003646;0.236301;0.614596;-0.448767
302;-7.001751;-5.624525;3.896961;-0.100278;-0.064023;-0.049124;0.234163;0.617046;-0.450246
303;-7.064045;-5.981391;4.326984;0.051771;-0.090359;-0.068874;0.229107;0.616166;-0.450167
304;-7.168551;-5.863127;4.61053;0.083695;-0.261553;-0.124637;0.223656;0.615947;-0.454785
305;-6.983529;-6.072672;4.759818;0.088151;-0.509867;-0.200155;0.211203;0.616075;-0.459824
306;-7.086007;-6.639879;5.994102;0.2953;-0.86497;-0.39898;0.195008;0.614873;-0.468305
307;-6.930299;-6.730698;6.158864;0.408873;-1.241947;-0.523042;0.162255;0.611324;-0.486922
308;-6.884207;-7.557331;7.116482;0.646189;-1.614541;-0.80839;0.115406;0.60308;-0.508271
309;-7.248226;-7.748412;9.321336;1.689137;-2.418448;-0.895608;0.04745;0.580617;-0.545767
310;-6.72377;-7.35837;8.932344;1.494909;-3.104932;-1.20659;-0.040877;0.544297;-0.583429
311;-6.582322;-6.602164;10.400956;1.505069;-3.571692;-1.215438;-0.13846;0.506117;-0.602743
312;-5.124874;-5.783468;10.268085;0.861305;-4.009813;-1.369303;-0.255612;0.469122;-0.594516
313;-3.90091;-5.66559;9.830393;0.662275;-4.288423;-1.551572;-0.378348;0.432357;-0.553231
314;-2.135428;-4.720362;8.932058;0.525637;-4.408469;-1.5009;-0.508763;0.388376;-0.487444
315;-0.936755;-3.704981;8.305989;-0.208205;-4.639109;-1.726946;-0.612993;0.350658;-0.387918
316;0.703152;-4.379781;6.9932;-0.099891;-4.630351;-1.828871;-0.69632;0.311876;-0.271454
317;1.516845;-3.121768;5.753876;-0.386111;-4.754948;-2.191606;-0.756266;0.252171;-0.135883
318;3.826492;-2.529148;1.126199;0.68795;-4.457761;-2.156631;-0.78733;0.187859;0.002256
319;5.160926;-0.960616;0.870411;0.027235;-4.155315;-1.882325;-0.78488;0.119363;0.150159
320;6.153625;-0.976306;-2.778716;1.344127;-3.513561;-1.677173;-0.761073;0.072404;0.268915
321;9.021749;1.388331;-6.957819;0.145117;-2.447618;-1.388565;-0.735948;0.039059;0.354615
322;10.823472;4.175133;-7.07528;-0.017247;-0.96406;-0.598736;-0.715573;0.005492;0.400928
323;8.450802;0.424758;-3.856613;0.435422;0.145843;0.362628;-0.709095;0.012097;0.409529
324;8.918051;-0.334954;1.783529;-0.097317;0.286335;0.430771;-0.702858;0.026917;0.398943
325;9.977039;-0.504236;1.22332;0.284073;-0.130073;0.09938;-0.705134;0.036796;0.397679
326;10.593635;-0.441564;-0.87598;0.245516;-0.21729;-0.055324;-0.707658;0.039302;0.404162
327;10.009004;-0.912919;-0.41335;0.159429;0.15649;-0.027927;-0.710346;0.042355;0.405132
328;9.84258;-1.209761;0.038661;0.049754;0.184852;0.022858;-0.712024;0.044646;0.399546
329;9.946929;-1.063483;0.309048;0.0501;0.104654;0.052409;-0.707172;0.042246;0.398108
330;9.835424;-1.135669;0.054013;-0.025924;0.039437;-0.034985;-0.709805;0.041826;0.39498
331;9.978288;-0.825866;0.11681;0.015822;-0.00491;-0.120438;-0.713243;0.042797;0.394697
332;9.920907;-0.542278;-0.277286;0.056719;-0.114721;-0.056078;-0.711876;0.040728;0.397105
333;9.959029;-0.364672;-0.298229;-0.018206;-0.028411;-0.007295;-0.709976;0.03866;0.39926
334;9.786927;-0.437942;-0.158226;-0.024378;0.025725;0.017984;-0.707439;0.037802;0.400605
335;9.815681;-0.579633;0.012705;0.074941;-0.039619;0.005635;-0.706535;0.038813;0.402147
336;9.748869;-0.51247;0.02756;0.0916;-0.031832;-0.076459;-0.708833;0.040679;0.402729
337;9.741786;-0.600079;-0.286482;0.053455;-0.016561;-0.018221;-0.708237;0.039721;0.403585
338;9.770758;-0.734066;-0.190123;0.051828;0.032959;-0.003843;-0.707662;0.041425;0.404146
339;9.681173;-0.689452;-0.048728;-0.006182;0.028033;-0.001169;-0.705152;0.039255;0.40495
340;9.801364;-0.497659;-0.076419;-0.00781;0.095799;0.03777;-0.707408;0.040372;0.403751
341;9.868307;-0.608745;-0.225881;-0.010202;0.167682;0.052049;-0.709961;0.041968;0.399649
342;9.852151;-0.85336;-0.167895;-0.040247;0.119212;0.030321;-0.711638;0.043528;0.396544
343;9.919713;-0.544196;0.207746;0.073521;0.02104;-0.023795;-0.711779;0.04267;0.393932
344;9.874811;-0.705949;-0.017517;0.05522;-0.001858;0.003623;-0.712039;0.042931;0.394194
345;9.881898;-0.750729;0.049406;-0.0063;0.032995;0.030749;-0.712026;0.043986;0.394462
346;9.86611;-0.913845;0.107925;0.064468;0.002892;-0.041989;-0.713194;0.044762;0.395648
347;9.748043;-0.719747;-0.018568;-0.097624;0.016749;-0.024038;-0.712537;0.043707;0.395131
348;9.919753;-0.632396;0.028076;-0.053459;0.048139;0.067106;-0.712742;0.043743;0.393885
349;9.873936;-0.883885;0.011168;-0.02651;-0.053392;-0.005392;-0.711837;0.044356;0.39543
350;9.563878;-0.332296;-0.18908;-0.046081;-0.02894;-0.058437;-0.710416;0.042194;0.396328
351;9.831573;-0.320732;0.089133;0.004957;0.115436;0.034068;-0.71222;0.041562;0.395847
352;9.770332;-0.646486;0.146249;0.046281;0.028764;0.008946;-0.711195;0.043574;0.394636
353;9.786588;-0.541462;-0.211138;0.044393;0.02544;0.03449;-0.711992;0.045294;0.395142
354;9.763531;-0.704222;-0.227296;0.013941;0.097444;0.042339;-0.713545;0.045931;0.391774
355;9.78487;-0.728105;0.145828;0.027516;0.082743;0.01416;-0.713333;0.04702;0.390674
356;9.784283;-0.809959;0.23484;0.041051;0.087358;0.030573;-0.715524;0.049763;0.388228
357;9.769086;-0.898571;0.189374;0.116853;0.035782;0.035453;-0.714796;0.051923;0.386591
358;9.874902;-0.661672;0.027545;0.064316;0.069029;0.083588;-0.715762;0.054588;0.386533
359;9.827891;-1.121027;0.11375;-0.011806;0.051507;0.074422;-0.716985;0.057316;0.384263
360;9.917902;-0.929585;0.235075;0.058878;0.008912;0.001761;-0.718221;0.057994;0.384209
361;9.873953;-0.839726;0.086079;-0.044144;-0.000195;-0.062185;-0.716408;0.057959;0.384832
362;9.84515;-0.631914;0.057363;0.038922;-0.009065;-0.009135;-0.71607;0.056465;0.385957
363;9.784807;-0.750274;0.130759;0.00971;-0.044552;0.003738;-0.714642;0.057747;0.387105
364;9.756007;-0.630721;-0.062703;0.020525;-0.017088;0.05835;-0.716209;0.056267;0.388428
365;9.67986;-0.956355;-0.005699;-0.021053;0.002076;0.063666;-0.715878;0.058225;0.389528
366;9.739632;-0.87569;0.084827;-0.018145;-0.010443;-0.005577;-0.713699;0.061391;0.389454
367;9.784448;-0.809694;0.167682;0.040962;0.052119;0.009747;-0.7134;0.060447;0.389886
368;9.828165;-1.076455;0.084192;-0.002643;0.032859;0.023444;-0.714393;0.062398;0.386806
369;9.917495;-1.003793;0.264439;0.006308;0.01672;0.02263;-0.71383;0.062649;0.387102
370;9.925138;-1.018258;0.15993;-0.036939;-0.011047;-0.067599;-0.714675;0.06267;0.386655
371;9.874531;-0.735822;0.041985;-0.028937;-0.035216;-0.058363;-0.714009;0.060749;0.388759
372;9.844784;-0.757543;-0.025543;-0.011594;0.005229;-0.038455;-0.713008;0.058993;0.389499
373;9.739686;-0.875602;0.062441;-0.031726;-0.013089;-0.009232;-0.713769;0.058441;0.390573
374;9.725026;-0.808889;0.08515;-0.025408;-0.015806;-0.008299;-0.712424;0.055853;0.392572
375;9.710207;-0.83805;-0.0047;0.026342;-0.012946;-0.034693;-0.712655;0.056497;0.393383
376;9.636465;-0.711142;-0.093982;-0.018614;0.04097;-0.045935;-0.711952;0.055552;0.393693
377;9.60668;-0.688793;-0.064213;-0.005989;0.075688;0.012299;-0.712806;0.056705;0.390625
378;9.629176;-0.747596;-0.228597;0.026933;0.141865;0.021175;-0.714678;0.056239;0.388902
379;9.744823;-0.242143;-0.866195;-0.052004;0.316796;0.06775;-0.715483;0.056905;0.384189
380;9.718231;-0.207308;-2.119846;0.009759;0.758317;0.166222;-0.721148;0.060309;0.368257
381;9.390277;0.76353;-3.369695;0.078334;1.647483;0.720595;-0.737705;0.075142;0.336126
382;8.997731;1.211993;-3.556314;-0.512996;2.62466;1.051169;-0.758989;0.10154;0.270437
383;7.262109;0.487261;-2.268277;-0.957158;3.523593;1.373026;-0.780962;0.131074;0.177189
384;5.956043;-0.774906;-0.853618;-1.145242;3.96755;1.854079;-0.789569;0.181787;0.056264
385;5.040735;-1.314227;0.598555;-1.187751;4.589598;2.382051;-0.770182;0.247959;-0.06764
386;3.295178;-2.851976;1.396177;-1.192247;5.102138;2.810096;-0.717601;0.323169;-0.189729
387;-0.437607;-7.060701;5.235849;0.360668;5.422282;2.76939;-0.619365;0.402188;-0.322531
388;-1.408336;-4.89137;3.884447;2.037754;6.641956;2.790997;-0.471667;0.436192;-0.478053
389;-12.949806;-3.385597;8.13488;-0.825377;6.454629;1.018568;-0.278594;0.470145;-0.589394
390;-12.560319;-2.486261;2.920035;-3.806406;5.677419;1.718185;-0.104724;0.541537;-0.585143
391;-14.759196;-11.784153;7.096437;-3.635581;4.831933;2.064549;0.042839;0.61478;-0.516355
392;-11.106971;-10.820199;8.861669;-0.670661;2.999878;1.477732;0.159421;0.640098;-0.455199
393;-8.864643;-6.312371;5.482767;0.256906;1.232767;1.047299;0.221555;0.626331;-0.445318
394;-7.651134;-9.319933;6.584301;-0.993444;0.407581;0.567665;0.249327;0.656196;-0.376752
395;-7.654297;-9.479478;7.583196;0.191885;0.308332;0.443874;0.266251;0.656438;-0.362459
396;-7.378082;-7.426823;5.106213;0.601209;0.352905;0.333009;0.284253;0.627126;-0.404573
397;-7.391158;-5.800902;4.318215;-0.148131;0.043284;0.045162;0.289569;0.622111;-0.407625
398;-7.157234;-6.869344;4.21603;-0.518932;-0.082083;-0.006802;0.289088;0.62924;-0.396143
399;-7.529902;-6.748682;4.43786;0.252795;-0.086264;-0.050446;0.282527;0.639509;-0.380663
400;-7.624073;-5.253073;3.043949;0.068156;-0.141694;-0.116119;0.278677;0.636045;-0.388632
401;-7.626392;-5.734898;3.100497;-0.140304;-0.218031;-0.170808;0.272857;0.635148;-0.397524
402;-7.357094;-5.485388;3.16386;0.146097;-0.148797;-0.145143;0.269331;0.635368;-0.399455
403;-7.147371;-5.264738;3.151961;0.043634;-0.144895;-0.110617;0.263172;0.634903;-0.404513
404;-7.073525;-5.457679;3.076643;-0.079962;-0.048965;-0.105727;0.254596;0.64279;-0.39845
405;-7.222425;-5.404733;3.105707;0.117298;-0.03707;-0.047154;0.253319;0.641764;-0.399319
406;-7.304768;-5.463492;3.142012;-0.092704;-0.021353;-0.052989;0.253362;0.638364;-0.406169
407;-7.277365;-5.828016;3.453269;0.043014;-0.010075;-0.013638;0.253314;0.638851;-0.404524
408;-7.215953;-5.553475;3.231649;-0.007761;-0.045032;-0.039084;0.251463;0.639171;-0.405838
409;-7.270002;-5.872353;3.408262;-0.005954;-0.057809;-0.057277;0.247195;0.642142;-0.401217
410;-7.10513;-5.680979;3.395832;-0.013303;-0.041904;-0.012646;0.245978;0.641817;-0.403464
411;-7.106101;-5.851712;3.4768;0.024848;-0.030714;-0.029061;0.244817;0.640602;-0.407216
412;-7.089512;-5.547559;3.352044;-0.034927;-0.038473;-0.036397;0.244247;0.640487;-0.40765
413;-7.016945;-5.963214;3.387203;-0.092777;-0.035674;-0.060205;0.241077;0.643512;-0.405461
414;-7.090326;-5.740106;3.328398;0.142729;-0.001041;-0.025379;0.23887;0.642748;-0.405819
415;-7.045274;-5.666376;3.32922;-0.047338;0.005393;-0.047547;0.237713;0.642392;-0.406963
416;-7.068996;-5.903758;3.446894;0.084714;0.001369;-0.010877;0.239134;0.641226;-0.408548
417;-7.119774;-5.570107;3.493453;-0.040351;-0.026641;-0.027336;0.237414;0.641017;-0.409991
418;-6.972174;-5.919356;3.447526;-0.010434;-0.01416;-0.017315;0.236328;0.642614;-0.409771
419;-7.06813;-5.622863;3.612899;0.120983;0.033738;0.012758;0.23525;0.641026;-0.409528
420;-7.060256;-5.578115;3.523701;-0.072894;-0.001086;-0.011068;0.236603;0.642346;-0.409758
421;-7.009111;-5.830266;3.477675;-0.024901;0.00317;-0.001905;0.235566;0.642461;-0.4087
422;-7.045825;-5.667262;3.55308;0.069271;0.007082;0.003682;0.233549;0.642266;-0.410568
423;-7.030846;-5.667264;3.523345;-0.047554;0.002443;-0.001929;0.235079;0.642636;-0.410097
424;-6.986636;-5.844969;3.403126;0.010405;0.000246;-2e-05;0.234681;0.643297;-0.409842
425;-7.075533;-5.652144;3.538028;0.051127;0.020072;0.029134;0.234381;0.641456;-0.410391
426;-6.986868;-5.860053;3.470188;-0.043876;0.026865;0.018032;0.235948;0.642073;-0.409232
427;-7.076292;-5.844603;3.491997;0.030415;0.032606;0.018101;0.236205;0.643272;-0.409506
428;-7.076409;-5.83008;3.566714;0.024899;0.018322;0.018157;0.236727;0.641688;-0.410024
429;-7.150976;-5.829538;3.581077;-0.018519;0.018446;0.005322;0.237155;0.640614;-0.409724
430;-7.256197;-5.999283;3.623949;0.028596;0.023497;0.007174;0.237395;0.641887;-0.407798
431;-7.247912;-5.887676;3.490416;0.11998;0.003093;0.005564;0.238163;0.640249;-0.411331
432;-7.068876;-5.844721;3.506977;-0.015094;-0.042874;-0.021763;0.236932;0.639267;-0.413849
433;-6.853721;-6.031925;3.56709;0.012349;-0.000216;-0.040132;0.235809;0.640153;-0.411837
434;-6.762981;-5.743692;3.569653;0.075822;0.013648;-0.045559;0.234418;0.639583;-0.414777
435;-6.926206;-5.594073;3.539539;-0.039049;0.037662;-0.049479;0.232841;0.640297;-0.416084
436;-7.045688;-5.644975;3.538301;-0.027339;0.023196;-0.050326;0.232465;0.640615;-0.412938
437;-7.164208;-5.466315;3.568414;-0.034745;0.025585;-0.006576;0.231916;0.640754;-0.412961
438;-7.045997;-5.652827;3.650183;-0.011265;0.011064;-0.011034;0.231408;0.642861;-0.412171
439;-7.068082;-5.608075;3.620458;0.015798;0.016698;0.024545;0.231986;0.643105;-0.4116
440;-7.001418;-5.712253;3.597898;-0.031388;-0.009984;0.014566;0.231769;0.644671;-0.410519
441;-7.016347;-5.741592;3.55282;0.006621;-0.008332;0.025551;0.232537;0.64217;-0.411571
442;-7.120646;-5.755393;3.507166;0.01032;0.015992;0.040031;0.234009;0.641508;-0.412194
443;-7.166106;-5.903331;3.535708;-0.020476;0.015311;0.040896;0.235036;0.641596;-0.410916
444;-7.136367;-5.90369;3.565781;-0.049463;0.006425;0.029954;0.235947;0.642604;-0.409236
445;-6.958571;-6.12752;3.595523;0.043846;0.00569;0.020064;0.235139;0.642606;-0.408994
446;-6.793292;-5.861938;3.553729;0.001329;-0.006918;-0.010923;0.234745;0.642403;-0.411209
447;-6.972164;-5.860497;3.552382;-0.040349;-0.037566;-0.043698;0.233615;0.643161;-0.409334
448;-7.061119;-5.78545;3.492497;0.046669;-0.01475;-0.031829;0.233143;0.643196;-0.410453
449;-7.060457;-5.622569;3.523411;-0.000485;-0.023336;-0.029115;0.229954;0.641922;-0.41126
450;-6.941847;-5.756952;3.538361;0.004125;0.001896;-0.018265;0.230765;0.644041;-0.41138
451;-6.978243;-5.564016;3.53934;0.052045;0.00545;0.005499;0.228963;0.642745;-0.411856
452;-6.956548;-5.682948;3.590967;-0.072846;0.01881;-0.000201;0.230621;0.643648;-0.411521
453;-6.986779;-5.771646;3.597623;0.059359;0.030686;0.019986;0.230256;0.643232;-0.410707
454;-7.045765;-5.637743;3.583122;-0.051117;0.026866;0.012554;0.232059;0.641678;-0.412824
455;-7.047135;-5.941514;3.581136;-0.005762;0.045454;0.019822;0.232692;0.644281;-0.411167
456;-7.016751;-5.823151;3.567212;0.05208;0.019917;0.016369;0.232671;0.643496;-0.411575
457;-7.031935;-5.860253;3.611629;0.013976;0.005824;0.014552;0.233404;0.642271;-0.410711
458;-7.016873;-5.838058;3.589501;-0.013067;0.009246;-0.012857;0.233126;0.644;-0.410735
459;-7.016979;-5.889714;3.536928;0.030503;0.048716;0.014389;0.233067;0.640051;-0.411947
460;-6.994436;-5.80869;3.612249;0.015155;0.033157;-0.021126;0.233375;0.641888;-0.41126
461;-7.046263;-5.756229;3.567423;0.006959;0.030632;-0.011099;0.234444;0.640696;-0.411758
462;-7.031691;-5.83044;3.567051;0.012414;0.032352;-0.013835;0.232506;0.641455;-0.409641
463;-7.03148;-5.727126;3.672197;0.025067;0.035972;-0.006532;0.233284;0.641468;-0.410435
464;-7.031708;-5.79369;3.641913;0.01966;0.026816;-0.023831;0.232348;0.641534;-0.412536
465;-7.046026;-5.711716;3.55279;0.028625;0.025242;-0.000101;0.232877;0.640079;-0.412917
466;-7.031099;-5.675027;3.61284;0.018693;0.034317;0.001675;0.232975;0.64076;-0.413606
467;-6.987235;-5.860643;3.619428;0.006959;0.03246;-0.010191;0.233005;0.640745;-0.413054
468;-7.016658;-5.786223;3.597302;0.037704;0.025101;-0.007382;0.233007;0.640214;-0.41305
469;-7.04644;-5.771224;3.612098;-0.034738;0.018291;-0.018398;0.232717;0.640225;-0.413337
470;-7.009599;-5.889892;3.566832;0.048612;0.034013;-0.004673;0.23305;0.640988;-0.412229
471;-7.076051;-5.72653;3.612164;0.006957;0.032453;-0.009283;0.232701;0.640896;-0.413618
472;-7.002153;-5.875252;3.596833;-0.048294;0.02195;-0.020255;0.232972;0.641623;-0.411137
473;-7.01671;-5.793662;3.604716;0.063876;0.001523;-0.014541;0.22981;0.642658;-0.413884
474;-7.061212;-5.741468;3.61218;-0.039286;0.007448;-0.027478;0.230918;0.641182;-0.413691
475;-7.002126;-5.853143;3.626827;-0.007692;-0.00427;-0.016438;0.230464;0.642732;-0.411933
476;-6.950122;-5.890609;3.626977;0.04482;-0.001853;-0.009989;0.229919;0.641012;-0.411942
477;-6.928442;-6.01692;3.671094;0.008726;0.004345;-0.036513;0.228775;0.641843;-0.412819
478;-6.94451;-6.209908;3.789115;0.077505;-0.019688;-0.057296;0.227817;0.641655;-0.415332
479;-6.931773;-6.456238;4.220426;0.281676;-0.17173;-0.137527;0.221259;0.638934;-0.420252
480;-7.024166;-6.828036;4.739673;0.242801;-0.437598;-0.278714;0.210742;0.637045;-0.430012
481;-7.133222;-7.217248;5.945216;0.522654;-0.72389;-0.45402;0.196147;0.633131;-0.441847
482;-7.124886;-8.257675;6.707136;0.993504;-1.238693;-0.652727;0.164903;0.624461;-0.468069
483;-7.621657;-8.092365;8.995386;1.905624;-2.057931;-0.888711;0.110255;0.597938;-0.512566
484;-8.591851;-8.211695;9.285747;2.195868;-3.213135;-1.333051;0.018565;0.553146;-0.574508
485;-9.356129;-7.41773;12.404378;1.810698;-4.359756;-1.675173;-0.106;0.505312;-0.609688
486;-7.905581;-6.848167;11.583299;1.644885;-5.143153;-1.498612;-0.245057;0.451972;-0.612261
487;-5.214619;-5.70969;10.529067;0.623274;-5.588279;-2.063246;-0.403282;0.40279;-0.559792
488;-3.039233;-5.554807;8.181005;0.378209;-5.689532;-2.472465;-0.555818;0.349649;-0.455901
489;0.002637;-4.727086;6.306555;0.858291;-5.612485;-2.37975;-0.691015;0.274059;-0.313328
490;0.344426;-2.603832;4.576764;0.052759;-5.436189;-2.470923;-0.772484;0.198739;-0.156499
491;1.099713;-1.519909;2.515006;0.464302;-5.327038;-2.381398;-0.803462;0.128411;-0.001946
492;2.88705;0.07628;-0.020647;1.00649;-5.183918;-1.60957;-0.793485;0.068983;0.161322
493;8.431411;2.123442;-8.024632;0.088289;-4.21438;-1.605456;-0.754908;0.017093;0.309865
494;4.912385;1.776725;-14.351799;0.320885;-2.071699;-1.116925;-0.69354;-0.022322;0.420169
495;7.088028;1.11425;-3.071454;-0.222586;0.314201;0.701996;-0.692121;-0.021567;0.426135
496;9.374957;0.138455;4.789939;0.423023;-0.341139;0.084112;-0.696297;-0.013666;0.425084
497;9.51635;1.011583;-2.65074;1.178449;-0.869619;-0.180854;-0.683078;0.001797;0.452184
498;9.288375;-0.185229;-3.078143;0.046826;0.553587;0.184414;-0.683132;0.0121;0.454033
499;10.093451;-1.142316;1.205129;-0.010005;0.433612;0.070099;-0.698334;0.021424;0.41897
500;10.096322;-0.865554;0.542801;0.285641;-0.017621;-0.13641;-0.699861;0.023771;0.416141
501;9.825583;-0.546338;-0.92726;0.178776;0.045304;-0.00829;-0.696694;0.020741;0.428944
502;9.764678;-0.518494;-0.352939;0.081068;0.15312;0.088705;-0.696332;0.023481;0.425637
503;9.690377;-0.333642;-0.106043;-0.003154;0.111731;0.026758;-0.700115;0.026547;0.421612
504;9.774595;-0.073273;-0.536528;-0.030893;0.191075;0.053744;-0.70184;0.030055;0.415191
505;9.774171;-0.27255;-0.731848;-0.115352;0.328927;0.067617;-0.704807;0.031261;0.405985
506;9.613356;0.241353;-1.072994;-0.177953;0.512664;0.110509;-0.710367;0.02924;0.399313
507;9.857294;0.726274;-2.39629;0.129468;0.933749;0.351713;-0.721092;0.03495;0.378485
508;9.456428;0.614395;-3.26569;0.128562;1.703147;0.682125;-0.738257;0.054926;0.337902
509;9.697477;1.065252;-3.469876;-0.312982;2.548708;0.743584;-0.761497;0.079842;0.263892
510;7.648448;0.371852;-1.975066;-1.364162;3.416254;1.085699;-0.785813;0.101054;0.170061
511;6.642085;-0.206125;0.065691;-1.951322;3.813002;1.633052;-0.796015;0.131662;0.071913
512;5.20117;-1.637502;1.448378;-1.048019;4.24915;2.312597;-0.781538;0.194957;-0.046803
513;3.943333;-2.695794;1.805075;-0.644577;4.905804;2.594714;-0.736003;0.273326;-0.180062
514;0.622235;-3.865209;4.458733;-0.338504;5.291317;2.365177;-0.648489;0.354404;-0.326238
515;-2.102741;-5.995816;5.394319;0.709765;5.890878;2.340003;-0.521231;0.409053;-0.457011
516;-6.379737;-1.115859;1.714679;-0.329544;6.774726;2.125582;-0.364335;0.436571;-0.572093
517;-15.695282;-5.008194;6.200608;-3.55327;6.43504;1.59823;-0.171326;0.514283;-0.592979
518;-15.502065;-9.776258;6.75313;-2.590613;5.646672;2.225699;0.010498;0.591469;-0.540589
519;-12.481301;-8.164;8.86852;-1.394854;3.880258;1.605146;0.170833;0.61278;-0.480125
520;-9.02477;-8.34432;6.244423;-0.176544;1.433963;0.978294;0.240875;0.618099;-0.442557
521;-7.242973;-10.588501;8.011919;-0.961941;0.574391;0.560642;0.274595;0.629322;-0.413504
522;-8.568314;-10.516889;7.584443;0.431749;0.579847;0.379071;0.291493;0.631566;-0.399639
523;-8.346756;-5.398618;5.701582;0.556299;0.34166;0.201654;0.307607;0.61372;-0.413305
524;-7.457961;-7.121211;4.8091;-0.449965;-0.04487;-0.007803;0.293045;0.605542;-0.414654
525;-7.39853;-7.019027;5.07886;0.291017;-0.02069;-0.032416;0.291741;0.606519;-0.415951
526;-7.792942;-4.387017;3.600514;0.243761;-0.140974;-0.114033;0.300877;0.60936;-0.416431
527;-7.329048;-5.929787;3.064172;-0.223783;-0.224143;-0.138042;0.295032;0.613378;-0.415594
528;-7.640402;-5.600943;2.981864;0.269415;-0.083645;-0.090573;0.288539;0.615663;-0.419172
529;-7.350565;-4.39366;2.514322;-0.005889;-0.09716;-0.106338;0.277353;0.603697;-0.433975
530;-7.125613;-5.5601;2.851711;-0.081841;-0.053248;-0.085661;0.272097;0.606894;-0.432421
531;-7.236045;-5.159819;3.032573;0.123072;0.037399;-0.03743;0.276819;0.612844;-0.428424
532;-7.369858;-5.099348;3.002102;0.012516;0.033846;-0.022074;0.277448;0.611274;-0.429488
533;-7.366562;-5.826911;3.355589;0.007135;0.044628;-0.027614;0.277537;0.611759;-0.427837
534;-7.484368;-5.397023;3.558974;0.102775;-0.019638;-0.0272;0.270354;0.609878;-0.434163
535;-7.344133;-5.738714;3.490655;-0.056719;-0.023586;-0.002775;0.269732;0.609258;-0.435559
536;-7.478521;-5.708588;3.639078;0.131647;-0.050467;-0.039803;0.271272;0.611745;-0.434828
537;-7.22156;-5.366566;2.822392;-0.110118;-0.071524;-0.056442;0.269189;0.61019;-0.43545
538;-7.309658;-6.155397;3.861324;-0.007902;-0.092034;-0.07811;0.266811;0.613753;-0.433783
539;-7.39621;-5.620458;3.670125;0.089123;-0.287894;-0.127291;0.256592;0.610191;-0.440632
540;-7.622371;-6.95143;5.301473;-0.077625;-0.581564;-0.284965;0.2447;0.614218;-0.442788
541;-7.770791;-7.98363;6.174192;0.596697;-1.133319;-0.457713;0.224517;0.613068;-0.456655
542;-7.499227;-7.852842;8.139702;1.085967;-1.95515;-0.715172;0.179832;0.601172;-0.491095
543;-9.195617;-9.131044;10.648263;2.086763;-3.181986;-1.211182;0.100318;0.573227;-0.542493
544;-9.971527;-8.581784;11.97425;2.085588;-4.548008;-1.783536;-0.031341;0.522347;-0.599941
545;-9.559672;-7.831725;12.579239;1.454124;-5.486498;-1.800346;-0.192724;0.477004;-0.610208
546;-7.639982;-7.119474;12.195461;0.793097;-6.041797;-2.088668;-0.355343;0.427086;-0.578128
547;-7.685545;-5.40467;9.616831;0.073749;-6.667083;-2.758197;-0.530346;0.373454;-0.472246
548;-2.71768;-3.898705;4.716756;-0.738731;-6.610386;-3.96204;-0.681424;0.298019;-0.299777
549;-0.897494;-2.457018;3.702668;0.730432;-6.49433;-3.638403;-0.784872;0.183362;-0.093203
550;-2.011912;-1.944846;0.130542;1.073489;-6.18649;-2.842367;-0.803269;0.092077;0.100657
551;0.865848;-0.000696;-2.670686;2.259937;-5.838139;-2.36956;-0.77218;0.019086;0.271747
552;35.571064;21.556185;-6.296989;1.393644;-5.19346;-2.511746;-0.703058;-0.034591;0.43088
553;3.294607;5.177139;-10.946584;-0.236598;0.164465;-0.290063;-0.648731;-0.062221;0.505331
554;8.14436;-0.870722;0.192159;-0.566526;0.948262;0.675212;-0.642717;-0.046425;0.483175
555;11.022024;1.314;3.974291;0.974408;-0.982668;-0.245984;-0.641373;-0.041587;0.485395
556;8.542627;1.34462;-6.178189;1.051399;-0.722179;-0.27121;-0.642084;-0.032424;0.505243
557;8.991645;0.157753;-3.018464;-0.514011;1.005293;0.368647;-0.651232;-0.025773;0.493274
558;9.960135;-0.963359;1.190357;0.009551;0.297963;-0.010466;-0.663987;-0.026684;0.47764
559;9.553986;0.168687;-1.312712;0.422207;-0.096797;0.097518;-0.639797;-0.017442;0.499998
560;9.432775;-0.694082;-2.110251;-0.041188;0.349885;0.168777;-0.640844;-0.011221;0.49606
561;9.722323;-0.337808;-0.986386;-0.255345;0.469963;0.161653;-0.66512;-0.012066;0.472399
562;9.628742;0.072832;-1.581413;-0.438446;0.627437;0.191722;-0.676218;-0.011808;0.457098
563;9.824321;0.074163;-2.311232;-0.444053;0.948431;0.206751;-0.689258;-0.016953;0.436119
564;9.895597;0.749706;-2.776427;-0.334603;1.359527;0.316413;-0.698984;-0.013061;0.408468
565;8.915718;1.521531;-2.97286;-0.462506;1.975666;0.714785;-0.723768;-0.000186;0.358416
566;8.371198;1.709074;-2.453405;-0.628347;2.577123;1.045725;-0.757973;0.017821;0.288831
567;7.648604;0.798714;-1.248441;-0.582901;3.159978;1.502851;-0.784098;0.057165;0.197545
568;7.150846;-0.023181;-0.384465;-0.946711;3.508835;1.874716;-0.797449;0.104384;0.094886
569;5.95942;-1.031597;0.338715;-1.331625;3.97235;2.24598;-0.787139;0.174912;-0.024737
570;4.4495;-2.67148;2.122491;-0.932504;4.448248;2.669306;-0.752518;0.255294;-0.144833
571;2.364388;-4.742813;3.630453;0.182304;5.053469;2.749156;-0.687685;0.327296;-0.27067
572;-1.62019;-6.794466;7.750888;1.37734;5.455207;2.368403;-0.577759;0.381969;-0.410666
573;-3.166655;-1.667308;3.474187;0.812061;6.212938;2.110747;-0.425437;0.394586;-0.552368
574;-11.30954;-4.081886;6.635396;-2.516697;6.181984;1.064048;-0.235066;0.457174;-0.612036
575;-13.937772;-7.110861;5.96893;-2.359947;5.858491;1.859618;-0.057903;0.53091;-0.597493
576;-13.203496;-8.510033;7.905611;-1.517961;4.803758;1.662004;0.091668;0.567104;-0.563289
577;-10.007787;-8.25891;9.110531;-0.661927;2.342167;0.904394;0.190168;0.58314;-0.520395
578;-6.898598;-7.92415;6.225967;-1.164391;0.684927;0.632012;0.231833;0.58513;-0.496457
579;-7.94304;-11.138359;9.816387;-0.292488;0.477512;0.340317;0.251989;0.602724;-0.447501
580;-8.160139;-6.51499;6.568833;0.49992;0.320895;0.212615;0.267049;0.590767;-0.452724
581;-7.556096;-7.210697;5.151042;-0.701495;-0.093145;-0.139268;0.267022;0.597545;-0.458001
582;-7.055446;-6.874287;5.254037;0.09141;-0.13379;-0.094174;0.262606;0.602248;-0.453536
583;-7.246802;-5.253331;4.210935;0.039186;-0.127078;-0.139866;0.257333;0.60373;-0.457335
584;-7.265763;-4.879924;3.511758;0.029824;-0.211577;-0.151379;0.24887;0.60208;-0.452023
585;-7.296956;-5.323223;3.254919;-0.160261;-0.155806;-0.092623;0.2434;0.605316;-0.451853
586;-7.096022;-5.398876;3.241026;0.149534;-0.087119;-0.023167;0.23833;0.606103;-0.459489
587;-6.83392;-4.987074;3.499412;-0.065751;-0.030874;-0.029129;0.23931;0.604559;-0.461639
588;-6.89608;-5.476122;3.630082;-0.04432;-0.065561;0.003862;0.237599;0.606134;-0.460344
589;-6.791998;-5.550935;3.600536;-0.087361;0.019006;0.003447;0.23544;0.606869;-0.457273
590;-7.195826;-5.579307;4.097267;-0.036852;-0.013593;0.003628;0.234633;0.608925;-0.454432
591;-7.075533;-5.490325;3.837575;-0.093113;-0.023707;0.02549;0.234361;0.608729;-0.456917
592;-7.107667;-5.96456;3.908871;-0.020403;0.024132;0.021719;0.236641;0.61065;-0.455189
593;-7.070115;-5.787869;4.119251;0.026338;-0.027925;0.036613;0.236643;0.609721;-0.455182
594;-7.128232;-5.70406;3.656689;-0.143989;-0.086579;-0.007157;0.233439;0.611305;-0.453672
595;-7.018387;-6.068505;3.782012;-0.006185;-0.04794;0.001987;0.231894;0.613926;-0.451827
596;-7.098153;-5.564118;3.807074;-0.029606;-0.035468;-0.017241;0.23129;0.614888;-0.452821
597;-6.853524;-5.980121;3.582353;-0.147453;-0.056041;-0.007276;0.229776;0.616962;-0.450421
598;-6.92645;-5.623886;3.584117;0.055692;0.014455;0.009118;0.229168;0.616733;-0.451544
599;-7.03125;-5.506094;3.987055;-0.203494;-0.039702;-0.027479;0.22828;0.617171;-0.447732
600;-6.882928;-5.905672;3.552765;-0.129045;-0.017059;-0.032044;0.227387;0.620263;-0.443939
601;-6.9281;-5.795711;3.94118;-0.020664;-0.067953;-0.034404;0.226331;0.622244;-0.443171
602;-6.928705;-6.002633;3.805508;-0.10789;-0.161139;-0.076084;0.22079;0.623792;-0.444367
603;-7.187778;-6.715816;4.798861;0.01494;-0.274058;-0.159357;0.212635;0.628754;-0.443217
604;-7.264669;-6.858762;5.498809;0.378817;-0.727621;-0.253576;0.199237;0.624579;-0.45569
605;-7.030219;-7.426191;6.10881;-0.015373;-1.170371;-0.549497;0.171022;0.623423;-0.466303
606;-7.334385;-9.446196;7.884332;0.637975;-1.855588;-0.877673;0.127035;0.624236;-0.480039
607;-7.831965;-8.483129;8.931551;1.698747;-2.838104;-1.092695;0.055884;0.60057;-0.520955
608;-8.387875;-8.618128;10.463702;1.641995;-3.859563;-1.602762;-0.05019;0.563416;-0.560422
609;-7.791465;-8.18134;11.217301;1.650444;-4.619664;-1.765372;-0.197829;0.519962;-0.577028
610;-6.351645;-6.604616;10.551937;1.285883;-5.128692;-1.836463;-0.345943;0.465657;-0.555063
611;-4.693811;-4.953063;9.261874;0.655253;-5.516614;-2.247688;-0.489889;0.411595;-0.489332
612;-2.188114;-5.735809;7.260951;0.051361;-5.664758;-2.674511;-0.623712;0.354428;-0.366094
613;0.439189;-3.431829;3.915411;0.542305;-5.416304;-2.318073;-0.721512;0.282284;-0.222597
614;-0.293609;-1.829012;4.800835;0.160333;-5.497506;-2.505201;-0.781936;0.205098;-0.043729
615;0.310998;-4.727747;2.122509;0.952475;-5.490633;-2.329149;-0.791653;0.131409;0.124217
616;1.788871;0.137117;-1.924018;1.815086;-5.998732;-2.796171;-0.76142;0.079796;0.285352
617;4.436386;-1.827318;-27.542439;2.367702;-6.935629;-3.05266;-0.672596;0.015632;0.476711
618;4.459957;3.608062;-11.873281;0.211907;1.725887;1.004369;-0.65331;-0.004592;0.501013
619;9.543533;-0.943378;10.052605;-0.612464;0.844904;0.624905;-0.666724;0.00723;0.46119
620;10.480363;1.6285;0.509696;1.770471;-1.929477;-0.66868;-0.650176;0.016208;0.486408
621;8.392789;-0.6708;-9.595265;0.441467;0.046245;0.260737;-0.649304;0.036393;0.495511
622;9.867012;-0.794709;-0.040541;-0.794842;1.30592;0.452829;-0.66895;0.037502;0.46652
623;10.107818;-0.804955;2.050678;0.198478;-0.056593;-0.176448;-0.678525;0.034221;0.453918
624;9.761218;-0.607639;-2.151973;0.484874;-0.366237;-0.036238;-0.64818;0.041739;0.493729
625;9.35643;-0.990612;-1.918738;0.044122;0.304897;0.060548;-0.649543;0.046061;0.491442
626;9.784887;-0.764856;0.070966;0.066435;0.031513;-0.043937;-0.669227;0.045861;0.466723
627;9.702464;0.070933;-1.252523;0.151266;-0.039029;-0.022557;-0.668206;0.045422;0.467867
628;9.813065;-0.417342;-1.665289;0.202128;0.098757;0.132854;-0.669925;0.051577;0.466653
629;9.937712;-0.715876;-1.375253;0.044165;0.130929;0.032192;-0.662159;0.054893;0.473679
630;9.997616;-0.561445;-1.202161;-0.050993;0.09352;-0.006065;-0.664145;0.054551;0.472364
631;9.892831;-0.679002;-1.241032;-0.063386;0.191089;0.050027;-0.670761;0.055838;0.461499
632;9.520004;-0.654215;-1.131762;-0.262273;0.256894;0.045791;-0.675355;0.053603;0.45748
633;9.119318;-0.309773;-1.229572;-0.557693;0.621736;0.105804;-0.682748;0.048579;0.444704
634;9.703579;-0.280334;-2.359227;-0.254086;0.865781;0.159918;-0.691983;0.043938;0.428276
635;9.50034;0.568606;-3.019397;-0.349569;1.388573;0.489494;-0.70807;0.049189;0.396921
636;8.861466;0.797783;-3.463031;-0.560771;2.205565;0.917907;-0.734352;0.06506;0.344587
637;7.934218;0.491362;-2.792981;-0.8082;2.978891;1.262539;-0.761399;0.090136;0.266022
638;6.743036;-0.244512;-1.665059;-1.033698;3.491862;1.444133;-0.784281;0.12662;0.16636
639;5.447956;-0.69933;-0.200292;-0.920363;4.152605;2.00586;-0.786097;0.182593;0.044706
640;4.467371;-1.0734;0.819644;-0.826709;4.732568;2.410156;-0.764992;0.252227;-0.085206
641;2.050533;-2.371193;2.255498;-0.463745;5.354265;3.023324;-0.707031;0.3273;-0.219044
642;-0.922992;-5.442805;5.556108;0.345174;5.815698;2.82332;-0.595591;0.404431;-0.360655
643;-4.288004;-4.519643;5.655991;1.731018;6.541744;2.798988;-0.438184;0.434425;-0.508882
644;-11.317643;-3.107284;5.656641;-2.073601;6.513541;1.454474;-0.237402;0.48869;-0.593654
645;-14.230624;-6.886691;4.221976;-3.688306;6.145804;1.77169;-0.058832;0.572996;-0.563039
646;-15.218256;-11.669914;9.108535;-1.857873;4.990746;1.755313;0.092001;0.615189;-0.510536
647;-10.887941;-8.900221;8.189279;-0.574495;2.785382;1.161481;0.197376;0.624242;-0.462226
648;-8.173709;-8.518061;5.361727;-0.375636;0.914364;0.752317;0.246679;0.619008;-0.443982
649;-7.570598;-10.29115;8.42926;-0.382327;0.458011;0.395027;0.2681;0.638029;-0.389346
650;-7.830805;-7.689562;6.877111;0.921966;0.410834;0.317685;0.286521;0.625803;-0.39567
651;-7.34897;-5.937725;5.101192;0.218591;0.066282;0.065646;0.294645;0.605882;-0.427934
652;-6.860759;-6.933231;4.777539;-0.162301;-0.107742;-0.012547;0.294495;0.607812;-0.425616
653;-7.194146;-6.471286;4.807865;0.139938;-0.209404;-0.082851;0.28886;0.607418;-0.428589
654;-7.759874;-5.269349;3.684575;0.04735;-0.319175;-0.13727;0.279014;0.608111;-0.425963
655;-7.610106;-5.372387;3.20745;-0.14827;-0.493291;-0.114901;0.267918;0.610949;-0.42863
656;-7.544846;-5.581798;3.564776;0.04681;-0.423036;-0.12952;0.259188;0.613679;-0.438077
657;-7.279834;-4.775486;3.363084;-0.050304;-0.450784;-0.11307;0.248189;0.615012;-0.44403
658;-6.409832;-5.359444;3.119626;-0.156455;-0.26632;-0.05558;0.24005;0.616718;-0.445194
659;-6.940283;-5.474936;3.420809;-0.080482;-0.083717;-0.02895;0.233406;0.62219;-0.438898
660;-6.879271;-5.252524;3.266009;-0.161862;-0.016093;0.029025;0.231576;0.622299;-0.437322
661;-7.075011;-5.548329;3.516321;-0.176819;0.079113;0.035868;0.234957;0.62593;-0.435425
662;-7.15008;-5.695703;3.462556;-0.168621;0.102602;0.057652;0.237913;0.627914;-0.431332
663;-7.165498;-5.784668;3.506635;-0.092723;0.055249;0.040629;0.240321;0.63017;-0.427263
664;-7.135291;-5.6813;3.537386;-0.077528;0.019345;0.043547;0.24194;0.630428;-0.422661
665;-7.046236;-5.815029;3.447643;-0.042171;0.019001;0.036303;0.241264;0.632087;-0.41995
666;-7.001709;-5.800985;3.552545;0.069469;0.050178;0.008969;0.24305;0.631072;-0.422346
667;-7.075283;-5.637031;3.463505;-0.07995;0.052115;0.011489;0.243392;0.6313;-0.421097
668;-7.105202;-5.563408;3.642853;-0.071818;0.054821;0.014228;0.244049;0.633494;-0.419023
669;-7.180694;-5.792371;3.610943;0.073062;0.042929;0.007165;0.244339;0.632953;-0.418732
670;-7.0901;-5.548504;3.590829;-0.003954;0.032667;0.001648;0.243249;0.630509;-0.421234
671;-7.120723;-5.667252;3.701759;-0.045759;0.006095;0.002614;0.244273;0.632323;-0.419968
672;-6.926857;-5.698094;3.613481;0.040251;0.000133;0.001861;0.245328;0.63074;-0.42074
673;-7.120582;-5.652315;3.672008;0.006746;-0.028838;-0.03638;0.244735;0.630238;-0.421585
674;-7.307299;-5.761773;3.625106;-0.09384;-0.035219;-0.024657;0.242522;0.631531;-0.419483
675;-7.330403;-5.821632;3.818563;-0.040388;-0.013819;-0.007348;0.241067;0.634438;-0.418462
676;-7.150196;-5.6444;3.604674;-0.047614;-0.005586;0.001745;0.240868;0.634536;-0.417095
677;-7.075335;-5.644469;3.470919;-0.026185;-0.078512;-0.010676;0.238828;0.63707;-0.416783
678;-6.792383;-5.757503;3.375319;-0.011548;-0.068119;-0.034391;0.237543;0.636314;-0.417792
679;-6.94154;-5.70497;3.508852;-0.042177;-0.033849;-0.034589;0.236447;0.636061;-0.417834
680;-7.031404;-5.815268;3.477604;-0.022188;-0.01598;-0.025532;0.234927;0.637343;-0.415566
681;-7.067902;-5.681339;3.411036;-0.067249;0.047404;0.001492;0.234379;0.637083;-0.415586
682;-7.135388;-5.710877;3.522268;-0.130525;0.058376;-0.016886;0.236217;0.641742;-0.411833
683;-7.120994;-5.800083;3.566571;0.072232;0.05728;0.007107;0.235316;0.642519;-0.410774
684;-7.074905;-5.577581;3.419121;-0.060085;0.034857;0.005207;0.235442;0.640666;-0.411031
685;-7.047309;-5.96386;3.610839;-0.00395;0.036321;0.007096;0.237214;0.641115;-0.408625
686;-7.158265;-5.785083;3.596236;0.156256;0.01359;0.001023;0.23689;0.640812;-0.412074
687;-7.07669;-5.859952;3.626217;0.023128;-0.005504;-0.024606;0.235858;0.639268;-0.413479
688;-7.032045;-5.86043;3.656402;-0.010462;-0.024133;-0.029126;0.234776;0.639273;-0.413248
689;-6.956686;-5.742013;3.538345;0.01578;-0.024228;-0.021786;0.233707;0.641195;-0.41523
690;-7.001307;-5.712076;3.553126;0.024822;-0.008756;0.001868;0.233201;0.639058;-0.414547
691;-7.016633;-5.800894;3.559895;0.039302;-0.012471;7.6e-05;0.233133;0.638959;-0.415787
692;-7.09048;-5.725642;3.41804;-0.01871;-0.026458;4.9e-05;0.232282;0.638187;-0.416366
693;-7.046699;-5.889327;3.499393;-0.049444;-0.016408;-0.003683;0.230327;0.640613;-0.417012
694;-6.927282;-5.816462;3.567934;0.01224;0.016539;0.009043;0.230711;0.639031;-0.417535
695;-6.681844;-5.907529;3.613977;-0.036324;-0.039531;0.078551;0.232035;0.639237;-0.415833
696;-7.0328;-5.979329;3.745171;-0.039528;-0.053725;-0.04728;0.230644;0.640919;-0.413701
697;-7.077685;-5.935105;3.894365;0.080456;-0.153312;-0.061279;0.226381;0.640244;-0.416617
698;-7.004545;-6.114467;4.132549;0.013542;-0.158669;-0.101467;0.222411;0.641413;-0.419123
699;-6.929704;-6.070436;4.088628;0.082117;-0.212076;-0.105697;0.215253;0.641044;-0.422433
700;-6.887161;-6.383216;4.400336;0.042139;-0.281567;-0.170201;0.207341;0.641246;-0.427016
701;-7.129563;-6.931867;4.976994;0.058082;-0.439161;-0.293559;0.198652;0.64349;-0.428206
702;-7.069635;-6.630288;5.412226;0.327062;-0.872615;-0.408036;0.176962;0.641428;-0.442127
703;-6.759278;-7.071065;5.695282;0.234351;-1.258802;-0.597996;0.143569;0.639453;-0.454867
704;-6.808022;-7.680314;6.213315;0.37328;-1.492289;-0.773739;0.098089;0.63769;-0.470982
705;-6.581588;-7.140604;6.05437;1.310324;-1.812138;-0.885048;0.041945;0.6241;-0.497341
706;-6.281529;-6.308735;6.808291;0.870918;-2.096273;-1.006557;-0.016817;0.605041;-0.521702
707;-4.177882;-6.212288;6.257732;0.330074;-2.058696;-0.916972;-0.083152;0.59211;-0.529219
708;-2.922285;-5.444454;6.279709;-0.132356;-1.825873;-0.723289;-0.145341;0.587199;-0.520673
709;-1.973553;-5.15433;5.93806;-0.327365;-1.442946;-0.617492;-0.198027;0.582758;-0.508449
710;-1.444469;-5.467648;5.402745;-0.2085;-0.95098;-0.491738;-0.234527;0.586023;-0.492744
711;-1.998047;-5.716588;5.770046;0.165934;-0.635491;-0.425151;-0.259353;0.585438;-0.481357
712;-1.498974;-5.551886;6.200256;0.166356;-0.458278;-0.323704;-0.278157;0.579224;-0.48014
713;-1.701911;-5.722178;6.57819;0.17602;-0.415495;-0.199861;-0.293641;0.57349;-0.478243
714;-1.16647;-5.971118;6.610481;0.100915;-0.385938;-0.182717;-0.302076;0.565067;-0.482646
715;-0.661593;-6.184248;7.015891;0.052343;-0.268212;-0.132165;-0.311818;0.560205;-0.480801
716;-0.616257;-6.087996;6.942237;0.114115;-0.181772;-0.067695;-0.321397;0.560168;-0.47582
717;-0.683869;-6.206;6.940957;-0.05511;-0.179174;-0.095308;-0.32598;0.558324;-0.474615
718;-0.440358;-6.506114;7.388593;-0.21158;-0.140494;-0.112077;-0.329984;0.562026;-0.467651
719;-0.379089;-6.28329;7.129324;0.122683;-0.062911;-0.028046;-0.332233;0.559559;-0.468823
720;-0.454268;-6.269022;7.419878;0.02955;-0.03545;-0.038322;-0.332535;0.558382;-0.469377
721;-0.523781;-6.654874;7.700412;-0.073988;-0.086621;-0.033696;-0.338063;0.559524;-0.465343
722;-0.606516;-6.780463;7.773591;0.172995;-0.133114;-0.029521;-0.342898;0.557804;-0.463737
723;-0.291281;-6.301337;7.764173;0.077537;-0.233278;-0.071126;-0.347012;0.554668;-0.464016
724;0.044128;-6.436399;7.512118;-0.043646;-0.232908;-0.109574;-0.351603;0.553093;-0.462951
725;0.187108;-6.302937;7.200651;-0.101553;-0.200714;-0.074213;-0.358349;0.552848;-0.456205
726;0.136431;-6.108878;6.947809;-0.262437;-0.123138;-0.048323;-0.36499;0.556727;-0.449898
727;0.096861;-6.583023;7.011587;-0.146072;-0.048881;-0.064917;-0.367865;0.559473;-0.442331
728;0.232451;-6.302294;6.947279;0.05827;0.097232;-0.025119;-0.367279;0.560045;-0.4441
729;-0.021075;-6.271029;7.050033;0.131971;0.171157;-0.018973;-0.364134;0.55796;-0.446709
730;-0.163317;-6.329751;7.197819;0.084725;0.196582;0.051063;-0.360447;0.556204;-0.451912
731;-0.45496;-6.446663;7.373944;0.18967;0.190673;0.069443;-0.35852;0.554457;-0.456774
732;-0.439513;-6.181119;7.644433;0.109717;0.150126;0.073173;-0.353391;0.551192;-0.460671
733;-0.305243;-6.314412;7.353552;-0.060796;0.072046;0.045919;-0.349948;0.552142;-0.46274
734;-0.470805;-6.565737;7.537221;0.028754;0.046215;0.037924;-0.348785;0.553755;-0.463943
735;-0.365587;-6.388642;7.509322;0.000419;0.003544;0.048116;-0.348148;0.555098;-0.464753
736;-0.261917;-6.611223;7.374338;-0.012042;0.024823;0.024296;-0.34749;0.55318;-0.462787
737;-0.247482;-6.545901;7.688291;0.069503;0.016772;-0.006554;-0.347858;0.554954;-0.464465
738;-0.201137;-6.322986;7.436372;0.082342;0.021646;-0.035736;-0.347164;0.55196;-0.466891
739;-0.305541;-6.307534;7.487917;0.000692;0.01722;-0.004829;-0.346614;0.551157;-0.466863
740;-0.350544;-6.366476;7.494655;0.047715;0.010735;0.005288;-0.348595;0.551474;-0.468045
741;-0.282321;-6.218068;7.302116;0.073361;0.057012;-0.004901;-0.348506;0.549641;-0.468991
742;-0.27506;-6.240503;7.339337;0.017002;0.028034;0.010652;-0.349406;0.550484;-0.470409
743;-0.320047;-6.255285;7.420986;0.054302;0.058175;0.004186;-0.347189;0.550183;-0.469905
744;-0.289547;-6.151444;7.332344;0.075968;0.060087;0.026099;-0.344608;0.548111;-0.472812
745;-0.343045;-6.307618;7.584643;0.002784;0.096455;0.023103;-0.342527;0.548143;-0.474792
746;-0.455115;-6.30716;7.695731;0.078674;0.060039;0.020619;-0.341908;0.547904;-0.476003
747;-0.394878;-6.240457;7.569762;0.027826;0.01894;0.004315;-0.341333;0.546493;-0.478033
748;-0.335713;-6.322585;7.606988;-0.041029;0.021349;0.013335;-0.341647;0.547112;-0.476262
749;-0.484745;-6.343404;7.553486;0.033181;0.004579;0.00802;-0.341658;0.548311;-0.476409
750;-0.320208;-6.226121;7.540572;-0.054572;-0.007853;-0.033978;-0.341901;0.547768;-0.475864
751;-0.350366;-6.314701;7.51738;0.015189;0.009792;-0.016637;-0.341309;0.548535;-0.475021
752;-0.43918;-6.143808;7.577517;-0.001075;0.015224;-0.021245;-0.342091;0.547464;-0.474357
753;-0.454501;-6.284106;7.48694;0.000503;-0.014977;0.003503;-0.341224;0.547565;-0.473498
754;-0.320505;-6.300153;7.525164;-0.008529;-0.013161;-0.002888;-0.342393;0.549735;-0.474798
755;-0.320465;-6.307444;7.495267;0.053238;0.024069;-0.00114;-0.343;0.548709;-0.475915
756;-0.305161;-6.211305;7.510933;0.000583;0.006638;0.007988;-0.34252;0.548272;-0.474655
757;-0.425101;-6.307076;7.613873;-0.032928;0.006862;0.007928;-0.341699;0.54833;-0.472147
758;-0.424844;-6.306662;7.509405;0.051325;0.009824;0.007116;-0.341046;0.549532;-0.47268
759;-0.431716;-6.210048;7.450283;0.013132;-0.013074;0.019019;-0.342732;0.547714;-0.473559
760;-0.343108;-6.329786;7.569573;-0.032086;-0.011143;0.001629;-0.342689;0.548754;-0.47274
761;-0.320779;-6.344725;7.554721;0.083952;0.003137;-0.010128;-0.342418;0.549945;-0.472738
762;-0.230516;-6.182299;7.51915;-0.025699;-0.009513;-0.009298;-0.344335;0.548905;-0.472807
763;-0.320572;-6.314971;7.525067;-0.012163;-0.011274;0.002571;-0.343591;0.549531;-0.471681
764;-0.379668;-6.181246;7.555337;0.016813;-0.009662;0.004426;-0.344428;0.549415;-0.471989
765;-0.274892;-6.166678;7.40698;-0.01574;0.015047;0.027083;-0.346607;0.549299;-0.471801
766;-0.215749;-6.241485;7.46664;0.026017;0.035386;0.026145;-0.345199;0.549928;-0.471061
767;-0.192432;-6.122441;7.295958;0.008143;0.082133;0.02957;-0.344302;0.55101;-0.472133
768;-0.094984;-6.100257;7.110282;-0.063909;0.182523;0.061877;-0.340351;0.552171;-0.472396
769;0.084341;-6.167169;6.80525;0.023727;0.350084;0.107795;-0.331332;0.553612;-0.475071
770;0.580281;-5.635053;6.148322;0.086683;0.707931;0.22951;-0.318989;0.554735;-0.482011
771;0.743282;-5.696768;6.432726;0.69063;1.380301;0.418982;-0.293525;0.551826;-0.501875
772;-0.201436;-4.026592;5.712575;0.501626;2.087976;0.5889;-0.244051;0.542878;-0.533248
773;-1.664129;-3.726343;3.964707;-0.337684;3.09052;0.505748;-0.172941;0.547755;-0.553814
774;-6.624621;-5.289339;2.693099;-0.399141;4.12267;0.983094;-0.063849;0.56129;-0.565081
775;-10.741423;-5.135554;4.006104;-0.75684;4.259985;0.926014;0.055424;0.573028;-0.552819
776;-9.504361;-6.75857;7.183893;-0.587242;2.613343;0.72463;0.144753;0.588965;-0.522534
777;-7.752207;-5.442917;6.325178;-0.218595;0.610376;0.442103;0.18447;0.587216;-0.511851
778;-5.830733;-8.58134;7.229747;-0.814576;0.059691;0.18659;0.195584;0.599613;-0.49334
779;-7.528626;-7.479493;5.612168;0.73161;0.245278;0.182256;0.199106;0.59548;-0.484091
780;-7.408634;-5.687226;5.579959;-0.040023;0.150558;0.057649;0.205797;0.586471;-0.492147
781;-6.637146;-6.699625;5.206109;-0.251509;-0.163965;0.014972;0.206228;0.591695;-0.494093
782;-6.279673;-6.835339;5.073615;0.001289;-0.00327;-0.041889;0.204725;0.595621;-0.491432
783;-6.928016;-5.494006;4.465508;0.29029;-0.002069;-0.050656;0.203987;0.59022;-0.497611
784;-6.957546;-5.508023;4.323408;-0.153108;-0.150199;-0.097142;0.196902;0.591999;-0.491994
785;-6.751348;-6.028574;4.381285;0.10515;-0.088708;-0.057834;0.192692;0.593749;-0.49135
786;-6.523693;-5.303019;4.066849;0.074715;-0.000325;-0.032682;0.192219;0.590008;-0.500144
787;-6.450786;-5.453335;4.454466;-0.010447;-0.010591;-0.049158;0.190876;0.590805;-0.499654
788;-6.524919;-5.356476;4.469459;0.012133;-0.025147;-0.052716;0.189468;0.590574;-0.500396
789;-6.591864;-5.363079;4.401747;-0.040608;-0.034986;-0.007155;0.186375;0.590048;-0.499416
790;-6.556692;-5.653602;4.721005;-0.11494;-0.055218;-0.023583;0.184647;0.592693;-0.498405
791;-6.645811;-5.62295;4.645905;0.067949;-0.055447;-0.00875;0.184325;0.594046;-0.499253
792;-6.615172;-5.540952;4.460112;-0.042722;-0.095941;-0.008726;0.182158;0.592931;-0.501395
793;-6.543066;-5.832306;4.913968;-0.091652;-0.095554;-0.014257;0.179454;0.594863;-0.498216
794;-6.533598;-5.73351;4.27292;0.035417;-0.044438;-0.001548;0.17836;0.597261;-0.49814
795;-6.556692;-5.734511;4.571232;-0.071511;-0.048982;0.000155;0.177475;0.5975;-0.496802
796;-6.541419;-5.734041;4.422104;-0.064626;-0.142592;-0.024059;0.174486;0.59858;-0.496379
797;-6.379795;-6.165736;4.584694;-0.11315;-0.059651;-0.018092;0.171729;0.600938;-0.494169
798;-6.571414;-5.734096;4.4965;0.12568;-0.10427;-0.008462;0.170613;0.600232;-0.497097
799;-6.228282;-5.736385;4.379689;-0.339909;-0.15345;-0.047158;0.166587;0.603879;-0.493021
800;-6.456907;-6.389946;5.224414;-0.041073;-0.141042;-0.045002;0.161281;0.608227;-0.489827
801;-6.378829;-5.862614;4.750844;-0.023454;-0.268887;-0.073599;0.156401;0.607392;-0.49153
802;-6.501415;-6.286272;5.329224;-0.370069;-0.464804;-0.169911;0.14373;0.614057;-0.487822
803;-6.237393;-6.972014;5.819282;-0.30056;-0.73679;-0.245237;0.128077;0.622595;-0.483561
804;-5.997567;-6.905601;5.40364;-0.064018;-0.982026;-0.365139;0.101473;0.626871;-0.484521
805;-6.3653;-6.502186;7.179515;-0.027483;-1.334882;-0.489405;0.066844;0.627361;-0.489765
806;-5.88197;-7.206643;6.342816;0.062348;-1.671921;-0.71309;0.02535;0.630185;-0.490349
807;-5.479284;-7.216881;6.24133;0.478786;-1.816501;-0.863253;-0.030673;0.624948;-0.496683
808;-4.433327;-6.448901;6.649761;0.643032;-1.839415;-0.773417;-0.085875;0.611616;-0.508289
809;-3.490635;-6.193223;5.66608;0.281172;-1.766818;-0.761378;-0.149217;0.597202;-0.511136
810;-2.389479;-6.16837;6.510375;0.086755;-1.539772;-0.813559;-0.201861;0.589294;-0.503287
811;-1.985838;-6.257983;5.871091;0.583524;-1.320558;-0.638702;-0.245006;0.578545;-0.496961
812;-0.928878;-5.08717;5.573301;0.227614;-0.98372;-0.445336;-0.279987;0.563891;-0.496606
813;-0.649267;-5.293835;6.671044;-0.28241;-0.736643;-0.353111;-0.30551;0.56113;-0.48303
814;-0.493369;-5.965423;5.682828;0.179556;-0.404013;-0.146921;-0.320747;0.559117;-0.476474
815;-0.596492;-5.205021;6.589936;0.118311;-0.242656;-0.056463;-0.32972;0.552352;-0.47816
816;-0.601314;-6.088057;6.927425;-0.220953;-0.186728;-0.07725;-0.337066;0.554458;-0.469805
817;-0.319948;-6.475786;6.971811;0.067401;-0.03136;0.028282;-0.34024;0.555762;-0.467741
818;-0.167992;-5.928038;6.804892;0.051616;0.112876;0.082388;-0.337981;0.555309;-0.471499
819;-0.559351;-6.54152;7.215826;-0.107364;0.184558;0.065399;-0.330033;0.557609;-0.471197
820;-0.618808;-6.503994;7.215619;0.066557;0.20232;0.078323;-0.324702;0.559216;-0.473745
821;-0.783895;-6.504474;7.669568;-0.003436;0.16167;0.080222;-0.322536;0.56146;-0.474088
822;-0.694596;-6.60839;7.535247;0.087935;0.1149;0.04863;-0.318418;0.560286;-0.47639
823;-0.589846;-6.454113;7.656442;0.039678;0.060495;0.038784;-0.317531;0.560114;-0.480204
824;-0.619738;-6.5202;7.566237;-0.020993;0.03722;0.010523;-0.315333;0.558098;-0.480101
825;-0.761539;-6.578213;7.534935;0.044289;0.038315;-0.004913;-0.312914;0.559686;-0.480841
826;-0.880393;-6.473644;7.564564;0.116612;0.0218;0.006193;-0.313823;0.558015;-0.482516
827;-0.9019;-6.244078;7.640517;0.04582;-0.018229;-0.01014;-0.313635;0.556066;-0.484144
828;-0.782956;-6.38528;7.506178;-0.047559;-0.04727;-0.018347;-0.315694;0.556553;-0.481755
829;-0.58877;-6.312632;7.478274;-0.015867;-0.051102;-0.023738;-0.316599;0.556073;-0.4833
830;-0.752499;-6.266798;7.462406;-0.015772;-0.038679;-0.030191;-0.319335;0.556498;-0.483276
831;-0.827771;-6.414496;7.490724;0.040543;-0.017763;-0.044807;-0.319399;0.556927;-0.47943
832;-0.692576;-6.237376;7.39589;0.067538;-0.022822;-0.006428;-0.319758;0.554453;-0.481077
833;-0.69223;-6.148556;7.418858;-0.024897;-0.025615;0.004405;-0.321445;0.55522;-0.479362
834;-0.617941;-6.26723;7.299252;0.013175;-0.021413;0.004439;-0.322691;0.553914;-0.479678
835;-0.587617;-6.178384;7.255285;0.003341;0.011958;0.015231;-0.32164;0.55419;-0.480463
836;-0.723132;-6.341306;7.506918;0.00694;0.018345;0.024316;-0.322442;0.555382;-0.480091
837;-0.663501;-6.356486;7.477422;0.034972;0.008275;0.022578;-0.320865;0.555398;-0.481266
838;-0.753194;-6.437088;7.431444;-0.020193;0.004757;0.000618;-0.321324;0.55589;-0.479637
839;-0.678766;-6.415786;7.514232;0.03684;-0.003784;-0.008377;-0.321068;0.557222;-0.479912
840;-0.581422;-6.364349;7.425757;-0.019345;-0.0078;-0.002956;-0.322723;0.554593;-0.480234
841;-0.618662;-6.378719;7.388069;0.044122;0.006092;-0.002022;-0.322115;0.554955;-0.479112
842;-0.65544;-6.237883;7.448405;-0.028278;0.007328;-0.015804;-0.322298;0.555377;-0.479948
843;-0.618325;-6.311979;7.373581;0.038705;0.011542;0.000685;-0.32419;0.556578;-0.479482
844;-0.588185;-6.223428;7.404235;-0.017473;0.000182;-0.008456;-0.323502;0.555641;-0.479448
845;-0.692832;-6.281919;7.417985;0.029747;0.020374;-0.013962;-0.323509;0.555247;-0.479583
846;-0.707841;-6.296676;7.432701;0.021576;0.033258;0.007857;-0.323819;0.55434;-0.480276
847;-0.611126;-6.319802;7.463133;-0.006662;-0.003357;0.00069;-0.323487;0.555368;-0.47917
848;-0.558677;-6.283;7.418996;-0.013811;0.029197;0.018785;-0.323365;0.555507;-0.479441
849;-0.655926;-6.34164;7.455189;0.009791;0.031564;0.007853;-0.321568;0.555745;-0.479096
850;-0.752751;-6.318691;7.469529;0.016937;0.011776;0.007939;-0.322861;0.555391;-0.480246
851;-0.708389;-6.385821;7.491816;-0.024793;-0.000445;0.009761;-0.322109;0.556013;-0.478982
852;-0.641264;-6.371573;7.499879;0.024171;-0.000988;-0.00749;-0.322761;0.557462;-0.478331
853;-0.574145;-6.342625;7.537889;-0.054649;-0.010353;-0.013933;-0.323765;0.55723;-0.479195
854;-0.559322;-6.401722;7.462993;0.065954;0.018369;-0.013894;-0.323458;0.555884;-0.478623
855;-0.528641;-6.209327;7.464477;-0.039368;-0.018271;0.006193;-0.326444;0.55577;-0.478191
856;-0.618345;-6.267879;7.463416;-0.0093;-0.000871;-0.016651;-0.325167;0.556663;-0.477321
857;-0.662667;-6.208039;7.411232;0.038714;0.006026;-0.010235;-0.324661;0.555617;-0.478119
858;-0.527709;-6.156342;7.181259;-0.035364;0.047914;0.002261;-0.32534;0.555754;-0.478009
859;-0.318003;-6.14167;6.794902;-0.027648;0.166679;0.044635;-0.322959;0.557427;-0.476963
860;0.309222;-6.299293;6.037474;0.250204;0.544057;0.130069;-0.314311;0.55514;-0.484027
861;0.435664;-5.295722;4.955455;0.635078;1.210551;0.324735;-0.293492;0.548032;-0.503909
862;-0.437503;-4.153163;4.478673;-0.00755;1.96396;0.524842;-0.249595;0.547011;-0.526899
863;-2.588393;-4.966777;4.733178;-0.221647;2.792897;0.783405;-0.182566;0.557288;-0.544367
864;-5.092844;-5.189715;4.362006;0.055047;3.590324;1.035446;-0.08111;0.560214;-0.563014
865;-8.955356;-5.374892;4.689703;-0.808203;3.969425;0.910052;0.027572;0.57116;-0.556811
866;-8.874046;-5.903544;7.037524;-0.663929;2.684059;0.733428;0.118128;0.584702;-0.531685
867;-7.612304;-5.821919;6.323774;-0.11756;0.882947;0.431951;0.159171;0.588527;-0.516588
868;-5.972049;-7.493813;6.07162;-0.822835;0.225813;0.226896;0.173521;0.596143;-0.504102
869;-7.155849;-8.112176;7.44662;0.178569;0.156237;0.167356;0.182085;0.603768;-0.484834
870;-7.213443;-5.355527;5.620908;0.360012;0.196866;0.176585;0.19155;0.591199;-0.494816
871;-6.63741;-6.52352;5.640068;-0.311626;-0.035148;0.023473;0.193287;0.594783;-0.49546
872;-6.262299;-6.397528;4.87511;0.033151;-0.121316;-0.0012;0.191671;0.595317;-0.494979
873;-6.422113;-5.617224;4.61779;0.027175;-0.081492;-0.038768;0.189625;0.594473;-0.497393
874;-6.974338;-5.687461;4.762393;0.036781;-0.167033;-0.055768;0.183614;0.594662;-0.497223
875;-6.733353;-5.5015;4.093817;-0.215319;-0.233272;-0.038486;0.177912;0.596024;-0.496361
876;-6.469647;-6.180394;4.725702;0.033381;-0.106603;-0.035936;0.174961;0.600268;-0.495135
877;-6.361002;-5.409365;4.395734;0.166808;-0.031055;-0.011428;0.173403;0.596863;-0.501224
878;-6.422469;-5.683994;4.63974;-0.138474;-0.061444;-0.03361;0.17075;0.597247;-0.499683
879;-6.385113;-5.765056;4.452937;0.033509;-0.0751;-0.023288;0.167546;0.599097;-0.498174
880;-6.467667;-5.72118;4.766016;0.004651;-0.037081;-0.01437;0.165653;0.600431;-0.49771
881;-6.391887;-5.557955;4.558706;-0.009875;-0.035002;0.002024;0.166401;0.600327;-0.499054
882;-6.386242;-5.869845;4.720892;-0.16008;-0.032556;-0.031028;0.165073;0.601381;-0.49829
883;-6.423659;-5.89921;4.72788;-0.008183;-0.074734;-0.021524;0.16252;0.603969;-0.494835
884;-6.392737;-5.750561;4.549984;-0.116817;-0.053114;0.000126;0.162014;0.60528;-0.49404
885;-6.372201;-5.989041;4.854546;-0.050651;-0.04013;-0.005309;0.160474;0.605245;-0.492176
886;-6.348519;-5.825278;4.616995;-0.09065;-0.077588;-0.008849;0.157409;0.606762;-0.493135
887;-6.276271;-6.226734;4.808953;-0.196833;-0.159028;-0.060628;0.154416;0.612418;-0.490133
888;-6.336348;-6.241692;4.96511;0.016666;-0.207203;-0.06834;0.1493;0.613755;-0.48856
889;-6.157734;-6.280326;5.003525;0.007296;-0.285367;-0.091711;0.139612;0.613244;-0.490595
890;-6.262882;-6.288134;5.316096;0.017891;-0.37756;-0.14967;0.130181;0.613932;-0.492904
891;-6.262417;-6.096148;5.481519;-0.258128;-0.561022;-0.211263;0.117301;0.616458;-0.493163
892;-6.015171;-7.159897;6.036153;-0.249072;-0.818741;-0.325048;0.09769;0.62344;-0.488774
893;-6.163875;-6.76829;6.612174;0.170727;-1.133713;-0.413396;0.067535;0.625429;-0.492198
894;-5.807424;-7.082175;6.568061;-0.035143;-1.5356;-0.626241;0.025448;0.625564;-0.496225
895;-5.751966;-7.62629;7.266405;0.203166;-1.824614;-0.819833;-0.025283;0.623343;-0.498243
896;-4.945844;-7.27044;7.453928;0.524062;-2.189124;-0.921698;-0.084966;0.616005;-0.504021
897;-3.351704;-6.698829;5.828017;0.332653;-2.073565;-0.893137;-0.151551;0.603393;-0.503573
898;-2.629753;-6.463519;6.68573;0.217508;-1.909522;-0.915787;-0.214152;0.591592;-0.495269
899;-1.658807;-6.137032;6.471346;0.40847;-1.681857;-0.827941;-0.274565;0.576057;-0.487125
900;-0.850086;-5.593122;5.943726;0.277166;-1.439581;-0.746087;-0.322846;0.560553;-0.474781
901;0.181858;-4.970694;5.716804;-0.098588;-1.119262;-0.592823;-0.359912;0.55097;-0.45983
902;0.418054;-5.45441;5.767686;-0.010486;-0.748216;-0.411891;-0.386639;0.547345;-0.44327
903;0.657279;-5.359541;5.65072;0.31844;-0.353112;-0.179649;-0.401985;0.540215;-0.438882
904;0.475906;-5.560712;6.297261;0.161792;-0.08908;-0.093456;-0.407901;0.532932;-0.44223
905;0.53407;-5.747423;6.550208;0.174973;0.085945;-0.002985;-0.408112;0.52886;-0.443721
906;0.263797;-5.873458;7.114478;0.091553;0.14328;0.084188;-0.408228;0.527527;-0.448393
907;0.232067;-6.185225;7.321156;0.071451;0.125769;0.10338;-0.4032;0.528356;-0.451498
908;0.23036;-6.393918;7.633204;0.082257;0.100338;0.077969;-0.400362;0.527218;-0.454677
909;0.46892;-6.292762;7.799843;-0.046519;0.065381;0.069767;-0.395391;0.529467;-0.456282
910;0.497834;-6.544526;7.701414;0.101271;0.083835;0.053466;-0.392703;0.530259;-0.457143
911;0.528898;-6.263252;7.710941;0.036934;0.078937;0.054323;-0.390468;0.529751;-0.458837
912;0.333616;-6.514189;7.857076;-0.026676;0.00352;0.011674;-0.392195;0.531865;-0.457822
913;0.395085;-6.20278;7.68047;0.000432;-0.01468;0.006329;-0.391568;0.530095;-0.456408
914;0.454759;-6.232602;7.606105;-0.102936;-0.033556;0.016304;-0.392316;0.531328;-0.457548
915;0.380163;-6.290949;7.523075;0.003318;0.010281;0.000745;-0.391831;0.531817;-0.456156
916;0.35043;-6.261161;7.54543;-0.042878;-0.021271;-0.038399;-0.394112;0.533011;-0.455294
917;0.276256;-6.193791;7.522918;0.02785;0.006176;-0.024746;-0.393907;0.532245;-0.451566
918;0.291421;-6.075809;7.635736;0.054026;0.009907;-0.001919;-0.394165;0.532573;-0.45378
919;0.350861;-6.157494;7.561032;0.033179;-0.007183;-0.017376;-0.39471;0.531849;-0.456272
920;0.455581;-6.098885;7.517433;0.025134;0.014414;-0.016557;-0.396474;0.530268;-0.456056
921;0.336058;-6.142496;7.546093;0.04764;0.021067;0.027208;-0.394845;0.530656;-0.456269
922;0.351347;-6.053737;7.554248;-0.03297;0.010729;0.015291;-0.395415;0.530408;-0.456702
923;0.373033;-6.231528;7.501019;0.040519;0.040771;0.022553;-0.395384;0.529596;-0.456145
924;0.432881;-6.158095;7.546725;0.116577;0.069442;0.060847;-0.391992;0.530041;-0.459176
925;0.351392;-6.031599;7.576779;-0.035591;0.054173;0.04611;-0.390409;0.530982;-0.460219
926;0.230602;-6.319975;7.670999;0.004316;0.053679;0.030644;-0.387746;0.532118;-0.459021
927;0.163821;-6.201273;7.768275;0.104792;0.040338;0.02263;-0.387147;0.530894;-0.463114
928;0.246529;-6.097794;7.665102;-0.035638;-0.004025;-0.018401;-0.387561;0.528911;-0.463254
929;0.282761;-6.335124;7.648909;0.022273;-0.00243;-0.001918;-0.386405;0.532117;-0.459517
930;0.290959;-6.194235;7.605113;0.089378;0.005912;-0.013714;-0.387253;0.529885;-0.460085
931;0.261512;-6.105146;7.620394;-0.042901;0.003386;-0.002939;-0.388237;0.530571;-0.460542
932;0.395257;-6.217215;7.583367;0.028719;0.020881;0.00074;-0.389144;0.530555;-0.459615
933;0.314184;-5.994431;7.621513;-0.057407;0.008103;0.006149;-0.38912;0.530743;-0.461679
934;0.290996;-6.194177;7.590189;-0.012116;0.012318;0.011655;-0.388302;0.531862;-0.459179
935;0.350958;-6.127916;7.576149;0.027797;0.011822;-0.00652;-0.388347;0.531885;-0.460006
936;0.380356;-6.187665;7.635683;-0.011148;0.008457;-0.012028;-0.388496;0.533417;-0.457685
937;0.321254;-6.083369;7.613526;0.032365;0.026227;0.000719;-0.389469;0.53224;-0.45799
938;0.336175;-6.07611;7.621149;0.029673;0.037101;0.007967;-0.388799;0.532638;-0.458241
939;0.216683;-6.104963;7.664829;-0.036572;0.006101;0.002526;-0.38782;0.531359;-0.460393
940;0.373143;-6.150442;7.606021;0.024154;0.028319;0.018942;-0.388278;0.531585;-0.458763
941;0.306093;-6.127792;7.635509;0.007864;0.032032;0.020722;-0.386908;0.532101;-0.458712
942;0.245697;-6.29037;7.648919;0.038646;0.020904;0.009858;-0.387411;0.531819;-0.457905
943;0.231292;-6.179114;7.649533;0.017718;0.006792;0.016276;-0.386692;0.530801;-0.459794
944;0.3352;-6.276272;7.649689;-0.04479;-0.001796;0.009851;-0.387581;0.533163;-0.458471
945;0.283649;-6.14246;7.642706;-0.006739;-0.003036;0.004435;-0.388022;0.53305;-0.459038
946;0.313374;-6.194327;7.582895;-0.004764;0.021024;-0.004786;-0.387323;0.533699;-0.45874
947;0.38074;-6.142916;7.561353;0.013278;0.007468;-0.004695;-0.387004;0.533806;-0.457903
948;0.291016;-6.157367;7.650127;-0.015775;-0.018534;-0.021046;-0.387616;0.534705;-0.456559
949;0.306908;-5.979375;7.576782;-0.036871;-0.049391;0.008247;-0.389352;0.533773;-0.455796
950;0.261782;-6.053224;7.605809;-0.061473;-0.044163;0.053784;-0.390353;0.534931;-0.454057
951;0.216396;-6.201044;7.604503;0.002939;-0.037703;0.034683;-0.39135;0.537147;-0.452187
952;0.471191;-6.112583;7.204043;-0.016746;0.001829;0.033593;-0.391029;0.53659;-0.451345
953;1.011448;-6.074282;5.798005;0.032525;0.249056;0.063624;-0.386713;0.538433;-0.452423
954;1.928837;-6.7058;4.375545;0.807629;1.054291;0.241827;-0.372862;0.532781;-0.469569
955;0.847431;-3.717324;4.080822;0.675834;1.983911;0.406349;-0.331429;0.518798;-0.513057
956;0.321728;-3.560394;2.943578;-0.327928;3.148013;0.641576;-0.273176;0.5248;-0.541023
957;-4.930345;-5.362566;4.645683;-0.233682;4.004714;0.821707;-0.174707;0.538951;-0.561385
958;-8.413241;-5.054103;3.04672;-0.172755;4.493979;1.010829;-0.052485;0.54533;-0.577988
959;-10.349371;-3.939886;4.38997;-0.992969;4.183608;0.974442;0.08269;0.561599;-0.562508
960;-9.490417;-6.421888;8.201068;-0.25886;2.51452;0.655318;0.170627;0.575505;-0.5302
961;-7.759919;-4.438265;5.242149;-0.17034;0.927095;0.580345;0.215181;0.567053;-0.518862
962;-7.577733;-8.329372;8.882242;-0.881903;0.506774;0.346786;0.238584;0.580795;-0.495742
963;-8.109171;-7.823921;7.687523;0.702377;0.422788;0.422201;0.254468;0.575588;-0.490666
964;-7.915508;-5.447883;6.040338;0.129271;0.08864;0.214977;0.250681;0.558835;-0.502937
965;-6.949277;-6.40145;5.384777;-0.347691;-0.149978;0.076779;0.252456;0.560806;-0.497929
966;-6.874002;-6.34201;5.191713;-0.149894;-0.154409;-0.019598;0.261354;0.567145;-0.495143
967;-7.331728;-5.57368;4.820121;-0.131089;-0.26141;-0.092101;0.25684;0.568781;-0.49506
968;-7.464517;-5.666024;4.087203;-0.247029;-0.291409;-0.101285;0.247578;0.574688;-0.494099
969;-7.375371;-5.755476;4.042523;-0.052941;-0.237204;-0.103072;0.230103;0.580613;-0.490717
970;-6.949062;-5.388741;4.122764;0.083413;-0.110435;-0.079663;0.224952;0.581372;-0.492305
971;-6.842401;-4.988667;3.917229;-0.036218;-0.120203;-0.066999;0.227527;0.579038;-0.495348
972;-6.807119;-5.359921;4.041942;-0.082614;-0.175683;-0.086892;0.224003;0.584229;-0.494564
973;-6.888553;-5.152427;4.199383;-0.087909;-0.113262;-0.047038;0.217348;0.58573;-0.493604
974;-6.844986;-5.412075;4.190563;-0.028832;-0.05148;-0.019868;0.210405;0.586844;-0.492928
975;-6.829146;-5.241521;4.124631;0.033675;-0.030106;0.003843;0.208093;0.585867;-0.495214
976;-6.851951;-5.271479;4.251123;-0.136812;-0.080102;-0.005295;0.211197;0.587381;-0.49345
977;-6.853249;-5.531002;4.301662;-0.100625;-0.075672;0.010232;0.210023;0.590812;-0.492284
978;-6.941061;-5.299656;4.063705;-0.094277;-0.03927;0.06206;0.207942;0.590913;-0.490306
979;-7.029179;-5.002604;4.072431;-0.620494;-0.037224;0.075926;0.206793;0.598839;-0.483532
980;-6.811562;-5.984909;4.701993;-0.127979;-0.09859;0.018501;0.205371;0.605108;-0.474282
981;-6.895154;-5.0848;3.975903;-0.175217;-0.114114;0.053161;0.205974;0.607594;-0.473176
982;-7.249179;-4.362473;3.783894;-1.34408;-0.158527;0.156619;0.20623;0.621186;-0.455522
983;-6.665362;-6.814506;4.339514;-0.718224;-0.230548;0.038306;0.203397;0.640944;-0.429097
984;-6.618225;-6.310815;4.283449;0.315349;-0.173117;0.04496;0.197793;0.640269;-0.431518
985;-6.701927;-5.168156;4.051449;-0.038075;-0.184449;0.090148;0.197146;0.634889;-0.438519
986;-6.327561;-6.548534;3.85129;-0.134996;-0.04714;0.05111;0.196902;0.640445;-0.432793
987;-6.646653;-6.117113;4.075547;0.367052;0.041981;0.075111;0.199672;0.633442;-0.43992
988;-6.68875;-5.774195;3.637179;-0.138251;0.01359;0.040796;0.202336;0.631461;-0.441312
989;-6.796369;-6.455312;3.714019;-0.063689;0.062193;0.029715;0.201722;0.635144;-0.434899
990;-6.912807;-5.758431;3.85199;0.09043;0.078717;0.001597;0.20392;0.634124;-0.437279
991;-6.749883;-5.974733;3.881669;-0.119624;0.054538;-0.044175;0.203068;0.636202;-0.435265
992;-6.712464;-5.908588;3.942081;-0.007267;0.088169;-0.018624;0.202774;0.637739;-0.433088
993;-6.689697;-5.834559;3.912886;-0.028143;0.073893;-0.024971;0.204161;0.637451;-0.432755
994;-6.764692;-5.864127;4.046447;-0.018129;0.080913;-0.032288;0.204999;0.637434;-0.432446
995;-6.750008;-5.901381;4.068704;0.088727;0.082005;-0.02941;0.204623;0.638084;-0.431778
996;-6.868172;-5.655951;4.076866;0.034217;0.048307;-0.029343;0.205494;0.637587;-0.43339
997;-6.735799;-6.027661;4.120226;-0.036547;0.023732;-0.029332;0.20467;0.637397;-0.430946
998;-6.809131;-5.789764;4.068981;0.195123;-0.004697;-0.021599;0.205165;0.634966;-0.434484
999;-6.763666;-5.612396;4.092866;-0.091267;-0.049358;-0.027259;0.202331;0.635705;-0.436254
1000;-6.705876;-6.027724;4.075679;0.129832;-0.027621;-0.028882;0.200624;0.636418;-0.437428
1001;-6.80806;-5.596804;3.988158;0.123573;-0.015106;-0.032591;0.200004;0.63447;-0.438814
1002;-6.727397;-5.849668;4.061749;-0.058563;-0.022564;-0.01639;0.198352;0.633961;-0.439014
1003;-6.690471;-5.953488;4.009117;0.120791;-0.013017;-0.01254;0.197813;0.63403;-0.441374
1004;-6.673882;-5.568426;4.034134;-0.024244;-0.03708;-0.012619;0.197531;0.631187;-0.444116
1005;-6.564507;-6.073378;4.091379;-0.051307;-0.020806;-0.018202;0.194737;0.63343;-0.442594
1006;-6.630625;-5.916834;3.987422;0.159792;0.010213;0.002012;0.194845;0.633311;-0.443139
1007;-6.793543;-5.671103;4.010172;-0.131828;-0.009598;-0.02202;0.193231;0.632651;-0.442648
1008;-6.721244;-6.14603;4.044944;0.023096;0.019201;0.00086;0.193235;0.633974;-0.44252
1009;-6.629863;-5.731726;4.018481;0.043047;0.005289;-0.027303;0.19477;0.632951;-0.444514
1010;-6.571535;-5.95495;4.13687;-0.01667;0.008264;-0.040163;0.189725;0.633789;-0.444173
1011;-6.630818;-5.89508;4.10696;0.086665;0.03729;-0.02556;0.191407;0.63415;-0.44342
1012;-6.62257;-5.702622;4.138124;-0.027662;0.004183;-0.014622;0.189542;0.633946;-0.445006
1013;-6.586174;-5.895558;4.137145;-0.068434;-0.004565;-0.020115;0.191222;0.634904;-0.441783
1014;-6.630908;-5.858448;4.21167;0.117229;0.006829;-0.00988;0.189605;0.633584;-0.446377
1015;-6.675008;-5.761475;4.137343;-0.07662;-0.011695;-0.0201;0.188644;0.634258;-0.44642
1016;-6.675981;-5.968987;4.150911;-0.067635;-0.030655;-0.025484;0.188808;0.634972;-0.443393
1017;-6.616193;-5.925072;4.166575;0.141582;-0.013965;-0.009759;0.187029;0.633863;-0.445932
1018;-6.630264;-5.739726;4.167674;0.01742;-0.031932;-0.010759;0.185838;0.632199;-0.447755
1019;-6.720766;-5.983445;4.150477;0.040945;-0.030199;0.000193;0.184144;0.63297;-0.446178
1020;-6.60119;-5.895615;4.181805;0.157052;-0.000655;-0.012528;0.18252;0.631388;-0.450908
