time index;acc_x;acc_y;acc_z;gyr_x;gyr_y;gyr_z;mag_x;mag_y;mag_z
1;5.39741;7.115167;3.9535;0.011165;0.00656;0.004387;-0.426746;-0.492707;-0.648733
2;5.377899;7.073996;3.943469;0.002239;-0.000573;-0.00359;-0.428114;-0.492765;-0.647078
3;5.387643;7.11997;3.963185;0.002344;0.008212;-0.00976;-0.428788;-0.492695;-0.649647
4;5.390187;7.11985;3.987507;0.009391;0.004749;-5.4e-05;-0.425989;-0.494338;-0.647328
5;5.407217;7.13448;3.970663;0.009364;0.008346;0.006194;-0.427995;-0.492158;-0.649612
6;5.409669;7.129642;3.968225;0.023682;-0.000564;-0.000196;-0.42749;-0.493004;-0.647837
7;5.372929;7.122421;3.958244;0.021918;0.003858;0.000724;-0.427912;-0.492995;-0.64826
8;5.390059;7.124844;3.95836;0.007433;-0.00753;0.009678;-0.427307;-0.492166;-0.649174
9;5.417014;7.11514;3.958481;0.00748;-0.016471;-0.002816;-0.427984;-0.493821;-0.647317
10;5.390028;7.122467;3.948626;0.013835;0.006572;0.006143;-0.429143;-0.493382;-0.648988
11;5.402358;7.110269;3.963231;-0.00325;0.003106;0.011601;-0.428172;-0.492206;-0.648024
12;5.387566;7.134567;3.953528;-0.003183;0.008377;0.008073;-0.428039;-0.492205;-0.648016
13;5.39254;7.105468;3.953425;0.016376;-0.012868;0.006906;-0.427949;-0.492976;-0.648929
14;5.375472;7.090886;3.960546;0.00934;-0.00943;-0.004582;-0.427893;-0.493402;-0.647985
15;5.375287;7.134617;3.94373;0.013917;0.002927;-0.006327;-0.428866;-0.49365;-0.648834
16;5.363024;7.139481;3.941246;-0.003274;-0.001324;0.010686;-0.428017;-0.493539;-0.647857
17;5.436653;7.151318;3.997659;-0.003246;0.001311;0.008047;-0.42818;-0.492863;-0.648278
18;5.44668;7.093024;4.0169;0.007674;0.001122;-0.011613;-0.427885;-0.492744;-0.647731
19;5.404659;7.115286;3.929237;0.021106;0.001126;-0.009951;-0.427781;-0.494845;-0.648617
20;5.348261;7.149242;3.929046;0.011252;0.004688;-0.007187;-0.427962;-0.493832;-0.646916
21;5.402014;7.180781;3.924659;0.003935;-0.002257;0.004409;-0.427589;-0.494081;-0.647423
22;5.392436;7.144266;3.953602;-0.003135;0.006549;0.000951;-0.428156;-0.493669;-0.647995
23;5.368227;7.085929;3.982356;0.00034;0.006639;0.01336;-0.427369;-0.4926;-0.647971
24;5.387845;7.073802;3.982421;0.014839;0.006453;-0.006321;-0.428204;-0.49338;-0.648802
25;5.407162;7.144216;3.963415;0.025479;-0.000573;-0.001099;-0.427264;-0.493379;-0.648616
26;5.389941;7.16124;3.953664;0.025551;-0.002427;-0.010891;-0.426053;-0.493908;-0.648404
27;5.372822;7.151556;3.951084;-0.003214;0.006623;0.009842;-0.427548;-0.493107;-0.648903
28;5.380351;7.115074;3.972841;0.0077;0.017117;-0.000866;-0.42706;-0.494473;-0.647519
29;5.390059;7.124844;3.95836;0.014793;0.009174;0.000814;-0.426533;-0.492546;-0.649656
30;5.38025;7.134532;3.960775;0.005702;0.006649;0.014214;-0.427433;-0.493493;-0.649289
31;5.380247;7.13937;3.963228;-0.005118;-0.000383;0.016934;-0.426952;-0.494195;-0.647917
32;5.363278;7.112579;3.987309;0.012833;-0.004913;0.007864;-0.4266;-0.493242;-0.648581
33;5.421974;7.119893;3.977979;0.016382;-0.011989;0.006028;-0.428004;-0.493414;-0.647592
34;5.368019;7.134522;3.963131;0.014598;-0.011111;0.006041;-0.427783;-0.493256;-0.648381
35;5.397518;7.124698;3.987574;0.00194;-0.018984;0.013221;-0.428052;-0.492992;-0.648402
36;5.382631;7.134616;3.943775;0.014523;-0.028826;0.000614;-0.428153;-0.492613;-0.647749
37;5.477983;7.158922;3.929886;-0.016242;-0.048017;0.022124;-0.428417;-0.491424;-0.64752
38;5.475665;7.124926;3.93944;-0.011058;-0.063858;0.030884;-0.431881;-0.491972;-0.647838
39;5.333862;7.049802;3.933365;0.003793;-0.037725;-0.006479;-0.433574;-0.489355;-0.646785
40;5.387854;7.042375;3.962831;0.005736;-0.024527;-0.01353;-0.434238;-0.492207;-0.644905
41;5.488019;7.146532;3.983368;0.011006;-0.035998;-0.013603;-0.433319;-0.491666;-0.644997
42;5.471614;7.041702;4.097034;0.042561;-0.029178;-0.034293;-0.43531;-0.492279;-0.642701
43;5.581329;6.961844;4.551893;0.095387;-0.031184;-0.047169;-0.434233;-0.49466;-0.642861
44;5.275349;8.056122;3.44659;0.028962;-0.039548;0.178379;-0.437946;-0.498198;-0.641007
45;5.894805;7.093448;3.428978;-0.386645;-0.174733;0.314421;-0.445482;-0.484037;-0.645163
46;5.336122;6.237409;3.944253;-0.196498;-0.048309;0.175507;-0.453327;-0.473497;-0.648335
47;5.138984;6.535645;4.445141;0.0389;0.171888;0.036941;-0.452165;-0.468772;-0.65049
48;5.367366;7.682803;2.93013;0.103679;0.04834;0.123937;-0.451067;-0.471826;-0.650369
49;5.11077;7.660527;3.028115;-0.232886;-0.12229;-0.026293;-0.452906;-0.465959;-0.651384
50;5.300989;6.533317;3.930804;-0.615229;0.025782;-0.207414;-0.450939;-0.456396;-0.659708
51;6.611948;6.255406;4.68625;-0.712318;-0.081363;-0.262129;-0.445833;-0.445594;-0.668678
52;7.322364;4.633615;5.555841;-0.437699;0.076924;-0.402361;-0.439474;-0.433819;-0.678793
53;5.613297;5.598047;4.263892;0.059756;-0.029297;-0.643718;-0.431151;-0.442734;-0.681082
54;4.800847;7.81335;4.006505;0.115803;-0.056918;-0.35782;-0.426516;-0.453348;-0.680752
55;4.714583;7.189301;4.671583;-0.15595;-0.032283;-0.187475;-0.423296;-0.457576;-0.68089
56;4.807943;7.37253;4.884468;-0.001216;-0.195278;0.094972;-0.427051;-0.461224;-0.679834
57;4.693544;7.70103;4.656775;-0.034406;-0.226293;0.07643;-0.436343;-0.461165;-0.675035
58;5.128386;7.651361;4.391834;0.017467;-0.161998;0.144867;-0.445227;-0.457863;-0.671872
59;5.206722;7.356528;4.186784;-0.065878;-0.091361;0.121886;-0.450545;-0.449027;-0.675269
60;5.693614;6.899405;4.425898;-0.005343;-0.01627;0.022214;-0.453981;-0.446017;-0.674455
61;5.911717;6.710594;4.353451;0.032062;0.048948;-0.099563;-0.451091;-0.45194;-0.67125
62;5.586535;6.608633;4.38502;0.104665;0.059366;-0.202428;-0.445328;-0.45669;-0.671101
63;5.467767;6.890557;4.25918;0.085089;0.077065;-0.203932;-0.44137;-0.462142;-0.670108
64;5.27299;6.778084;4.451931;0.102601;0.061299;-0.175747;-0.434701;-0.46727;-0.670433
65;5.146264;7.237192;4.292821;0.078048;0.057251;-0.038588;-0.431974;-0.472511;-0.672443
66;4.845139;7.072926;4.173548;0.097406;0.015726;-0.028372;-0.428803;-0.475661;-0.668476
67;5.070649;7.304523;4.409341;0.107663;0.050838;-0.056649;-0.427482;-0.482861;-0.667466
68;4.909665;7.34313;3.961271;0.089204;-0.049904;0.037189;-0.424316;-0.484882;-0.665784
69;4.942635;7.307856;4.228695;0.075345;-0.019305;-0.099463;-0.425177;-0.485982;-0.664747
70;5.096091;7.226636;3.976468;-0.031566;-0.137916;-0.145447;-0.42726;-0.486944;-0.664181
71;5.31029;7.249242;4.303606;-0.038433;-0.02436;-0.094944;-0.425559;-0.489634;-0.662702
72;4.978602;6.943235;4.407126;-0.090924;-0.019368;-0.024331;-0.424366;-0.48645;-0.662163
73;4.80468;7.323459;4.018876;-0.029726;-0.060624;0.010529;-0.425465;-0.486703;-0.662886
74;4.981337;7.318102;4.117165;-0.132802;-0.037231;0.040876;-0.427942;-0.479991;-0.665683
75;5.232885;7.059588;4.409218;-0.061147;-0.014244;0.053757;-0.429109;-0.475447;-0.666767
76;5.125002;7.016318;4.335436;-0.086236;-0.026644;0.048537;-0.430796;-0.472631;-0.667981
77;5.048639;7.099087;4.272146;-0.06066;0.004858;0.016481;-0.432682;-0.471308;-0.668245
78;5.16429;7.035495;4.379518;-0.041043;0.012912;0.030602;-0.433715;-0.46888;-0.669681
79;5.110834;6.964918;4.432344;-0.023123;-0.005843;0.013442;-0.434162;-0.466476;-0.670151
80;5.099187;7.346653;4.224972;0.018494;0.015074;-0.020532;-0.433373;-0.466996;-0.670363
81;5.134943;7.074129;4.413545;-0.024944;-0.01026;0.011674;-0.432815;-0.466609;-0.669806
82;5.081087;7.045135;4.393636;0.023719;0.016062;-0.001937;-0.434044;-0.465806;-0.670291
83;5.068077;7.181432;4.292087;-0.012351;0.008381;0.021453;-0.433063;-0.466223;-0.669428
84;5.178785;7.1034;4.377486;0.000287;0.022501;0.020543;-0.433973;-0.464186;-0.671116
85;5.081679;6.90423;4.446473;0.00752;0.036632;0.025852;-0.433779;-0.463618;-0.672314
86;5.15897;7.156857;4.355732;0.056857;0.02404;0.002305;-0.432431;-0.463751;-0.671969
87;5.157032;7.074053;4.428265;0.029024;0.012563;0.001574;-0.433455;-0.464837;-0.671474
88;5.114844;7.200439;4.370245;0.011172;0.011642;-0.006277;-0.433627;-0.464686;-0.672152
89;5.036871;7.016332;4.334895;-0.001457;-0.002473;-0.002731;-0.432136;-0.466411;-0.671902
90;5.100358;7.178438;4.406517;-0.008674;-0.014901;-0.011594;-0.43363;-0.465081;-0.672278
91;5.075798;7.098794;4.330649;-0.023104;-0.007623;0.009887;-0.433371;-0.463091;-0.672035
92;5.096212;6.933422;4.427249;-0.003356;0.002964;0.013319;-0.434177;-0.463092;-0.672213
93;5.17838;7.108742;4.277847;0.012783;0.013664;0.020391;-0.434033;-0.462039;-0.671826
94;5.216063;7.03503;4.472202;0.007649;0.012478;-0.011584;-0.433807;-0.462413;-0.672605
95;5.13008;7.047504;4.40367;0.014146;0.036278;-0.016859;-0.432517;-0.462649;-0.673326
96;5.090345;7.108636;4.301614;0.030347;0.035308;-0.02589;-0.431031;-0.463975;-0.673084
97;5.064448;7.005847;4.493015;0.015253;0.06806;-0.016712;-0.430603;-0.463855;-0.67253
98;5.002153;7.19814;4.347666;0.002435;0.032781;-0.013224;-0.428695;-0.463798;-0.674021
99;5.101236;7.044423;4.537171;0.024388;-0.008689;-0.000289;-0.429524;-0.463787;-0.6746
100;4.978427;7.049784;4.436781;-0.010941;-0.034032;0.0283;-0.428308;-0.46399;-0.671865
101;5.173507;7.219877;4.36097;0.017868;-0.015477;0.024657;-0.430773;-0.463837;-0.673205
102;5.167137;7.001162;4.457163;-0.043945;-0.024279;0.023312;-0.431267;-0.46333;-0.672444
103;5.17976;6.923349;4.500638;0.046766;-0.009556;0.003072;-0.431036;-0.461459;-0.672733
104;5.10951;7.164741;4.233927;0.000404;-0.016743;-0.022355;-0.432551;-0.463627;-0.671712
105;5.146682;7.111004;4.311694;-0.037071;0.022323;-0.005832;-0.430986;-0.463336;-0.672162
106;5.149996;7.136499;4.550045;-0.028266;-0.015915;-0.027438;-0.431156;-0.462657;-0.672717
107;5.090338;7.118311;4.30652;0.028688;-0.030685;0.006674;-0.432443;-0.461364;-0.671749
108;4.963201;7.156792;4.373977;-0.040899;-0.005093;-0.003299;-0.431494;-0.460838;-0.671306
109;5.057538;6.891725;4.524052;-0.056316;-0.011118;0.01545;-0.433103;-0.457729;-0.673453
110;5.082117;6.855349;4.524036;0.011037;-0.01674;-0.011812;-0.432931;-0.457283;-0.675049
111;5.094942;7.176675;4.272784;-0.010266;-0.002583;-0.020412;-0.431417;-0.457035;-0.674036
112;5.116222;6.952217;4.548995;-0.012479;-0.012924;0.015987;-0.431687;-0.457363;-0.676575
113;4.993429;6.962392;4.45592;0.025344;0.011737;0.013119;-0.432321;-0.456192;-0.675834
114;5.086081;7.107844;4.462014;0.023364;0.008373;0.029158;-0.431426;-0.458883;-0.674534
115;5.247432;7.122596;4.416887;-0.000492;0.049086;0.027819;-0.431145;-0.458889;-0.674252
116;5.361119;6.947233;4.569921;0.031468;0.082226;-0.016731;-0.430767;-0.458347;-0.674507
117;5.223892;6.969174;4.549734;0.083606;0.110404;-0.017918;-0.427108;-0.458687;-0.675626
118;5.059473;7.46334;4.166923;-0.022275;0.108172;0.007874;-0.424569;-0.458873;-0.677742
119;5.075149;7.549094;4.478547;-0.032638;0.21893;0.045031;-0.419719;-0.459266;-0.681321
120;4.55691;7.011749;4.293037;-0.120701;0.119687;0.014832;-0.41609;-0.454294;-0.686802
121;4.519497;6.951553;4.698469;-0.327073;-0.024837;0.142025;-0.416257;-0.44501;-0.690582
122;4.450963;6.837968;4.622176;-0.471936;-0.118246;0.253842;-0.422651;-0.429819;-0.697888
123;5.345974;6.555009;5.428524;-0.557176;-0.135829;0.450196;-0.430506;-0.408817;-0.704189
124;5.094607;6.619968;5.04808;-0.339208;-0.129309;0.417273;-0.443451;-0.388425;-0.709035
125;6.435012;5.957728;5.554015;-0.094831;-0.165008;0.292488;-0.451871;-0.374628;-0.710039
126;6.367639;6.416731;4.923702;0.244022;-0.053543;0.036905;-0.455623;-0.375235;-0.708375
127;6.221889;6.357333;5.170473;0.208528;0.009243;-0.055858;-0.453798;-0.381164;-0.705231
128;6.084221;6.171999;4.894107;0.2258;-0.041668;-0.014535;-0.454664;-0.385903;-0.702527
129;4.880215;6.615178;4.059857;0.238796;-0.015436;-0.034213;-0.457414;-0.396203;-0.696496
130;5.296578;6.924196;4.326344;0.04794;0.045438;-0.182474;-0.45381;-0.402475;-0.694842
131;5.123815;6.344685;4.81365;0.043958;0.086605;-0.105847;-0.449555;-0.401919;-0.694612
132;4.788028;6.797799;4.400431;0.075385;0.02333;0.037609;-0.449638;-0.4032;-0.696323
133;5.249484;6.714033;4.655678;-0.05097;0.02007;0.146293;-0.450059;-0.400545;-0.696264
134;5.550169;6.419044;4.967312;-0.07946;0.028824;0.133249;-0.448203;-0.397021;-0.69809
135;5.590677;6.023452;5.033815;0.0312;0.028167;0.077155;-0.449846;-0.39489;-0.698623
136;5.485578;6.379152;4.699351;0.161592;0.0097;-0.001353;-0.451197;-0.395883;-0.696817
137;5.484796;6.583127;4.64194;0.116645;-0.016761;-0.004653;-0.451335;-0.399522;-0.695158
138;5.592825;6.55855;4.705689;0.062908;-0.01222;0.000275;-0.451898;-0.400769;-0.693568
139;5.631477;6.651024;4.638288;0.086073;0.006581;0.028657;-0.450384;-0.405284;-0.693397
140;5.57288;6.607338;4.647452;0.036052;0.002957;0.013029;-0.449546;-0.406226;-0.692799
141;5.591942;6.680489;4.565258;0.011155;0.001959;-0.006323;-0.451764;-0.405601;-0.692005
142;5.547983;6.627197;4.555021;-0.035109;0.027538;-0.01738;-0.451275;-0.405046;-0.692653
143;5.539303;6.519473;4.763521;-0.043213;0.031078;-0.012859;-0.450035;-0.405388;-0.694307
144;5.416966;6.480742;4.75287;0.000837;0.020139;-0.04176;-0.448926;-0.406067;-0.693566
145;5.402157;6.514728;4.745642;0.014713;0.008104;-0.001033;-0.448177;-0.404846;-0.694213
146;5.462876;6.689319;4.744382;0.019741;-0.016484;0.014835;-0.447736;-0.4046;-0.693394
147;5.42628;6.565922;4.690117;0.025329;-0.00956;-0.000315;-0.448864;-0.405633;-0.694769
148;5.482;6.665729;4.6107;0.013395;-0.002093;0.039858;-0.450749;-0.405103;-0.695152
149;5.572942;6.626593;4.676709;-0.004323;-0.00404;0.015995;-0.449805;-0.407555;-0.692922
150;5.580717;6.510055;4.705394;-0.010445;-0.004174;0.000914;-0.449614;-0.405398;-0.693884
151;5.588009;6.514951;4.695738;0.018355;0.009885;-0.004582;-0.450739;-0.405971;-0.692738
152;5.551158;6.548953;4.685944;0.021842;-0.006055;-0.007365;-0.44939;-0.404914;-0.69215
153;5.519163;6.604753;4.681141;0.011331;0.011515;-0.02052;-0.449132;-0.405437;-0.692392
154;5.465188;6.641159;4.676115;0.020109;0.000983;-0.009981;-0.449379;-0.407301;-0.69237
155;5.455338;6.641232;4.66147;0.023675;-0.006123;-0.013607;-0.448627;-0.407008;-0.693132
156;5.470377;6.561042;4.695227;0.014679;-0.00518;-0.007312;-0.448872;-0.409005;-0.693108
157;5.528716;6.643717;4.647347;0.012709;-0.004973;0.013177;-0.450141;-0.405869;-0.691508
158;5.529058;6.587706;4.695708;0.009156;-0.005011;0.009643;-0.450383;-0.40681;-0.691238
159;5.53877;6.561223;4.656755;0.007404;-0.014816;-0.001069;-0.450852;-0.408565;-0.690432
160;5.55337;6.583081;4.649652;0.016223;-0.004899;0.022036;-0.451982;-0.408008;-0.691572
161;5.494609;6.56135;4.632177;0.019947;-0.012171;0.000613;-0.451683;-0.406965;-0.690776
162;5.543381;6.617162;4.623008;0.010175;-0.001545;-0.000124;-0.451376;-0.407249;-0.690088
163;5.587714;6.616819;4.69134;0.018006;-0.019148;0.009508;-0.452788;-0.406686;-0.691509
164;5.538695;6.578233;4.64954;-0.011509;-0.01913;0.007958;-0.452399;-0.409129;-0.68971
165;5.455338;6.563901;4.60764;0.018199;-0.006871;0.000649;-0.454122;-0.40782;-0.689433
166;5.499382;6.59292;4.622628;0.003935;0.002879;0.00083;-0.452351;-0.408757;-0.688783
167;5.570442;6.638741;4.671888;0.01449;-0.001405;0.016745;-0.452993;-0.408244;-0.688296
168;5.573081;6.56842;4.671583;0.024419;-0.0006;0.009544;-0.453192;-0.408279;-0.687109
169;5.489589;6.554256;4.595653;0.025327;-0.005941;0.005934;-0.454131;-0.408344;-0.68969
170;5.548197;6.58343;4.57913;0.032382;-0.001375;0.021919;-0.455179;-0.409286;-0.689598
171;5.550649;6.610006;4.598713;0.035204;0.004706;0.010373;-0.455483;-0.408543;-0.687765
172;5.449136;6.77095;4.418949;-0.075148;-0.00557;0.029903;-0.45595;-0.407716;-0.688873
173;5.395;6.739892;4.326107;-0.395538;-0.079126;0.060589;-0.455991;-0.398561;-0.692776
174;5.760575;6.254842;4.822008;-0.294495;-0.113019;0.043572;-0.461627;-0.387055;-0.696641
175;5.724519;5.349554;4.985373;-0.276859;-0.21066;0.007208;-0.465946;-0.37964;-0.696627
176;5.932665;6.205574;4.973545;-0.023259;-0.16764;0.000167;-0.471399;-0.374779;-0.695962
177;5.250462;6.05791;4.448504;0.05813;-0.13822;0.049306;-0.477905;-0.373766;-0.695816
178;5.03513;7.327841;4.107817;0.060546;0.120996;-0.029222;-0.477544;-0.381159;-0.692993
179;5.435481;6.938818;4.79883;0.044322;0.211765;0.047004;-0.473561;-0.382781;-0.695666
180;5.749562;6.684113;4.809316;0.105755;0.215694;0.196806;-0.469276;-0.382966;-0.697417
181;5.609137;6.368016;4.986887;0.208203;0.298767;0.119871;-0.463478;-0.384155;-0.700795
182;6.420746;5.710709;5.489599;0.326017;0.305264;0.06563;-0.456018;-0.390598;-0.701449
183;6.169479;5.640213;5.040477;0.529762;0.293046;-0.091786;-0.447068;-0.403465;-0.7003
184;6.170446;6.50545;4.64093;0.624344;0.34848;-0.423828;-0.432968;-0.427997;-0.694512
185;5.691001;5.931664;4.958658;0.734955;0.215045;-0.486064;-0.418696;-0.458836;-0.68673
186;5.087986;7.486168;3.963019;0.643624;0.082663;-0.39344;-0.406284;-0.482543;-0.677724
187;4.440638;7.591509;3.762637;0.479711;0.068626;-0.292665;-0.400099;-0.504386;-0.665777
188;4.567144;7.986391;3.835709;0.256724;0.044902;-0.212626;-0.394422;-0.518295;-0.661598
189;4.596504;8.196651;3.977833;0.133645;0.028503;-0.083616;-0.391988;-0.527901;-0.655287
190;4.607827;7.716242;4.034046;-0.14342;0.003502;0.053626;-0.390834;-0.52721;-0.655901
191;4.480218;7.598238;3.872295;-0.205417;-0.077139;0.121245;-0.392832;-0.519675;-0.659485
192;4.861051;7.468365;4.136559;-0.347442;-0.110215;0.155188;-0.398257;-0.509133;-0.662122
193;5.32679;6.778148;4.437677;-0.287382;-0.047115;0.102548;-0.402037;-0.496219;-0.668172
194;5.629322;7.108047;4.40701;-0.258563;-0.012563;0.004777;-0.405652;-0.486232;-0.674157
195;5.479848;6.827268;4.798593;-0.248691;-0.001198;0.005593;-0.407106;-0.476381;-0.679485
196;5.206175;6.466598;4.676159;-0.092622;0.008129;-0.009969;-0.40297;-0.472985;-0.680914
197;5.178698;6.781447;4.755213;-0.087142;-0.033004;-0.064431;-0.402154;-0.471862;-0.682752
198;5.075695;6.992594;4.230503;-0.006282;0.013063;-0.048847;-0.404273;-0.471547;-0.685008
199;4.763138;7.131806;4.528203;-0.086463;-0.013251;-0.025228;-0.40269;-0.470207;-0.684944
200;4.894936;7.398109;4.612874;-0.072924;0.023973;-0.014409;-0.402958;-0.467361;-0.686877
201;4.836842;7.126633;4.591832;-0.075379;-0.012719;0.03694;-0.402805;-0.465052;-0.68851
202;4.934618;7.208966;4.612254;-0.034281;-0.001998;0.053581;-0.40436;-0.462897;-0.689837
203;5.025546;6.988604;4.548605;-0.040821;-0.033687;0.065007;-0.404461;-0.461062;-0.688946
204;5.207216;6.946848;4.651621;-0.038241;-0.048711;0.063152;-0.410495;-0.457237;-0.689359
205;5.148813;6.719259;4.582162;-0.032603;-0.049834;0.038159;-0.411992;-0.456303;-0.689861
206;5.266161;6.869268;4.646767;0.019876;-0.001514;0.01046;-0.41223;-0.45407;-0.688985
207;5.145545;6.986112;4.559053;-0.01978;-0.023458;0.022225;-0.412776;-0.454198;-0.689279
208;5.189924;6.944631;4.610182;-0.017745;-0.029052;-0.01072;-0.413525;-0.453365;-0.690669
209;5.176867;7.136567;4.535625;-0.074969;-0.019255;-0.01284;-0.413839;-0.451755;-0.691249
210;5.009132;6.806455;4.60601;-0.067666;-0.002527;-0.011104;-0.413557;-0.449116;-0.690485
211;4.857574;7.062358;4.839602;-0.080697;-0.049345;0.097256;-0.414424;-0.446238;-0.69365
212;5.073457;6.81043;4.781438;-0.053351;0.006306;-0.007603;-0.414818;-0.44194;-0.695219
213;5.068848;6.662659;4.751565;-0.026576;0.017064;0.014441;-0.41432;-0.442184;-0.695852
214;5.191217;6.727931;4.789076;0.038032;0.008831;-0.011003;-0.413817;-0.440843;-0.696115
215;5.087867;6.786612;4.69391;0.068405;0.005307;-0.005058;-0.413459;-0.443799;-0.694974
216;5.087197;6.903448;4.604502;0.052229;-0.014169;-0.013906;-0.413526;-0.445157;-0.69402
217;5.175461;6.917768;4.648862;0.036037;0.001951;0.006782;-0.41486;-0.446221;-0.694341
218;5.05046;6.913141;4.606751;0.003785;-0.009569;0.00074;-0.414249;-0.446655;-0.692967
219;5.086999;6.983444;4.609727;-0.01084;-0.023492;0.022143;-0.413762;-0.445237;-0.695895
220;5.180987;6.815479;4.738367;-0.016038;0.003031;0.0241;-0.414288;-0.445842;-0.693517
221;5.18292;6.878957;4.651162;-0.021368;-0.002314;0.016119;-0.415173;-0.443288;-0.694681
222;5.215091;6.849517;4.719285;-0.010477;0.005518;0.004515;-0.414368;-0.44117;-0.694143
223;5.201043;6.708555;4.784186;0.003778;-0.022929;-0.010002;-0.416059;-0.442126;-0.693688
224;5.160676;6.879224;4.59755;0.00025;-0.022037;-0.013512;-0.415612;-0.442413;-0.692858
225;5.136785;6.774576;4.674709;-0.001278;0.006158;-0.02048;-0.415352;-0.44181;-0.695251
226;5.102397;6.844805;4.694265;0.021817;0.008066;-0.000203;-0.415945;-0.443042;-0.694196
227;5.136034;6.980927;4.627032;0.004126;0.033708;-0.004344;-0.415988;-0.44249;-0.694875
228;5.077624;6.917675;4.670138;0.005749;0.016936;0.000872;-0.414636;-0.442361;-0.694402
229;5.179203;6.732482;4.849792;0.007287;0.009146;0.022153;-0.416247;-0.442496;-0.694756
230;5.180634;6.847338;4.670449;0.032736;0.015027;-0.013582;-0.416538;-0.443014;-0.695295
231;5.208359;6.701339;4.772044;0.038017;0.004409;-0.011917;-0.414461;-0.442779;-0.693718
232;5.115458;7.18517;4.516024;0.023668;0.015165;-0.002802;-0.415249;-0.443848;-0.693742
233;5.249515;6.916987;4.804882;-0.042579;0.015186;-0.005822;-0.413496;-0.441796;-0.69528
234;5.063111;6.912623;4.711349;-0.015665;0.013311;-0.011422;-0.413629;-0.441135;-0.695167
235;5.141921;6.767024;4.730614;-0.012183;0.011652;0.000982;-0.413222;-0.442459;-0.695252
236;5.104887;6.815755;4.684425;-0.000659;-0.001594;0.003484;-0.413646;-0.440861;-0.695439
237;5.156922;6.718297;4.776668;-0.047928;0.015181;-0.004044;-0.413954;-0.438461;-0.695769
238;5.077558;6.871843;4.621314;-0.007709;-0.006134;-0.012486;-0.4126;-0.439126;-0.695413
239;5.132163;6.849146;4.796559;-0.040728;0.013326;-0.012989;-0.411975;-0.438106;-0.698326
240;5.131846;6.902709;4.753048;0.002068;0.030373;0.021434;-0.412813;-0.43862;-0.699162
241;5.181504;6.7375;4.815798;0.020823;0.034849;0.03196;-0.410936;-0.436367;-0.698434
242;4.93812;6.985315;4.725499;-0.041763;0.025011;0.113335;-0.411418;-0.435533;-0.699808
243;5.388646;6.590584;5.098365;-0.031652;0.06211;0.010326;-0.411298;-0.430958;-0.701619
244;5.107045;6.845117;4.631095;-0.034734;0.114228;0.003495;-0.408452;-0.431428;-0.703047
245;5.457961;6.708021;5.376433;0.002708;0.041154;0.148682;-0.407276;-0.429356;-0.705416
246;4.164588;6.306302;4.263101;-0.188302;-0.117413;0.191802;-0.410594;-0.428322;-0.705224
247;6.251148;7.654079;4.794948;-0.369889;0.067042;0.187701;-0.416841;-0.413074;-0.70986
248;5.173124;6.002845;5.288819;-0.292406;-0.072687;0.032985;-0.419397;-0.403808;-0.713641
249;4.799084;6.329153;5.020631;-0.19433;-0.076865;0.177964;-0.425048;-0.394347;-0.715738
250;5.123882;6.78442;5.136518;-0.328409;-0.119646;0.209193;-0.431666;-0.385075;-0.716154
251;5.896109;5.50325;5.774692;0.086965;-0.076463;0.258418;-0.436262;-0.377455;-0.718689
252;5.31916;6.440185;4.129812;0.027002;-0.184552;0.193423;-0.444895;-0.374673;-0.715901
253;6.254463;6.888692;5.10747;0.04591;-0.046071;0.057306;-0.448627;-0.376349;-0.714083
254;6.345945;5.944418;5.30547;0.101757;0.014085;0.081059;-0.452478;-0.374593;-0.711405
255;5.619317;5.831046;4.712252;0.193822;-0.002716;-0.000853;-0.452244;-0.378417;-0.707858
256;5.577766;6.646015;4.671966;0.061327;-0.036459;-0.044291;-0.451088;-0.38203;-0.706792
257;5.515321;6.025866;4.547213;-0.052994;-0.002662;-0.032601;-0.452172;-0.380306;-0.706886
258;5.368712;6.417031;4.888405;-0.082412;0.07268;-0.104829;-0.449394;-0.378625;-0.709157
259;5.316218;6.279999;5.140256;0.052089;0.056187;0.057567;-0.448246;-0.381503;-0.710502
260;5.373515;6.458229;4.893485;0.082145;-0.016356;0.045401;-0.447152;-0.380718;-0.70979
261;5.638401;6.416485;4.992149;0.02407;-0.013697;0.134852;-0.448714;-0.379951;-0.709094
262;5.648497;6.135778;4.874253;0.02824;-0.048033;0.04834;-0.45212;-0.377618;-0.707866
263;5.765636;6.310216;4.902506;-0.009149;-0.010818;0.050669;-0.451848;-0.376826;-0.707599
264;5.761723;6.021409;4.952209;-0.046502;-0.028811;0.011715;-0.454237;-0.378166;-0.707842
265;5.806022;6.047691;5.030385;0.071674;-0.027204;0.010763;-0.453947;-0.377648;-0.707303
266;5.720172;6.442474;4.637879;0.092216;-0.041322;0.007883;-0.455326;-0.37942;-0.706149
267;5.775115;6.351689;4.851708;0.005598;-0.0237;-0.007314;-0.456469;-0.378397;-0.705035
268;5.829178;6.26201;4.841908;0.037121;-0.012331;-0.017299;-0.456135;-0.37843;-0.703817
269;5.651829;6.466397;4.705631;-0.010443;-0.029077;-0.018777;-0.458086;-0.381375;-0.703605
270;5.709635;6.208346;4.90899;-0.032579;0.011606;-0.013954;-0.457846;-0.378979;-0.703637
271;5.673019;6.21547;4.940398;0.018277;0.001013;-0.003762;-0.457136;-0.378929;-0.705195
272;5.638312;6.213603;4.828362;0.01618;-0.012881;0.022848;-0.457881;-0.379093;-0.704302
273;5.736072;6.305624;4.851258;0.017125;-0.021828;0.007705;-0.458945;-0.377248;-0.703998
274;5.760365;6.325187;4.817466;0.019776;-0.011098;0.021084;-0.460196;-0.37981;-0.703088
275;5.768003;6.25232;4.841488;0.007242;-0.021763;0.013119;-0.460171;-0.379426;-0.702562
276;5.731002;6.243011;4.763434;0.001196;0.002081;0.00973;-0.46085;-0.377571;-0.702502
277;5.785144;6.264393;4.851371;0.010894;-0.005818;0.017625;-0.460181;-0.379156;-0.7027
278;5.758142;6.266907;4.834202;0.025421;0.001082;0.000643;-0.460465;-0.378884;-0.702988
279;5.709175;6.262089;4.829018;-0.012229;0.005619;0.009861;-0.461469;-0.377069;-0.701615
280;5.777727;6.305569;4.861237;0.003889;0.001144;0.004387;-0.462024;-0.378384;-0.702287
281;5.667758;6.223177;4.852893;0.002132;-0.006913;-0.004563;-0.460005;-0.379045;-0.701894
282;5.780077;6.288775;4.824713;0.016369;-0.005922;0.006021;-0.460155;-0.379567;-0.702292
283;5.716283;6.296216;4.792756;0.025338;-0.002391;0.007735;-0.461032;-0.379865;-0.701404
284;5.748282;6.281493;4.826915;0.010989;-0.000573;0.011424;-0.461088;-0.378778;-0.702226
285;5.760342;6.305884;4.797932;0.015475;-0.009477;0.003341;-0.461372;-0.378505;-0.702514
286;5.745811;6.24769;4.797577;-0.005092;0.004769;0.013357;-0.462239;-0.379073;-0.701487
287;5.799964;6.223145;4.856135;0.020004;-0.007761;-0.001137;-0.460725;-0.378826;-0.700474
288;5.711442;6.247816;4.773059;0.004051;0.005459;-0.007172;-0.462081;-0.380673;-0.701315
289;5.780047;6.310562;4.832105;0.019987;0.002043;0.007816;-0.461647;-0.379031;-0.702786
290;5.760737;6.261889;4.868225;0.025401;-0.000691;0.000634;-0.462111;-0.380658;-0.701849
291;5.767795;6.332328;4.844283;0.02889;-0.019291;-0.004818;-0.461302;-0.378806;-0.701306
292;5.733598;6.223492;4.787668;0.020297;0.002639;-0.024216;-0.461919;-0.380554;-0.700775
293;5.679625;6.238145;4.767958;0.020076;0.001074;-0.000221;-0.462042;-0.380164;-0.700523
294;5.826764;6.242636;4.836943;-0.037445;-0.011085;0.013552;-0.463196;-0.380124;-0.702187
295;5.880454;6.25492;4.803298;-0.122475;-0.028775;-0.002727;-0.464011;-0.378003;-0.70214
296;5.470211;6.488753;4.602527;-0.191266;-0.109866;0.016044;-0.465695;-0.37347;-0.702987
297;5.590526;6.163805;5.092793;-0.195706;-0.14208;-0.021451;-0.468356;-0.367596;-0.704447
298;5.835161;5.878824;4.852347;-0.125304;-0.105165;-0.043185;-0.471582;-0.363365;-0.704443
299;5.632474;6.226869;4.597465;-0.058178;-0.02244;-0.075297;-0.474467;-0.362743;-0.703686
300;5.522549;6.48033;4.833731;-0.066846;0.067923;-0.045375;-0.47254;-0.362361;-0.707179
301;5.737365;6.081673;5.025258;0.045542;0.084235;0.01868;-0.469912;-0.362593;-0.707692
302;5.608034;6.437065;4.753843;0.106526;0.12949;0.044228;-0.46681;-0.364846;-0.707207
303;6.137669;6.474579;5.000339;0.147542;0.162559;0.084175;-0.463213;-0.36906;-0.707723
304;5.761333;6.00015;4.837864;0.222092;0.127543;0.14282;-0.460666;-0.371965;-0.70779
305;5.638824;6.154962;4.918035;0.186971;0.171321;0.094442;-0.457606;-0.376577;-0.708462
306;5.924228;6.383357;4.818737;0.239712;0.164305;0.19897;-0.455459;-0.378759;-0.706036
307;6.035377;6.07278;4.854462;0.260773;0.299142;0.159475;-0.452528;-0.383638;-0.70671
308;6.440736;5.666698;5.562443;0.549641;0.460007;-0.194146;-0.44085;-0.394999;-0.706367
309;5.762681;5.619053;4.916347;0.503356;0.333504;-0.515571;-0.422894;-0.416988;-0.704802
310;5.093831;7.354481;4.11316;0.259242;0.119008;-0.432775;-0.407181;-0.434766;-0.702246
311;4.245356;7.00954;4.748097;0.075629;0.112673;-0.136245;-0.401128;-0.445152;-0.700242
312;4.877708;7.003667;4.939118;-0.024884;0.02056;0.016249;-0.399224;-0.444696;-0.701741
313;4.531291;6.572051;4.944745;-0.049239;-0.143031;0.114163;-0.401704;-0.44381;-0.700833
314;4.927678;7.632018;4.385653;-0.145303;-0.145986;0.138256;-0.411188;-0.436306;-0.700579
315;5.123896;6.455747;4.911388;-0.114563;-0.071603;0.173844;-0.417898;-0.428776;-0.700568
316;5.818166;6.916022;4.985811;0.002806;-0.044164;0.075388;-0.418332;-0.425585;-0.700654
317;5.825041;6.186144;4.982519;0.063943;0.026783;0.016471;-0.419415;-0.425979;-0.701107
318;5.883029;6.257176;4.837354;0.100647;0.08198;-0.139132;-0.414076;-0.427146;-0.700783
319;5.647906;6.223517;4.784712;0.095899;0.096462;-0.196857;-0.409478;-0.432978;-0.700279
320;5.254073;6.644337;4.528989;0.104291;0.088078;-0.141849;-0.404586;-0.437299;-0.701385
321;4.946011;6.576225;4.580264;0.099186;0.000512;-0.040961;-0.401677;-0.442236;-0.700062
322;5.068404;7.321184;4.472603;-0.002793;0.032595;-0.035381;-0.399796;-0.443822;-0.699926
323;5.067527;6.98089;4.636335;-0.104181;-0.012476;0.056758;-0.400647;-0.44036;-0.700306
324;5.226522;6.663798;5.007767;-0.02202;-0.04628;0.048777;-0.404807;-0.436064;-0.702753
325;5.063386;6.941277;4.80142;-0.144312;-0.095419;0.069094;-0.406794;-0.432244;-0.702006
326;5.314751;6.38817;4.841758;-0.008606;-0.008778;0.091517;-0.409515;-0.42826;-0.702501
327;5.304382;6.587056;4.83288;-0.120116;-0.051781;0.00687;-0.412781;-0.424538;-0.703289
328;5.281329;6.239695;4.955121;0.040989;0.021028;0.075239;-0.411434;-0.422554;-0.702585
329;5.494155;6.805995;4.686769;-0.043455;-0.011414;-0.023722;-0.412643;-0.42156;-0.705068
330;5.315421;6.232667;4.904252;0.045786;-0.005971;0.018149;-0.412554;-0.422267;-0.703585
331;5.281676;6.747399;4.772704;0.041489;0.000966;-0.003054;-0.412817;-0.423196;-0.703716
332;5.413226;6.806188;4.649811;-0.003379;0.020786;0.027679;-0.414306;-0.425113;-0.702166
333;5.331437;6.557894;4.845067;0.002141;0.020557;0.009806;-0.415205;-0.422685;-0.703594
334;5.352304;6.846927;4.749285;-0.008157;-0.01457;0.029308;-0.41591;-0.422473;-0.701907
335;5.382605;6.625854;4.831106;-0.005361;-0.004006;0.027538;-0.416425;-0.422088;-0.701544
336;5.365466;6.577528;4.79675;-0.027653;-0.021853;0.004497;-0.416677;-0.421367;-0.703569
337;5.397923;6.422069;4.849716;-0.001849;-0.033296;0.014878;-0.418516;-0.419537;-0.702909
338;5.355127;6.708711;4.748671;-0.003493;-0.020089;0.006101;-0.417477;-0.420513;-0.701101
339;5.42725;6.39796;4.820616;-0.004588;-0.021646;0.031858;-0.419481;-0.417939;-0.70326
340;5.40649;6.655596;4.700128;0.001265;-0.007877;-0.013436;-0.419289;-0.417835;-0.702186
341;5.500636;6.53818;4.904353;-0.013865;0.024046;-0.000689;-0.419636;-0.417267;-0.703548
342;5.38439;6.585604;4.634042;-0.021912;0.013444;-0.004255;-0.419678;-0.41751;-0.704344
343;5.392282;6.640497;4.811787;-0.018882;-0.003888;0.038324;-0.418846;-0.416464;-0.703518
344;5.324232;6.461058;4.81298;-0.033713;0.031347;0.026148;-0.419203;-0.413508;-0.70466
345;5.4024;6.594172;4.862683;-0.003391;-0.015764;-0.002774;-0.419511;-0.41243;-0.70523
346;5.42351;6.756902;4.786036;-0.013302;0.037721;0.043112;-0.418964;-0.413576;-0.706438
347;5.44386;6.110053;5.155113;0.014581;-0.005247;-0.004553;-0.417998;-0.412662;-0.705601
348;5.460039;6.771638;4.747436;-0.005335;-0.01647;0.009864;-0.418921;-0.412143;-0.705397
349;5.284976;6.50917;4.869131;-0.025872;-0.025465;-0.002525;-0.421662;-0.411853;-0.706889
350;5.446346;6.485232;4.801951;-0.03592;-0.026073;0.022472;-0.421613;-0.409496;-0.705599
351;5.485217;6.630597;4.827161;-0.025391;-0.04102;0.031226;-0.423945;-0.408018;-0.706691
352;5.37855;6.400056;4.888388;-0.037498;-0.004949;0.018874;-0.423674;-0.407143;-0.705166
353;5.51128;6.343783;4.986176;-0.025495;0.016921;-0.00599;-0.424384;-0.40514;-0.705644
354;5.457514;6.309844;4.985691;0.007753;0.022087;-0.015142;-0.4253;-0.404555;-0.707703
355;5.36412;6.353818;4.922119;0.032735;0.027481;-0.000213;-0.423247;-0.4049;-0.709045
356;5.486323;6.470047;4.952569;0.037927;0.013417;0.005931;-0.422173;-0.404369;-0.708729
357;5.417563;6.436494;4.874209;0.03068;-0.00605;0.002312;-0.422555;-0.405905;-0.706325
358;5.359232;6.290977;4.880479;0.062903;-0.030118;-0.014117;-0.423986;-0.40765;-0.706106
359;5.540295;6.929703;4.677894;-0.003778;-0.016192;0.039973;-0.424935;-0.407514;-0.706429
360;5.378598;6.35408;4.868732;0.001723;-0.027955;0.021089;-0.425544;-0.407283;-0.705402
361;5.610168;6.609036;4.793534;0.010522;-0.021523;0.041573;-0.425511;-0.406241;-0.704621
362;5.550185;6.370691;4.937922;-0.007952;-0.011194;0.013286;-0.426881;-0.406097;-0.705367
363;5.621449;6.348592;4.991735;-0.012292;0.004693;0.00986;-0.429027;-0.403322;-0.705275
364;5.568731;6.475905;4.746487;-0.007758;0.011827;0.01342;-0.426486;-0.407018;-0.705594
365;5.580673;6.737269;4.852277;-0.071524;0.02272;0.037165;-0.429063;-0.404098;-0.706061
366;5.759916;6.221181;5.254524;0.083677;0.216164;-0.044924;-0.425333;-0.404935;-0.708364
367;4.970016;6.69523;4.542063;-0.191689;-0.067733;-0.006897;-0.422754;-0.402628;-0.709327
368;3.891149;5.797271;4.720941;-0.14373;-0.254563;-0.106392;-0.428231;-0.398283;-0.709186
369;5.590351;6.5755;4.710613;-0.381132;-0.12115;0.111838;-0.423324;-0.38692;-0.719243
370;5.74869;6.466403;5.683388;-0.331647;0.024156;0.076673;-0.425737;-0.375869;-0.724914
371;5.356418;5.733205;4.399056;-0.308034;-0.198194;0.211139;-0.429558;-0.361945;-0.729122
372;6.364056;6.546685;6.596632;-0.036267;0.035185;0.271834;-0.435205;-0.354143;-0.729056
373;5.590707;4.358833;5.755437;0.331672;0.045815;0.245282;-0.435523;-0.360342;-0.726294
374;5.861315;6.402431;4.395487;0.310329;-0.185311;0.038229;-0.447217;-0.367909;-0.715894
375;6.56498;7.445602;4.774044;0.137094;-0.098408;0.131087;-0.452395;-0.373376;-0.712089
376;6.375994;5.980475;4.878007;0.306116;-0.266592;0.039642;-0.45738;-0.377619;-0.704568
377;5.252842;5.787337;4.243099;0.20859;-0.200654;0.003229;-0.464556;-0.384356;-0.698722
378;6.017166;6.517023;4.265706;0.11269;-0.113987;0.175432;-0.46973;-0.386121;-0.694188
379;6.455086;6.267747;4.646452;-0.033414;0.024293;-0.002202;-0.471584;-0.383623;-0.693674
380;5.445345;5.935184;4.74326;0.006392;0.058292;-0.020335;-0.469533;-0.383835;-0.695019
381;5.447433;6.022635;4.712073;0.060489;0.03471;0.01823;-0.46809;-0.383154;-0.695217
382;6.121235;6.597601;4.641049;0.024539;-0.004133;0.096754;-0.469908;-0.382659;-0.694397
383;5.927205;6.160367;4.798291;0.015837;-0.010668;0.06647;-0.472054;-0.380546;-0.694425
384;5.877147;5.573864;4.734536;0.168434;0.016409;0.056371;-0.470678;-0.381884;-0.693789
385;6.259005;6.26324;4.582029;0.099033;0.017043;0.101561;-0.471084;-0.383408;-0.691786
386;6.2345;6.321272;4.616174;0.024268;-0.030501;0.010341;-0.472483;-0.385301;-0.691031
387;6.161795;6.197112;4.717252;-0.070049;-0.08886;-0.002557;-0.475419;-0.382669;-0.690847
388;6.064074;5.841637;4.520569;-0.042634;-0.078674;-0.045482;-0.476711;-0.380844;-0.68989
389;6.05877;5.907396;4.462499;0.017398;-0.041399;-0.019984;-0.477704;-0.381417;-0.688737
390;6.058276;6.181091;4.526945;0.062977;-0.019182;0.000251;-0.478546;-0.383585;-0.687545
391;6.155488;6.365628;4.474908;0.023589;0.004922;0.017639;-0.478797;-0.382933;-0.687172
392;6.16578;6.26592;4.532854;-0.006822;0.012042;0.020584;-0.479945;-0.384156;-0.686548
393;6.064206;5.9333;4.618218;-0.042467;0.004776;-0.000563;-0.479224;-0.38173;-0.687485
394;6.010398;5.918747;4.620253;0.021976;-0.014883;-0.014547;-0.48035;-0.381572;-0.688617
395;6.127101;6.15898;4.583174;0.06393;-0.012124;-0.001488;-0.480769;-0.383221;-0.686879
396;6.146004;6.266163;4.484118;0.05949;-0.00678;-0.000519;-0.481012;-0.384029;-0.686611
397;6.121643;6.123437;4.415256;0.030941;-0.005915;-0.006529;-0.480643;-0.38527;-0.684969
398;6.123936;6.191297;4.422873;-0.004693;0.008183;-0.016821;-0.480398;-0.38539;-0.685352
399;6.058764;6.141813;4.623999;-0.019163;0.004693;-0.00784;-0.479929;-0.385619;-0.686519
400;6.083232;6.132158;4.614382;0.02386;0.021511;0.00079;-0.479417;-0.383754;-0.686526
401;6.092598;6.120609;4.497711;0.036085;-0.021757;0.004012;-0.479814;-0.385345;-0.686784
402;6.10718;6.14249;4.485746;0.01049;0.008176;-0.013397;-0.479609;-0.385777;-0.685566
403;6.139293;6.166289;4.57599;0.014949;0.012606;-0.010732;-0.479339;-0.386175;-0.685544
404;6.092321;6.191037;4.476154;0.02917;0.002928;-0.004682;-0.478789;-0.387769;-0.685482
405;6.126461;6.229866;4.469248;0.016501;0.011987;0.017711;-0.480596;-0.388205;-0.684644
406;6.053589;6.117998;4.536351;-0.01741;-0.004134;-0.007908;-0.478243;-0.386979;-0.685067
407;6.107323;6.14231;4.522208;-0.00846;0.017235;0.009928;-0.479333;-0.387369;-0.685654
408;6.131886;6.161537;4.556477;0.005829;0.009231;0.006218;-0.47876;-0.387651;-0.68495
409;6.090077;6.161783;4.507606;0.011393;0.017053;-0.008021;-0.478583;-0.387603;-0.686539
410;6.129246;6.200443;4.534761;0.013248;0.016979;-0.016916;-0.478034;-0.386418;-0.685998
411;6.048636;6.149486;4.543757;-0.003985;-0.005936;-0.009803;-0.479024;-0.387188;-0.687237
412;6.078091;6.127634;4.548699;0.002197;0.00127;0.006192;-0.477932;-0.386269;-0.686527
413;6.107301;6.185837;4.546714;0.009445;0.010077;0.002635;-0.478885;-0.385073;-0.686737
414;6.097653;6.132492;4.546411;0.004095;0.011846;0.00268;-0.477123;-0.386535;-0.686343
415;6.090143;6.137535;4.507496;0.014754;-0.012102;-0.006429;-0.478289;-0.387484;-0.685992
416;6.077805;6.159409;4.497797;0.005779;-0.009399;-0.001894;-0.478399;-0.386174;-0.685357
417;6.11218;6.156858;4.522304;0.014771;-0.00233;-0.001036;-0.479101;-0.386953;-0.686181
418;6.141469;6.217379;4.542206;0.009128;-0.026092;0.008679;-0.479344;-0.38776;-0.685913
419;6.080518;6.117994;4.536517;0.000476;0.003879;0.000884;-0.478795;-0.385119;-0.685134
420;6.078049;6.093854;4.514514;-0.003236;-0.004874;0.009755;-0.480239;-0.385667;-0.684938
421;6.131695;6.147276;4.498072;0.003875;-0.02351;-0.000168;-0.479799;-0.384691;-0.686397
422;6.141547;6.195531;4.546968;-0.010515;-0.019889;0.007982;-0.480209;-0.383698;-0.684042
423;6.107509;6.052663;4.507215;0.009526;0.013587;-3.4e-05;-0.480893;-0.38409;-0.684473
424;6.119711;6.13729;4.556291;-0.004894;-0.001456;-0.004426;-0.480985;-0.383778;-0.686081
425;6.102608;6.110668;4.546342;-0.003271;-0.003959;0.013324;-0.482083;-0.383503;-0.686681
426;6.112456;6.132346;4.57567;0.010154;-0.021785;-0.001992;-0.4811;-0.383391;-0.685696
427;6.121802;6.113238;4.493258;0.025428;-0.015605;-0.00461;-0.481561;-0.383514;-0.68551
428;6.136663;6.098519;4.527313;0.027056;-0.028805;0.002421;-0.483094;-0.384747;-0.684641
429;5.964776;6.326361;4.551607;-0.752372;-0.322854;0.019731;-0.488802;-0.37155;-0.687079
430;6.49645;5.095022;4.434999;-0.169698;-0.070357;0.069531;-0.493903;-0.363814;-0.689112
431;6.851165;6.074664;4.429496;-0.159374;-0.119829;-0.247177;-0.496269;-0.359142;-0.690266
432;5.616273;5.275642;4.218948;0.099175;0.065036;-0.157937;-0.494105;-0.363584;-0.687929
433;5.742558;6.362601;4.093427;-0.06412;0.32278;-0.229739;-0.486931;-0.370081;-0.691395
434;6.000938;6.733044;4.69224;0.077255;0.374973;-0.098914;-0.472923;-0.376425;-0.698473
435;5.667691;6.815649;4.668695;0.044076;0.287771;0.037791;-0.463946;-0.378577;-0.704583
436;5.831358;7.318718;4.929658;0.079274;0.32026;0.117807;-0.454031;-0.374507;-0.709427
437;5.839118;6.213156;4.890625;0.415549;0.413775;0.15539;-0.445358;-0.378765;-0.711785
438;6.990271;5.580234;5.847654;0.67058;0.547898;-0.241574;-0.43047;-0.389783;-0.713398
439;6.171119;4.295637;5.770864;1.109034;0.560003;-0.583479;-0.406833;-0.423222;-0.705907
440;5.745589;6.624956;5.003482;0.962649;0.061278;-0.863893;-0.381227;-0.470485;-0.692913
441;4.800668;6.723036;3.826509;0.593821;-0.014556;-0.493296;-0.369858;-0.500968;-0.675184
442;3.102231;7.012636;4.150425;0.24709;-0.104319;-0.251048;-0.364727;-0.518452;-0.667107
443;4.600347;8.444464;3.881758;0.025944;-0.133063;0.016034;-0.366217;-0.523612;-0.663765
444;3.884315;7.480545;4.150068;0.0042;-0.169447;0.126927;-0.379334;-0.522799;-0.658397
445;4.497547;8.367126;3.83216;-0.138725;-0.070596;0.266671;-0.384726;-0.518827;-0.659176
446;5.232203;7.918991;4.208956;-0.210414;0.096956;0.20775;-0.385671;-0.510151;-0.665119
447;5.894271;7.310299;4.691527;-0.104363;0.090202;0.053927;-0.383912;-0.501809;-0.672633
448;5.431084;6.360627;4.523917;-0.100234;0.031859;0.067596;-0.382499;-0.49979;-0.673124
449;5.488759;6.603631;4.418428;0.052344;0.004615;0.000434;-0.381454;-0.495207;-0.675016
450;5.308828;6.432959;4.611005;-0.028555;-0.055595;-0.116642;-0.381651;-0.495439;-0.676221
451;4.950557;7.17905;4.286494;0.035409;-0.019609;-0.036907;-0.380895;-0.498921;-0.67518
452;5.134403;7.272965;4.41445;-0.003464;-0.050355;-0.024256;-0.381252;-0.498813;-0.674404
453;4.850891;7.797484;4.271692;-0.070119;-0.047263;0.01724;-0.383069;-0.49772;-0.675858
454;5.057709;7.145252;4.743979;-0.113173;0.015992;0.078349;-0.386212;-0.494389;-0.676898
455;4.920902;7.070657;4.139971;-0.009678;-0.10282;0.141726;-0.388666;-0.489742;-0.677258
456;5.290864;7.693698;4.653115;-0.368688;0.022948;0.219319;-0.391672;-0.480718;-0.681992
457;4.554477;6.363429;4.469937;-0.186692;-0.104772;0.216828;-0.396417;-0.470841;-0.684445
458;5.133038;7.361677;4.128018;-0.6685;-0.252466;0.409634;-0.409799;-0.453211;-0.690461
459;5.368425;6.804045;5.084632;-0.478605;-0.113357;0.19183;-0.419943;-0.430552;-0.699452
460;4.747913;5.748881;4.677361;-0.382923;-0.363328;0.336168;-0.430029;-0.41322;-0.703546
461;6.406223;6.787198;5.032584;-0.200709;-0.117348;0.254589;-0.437096;-0.399357;-0.706471
462;5.411326;6.00012;4.852732;-0.214177;-0.190361;0.216691;-0.443847;-0.391478;-0.704739
463;6.687583;6.230893;5.22866;-0.043177;-0.042703;0.224315;-0.449317;-0.382369;-0.708416
464;6.617197;5.682231;4.377389;0.316771;-0.127365;0.184327;-0.455116;-0.383761;-0.703126
465;5.966786;5.952017;4.75869;0.273423;-0.190477;0.15762;-0.460025;-0.388106;-0.696664
466;6.896617;6.049082;4.721085;0.248559;-0.119201;0.398446;-0.468072;-0.390313;-0.691352
467;6.058632;5.634494;4.237622;0.325467;-0.165464;0.185733;-0.479598;-0.393594;-0.681956
468;5.967839;6.439825;4.163223;0.166822;-0.030791;-0.007621;-0.482918;-0.399601;-0.676892
469;6.666254;6.366322;4.298433;0.126285;-0.122926;0.148824;-0.489354;-0.401738;-0.67362
470;5.7632;6.07128;4.160284;0.029091;-0.07883;-0.056622;-0.490852;-0.402132;-0.669569
471;6.145197;6.11943;4.221186;-0.091932;0.035475;0.053535;-0.490932;-0.400238;-0.670675
472;6.530475;6.057787;4.417728;-0.10846;0.063514;0.018309;-0.491654;-0.3971;-0.673572
473;5.925515;6.128323;4.390031;-0.017327;-0.012215;-0.024723;-0.488591;-0.395029;-0.675435
474;6.410429;6.162166;4.422066;0.010058;-0.049143;0.093053;-0.492305;-0.393119;-0.674029
475;6.424704;6.075686;4.256468;0.023376;-0.044522;0.013815;-0.492955;-0.393924;-0.673918
476;6.283534;5.978018;4.396139;-0.015787;-0.014521;0.009819;-0.494765;-0.39211;-0.672723
477;6.459713;5.95876;4.363101;0.006094;0.001137;-0.020487;-0.495329;-0.390509;-0.673051
478;6.297462;6.075634;4.270271;0.05236;-0.029799;-0.013041;-0.49646;-0.391345;-0.672034
479;6.233524;6.160585;4.255682;-0.011029;-0.000541;-0.010583;-0.496593;-0.391346;-0.672042
480;6.341971;6.01707;4.343199;0.003435;0.02334;-0.00613;-0.495081;-0.390896;-0.673429
481;6.424893;6.097198;4.319767;0.031716;-0.00568;0.01129;-0.49502;-0.391721;-0.672478
482;6.219285;6.089943;4.320903;-0.008152;0.008142;-0.025687;-0.494903;-0.391649;-0.670343
483;6.297833;6.012336;4.32103;-0.015569;0.011994;0.008185;-0.493978;-0.393026;-0.67306
484;6.302204;6.167657;4.295028;-0.007367;0.020735;-0.003373;-0.495861;-0.391968;-0.67332
485;6.292887;5.964068;4.274595;0.010638;0.027762;-0.004404;-0.494344;-0.39205;-0.674697
486;5.775489;6.267951;3.640813;-0.670554;-0.102215;0.08938;-0.495597;-0.384287;-0.676779
487;6.643883;5.4668;4.789797;-0.171435;0.091439;-0.020351;-0.496624;-0.372129;-0.683591
488;6.575063;5.138497;4.491323;-0.018439;-0.057153;-0.014467;-0.4962;-0.371012;-0.685319
489;6.10918;5.344922;4.440793;0.093499;0.043126;-0.245202;-0.494613;-0.373379;-0.68585
490;6.540414;6.411413;4.032651;-0.024644;0.2045;-0.227155;-0.489599;-0.380074;-0.68757
491;5.444001;6.079452;4.500835;0.026671;0.413774;-0.30136;-0.47714;-0.389034;-0.691888
492;5.482117;6.721163;4.679015;0.06328;0.357631;-0.047547;-0.464033;-0.394409;-0.695839
493;6.071168;6.883499;5.181675;0.16668;0.31604;0.056435;-0.453298;-0.395835;-0.703593
494;5.748979;6.670344;4.651251;0.064941;0.303562;0.231394;-0.443262;-0.395597;-0.709287
495;6.003423;6.517599;5.130973;0.219406;0.277845;0.146431;-0.4369;-0.392894;-0.713772
496;6.552736;5.652949;5.397776;0.323636;0.44567;0.149992;-0.431504;-0.396605;-0.712864
497;6.540492;5.06715;5.657813;0.931105;0.366024;-0.274183;-0.41849;-0.421155;-0.7064
498;6.328355;5.664332;5.039396;0.791431;0.23549;-0.783204;-0.398971;-0.455179;-0.693199
499;5.38359;6.441934;3.751281;0.742915;0.025903;-0.611488;-0.383407;-0.492952;-0.680151
500;4.537913;7.543641;3.61014;0.062851;-0.001425;-0.388155;-0.377648;-0.51022;-0.67031
501;4.147857;6.811182;4.139168;0.196342;-0.02327;-0.112092;-0.373502;-0.519941;-0.664298
502;5.12357;8.623709;3.88605;-0.38042;-0.085376;0.037674;-0.376595;-0.515904;-0.66668
503;4.526979;7.094276;4.254602;-0.102273;-0.048193;0.118863;-0.379554;-0.509151;-0.67097
504;5.232723;7.831007;4.325497;-0.478512;0.029108;0.090581;-0.383713;-0.491345;-0.680598
505;5.510034;6.731668;4.983343;-0.175961;0.063404;0.129079;-0.383531;-0.480242;-0.687324
506;5.339029;6.373586;4.82509;-0.037549;0.02982;0.051206;-0.380182;-0.477915;-0.688777
507;5.51807;6.753203;4.550816;-0.076523;-0.016717;-0.03401;-0.37948;-0.475743;-0.69011
508;5.418172;6.242067;4.93922;-0.066057;-0.052187;-0.032584;-0.381304;-0.476833;-0.689659
509;4.979455;6.521342;4.376299;0.125316;-0.080597;-0.021908;-0.382072;-0.477648;-0.689288
510;5.375555;6.961714;4.560617;0.019737;-0.044952;-0.012715;-0.384189;-0.478196;-0.689264
511;4.969121;6.988426;4.563107;0.028149;-0.058765;0.035988;-0.388686;-0.479762;-0.686825
512;5.373684;7.331383;4.341095;-0.0206;-0.071498;0.071996;-0.389694;-0.476817;-0.687737
513;5.205588;7.236132;4.483044;-0.115931;0.001946;0.076694;-0.392887;-0.473063;-0.689586
514;5.332026;6.99038;4.672031;-0.047923;-0.048842;0.145064;-0.394825;-0.466256;-0.690832
515;5.440457;6.733306;4.676384;-0.248168;0.021483;0.173745;-0.398013;-0.460848;-0.694709
516;5.163989;6.389333;5.100929;-0.036083;-0.07324;0.203423;-0.399309;-0.453194;-0.697591
517;5.409439;6.761954;4.277681;-0.338978;0.01235;0.220671;-0.40518;-0.442568;-0.698656
518;5.889157;6.647117;5.422554;-0.254148;0.037922;0.136614;-0.405543;-0.430935;-0.705554
519;4.556859;5.587131;4.536898;-0.133069;-0.298726;0.081864;-0.411486;-0.424575;-0.706277
520;5.136246;6.811501;4.56306;-0.31443;-0.02562;0.34117;-0.421559;-0.412478;-0.708673
521;5.748363;5.848166;5.170104;-0.074803;-0.208089;0.128347;-0.423928;-0.40688;-0.709712
522;5.434068;5.984727;5.022954;-0.178055;-0.278888;0.308405;-0.437942;-0.39775;-0.707082
523;6.837341;6.199576;4.692239;0.297485;-0.369075;0.329144;-0.451452;-0.394826;-0.701244
524;6.295648;5.825274;4.881667;0.126945;-0.181679;0.431005;-0.467781;-0.387074;-0.697521
525;7.032934;6.197445;4.627799;0.410548;-0.214538;0.225028;-0.47355;-0.39126;-0.692176
526;6.311662;4.885971;4.566338;-0.035723;-0.030201;0.449017;-0.483347;-0.387646;-0.686275
527;6.677365;6.018769;4.972399;0.305017;-0.23432;-0.015252;-0.491577;-0.389298;-0.681782
528;7.079977;5.979936;3.987806;0.062543;-0.241641;0.297067;-0.503957;-0.387592;-0.674925
529;5.584538;5.97316;3.434112;-0.068605;-0.075635;0.086263;-0.510603;-0.384599;-0.669766
530;6.498422;6.465055;3.9743;-0.143399;0.05661;0.02379;-0.510649;-0.382389;-0.672606
531;7.024633;5.506847;4.527364;-0.196685;0.013523;-0.056069;-0.511559;-0.374197;-0.675609
532;6.15678;5.938688;4.506997;-0.07014;-0.029025;-0.034293;-0.510305;-0.373886;-0.676875
533;6.621672;5.83742;4.378126;0.020811;-0.063303;0.088429;-0.513583;-0.370422;-0.677925
534;6.397306;5.500475;4.360625;0.021311;-0.050463;0.048395;-0.510697;-0.367737;-0.678079
535;6.725671;5.521767;4.459967;0.066294;0.019613;0.078688;-0.514922;-0.366985;-0.677534
536;6.793813;5.544012;4.37298;0.060377;-0.032303;-0.001557;-0.516438;-0.369751;-0.674238
537;6.733511;5.833539;4.179472;0.052191;-0.051712;-0.003345;-0.516966;-0.370223;-0.671863
538;6.782814;5.799271;4.242817;-0.010347;-0.016171;0.009813;-0.519385;-0.370886;-0.672519
539;6.685434;5.634276;4.265774;-0.008412;-0.035916;-0.020579;-0.518358;-0.370067;-0.67301
540;6.734298;5.64889;4.251556;0.013984;-0.008349;0.000734;-0.518416;-0.370169;-0.674076
541;6.59696;5.697552;4.221767;-0.007323;0.020845;0.003717;-0.519005;-0.370414;-0.670377
542;6.675783;5.694515;4.343774;-0.019026;0.033353;0.018123;-0.519371;-0.368046;-0.67417
543;6.66964;5.693332;4.069319;-0.052829;0.040397;0.002571;-0.518555;-0.36734;-0.674591
544;6.606308;5.825856;4.24212;-0.182354;0.041954;0.065015;-0.5156;-0.363493;-0.678093
545;6.475833;5.475726;4.436611;-0.431099;0.0198;0.031313;-0.515435;-0.353509;-0.682934
546;6.462217;4.87265;4.290359;-0.037293;0.103198;-0.074727;-0.51601;-0.348922;-0.685317
547;6.81452;5.143529;4.425018;0.070153;0.11373;-0.075459;-0.511007;-0.349721;-0.688615
548;6.820098;5.546243;4.879013;0.085761;0.113085;-0.242689;-0.505404;-0.356708;-0.689364
549;6.520731;5.767415;4.80743;0.204538;0.141656;-0.28636;-0.497566;-0.369805;-0.690611
550;6.851585;5.927056;4.389668;0.211281;0.205493;-0.278899;-0.490226;-0.382278;-0.689694
551;5.093834;6.475943;4.750866;0.013233;0.255155;-0.037993;-0.481972;-0.390301;-0.690673
552;5.897885;6.314961;4.920355;0.223786;0.131151;-0.055398;-0.475005;-0.391538;-0.69212
553;6.293725;6.654161;4.968086;0.111041;0.058298;0.075078;-0.47243;-0.396309;-0.692017
554;5.831463;6.212122;4.141636;0.036259;-0.043207;0.178141;-0.475858;-0.396082;-0.691549
555;6.047398;6.017794;4.181229;0.181174;0.066251;0.280831;-0.479417;-0.392236;-0.691482
556;8.227419;4.888459;4.97215;0.460639;0.277002;-0.066047;-0.47694;-0.399548;-0.68641
557;8.079938;7.000883;4.416958;0.703615;0.245099;-1.178565;-0.459758;-0.43242;-0.676825
558;5.519102;4.834239;4.726795;1.032563;0.068434;-1.441675;-0.424559;-0.478777;-0.665567
559;3.751494;5.985143;2.995368;0.19703;-0.051982;-0.37122;-0.407133;-0.507471;-0.653252
560;5.021045;7.46933;4.405192;0.179363;0.079092;-0.355698;-0.40261;-0.511079;-0.656124
561;4.968499;7.086526;3.848908;0.06716;-0.017214;-0.0726;-0.397237;-0.522792;-0.649872
562;4.517108;7.745097;4.063054;0.088639;-0.051316;0.08446;-0.399545;-0.52219;-0.648282
563;5.025138;7.915646;3.887074;-0.200284;-0.058133;0.25674;-0.406424;-0.522385;-0.647868
564;5.46918;7.808067;4.054598;0.013404;0.007785;0.138015;-0.411372;-0.510947;-0.653692
565;5.664006;6.722954;4.289052;-0.191215;0.013947;0.214307;-0.41625;-0.501927;-0.658666
566;6.206913;6.769495;4.18078;-0.225896;0.041515;0.111681;-0.414567;-0.49951;-0.659016
567;5.735298;6.352831;4.107922;-0.003898;-0.01574;0.0774;-0.41648;-0.493737;-0.661364
568;5.680069;6.525483;4.502154;-0.105506;-0.035844;-0.005427;-0.417175;-0.49101;-0.663852
569;5.605525;6.541377;4.231956;-0.04083;-0.012906;-0.004076;-0.418936;-0.486965;-0.666159
570;5.623502;6.975961;4.124667;-0.028235;-0.041463;-0.039838;-0.418264;-0.484778;-0.668027
571;5.416976;6.580131;4.245561;-0.058486;0.004612;-0.019867;-0.417512;-0.485877;-0.666632
572;5.700757;7.284216;4.063349;0.006017;0.015238;-0.023758;-0.417946;-0.486127;-0.667318
573;5.594598;6.808628;4.128587;-0.02456;0.008291;-0.006731;-0.416119;-0.486097;-0.667881
574;5.497395;6.909237;4.381249;0.06124;0.01887;0.009519;-0.415842;-0.486365;-0.667727
575;5.429465;6.695813;4.38958;0.045048;-0.009511;-0.00121;-0.416777;-0.487497;-0.665628
576;5.506749;6.803455;4.196085;0.016335;0.02895;0.041046;-0.416748;-0.486781;-0.667371
577;5.675994;6.92868;4.367849;0.04087;-0.032008;0.045014;-0.417906;-0.486412;-0.666644
578;5.577822;6.813011;4.223303;-0.022255;-0.025198;0.00641;-0.418328;-0.486403;-0.667068
579;5.747203;6.715739;4.274944;-0.003597;-0.007247;0.038377;-0.419363;-0.486424;-0.666593
580;5.594293;6.724431;3.992078;0.007524;-0.02358;-0.010738;-0.420505;-0.486195;-0.665597
581;5.692079;6.954163;4.117696;-0.122564;0.015967;0.044837;-0.420983;-0.483114;-0.666481
582;5.699614;6.63186;4.56596;-0.082138;0.028089;0.032977;-0.419619;-0.479279;-0.669939
583;5.614243;6.733634;4.091903;-0.194875;0.02655;0.034774;-0.421046;-0.473875;-0.673185
584;5.820755;7.174742;4.62266;-0.203841;0.053057;0.0351;-0.421119;-0.466485;-0.680387
585;5.192518;6.606444;3.833505;-0.276138;0.045161;0.13682;-0.422715;-0.459873;-0.684065
586;5.633373;6.358318;4.962949;-0.438471;-0.02945;0.082695;-0.422304;-0.44597;-0.690964
587;5.251853;6.480043;3.894061;-0.498957;-0.074814;0.129118;-0.428672;-0.431917;-0.695585
588;5.725124;6.828724;4.96566;-0.472709;0.06513;0.17604;-0.428689;-0.414026;-0.707111
589;5.46335;5.183302;5.734381;-0.20963;-0.14444;0.131597;-0.432913;-0.398443;-0.713505
590;5.385713;6.00121;4.609769;-0.232792;-0.22248;0.273718;-0.44045;-0.389181;-0.713707
591;6.414107;6.26113;5.472892;0.04377;-0.111636;0.245576;-0.445665;-0.384568;-0.713557
592;6.085642;4.919847;5.053952;0.16767;-0.489276;0.340989;-0.460391;-0.386412;-0.7041
593;7.247198;6.391872;4.511159;0.508658;-0.415375;0.302493;-0.482947;-0.384742;-0.693954
594;6.97649;6.773757;3.789307;0.235966;-0.26034;0.195297;-0.49329;-0.392913;-0.680801
595;6.826792;4.855258;4.856452;0.148736;0.0336;0.283566;-0.503046;-0.391172;-0.674461
596;6.260025;5.773474;4.546031;0.319056;-0.013224;0.209922;-0.506667;-0.397077;-0.668961
597;6.692648;5.730769;4.344307;0.23381;-0.262824;0.340952;-0.513665;-0.39583;-0.663254
598;6.080031;6.102011;3.822062;0.112293;-0.270914;-0.095633;-0.524963;-0.393794;-0.658338
599;6.576308;6.170454;3.69902;-0.015216;-0.044134;0.034754;-0.525682;-0.397084;-0.655121
600;7.070493;5.872888;4.036137;-0.044115;-0.046506;0.059032;-0.528672;-0.39363;-0.655755
601;6.634887;5.824435;4.038105;0.035443;-0.079519;0.045677;-0.531203;-0.392257;-0.653261
602;6.666996;5.698411;4.023142;0.041992;-0.086007;0.113154;-0.5352;-0.388642;-0.650492
603;6.889011;5.626832;3.781101;-0.016226;-0.018996;0.077551;-0.538203;-0.387367;-0.649355
604;6.924143;5.577416;3.965828;-0.014711;0.059537;0.06729;-0.537024;-0.382915;-0.651237
605;6.925882;5.294909;4.212486;0.029746;0.073062;0.010054;-0.536742;-0.382984;-0.65335
606;6.978118;5.625593;4.02958;0.063578;-0.002396;-0.03148;-0.536271;-0.384739;-0.652358
607;6.906129;5.812929;3.906025;0.054515;-0.028073;-0.040422;-0.53673;-0.386765;-0.651413
608;6.867265;5.711056;3.912613;0.009789;0.008437;-0.013203;-0.53721;-0.389573;-0.650988
609;6.840578;5.727674;3.985448;0.034904;0.015441;-0.015151;-0.535093;-0.389687;-0.651132
610;6.84049;5.780948;4.000276;0.045496;0.005776;-0.007279;-0.534589;-0.389802;-0.651634
611;6.825754;5.742345;3.961117;0.014971;-0.000314;-0.000844;-0.535048;-0.388387;-0.650089
612;6.859956;5.793178;3.978574;-0.006553;0.005087;0.006489;-0.536365;-0.389725;-0.650138
613;6.816253;5.683982;3.994823;0.002374;0.010436;0.015313;-0.53678;-0.38972;-0.650428
614;6.875063;5.698402;4.019557;0.027433;0.003295;0.009746;-0.535961;-0.388799;-0.649867
615;6.840479;5.764046;3.985614;0.009337;-0.011625;0.01871;-0.537337;-0.388122;-0.650623
616;6.860121;5.68664;3.946489;0.009328;-0.024937;0.011517;-0.536345;-0.388809;-0.649622
617;6.869659;5.752206;3.927401;0.016622;-0.028635;-0.007226;-0.53909;-0.388851;-0.648844
618;6.869825;5.669833;3.912441;0.013125;-0.007337;0.002685;-0.539134;-0.388236;-0.647127
619;6.923835;5.722799;3.988368;0.002322;-0.016189;-0.000811;-0.539229;-0.390374;-0.646825
620;6.933311;5.761859;3.935127;0.013901;-0.032145;-0.006321;-0.540889;-0.390086;-0.64799
621;6.830791;5.623755;3.914422;0.007661;-0.023265;0.000854;-0.540184;-0.388911;-0.64704
622;6.859886;5.713518;3.905287;0.045436;0.002327;0.000697;-0.540363;-0.389487;-0.645575
623;6.937959;5.800836;3.898873;0.01499;0.012175;0.008138;-0.539921;-0.390036;-0.644873
624;6.899062;5.742502;3.927536;0.017459;-0.005428;0.018681;-0.541053;-0.390008;-0.646136
625;6.87457;5.718353;3.90783;0.023978;0.002328;-0.00268;-0.541172;-0.390614;-0.643602
626;6.918504;5.689513;3.854491;0.018438;-0.001912;0.015128;-0.541562;-0.389494;-0.645642
627;6.90392;5.742549;3.917844;0.006031;0.004172;0.002821;-0.542051;-0.390048;-0.644994
628;6.894275;5.698867;3.924877;0.000755;0.005863;-0.006026;-0.540609;-0.389367;-0.645191
629;6.911043;5.757325;3.87177;0.014887;-0.001954;0.009831;-0.541619;-0.390989;-0.644552
630;6.874578;5.708678;3.902924;-0.010101;0.009552;0.010086;-0.542014;-0.390729;-0.644446
631;6.911274;5.69662;3.88851;0.006196;0.012037;-0.007815;-0.541606;-0.389541;-0.644046
632;6.884249;5.781326;3.922761;0.014939;0.003305;0.006302;-0.541335;-0.389938;-0.644023
633;6.88202;5.71822;3.934613;0.007771;0.00154;0.006343;-0.542693;-0.389535;-0.644507
634;6.874738;5.660145;3.909996;0.01514;0.00846;-0.009697;-0.541526;-0.390042;-0.645097
635;6.901505;5.723175;3.912879;0.016735;-0.006479;-0.000884;-0.542966;-0.390327;-0.644774
636;6.906446;5.728284;3.8835;0.015102;0.004965;-0.004512;-0.542109;-0.390721;-0.645336
637;6.894237;5.737913;3.898054;0.002502;0.003256;0.000918;-0.541361;-0.390098;-0.643708
638;6.906628;5.68939;3.90277;0.007832;-0.009164;-0.003643;-0.541775;-0.389431;-0.643877
639;6.898887;5.709222;3.815306;0.011552;0.002296;-0.00806;-0.54245;-0.389298;-0.644051
640;6.894043;5.767155;3.869017;-0.043964;0.034389;0.016586;-0.542835;-0.3899;-0.646324
641;6.899248;5.653187;3.868529;-0.061899;0.015762;0.006838;-0.541922;-0.388827;-0.646426
642;6.84074;5.688804;3.999856;-0.157049;0.041857;0.047921;-0.540477;-0.383802;-0.649018
643;7.041955;5.591515;4.054123;-0.099362;0.01918;-0.014011;-0.541054;-0.379743;-0.651525
644;6.919398;5.598977;4.019374;-0.076281;-0.009152;-0.014371;-0.542516;-0.377302;-0.653518
645;6.929063;5.75138;4.093053;-0.038848;-0.035778;-0.021909;-0.542563;-0.37569;-0.654084
646;6.882459;5.616172;3.975473;-0.048167;-0.026446;0.033317;-0.543861;-0.373994;-0.653257
647;6.905254;5.57413;4.140712;0.002882;0.001895;0.050834;-0.54461;-0.371838;-0.654406
648;6.972737;5.628619;3.908022;0.090256;-0.025343;-0.02649;-0.543721;-0.373997;-0.653116
649;6.868347;5.961679;3.73875;-0.098942;0.003683;0.028602;-0.544247;-0.37321;-0.652894
650;6.853837;5.436402;4.042537;-0.158644;-0.070468;0.0393;-0.546123;-0.365999;-0.654336
651;6.890092;5.586809;4.028862;-0.065375;0.087682;0.046515;-0.545634;-0.363391;-0.657021
652;7.088432;5.433819;4.559286;-0.046127;0.069257;0.071179;-0.542895;-0.360762;-0.659846
653;7.062655;5.532114;4.297054;0.037807;-0.189543;-0.008249;-0.545189;-0.359373;-0.657871
654;6.59072;5.425832;3.734599;0.04863;0.012539;0.062881;-0.549226;-0.361031;-0.656736
655;7.284757;5.801165;4.31423;-0.121296;0.10325;0.095175;-0.547735;-0.357987;-0.660438
656;7.09281;4.984983;4.114864;0.073295;-0.091218;0.023026;-0.548765;-0.356492;-0.657196
657;6.738472;5.654295;4.115747;0.075987;0.017197;-0.004832;-0.550234;-0.358155;-0.65525
658;7.050951;5.667428;3.903818;-0.049929;0.002075;0.054856;-0.54858;-0.357777;-0.654098
659;7.020772;5.271462;4.047669;-0.035368;-0.004435;0.02619;-0.549225;-0.354282;-0.655533
660;7.132185;5.649937;4.006328;-0.097553;0.058358;0.016437;-0.548354;-0.351398;-0.658468
661;7.246212;5.184157;4.043792;-0.084083;-0.061793;0.02364;-0.550978;-0.346203;-0.65938
662;6.892007;5.260582;4.289906;-0.074196;0.052774;0.001902;-0.54886;-0.345655;-0.659404
663;7.047462;5.334589;4.031106;-0.069233;0.014151;0.023024;-0.549307;-0.341991;-0.662029
664;7.136232;5.362772;4.214087;-0.079905;0.006915;0.003534;-0.54945;-0.337683;-0.66385
665;7.031967;5.274533;4.407505;-0.054763;0.031635;0.011438;-0.54875;-0.334055;-0.664945
666;6.886199;5.259311;4.056511;-0.013857;-0.040125;-0.006211;-0.547755;-0.335008;-0.663938
667;7.088833;5.668382;4.200607;-0.01241;-0.004235;0.050971;-0.549115;-0.334472;-0.664425
668;6.941675;5.119525;4.372212;-0.017361;0.023785;0.031502;-0.550006;-0.332841;-0.665838
669;7.009524;5.10589;4.185398;0.065278;0.027953;0.009506;-0.550469;-0.331091;-0.666696
670;7.01856;5.33883;4.154917;0.035527;0.098499;-0.014737;-0.548016;-0.334149;-0.6661
671;6.93882;5.178034;4.309262;-0.006098;0.036622;-0.016533;-0.545447;-0.332895;-0.667443
672;7.156459;5.270133;4.313449;0.038536;0.034956;-0.004414;-0.544688;-0.334723;-0.668431
673;7.03037;5.539946;4.185077;0.017224;0.044593;-0.018398;-0.543502;-0.33418;-0.668508
674;6.981065;5.196574;4.48219;0.004171;0.015658;0.015296;-0.544084;-0.334422;-0.669468
675;7.014168;5.420362;4.34;0.043243;-0.040103;0.005818;-0.542622;-0.334809;-0.669511
676;6.959778;5.377541;4.17418;-0.015453;0.030845;0.024445;-0.544043;-0.336825;-0.669154
677;6.955322;5.376989;4.285964;0.007481;-0.012502;0.024916;-0.54459;-0.334174;-0.668969
678;7.051256;5.221736;4.295567;-0.049086;0.033159;-0.017952;-0.545253;-0.333783;-0.66888
679;6.941143;5.231356;4.314381;0.017373;-0.008998;0.024831;-0.543678;-0.332968;-0.669073
680;7.09972;5.299684;4.223298;0.004384;0.01913;-0.000667;-0.545428;-0.333365;-0.669564
681;7.033614;5.285205;4.210672;-0.004449;0.019012;-0.013945;-0.542184;-0.331582;-0.670613
682;6.964932;5.33855;4.212925;-0.088852;0.012222;0.007162;-0.543232;-0.331862;-0.670401
683;7.06904;5.179838;4.431607;-0.027338;0.057744;-0.030449;-0.541765;-0.32861;-0.672111
684;6.923365;5.355411;4.237055;-0.031032;0.035637;-0.034096;-0.540551;-0.329336;-0.674292
685;6.963149;5.332884;4.37818;-0.06105;0.006729;-0.00732;-0.540619;-0.327184;-0.675136
686;7.012926;5.186857;4.484772;0.020344;-0.009336;-0.011643;-0.540238;-0.326113;-0.675268
687;6.887104;5.308924;4.321696;-0.015497;-0.011016;-0.007806;-0.541112;-0.328133;-0.674613
688;6.980763;5.177619;4.392163;0.00592;-0.000285;0.009856;-0.541503;-0.326155;-0.67414
689;6.894442;5.265431;4.289943;0.0257;0.005848;0.006165;-0.54194;-0.325476;-0.67471
690;7.098229;5.375813;4.520189;0.029523;0.023345;-0.01506;-0.541204;-0.325042;-0.675742
691;7.019536;5.105613;4.241365;0.055904;-0.026819;0.011073;-0.540892;-0.328574;-0.673127
692;7.102308;5.420337;4.342972;0.024417;0.048968;-0.020214;-0.540533;-0.328948;-0.673899
693;6.82382;5.24081;4.367181;-0.00826;0.004895;-0.003354;-0.538806;-0.327877;-0.673688
694;7.042042;5.216179;4.4389;0.025888;-0.005932;-0.027668;-0.540024;-0.330854;-0.672236
695;6.886279;5.377624;4.159144;0.001424;-0.018899;-0.000869;-0.54066;-0.330873;-0.671739
696;7.062992;5.309365;4.227978;-0.035355;-0.019649;0.006563;-0.54207;-0.329782;-0.673038
697;7.034124;5.241065;4.310134;0.000384;0.061337;-0.021766;-0.541375;-0.328401;-0.674623
698;6.902083;5.265058;4.365342;0.017818;0.010104;-0.012417;-0.539721;-0.329479;-0.67371
699;6.926527;5.211936;4.319065;0.071776;0.034748;-0.017181;-0.540529;-0.331332;-0.674253
700;7.049231;5.284038;4.446546;0.069006;0.051715;0.001638;-0.539131;-0.331359;-0.672975
701;7.020031;5.218571;4.446068;0.102812;0.001153;-0.01404;-0.537565;-0.333847;-0.673904
702;6.979516;5.532007;4.320851;0.090066;-0.007511;0.000281;-0.537837;-0.336032;-0.672014
703;6.965592;5.313557;4.363522;0.035989;-0.039123;0.01831;-0.539035;-0.336039;-0.672082
704;6.955015;5.391874;4.217969;0.054444;-0.000482;-0.010085;-0.539201;-0.338474;-0.670713
705;7.132253;5.615364;4.623583;-0.053695;-0.044294;0.019098;-0.539015;-0.336579;-0.671804
706;6.923048;4.963665;4.507508;0.09868;-0.064179;-0.001955;-0.541405;-0.337194;-0.66953
707;6.567361;5.040189;3.752141;0.120137;0.128292;-0.02607;-0.54017;-0.342568;-0.667361
708;6.89677;5.531407;4.44431;-0.126606;0.181393;-0.051178;-0.534613;-0.342645;-0.672505
709;7.055266;5.475934;4.870411;0.036604;-0.009683;-0.04462;-0.53297;-0.343314;-0.676528
710;6.558566;5.210517;4.124771;0.213559;-0.215866;0.050499;-0.536104;-0.347737;-0.671561
711;7.255383;6.081491;4.509791;0.098951;-0.108984;0.113612;-0.541324;-0.350077;-0.665553
712;7.480294;4.984058;4.292252;0.370322;-0.277385;0.094345;-0.548527;-0.354491;-0.657353
713;6.943286;5.476471;3.783178;0.231921;-0.194776;0.021205;-0.557263;-0.359539;-0.65056
714;7.294816;5.487329;3.539878;0.178814;-0.090999;-0.057783;-0.56176;-0.36641;-0.639498
715;7.090608;5.543563;3.942388;-0.013526;0.044163;-0.07861;-0.560716;-0.367848;-0.640078
716;7.007265;5.393884;3.809932;0.046231;-0.041973;-0.116946;-0.558717;-0.370018;-0.64272
717;6.930227;5.665995;3.706179;-0.016639;-0.011435;-0.071781;-0.558431;-0.372478;-0.640394
718;7.001451;5.774441;3.840803;-0.064612;0.006901;-0.002789;-0.557406;-0.372187;-0.641007
719;7.207917;5.398798;3.791739;-0.100068;0.091253;-0.066982;-0.557138;-0.370328;-0.645421
720;7.002606;5.569997;3.993014;-0.010148;0.057667;-0.046563;-0.553211;-0.370138;-0.646402
721;7.01237;5.654613;4.044507;0.039994;-0.00028;0.004304;-0.55427;-0.370014;-0.646331
722;7.021306;5.67502;3.840471;0.046771;-0.058564;0.005714;-0.554394;-0.371545;-0.644045
723;7.11416;5.675221;3.797288;-0.035522;-0.003307;0.044046;-0.55512;-0.370793;-0.642635
724;7.101144;5.339634;3.990136;-0.063908;0.030241;0.042636;-0.556008;-0.368767;-0.643923
725;6.979115;5.286018;4.047481;0.036625;-0.007578;-0.018885;-0.55561;-0.367239;-0.64606
726;7.023947;5.568446;3.815693;0.049122;-0.021722;-0.025246;-0.556716;-0.369014;-0.644757
727;7.114109;5.680119;3.787587;0.014146;0.022909;0.017101;-0.55535;-0.369421;-0.644139
728;7.105135;5.567929;3.91828;0.020371;0.016667;0.015225;-0.555037;-0.369575;-0.64332
729;7.009826;5.415491;3.8538;0.028654;0.007551;-0.013385;-0.556127;-0.370098;-0.643904
730;7.02203;5.548447;3.937128;0.038318;0.013907;0.007933;-0.556494;-0.370382;-0.643387
731;7.036686;5.553319;3.932378;0.028333;-0.007301;0.006127;-0.5556;-0.370225;-0.644005
732;7.075932;5.475885;3.898235;0.036507;-0.007395;-0.004617;-0.556377;-0.372225;-0.644011
733;7.178051;5.645909;3.838869;0.034594;0.003442;0.016836;-0.555787;-0.372781;-0.643035
734;6.985078;5.485911;3.834523;0.027691;0.005834;-0.008045;-0.556235;-0.373092;-0.641589
735;7.046607;5.456491;3.897966;0.042178;0.029676;-0.008031;-0.556766;-0.374551;-0.641858
736;7.057992;5.624308;3.796711;0.025859;0.019248;0.006298;-0.555501;-0.373186;-0.642745
737;6.987418;5.515045;3.827379;0.00818;0.056408;0.011951;-0.55438;-0.375591;-0.642103
738;6.9569;5.630063;3.616241;-0.142438;0.037297;0.023767;-0.553613;-0.371266;-0.644272
739;7.296753;5.58881;4.104289;-0.249863;-0.020542;0.065308;-0.5549;-0.364473;-0.649534
740;7.027715;5.334796;3.989663;-0.049717;-0.021285;0.015556;-0.555006;-0.360184;-0.650687
741;7.008503;5.464828;4.174877;-0.007281;0.013811;-0.004148;-0.556108;-0.358848;-0.651174
742;6.99809;5.335113;3.926283;0.082863;-0.035753;-0.003403;-0.555346;-0.358894;-0.649399
743;6.989134;5.619878;3.713622;0.026105;0.056403;0.010927;-0.555872;-0.360885;-0.649657
744;7.182731;5.796009;3.888198;-0.065165;0.157894;0.080748;-0.554884;-0.361236;-0.65106
745;6.974672;5.280617;4.159244;-0.069311;0.124533;0.119631;-0.551695;-0.357106;-0.655086
746;6.97943;5.261457;4.11057;0.033159;0.106217;0.059998;-0.548179;-0.351154;-0.657663
747;7.140589;5.484278;4.161191;-0.018429;0.162903;0.062562;-0.545605;-0.351024;-0.661515
748;7.118301;4.872548;4.294383;0.041569;0.026642;0.059476;-0.545485;-0.349825;-0.661531
749;7.258219;5.421274;4.149472;0.019495;0.109169;-0.016277;-0.543101;-0.351324;-0.664298
750;7.252913;5.600617;4.169704;-0.019501;-0.010468;0.040341;-0.541213;-0.350135;-0.663548
751;6.706709;5.02767;4.319305;-0.004958;-0.131883;0.023405;-0.544217;-0.348726;-0.662413
752;7.1191;5.926491;3.983204;-0.014559;-0.068779;0.04001;-0.547587;-0.347735;-0.660758
753;7.086319;5.25281;3.894849;-0.148389;-0.071635;0.102348;-0.549972;-0.342064;-0.659668
754;7.191817;5.063354;4.446413;-0.130044;0.042534;0.032563;-0.552566;-0.33761;-0.662563
755;6.946181;4.936353;4.145342;-0.019879;-0.002076;0.00112;-0.551324;-0.334116;-0.663491
756;7.199805;5.362858;4.195031;-0.09066;-0.001938;-0.001751;-0.551394;-0.331698;-0.66434
757;7.16644;5.105566;4.247128;-0.035033;-0.00213;-0.012032;-0.550961;-0.329394;-0.665691
758;7.234352;5.212681;4.160526;-0.056213;0.035014;-0.016082;-0.549705;-0.328554;-0.666834
759;7.048295;5.294878;4.215668;-0.068974;0.002248;-0.020613;-0.550182;-0.32885;-0.665924
760;7.074605;4.806844;4.34243;-0.038134;0.047209;-0.023357;-0.550622;-0.325851;-0.668535
761;7.141263;5.270771;4.184528;0.047994;0.062971;-0.03547;-0.54666;-0.326209;-0.668971
762;7.012155;5.168491;4.275638;0.003657;0.015373;-0.022053;-0.546983;-0.326446;-0.67005
763;6.998918;5.423487;4.198937;0.055699;-0.018625;0.036057;-0.547152;-0.327222;-0.670843
764;7.122423;5.221509;4.339756;-0.010218;0.028293;0.036844;-0.547861;-0.327273;-0.669285
765;7.063503;5.096063;4.209991;0.044641;-0.044062;0.057317;-0.549178;-0.325965;-0.668851
766;7.269304;5.095826;4.252576;-0.011563;0.068878;0.024625;-0.549321;-0.325034;-0.668877
767;7.020464;4.91112;4.342574;0.027412;0.005082;0.020345;-0.548807;-0.323365;-0.671276
768;7.25408;5.328494;4.277853;0.029569;0.015432;-0.018648;-0.54864;-0.32444;-0.670847
769;7.093185;4.994178;4.217;0.02512;0.011873;-0.016927;-0.548421;-0.326204;-0.669603
770;7.087611;5.328519;4.276832;-0.018828;0.004825;-0.021889;-0.548543;-0.325151;-0.66923
771;7.110156;5.146628;4.281001;-0.009882;0.013744;-0.010378;-0.545671;-0.323914;-0.66989
772;7.078426;5.153764;4.310008;-0.006213;0.026092;-0.011235;-0.547025;-0.325233;-0.670608
773;7.088043;5.274813;4.349512;-0.027117;0.017503;0.013809;-0.545227;-0.323865;-0.671464
774;7.083708;5.04695;4.33386;0.021128;-0.01625;0.002528;-0.546507;-0.325286;-0.673241
775;7.129744;5.3037;4.391222;0.042754;0.006684;-0.001039;-0.545376;-0.323858;-0.671739
776;7.024604;5.028065;4.231319;0.030053;-0.010863;0.013139;-0.5474;-0.326175;-0.670345
777;7.141975;5.226379;4.335037;0.03496;0.033168;-0.00618;-0.546743;-0.326696;-0.670564
778;7.136884;5.185542;4.257035;0.014125;-0.002129;-0.004427;-0.546293;-0.325925;-0.669488
779;7.13687;5.274973;4.315782;-0.029654;0.017383;-0.002169;-0.546188;-0.325311;-0.67229
780;7.083663;5.042172;4.319253;0.032875;-0.012806;-0.006444;-0.54694;-0.324943;-0.671407
781;7.048661;5.226754;4.261543;-0.020642;0.03156;0.004923;-0.545755;-0.325062;-0.671604
782;7.132979;5.04172;4.409492;-0.006809;0.048919;-0.027118;-0.545011;-0.324765;-0.6725
783;7.077941;5.318701;4.301035;-0.006501;-0.008346;-0.009614;-0.544308;-0.324049;-0.674072
784;7.144647;5.143934;4.334677;0.006991;0.001386;-0.00613;-0.544218;-0.326213;-0.672827
785;6.984889;5.159253;4.183059;-0.031395;0.012026;-0.006674;-0.542927;-0.325125;-0.673308
786;7.13054;5.11904;4.465737;-0.031422;0.026217;0.00143;-0.543185;-0.323209;-0.675223
787;6.965942;5.194704;4.370274;0.023607;-0.035688;0.005965;-0.54442;-0.323928;-0.673681
788;7.205621;5.238458;4.342775;0.035402;0.005148;0.022133;-0.545008;-0.3243;-0.674773
789;6.992645;5.236066;4.341457;0.028921;-0.032953;0.014837;-0.544703;-0.323789;-0.673966
790;7.146852;5.149072;4.276375;0.018603;0.017443;0.011643;-0.545901;-0.324527;-0.671756
791;7.061759;5.075847;4.37518;0.03277;0.001508;0.014977;-0.546351;-0.323312;-0.67247
792;7.142107;5.093301;4.276092;0.022226;-0.00752;-0.012537;-0.546762;-0.324966;-0.670598
793;7.070437;5.236738;4.203384;0.013234;-0.012813;-0.013373;-0.546738;-0.325772;-0.670315
794;7.171304;5.110439;4.242318;-0.031116;0.054497;-0.003758;-0.546859;-0.324916;-0.672335
795;7.019516;5.158803;4.273208;-0.033063;0.033239;-0.00565;-0.543716;-0.323346;-0.67525
796;7.086203;5.208801;4.458583;-0.002831;0.035122;0.013697;-0.542721;-0.322975;-0.674003
797;7.083683;5.150894;4.399965;0.004252;0.027211;0.018921;-0.541405;-0.322229;-0.676473
798;7.098573;5.066058;4.392376;0.014981;0.008536;0.007163;-0.542172;-0.323177;-0.676098
799;7.015262;5.104833;4.399334;-0.00011;0.003059;-0.0132;-0.540487;-0.322947;-0.67441
800;7.09785;5.332791;4.39359;0.018477;-0.000313;0.004458;-0.540836;-0.323568;-0.676015
801;7.049522;5.071012;4.372652;0.01859;-0.002181;-0.004491;-0.541821;-0.323483;-0.674608
802;7.078802;5.24029;4.465974;0.049061;-0.004082;-0.015391;-0.542238;-0.323212;-0.674903
803;7.03426;5.064484;4.221821;0.062928;-0.043585;0.014478;-0.543975;-0.325405;-0.673095
804;7.09854;5.085433;4.397326;0.018832;0.026059;-0.009667;-0.544911;-0.326467;-0.673394
805;7.048683;5.035816;4.134272;-0.029298;0.154169;-0.125095;-0.539369;-0.328457;-0.676772
806;7.024941;5.283801;4.495011;-0.021674;0.146394;-0.198961;-0.533872;-0.330494;-0.678553
807;6.683168;5.205322;4.682155;0.062236;0.014659;-0.079482;-0.530363;-0.335458;-0.680791
808;6.589621;5.210823;4.552776;0.155729;-0.196745;0.012859;-0.532505;-0.338513;-0.676859
809;6.997549;5.787694;4.103362;0.137161;-0.102381;0.066111;-0.536399;-0.345077;-0.671628
810;7.45406;5.687075;4.334194;0.20284;-0.103648;0.126981;-0.541255;-0.347593;-0.668659
811;7.207674;5.074625;4.128132;0.208349;-0.182026;0.064142;-0.547285;-0.352383;-0.660919
812;7.380432;5.382829;4.074693;0.166529;-0.183981;0.028978;-0.552763;-0.353539;-0.654548
813;7.065938;5.282813;3.712554;0.062772;-0.088626;0.005369;-0.556578;-0.356501;-0.649647
814;7.235455;5.356947;3.918116;-0.046385;0.0084;-0.133665;-0.555596;-0.359698;-0.649265
815;6.96944;5.179543;4.003181;0.035661;0.005864;-0.098851;-0.554851;-0.361518;-0.65052
816;6.7528;5.533916;3.940271;0.004611;0.094562;-0.064318;-0.552947;-0.364439;-0.650223
817;7.222385;5.838893;4.041775;-0.011565;0.119605;-0.044369;-0.548953;-0.364347;-0.652397
818;6.84121;5.635049;4.082259;-0.020249;-0.000896;-0.069924;-0.54695;-0.364798;-0.654672
819;6.782171;5.613667;3.994292;0.08639;-0.075863;0.063941;-0.547467;-0.366265;-0.654673
820;7.128995;5.677452;3.836281;0.003406;-0.06521;0.045178;-0.550209;-0.365187;-0.651253
821;6.929512;5.417328;3.974853;-0.050251;0.063776;0.042686;-0.550863;-0.365594;-0.651149
822;7.234475;5.265691;4.22883;0.00328;0.023825;0.027838;-0.550768;-0.362064;-0.653608
823;6.991175;5.38774;4.072327;0.047137;-0.060784;-0.0388;-0.550393;-0.365294;-0.652193
824;7.007078;5.490782;3.829819;0.015052;-0.0154;-0.013386;-0.551298;-0.363725;-0.651475
825;7.174178;5.504464;4.00106;0.004235;0.019368;0.018933;-0.550154;-0.364087;-0.652469
826;7.047273;5.436324;4.053447;0.018795;-0.004073;-0.027579;-0.551925;-0.365204;-0.651083
827;7.024831;5.439257;3.951231;0.031393;0.010125;-0.020499;-0.55058;-0.36441;-0.650623
828;7.068511;5.553314;3.932574;0.025742;0.001516;0.002643;-0.552017;-0.365624;-0.650415
829;7.002734;5.533589;4.000141;-0.017128;0.003205;-0.009454;-0.550859;-0.367316;-0.651383
830;7.027627;5.441236;4.041195;0.003942;-0.011537;0.026743;-0.550823;-0.366541;-0.650596
831;7.017536;5.470613;3.98536;0.007654;-0.010765;0.013379;-0.551786;-0.365074;-0.650945
832;7.007559;5.461179;3.931779;0.014189;0.005001;-0.002601;-0.551523;-0.365468;-0.651056
833;7.080884;5.528979;3.949553;0.014984;0.005994;0.00809;-0.551124;-0.366064;-0.648758
834;7.085958;5.494923;3.971306;0.004204;-0.005532;0.002779;-0.550845;-0.365868;-0.650877
835;7.049229;5.480439;3.958861;0.014024;-0.003738;0.008034;-0.550967;-0.36561;-0.650622
836;7.061681;5.465672;4.002623;-0.009973;0.015685;0.003002;-0.550937;-0.364233;-0.652244
837;7.054465;5.422014;4.00481;0.013258;0.001463;-0.002608;-0.550847;-0.365073;-0.650759
838;6.982813;5.509848;3.897819;-0.0548;0.005144;0.003306;-0.551565;-0.364986;-0.649336
839;7.061786;5.39546;3.980426;-0.047594;0.003308;-0.00299;-0.552283;-0.362248;-0.652225
840;7.081454;5.547597;4.107641;-0.163649;-0.028088;0.02895;-0.553026;-0.35857;-0.6554
841;7.380547;5.460016;4.157691;-0.033418;-0.146093;-0.011841;-0.554879;-0.354881;-0.654642
842;6.956975;5.613052;3.623456;-0.210431;-0.176275;0.047195;-0.558412;-0.350434;-0.652929
843;7.125354;5.499466;4.032337;-0.150232;-0.012024;0.046707;-0.561515;-0.345403;-0.652933
844;6.862728;4.999472;4.132965;-0.040389;0.03167;0.018359;-0.562713;-0.341371;-0.654675
845;6.865856;5.327931;3.910855;0.046423;0.146463;0.013851;-0.561118;-0.341159;-0.656986
846;7.17919;5.567149;4.0743;-0.010364;0.173604;0.07146;-0.554913;-0.341556;-0.66009
847;7.180375;5.193506;4.116354;0.006477;0.168434;0.092583;-0.552163;-0.336551;-0.662294
848;7.200362;5.386326;4.353141;0.011948;0.161092;0.064971;-0.549239;-0.335996;-0.666933
849;7.30636;5.218647;4.423517;0.025096;0.016294;0.081869;-0.545653;-0.335108;-0.669144
850;6.888654;4.712496;4.301966;0.047002;-0.003731;0.029867;-0.548511;-0.334897;-0.667978
851;7.423849;5.66396;4.105412;-0.024219;0.012088;-0.014596;-0.546695;-0.333141;-0.668441
852;6.71729;4.620691;4.237296;-0.020893;-0.061651;-0.031279;-0.547981;-0.333304;-0.667712
853;7.14792;5.566457;4.215089;-0.01313;0.065921;-0.011787;-0.544939;-0.332747;-0.667817
854;7.058469;5.270232;4.295833;-0.079318;0.061469;-0.019323;-0.544291;-0.3324;-0.67045
855;7.058964;5.143948;4.334151;-0.039808;0.02481;0.040605;-0.542711;-0.329402;-0.672548
856;7.019312;5.279889;4.305359;-0.051075;0.061824;0.026681;-0.542035;-0.327614;-0.674408
857;7.084191;4.988345;4.416241;-0.081422;0.056431;0.014424;-0.539178;-0.32359;-0.674856
858;7.035272;5.176794;4.557786;-0.039645;-0.058227;0.049061;-0.541848;-0.320955;-0.674658
859;7.162457;5.007756;4.411948;-0.015307;0.008437;-0.00948;-0.543498;-0.320937;-0.675683
860;6.828891;5.042428;4.273938;0.044921;-0.042639;0.025268;-0.543552;-0.320116;-0.676501
861;7.171395;5.315733;4.408548;0.004241;0.016541;0.008231;-0.544339;-0.320524;-0.676404
862;6.932639;4.918;4.424713;0.082621;-0.018778;0.032201;-0.543434;-0.320706;-0.674486
863;7.162489;5.38536;4.058783;0.003201;-0.01611;0.006286;-0.54596;-0.322512;-0.672463
864;7.181992;4.998149;4.392578;0.014164;0.040529;0.026017;-0.545817;-0.324104;-0.672558
865;7.148727;4.992056;4.645145;0.07642;0.061218;-0.018845;-0.544407;-0.325126;-0.673658
866;6.865872;5.248163;3.859444;0.002111;-0.05149;0.006924;-0.543174;-0.324872;-0.672927
867;7.259737;5.238125;4.408736;-0.024737;0.003586;0.036858;-0.545785;-0.324977;-0.674537
868;7.039529;5.071265;4.321546;-0.031663;-0.019783;-0.004173;-0.545508;-0.3226;-0.673901
869;7.136865;5.192817;4.257068;-0.012011;-0.012606;0.006404;-0.546014;-0.323611;-0.671247
870;7.042241;5.083017;4.39697;-0.02086;0.017495;0.017281;-0.546146;-0.321691;-0.673288
871;7.19651;4.969361;4.329336;0.02771;0.019957;-0.001773;-0.545697;-0.320788;-0.672215
872;7.119964;5.274687;4.374014;0.001025;0.043779;-0.009396;-0.545221;-0.32102;-0.673249
873;7.110471;5.037487;4.285366;-0.000748;0.013561;-0.029143;-0.545615;-0.320232;-0.67302
874;7.100442;5.279444;4.393363;-0.002808;0.01376;-0.005969;-0.544782;-0.323352;-0.67531
875;7.093167;5.134363;4.310009;-0.006818;-0.028481;0.013377;-0.545194;-0.320833;-0.675115
876;7.18142;5.247777;4.420453;-0.021793;-0.002041;0.002115;-0.544697;-0.320283;-0.67563
877;7.002887;4.996257;4.289379;0.018361;-0.032183;0.000666;-0.545343;-0.322086;-0.673236
878;7.139634;5.243161;4.373991;0.008037;0.035028;0.001169;-0.54681;-0.320568;-0.675478
879;7.059508;4.879856;4.289194;0.036563;0.004908;-0.000183;-0.544754;-0.321116;-0.674419
880;7.129497;5.328176;4.345148;-0.007139;0.031443;-0.007608;-0.544528;-0.320829;-0.675078
881;6.97601;5.022779;4.320935;-0.006239;0.024323;-0.007722;-0.543257;-0.32132;-0.676195
882;7.103816;5.036623;4.460335;0.014979;0.017416;0.013434;-0.541945;-0.320244;-0.676274
883;7.092971;5.199858;4.305446;0.033063;0.019039;-0.004473;-0.541929;-0.321046;-0.676125
884;7.147171;5.143838;4.354138;0.018445;-0.002013;0.011542;-0.542961;-0.32001;-0.675404
885;7.112871;5.168044;4.363761;0.018692;0.022647;0.002778;-0.543548;-0.321838;-0.676734
886;7.064346;4.964508;4.333364;0.018162;-0.021303;0.031854;-0.543008;-0.321776;-0.674175
887;7.117671;5.206828;4.366398;-0.011719;0.023544;-0.000517;-0.544356;-0.321642;-0.67452
888;7.137724;5.051575;4.377966;-0.011965;-0.005565;0.006425;-0.542513;-0.321092;-0.674693
889;7.069013;5.119457;4.382716;-0.024485;-0.014491;-0.004191;-0.543925;-0.320529;-0.676115
890;7.113093;5.092849;4.36828;0.009741;-0.000479;-0.015066;-0.543242;-0.320004;-0.675686
891;7.004831;5.238549;4.32939;0.000608;-0.005653;-0.000788;-0.543667;-0.320391;-0.676236
892;7.123085;5.075682;4.407156;0.01785;0.03149;0.0046;-0.542887;-0.320641;-0.676587
893;7.010592;5.032052;4.406266;0.038242;0.01028;0.01052;-0.540754;-0.320895;-0.676461
894;7.085789;5.129574;4.297789;-0.01157;0.026094;-0.012082;-0.54207;-0.322366;-0.676508
895;7.098175;5.262302;4.427301;0.025453;-0.021504;0.008724;-0.541269;-0.322495;-0.67646
896;7.088704;5.066156;4.37287;0.072171;-0.000323;0.012867;-0.542304;-0.323972;-0.676224
897;7.105929;5.153039;4.456018;0.047164;0.015629;0.014954;-0.542547;-0.32478;-0.675956
898;7.005816;4.959404;4.386458;0.068245;0.011579;-0.038638;-0.540222;-0.327577;-0.675239
899;7.014544;5.112984;4.221922;0.00732;0.12479;-0.041071;-0.539549;-0.328238;-0.675188
900;6.971476;5.121405;4.481788;0.049935;0.17659;-0.169189;-0.534367;-0.331241;-0.680431
901;6.770708;5.208467;4.53443;0.007537;0.077199;-0.116035;-0.529998;-0.334246;-0.681193
902;6.61686;5.237012;4.650293;0.066366;-0.122073;-0.050019;-0.528854;-0.337457;-0.680268
903;6.890925;5.469768;4.159594;0.163948;-0.11482;0.068431;-0.532955;-0.342661;-0.67614
904;7.361795;5.57497;4.449792;0.150603;-0.184326;0.094943;-0.53764;-0.345989;-0.672613
905;7.311816;5.218599;3.942261;0.211026;-0.238899;0.021167;-0.545349;-0.350816;-0.664035
906;7.149578;5.562616;4.010898;0.076985;-0.083327;0.008899;-0.551128;-0.351425;-0.658224
907;7.499482;5.119883;4.285698;0.066657;-0.115755;-0.063215;-0.552196;-0.352558;-0.656133
908;7.052167;5.334828;3.982521;0.145458;-0.1586;-0.097041;-0.556508;-0.35885;-0.651197
909;6.712022;5.318449;3.379962;-0.038138;0.018977;-0.234259;-0.556998;-0.360728;-0.650789
910;6.704662;5.53289;4.149016;-0.135661;0.265239;-0.16718;-0.549741;-0.361308;-0.656493
911;7.455295;5.400367;4.449569;0.037759;0.160331;-0.124601;-0.542845;-0.365419;-0.659754
912;7.128492;5.982574;3.920318;0.081718;-0.129887;-0.064248;-0.544518;-0.367381;-0.656749
913;6.792465;5.937515;3.72359;0.028747;-0.146565;0.148554;-0.548204;-0.367228;-0.653764
914;6.836925;5.223463;3.951523;-0.03607;0.030982;0.138385;-0.550252;-0.366022;-0.654569
915;7.224802;5.168879;4.191867;-0.034218;0.100334;-0.020368;-0.547878;-0.362487;-0.656632
916;7.146592;5.241228;4.274364;0.054207;-0.016228;0.005848;-0.548916;-0.361581;-0.656042
917;6.902321;5.492574;3.960446;0.036133;-0.087198;-0.02996;-0.550134;-0.363235;-0.654349
918;7.041436;5.543835;3.88861;-0.008338;-0.003709;0.006446;-0.551641;-0.363423;-0.652832
919;7.118624;5.3537;4.087538;0.016824;0.016593;0.010784;-0.547226;-0.365324;-0.654944
920;7.086533;5.416871;4.063322;0.034598;-0.019795;-0.00467;-0.547708;-0.36449;-0.656318
921;7.017072;5.529193;3.90784;0.042766;-0.000298;0.000703;-0.550329;-0.364331;-0.653273
922;7.029734;5.436831;3.95125;0.007051;0.023678;0.010007;-0.550273;-0.365419;-0.652451
923;7.061804;5.480017;4.044013;-0.001053;0.019249;0.008285;-0.550112;-0.363908;-0.654068
924;7.039694;5.417286;3.980391;-0.004484;0.01379;-0.010403;-0.549888;-0.366134;-0.655212
925;7.042058;5.504388;4.019695;0.000931;0.043977;0.006622;-0.548675;-0.366135;-0.654877
926;7.028007;5.399678;4.109068;-0.002773;0.016483;-0.0024;-0.548973;-0.36387;-0.65507
927;7.125662;5.431414;4.063628;0.066571;-0.042713;0.005623;-0.54946;-0.365353;-0.654537
928;6.951268;5.480503;3.948537;0.03112;0.001476;0.002571;-0.549405;-0.366968;-0.653837
929;7.052302;5.327409;4.011657;-0.065098;0.010041;-0.042834;-0.549469;-0.365877;-0.654793
930;6.973262;5.596543;4.019694;0.031079;-0.005641;-0.00278;-0.54821;-0.366034;-0.653654
931;7.056683;5.668795;4.117766;0.006162;0.003112;-0.016729;-0.547675;-0.366228;-0.656017
932;6.669875;5.504542;3.997966;-0.005905;-0.002706;-0.069211;-0.548466;-0.366236;-0.655928
933;7.339992;5.633339;3.924882;0.082752;0.035615;0.062875;-0.547867;-0.366929;-0.654816
934;6.890102;5.502215;3.972569;0.007937;0.012065;-0.000744;-0.547307;-0.370116;-0.654857
935;7.029611;5.538482;3.990605;-0.013589;0.030845;0.018234;-0.545973;-0.366934;-0.654176
936;7.010352;5.492161;4.041321;-0.02495;0.047473;-0.000266;-0.546394;-0.365601;-0.654359
937;7.063963;5.509379;3.990683;-0.002734;0.061884;0.031649;-0.545679;-0.366083;-0.655907
938;6.949763;5.368155;4.110875;0.002554;0.027185;0.011823;-0.543377;-0.365492;-0.657386
939;7.096007;5.484933;4.02966;0.018683;0.0459;0.026055;-0.5431;-0.365099;-0.657112
940;6.899283;5.773641;4.005465;0.024097;0.052012;0.020717;-0.543606;-0.365443;-0.659131
941;7.04289;5.479179;4.214046;-0.072935;0.074709;0.078533;-0.541045;-0.362861;-0.660367
942;6.872137;5.246445;4.207074;0.006872;0.031743;0.033126;-0.541264;-0.362421;-0.661853
943;6.931431;5.187758;4.304399;0.030605;-0.019492;0.039775;-0.53987;-0.359994;-0.662619
944;7.023458;5.401659;4.198988;0.04258;-0.02158;-0.001196;-0.54039;-0.357093;-0.661904
945;7.091031;5.521283;4.034657;0.124098;-0.043911;-0.022416;-0.542209;-0.359905;-0.661687
