time index;acc_x;acc_y;acc_z;gyr_x;gyr_y;gyr_z;mag_x;mag_y;mag_z
1;0.004959;3.444733;-9.12963;0.030655;0.025323;0.006117;0.345198;-0.14093;0.437837
2;-0.012178;3.41332;-9.151756;0.039593;0.027115;0.010491;0.343726;-0.140672;0.437748
3;0.056405;3.364932;-9.175864;0.039736;0.039465;0.006113;0.34384;-0.138803;0.437719
4;0.017271;3.439809;-9.114992;0.041509;0.027866;-0.004627;0.342265;-0.13856;0.438159
5;0.00719;3.416006;-9.205103;0.045911;0.027973;0.006889;0.341652;-0.137398;0.439304
6;0.075806;3.348243;-9.234161;0.055679;0.013835;0.006733;0.342499;-0.136886;0.440277
7;0.009173;3.404506;-9.331545;0.012647;0.007736;0.009718;0.342192;-0.136602;0.439587
8;0.075604;3.324331;-9.302334;0.019181;0.015484;-0.013414;0.342489;-0.135289;0.440379
9;0.051336;3.3724;-9.214754;0.016042;-0.01526;0.009573;0.340902;-0.135306;0.440557
10;0.059001;3.275331;-9.200566;0.012781;0.005793;-0.008085;0.341154;-0.135297;0.440304
11;0.061014;3.372542;-9.243864;-0.001524;-0.001321;-0.016884;0.342035;-0.135794;0.439295
12;0.071407;3.35487;-9.102894;-0.033133;-0.015302;-0.000689;0.343053;-0.136628;0.440704
13;0.006795;3.406835;-9.312102;-0.025689;0.018295;-0.00058;0.341373;-0.138392;0.44131
14;0.061295;3.367356;-9.175823;-0.018609;0.005868;-0.004255;0.343179;-0.138747;0.440217
15;0.051929;3.371655;-9.064044;-0.010729;0.002426;0.009892;0.342516;-0.138488;0.440308
16;0.041442;3.367695;-9.244006;0.000366;0.043077;0.008231;0.342268;-0.1381;0.440687
17;0.116043;3.412147;-8.917617;0.055807;0.04295;0.006023;0.342289;-0.137978;0.441087
18;0.061558;3.386359;-9.095518;0.060037;-0.000358;0.003961;0.34156;-0.137754;0.442376
19;0.026381;3.438248;-9.289962;0.059868;-0.040176;-0.005145;0.341733;-0.13598;0.441017
20;0.055864;3.353528;-9.321769;0.042999;-0.023355;-0.004925;0.342478;-0.136281;0.4424
21;0.130081;3.251047;-9.195379;0.052919;-0.011892;-0.004945;0.341319;-0.134781;0.440971
22;0.083501;3.236637;-9.222469;0.032427;-0.011964;-0.015457;0.342639;-0.135429;0.440658
23;0.036341;3.295454;-9.346461;-0.010607;-0.002914;0.000949;0.342878;-0.134883;0.44026
24;0.041814;3.335812;-9.171226;-0.030287;-0.006542;-0.009567;0.342576;-0.134469;0.439701
25;0.026422;3.35603;-9.336522;-0.020338;0.021891;0.006504;0.342471;-0.135678;0.439985
26;0.095674;3.328552;-9.17579;-0.045578;-0.003765;0.001251;0.341904;-0.135399;0.439414
27;-0.041688;3.391741;-9.200652;-0.044882;-0.024068;0.00646;0.343036;-0.13715;0.440312
28;0.017508;3.461261;-9.039537;-0.010596;0.021847;0.008224;0.342594;-0.138856;0.439252
29;0.056929;3.354608;-9.049506;0.016417;0.031474;0.00093;0.341117;-0.138064;0.439153
30;0.041871;3.381656;-9.12483;0.027197;0.032339;-0.000934;0.34238;-0.136895;0.440537
31;0.06556;3.44548;-9.282396;0.037886;0.016422;-0.004655;0.341577;-0.136633;0.440487
32;0.070766;3.394341;-9.238843;0.032369;0.009443;0.006018;0.341536;-0.136346;0.439812
33;0.080661;3.314462;-9.268317;0.007388;0.0014;-0.008057;0.339676;-0.136494;0.439843
34;0.097991;3.323883;-9.212259;-0.003992;0.05187;0.002093;0.34074;-0.136088;0.439895
35;0.081004;3.367197;-9.144103;0.005648;0.041348;0.014412;0.339808;-0.136297;0.442249
36;0.081168;3.391157;-9.085652;0.012658;0.009422;0.003519;0.340629;-0.13816;0.442331
37;0.087953;3.411192;-9.214353;0.02313;-0.02053;0.013054;0.340127;-0.138312;0.44284
38;0.107983;3.352631;-9.141573;0.035813;-0.020714;-0.004838;0.338752;-0.136707;0.442331
39;0.110296;3.36005;-9.170694;0.051855;-0.018869;0.00571;0.341376;-0.136535;0.441675
40;0.087998;3.324136;-9.263366;0.034108;-0.004727;0.002364;0.340893;-0.134505;0.440541
41;0.078366;3.31427;-9.229439;0.030613;0.009417;0.003355;0.340876;-0.135627;0.442431
42;0.100253;3.304783;-9.273103;0.021838;0.027077;-0.000924;0.339549;-0.134975;0.44261
43;0.095505;3.323931;-9.221997;0.020024;0.021737;-0.00449;0.338016;-0.133092;0.441686
44;0.090362;3.333908;-9.277892;-0.005219;0.002384;0.000949;0.339933;-0.134832;0.442362
45;0.125169;3.2849;-9.175808;0.001741;-0.006352;0.015073;0.340706;-0.134945;0.441874
46;0.114873;3.319366;-9.280239;0.004585;-0.001136;0.003518;0.339671;-0.135234;0.442355
47;0.100576;3.333378;-9.170876;0.007357;-0.001277;-0.00984;0.338816;-0.134415;0.44149
48;0.095732;3.282564;-9.193015;-0.017631;0.024501;0.003832;0.339221;-0.134813;0.44152
49;0.128388;3.303266;-8.966655;-0.013714;0.087267;0.010373;0.3396;-0.135532;0.443424
50;0.149345;3.362613;-9.199613;0.012983;0.074139;0.023427;0.336604;-0.136251;0.44447
51;0.172687;3.364038;-9.488729;0.09736;0.090849;0.020148;0.335839;-0.136141;0.445092
52;0.232661;3.203002;-9.289771;0.095548;0.101503;0.029104;0.333249;-0.134605;0.446652
53;0.292355;3.218729;-9.03896;0.002669;0.009625;0.022285;0.331655;-0.135281;0.446574
54;0.27403;3.137402;-8.774485;-0.063201;-0.080671;0.000999;0.331438;-0.13723;0.44473
55;0.261932;3.294963;-9.252709;-0.070463;-0.126667;-0.015185;0.333606;-0.136103;0.443229
56;0.165739;3.397375;-9.364649;-0.017171;-0.172581;-0.003424;0.33717;-0.136524;0.440235
57;0.084866;3.382995;-9.396811;-0.04237;-0.202685;-0.012284;0.33955;-0.138552;0.437205
58;0.020791;3.412536;-9.484578;-0.012055;-0.234624;-0.022493;0.344371;-0.139987;0.432699
59;-0.051842;3.363197;-9.312662;0.010919;-0.250456;-0.004997;0.347801;-0.140408;0.429697
60;-0.134275;3.29937;-9.153026;-0.010091;-0.215382;-0.033998;0.352986;-0.139104;0.427429
61;-0.217124;3.318229;-9.041631;-0.01154;-0.140134;-0.014919;0.354693;-0.138613;0.424713
62;-0.305406;3.352263;-9.056602;-0.034746;-0.144645;-0.02721;0.357774;-0.137603;0.422866
63;-0.442141;3.409833;-8.925914;-0.033972;-0.16954;-0.038918;0.360731;-0.138785;0.418383
64;-0.496989;3.408666;-9.17906;-0.032764;-0.099446;-0.010115;0.364334;-0.138695;0.416182
65;-0.438383;3.358095;-9.251856;-0.05919;-0.025028;0.004726;0.365461;-0.140773;0.41455
66;-0.43276;3.410348;-9.030378;-0.066369;-0.001067;0.019154;0.36527;-0.141673;0.413355
67;-0.482047;3.434929;-9.096201;-0.046729;-0.025945;0.006405;0.366148;-0.141904;0.412341
68;-0.518401;3.604294;-9.508888;-0.0287;-0.018825;0.006302;0.365249;-0.144512;0.41007
69;-0.51699;3.551773;-9.185822;-0.014098;0.005672;-0.013249;0.365317;-0.143946;0.408995
70;-0.473397;3.557193;-9.302208;-0.024758;0.019902;-0.007746;0.364713;-0.145045;0.409917
71;-0.535736;3.463724;-9.033197;-0.005487;0.002384;0.020441;0.365222;-0.1441;0.40966
72;-0.472578;3.490916;-9.139642;-0.032038;0.021749;0.003879;0.365688;-0.145989;0.410524
73;-0.453918;3.564573;-9.323932;-0.031994;0.024448;0.00479;0.364268;-0.14496;0.411492
74;-0.448483;3.566312;-9.185334;0.003625;0.004067;0.006172;0.364312;-0.14631;0.412054
75;-0.420245;3.516333;-8.8864;0.017894;0.013783;0.013225;0.364778;-0.147535;0.413038
76;-0.402342;3.515369;-8.69183;0.003552;0.009292;0.006214;0.364462;-0.145787;0.412453
77;-0.432786;3.528795;-8.954483;0.017981;0.002148;-0.004623;0.365312;-0.146206;0.41331
78;-0.421152;3.541639;-9.100202;0.005428;-0.003985;-0.003664;0.363427;-0.146075;0.412934
79;-0.41216;3.569224;-9.284761;0.012721;0.012863;-7.7e-05;0.362662;-0.146629;0.413435
80;-0.467821;3.556339;-9.12959;0.020698;-0.003165;-0.008237;0.363501;-0.144717;0.412111
81;-0.46011;3.512378;-9.066543;0.024208;0.002222;0.003319;0.363111;-0.145653;0.412107
82;-0.48054;3.556942;-9.251206;0.01817;0.012749;-0.009916;0.363038;-0.147145;0.412932
83;-0.433143;3.526827;-9.046865;0.010704;0.005872;0.014127;0.363658;-0.146851;0.412161
84;-0.441333;3.571389;-9.231453;-0.000876;-0.003003;0.004393;0.363446;-0.147146;0.413089
85;-0.448073;3.517466;-9.115062;0.005367;-0.004812;0.003438;0.364363;-0.14753;0.412748
86;-0.45005;3.557957;-8.96661;2e-05;0.010235;0.008018;0.36433;-0.145921;0.412448
87;-0.467882;3.522583;-9.168638;0.014518;0.024369;0.006181;0.362497;-0.146481;0.412889
88;-0.438371;3.561076;-9.107511;0.017231;0.023425;-5.8e-05;0.362683;-0.147833;0.413593
89;-0.399596;3.55915;-9.209375;0.005386;0.018358;0.022245;0.362204;-0.14813;0.414506
90;-0.409009;3.563509;-9.10975;0.00551;0.016409;0.003562;0.361853;-0.147293;0.413135
91;-0.352516;3.543933;-9.075461;0.007095;-0.021659;-0.004649;0.362693;-0.147504;0.411451
92;-0.382212;3.580587;-9.131385;0.003616;-0.008393;-0.004551;0.361455;-0.146765;0.413236
93;-0.381334;3.531152;-8.942002;0.010808;-0.012066;-0.015302;0.362772;-0.146483;0.413038
94;-0.413778;3.565766;-9.075738;0.008924;-0.000355;0.007891;0.362;-0.14783;0.413287
95;-0.465099;3.560828;-9.056629;-1e-06;-0.006622;-0.000969;0.363964;-0.147002;0.412849
96;-0.46561;3.566303;-9.183009;0.007507;0.033128;-0.004378;0.362265;-0.148358;0.413179
97;-0.482783;3.576017;-9.185501;0.009196;0.023433;-0.000888;0.363328;-0.147818;0.413229
98;-0.379954;3.566325;-9.189775;0.02151;0.029005;0.029287;0.362017;-0.147307;0.413679
99;-0.374769;3.505546;-9.158421;0.012655;0.022683;0.013314;0.360707;-0.14832;0.411488
100;-0.389645;3.532367;-9.187559;0.012859;0.046517;0.009883;0.360685;-0.146918;0.413729
101;-0.359545;3.512122;-9.01731;-0.007864;0.027032;0.004621;0.36038;-0.1475;0.415325
102;-0.394495;3.585474;-9.13873;-0.008808;0.028896;0.013533;0.359459;-0.14877;0.412894
103;-0.382248;3.590298;-9.133772;0.008302;0.034115;0.006309;0.361311;-0.148555;0.415131
104;-0.349529;3.545672;-8.936879;-0.001749;0.009339;0.004485;0.359085;-0.149121;0.415683
105;-0.355208;3.563572;-9.124004;0.028643;-0.010159;-0.001208;0.360599;-0.148472;0.416691
106;-0.350024;3.517294;-9.08286;0.037599;0.001386;0.007667;0.36025;-0.147768;0.415323
107;-0.335643;3.539428;-9.145872;0.017043;-0.003935;0.000698;0.360273;-0.148576;0.415607
108;-0.350564;3.607388;-9.157807;0.01946;-0.054411;-0.011143;0.360413;-0.147846;0.413465
109;-0.413783;3.546439;-9.090411;-0.005492;-0.03139;-0.006385;0.362302;-0.148307;0.411444
110;-0.438829;3.547152;-9.233979;0.005435;-0.003051;-0.000108;0.362102;-0.148343;0.412635
111;-0.413515;3.546103;-9.022348;0.010668;-0.025252;-0.008262;0.362624;-0.148599;0.412403
112;-0.460266;3.556074;-9.076067;0.010739;-0.005733;0.000726;0.363157;-0.1478;0.412551
113;-0.433874;3.571244;-9.202238;0.007351;0.012828;-0.002702;0.361036;-0.147819;0.412698
114;-0.433473;3.58524;-9.090355;0.023284;0.002261;0.006008;0.362436;-0.14698;0.411694
115;-0.389187;3.546291;-9.061091;-0.0016;0.021693;0.000984;0.361319;-0.147959;0.412984
116;-0.414035;3.590255;-9.124244;0.006513;0.035884;0.007217;0.359759;-0.147724;0.413692
117;-0.370204;3.57121;-9.196986;0.04129;0.017331;0.010391;0.361316;-0.147692;0.412979
118;-0.360236;3.619321;-9.118919;0.023416;0.018176;0.004329;0.361511;-0.147856;0.414061
119;-0.347691;3.556104;-9.085099;0.027653;-0.033219;-0.010213;0.361222;-0.147182;0.413765
120;-0.393624;3.507049;-8.971357;0.007162;-0.022665;-0.015334;0.362408;-0.147168;0.413565
121;-0.430757;3.507571;-9.076108;0.016889;-0.027863;-0.003002;0.36237;-0.146352;0.413013
122;-0.418905;3.580556;-9.124318;0.002403;-0.039239;0.00596;0.363147;-0.146866;0.412533
123;-0.441257;3.571293;-9.212007;0.009858;-0.019037;-0.008229;0.36382;-0.147459;0.410179
124;-0.502871;3.603234;-9.294887;0.014406;0.003154;0.003404;0.363606;-0.146824;0.411223
125;-0.479934;3.512681;-9.127433;0.025407;0.019739;-0.015276;0.36372;-0.147079;0.410834
126;-0.443574;3.530046;-9.207348;-0.006921;0.032379;0.008183;0.364047;-0.146445;0.412042
127;-0.436096;3.575794;-9.14146;-0.003545;-0.008394;-0.004501;0.363775;-0.146046;0.412019
128;-0.434061;3.552145;-9.263097;0.007339;0.021768;0.008012;0.36386;-0.149008;0.413014
129;-0.417476;3.496597;-8.818411;0.012631;0.024336;0.007989;0.363107;-0.14665;0.414262
130;-0.473306;3.653744;-9.211826;0.010294;0.057057;0.00285;0.362659;-0.147689;0.413188
131;-0.433264;3.483479;-9.107834;0.028887;0.045655;0.017738;0.362189;-0.146796;0.41448
132;-0.372391;3.580549;-9.124033;0.032735;0.074766;0.009881;0.361183;-0.146966;0.415494
133;-0.365062;3.498402;-9.185133;0.062558;0.127891;0.025023;0.35968;-0.146495;0.417269
134;-0.300694;3.511993;-8.992642;0.065359;0.141947;0.017978;0.357952;-0.144455;0.420069
135;-0.230059;3.5076;-9.08703;0.033049;0.148355;0.035181;0.356122;-0.145881;0.422796
136;-0.15403;3.425251;-9.108817;0.018829;0.129614;0.0103;0.352723;-0.144346;0.424177
137;-0.124894;3.493215;-9.122913;-0.012024;0.073107;0.010267;0.350086;-0.145906;0.426727
138;-0.081826;3.53071;-9.350973;0.056201;0.080059;0.000856;0.349427;-0.145384;0.426947
139;-0.080374;3.403223;-9.069573;0.09059;0.155201;0.01519;0.34787;-0.144026;0.430304
140;-0.039773;3.374837;-8.724278;0.047723;0.196852;0.028226;0.34589;-0.144648;0.432874
141;0.027963;3.400012;-8.913351;0.032595;0.175509;0.005126;0.341356;-0.142358;0.43551
142;-0.005133;3.578681;-9.736783;0.048953;0.034045;-0.017106;0.339666;-0.141064;0.436458
143;0.125417;3.519659;-9.573387;0.097477;-0.06502;-0.019795;0.339534;-0.141198;0.436453
144;0.100354;3.31674;-9.239016;0.083106;-0.075759;-0.02865;0.340591;-0.140124;0.436492
145;0.038158;3.230341;-8.928649;0.066049;-0.043784;-0.004344;0.343358;-0.136773;0.436585
146;0.021565;3.166828;-8.834239;0.017975;0.004034;0.002523;0.344209;-0.137325;0.437445
147;0.020769;3.27416;-8.962586;-0.011426;0.032452;0.010931;0.342817;-0.138232;0.436182
148;0.02658;3.336498;-9.309872;-0.014278;-0.009962;0.003615;0.343768;-0.138304;0.438907
149;0.021037;3.40256;-9.428714;-0.012394;-0.013577;-0.007975;0.343096;-0.138635;0.436339
150;0.008814;3.43154;-9.404348;0.016012;-0.041869;-0.0048;0.343529;-0.139578;0.436782
151;-0.026922;3.384392;-9.18601;0.028695;-0.013647;-0.003871;0.343983;-0.137676;0.435703
152;-0.021313;3.332748;-9.040363;0.039495;0.002251;-0.000321;0.345373;-0.136636;0.436964
153;-0.016235;3.293853;-9.021063;0.003762;0.020907;0.006293;0.345621;-0.13689;0.436582
154;0.037035;3.313916;-9.15677;0.012862;0.030606;0.000942;0.343947;-0.1364;0.43768
155;0.02669;3.317027;-9.295375;0.005627;0.024513;0.008078;0.343929;-0.136789;0.437285
156;0.03631;3.355908;-9.312154;0.02185;0.02884;-0.000918;0.342387;-0.136829;0.438267
157;0.036654;3.331311;-9.241771;0.037813;0.000463;-0.008316;0.343236;-0.136514;0.43684
158;0.019694;3.304508;-9.215259;0.03155;0.005795;-0.004685;0.342115;-0.13842;0.437881
159;0.027089;3.31411;-9.195723;0.021539;-0.002938;0.006025;0.342066;-0.136007;0.437432
160;0.022193;3.30686;-9.200647;0.000159;0.007665;0.002699;0.342282;-0.136048;0.438914
161;0.046685;3.299594;-9.202961;0.000136;-0.000315;-0.000898;0.344448;-0.136052;0.43957
162;0.026947;3.338455;-9.215059;-0.00328;0.014652;-0.007901;0.342265;-0.13657;0.438522
163;0.041591;3.333675;-9.229576;0.007525;0.018147;-0.011527;0.342424;-0.136848;0.438937
164;0.041752;3.323807;-9.195589;-0.005311;-0.00558;0.002679;0.342498;-0.136817;0.437872
165;0.022058;3.32878;-9.219995;0.024291;0.0059;0.00605;0.342924;-0.137093;0.438302
166;0.044142;3.323879;-9.210158;0.007341;0.005864;-0.000921;0.34205;-0.137925;0.439203
167;0.041531;3.324084;-9.251497;0.012843;0.022655;-0.000879;0.342569;-0.135791;0.439325
168;0.036965;3.304337;-9.181122;0.023485;0.014703;0.002546;0.341837;-0.136027;0.438087
169;0.05622;3.324081;-9.251408;0.01737;0.025272;-0.004457;0.342565;-0.136188;0.439199
170;0.058781;3.314273;-9.229559;0.007281;0.018398;0.01693;0.342318;-0.135934;0.439581
171;0.066173;3.314212;-9.21736;0.019874;0.009419;0.002553;0.341294;-0.13583;0.440322
172;0.083215;3.299828;-9.251352;0.012851;0.025329;0.000917;0.340506;-0.135708;0.440542
173;0.085802;3.280321;-9.229548;0.009051;0.011306;0.01421;0.339237;-0.136344;0.439147
174;0.068843;3.292183;-9.176121;0.018001;0.003258;0.006091;0.340122;-0.137178;0.440548
175;0.105827;3.279765;-9.117611;-0.001534;0.02536;0.004597;0.339556;-0.137632;0.44226
176;0.089327;3.259636;-8.969524;-0.003156;0.053612;0.004759;0.33874;-0.136303;0.442189
177;0.110389;3.350266;-9.153723;0.016539;0.064341;0.017114;0.338215;-0.137106;0.442174
178;0.139968;3.265427;-9.161222;0.032587;0.050167;0.01512;0.335829;-0.137261;0.442309
179;0.188166;3.329211;-9.311344;0.053417;0.088243;0.022277;0.335176;-0.138535;0.4447
180;0.25452;3.263633;-9.29179;0.057633;0.048459;0.020254;0.332737;-0.136673;0.444259
181;0.253314;3.245157;-8.988031;-0.008986;-0.001057;0.013431;0.33378;-0.137052;0.443791
182;0.243444;3.259756;-8.997748;-0.037611;-0.008166;0.004737;0.333379;-0.137718;0.443648
183;0.22508;3.36038;-9.240482;-6.6e-05;-0.036554;-0.007278;0.334258;-0.138745;0.442516
184;0.178539;3.338672;-9.262744;-0.012304;-0.121386;-0.00764;0.334509;-0.138666;0.439858
185;0.15395;3.329144;-9.29697;-0.036818;-0.173518;-0.01039;0.336798;-0.137798;0.438102
186;0.098052;3.241641;-9.253958;-0.072826;-0.209791;-0.01742;0.341076;-0.139762;0.433309
187;0.082805;3.285843;-9.365667;-0.103057;-0.193902;-0.025978;0.343546;-0.140573;0.429726
188;0.015879;3.407723;-9.491923;-0.082116;-0.155092;-0.033054;0.346791;-0.141632;0.425658
189;-0.119266;3.434296;-8.977299;-0.097694;-0.179886;-0.027725;0.349525;-0.143501;0.421843
190;-0.227653;3.551152;-9.06737;-0.06703;-0.149888;-0.02871;0.353141;-0.145275;0.419545
191;-0.325183;3.521672;-8.987886;-0.038524;-0.142715;-0.008472;0.356256;-0.145345;0.418121
192;-0.393883;3.521875;-9.0272;-0.016715;-0.111022;-0.018276;0.358497;-0.14684;0.415072
193;-0.431018;3.498232;-9.149076;-0.049069;-0.125053;-0.011872;0.360192;-0.146608;0.412093
194;-0.460946;3.595593;-9.22174;-0.051741;-0.114371;-0.004672;0.361192;-0.147894;0.410706
195;-0.517811;3.639802;-9.333704;-0.047591;-0.057062;-0.020412;0.363231;-0.148559;0.406562
196;-0.500586;3.649355;-9.304384;-0.03357;-0.089718;-0.013583;0.365414;-0.148837;0.407492
197;-0.2933;3.444263;-9.026937;-0.097289;-0.071725;0.015503;0.366495;-0.151422;0.404932
198;-0.429174;3.668154;-9.184751;-0.037931;-0.036458;0.01343;0.366146;-0.152044;0.403322
199;-0.482302;3.58508;-9.056623;-0.032406;-0.032225;-0.002616;0.366702;-0.152716;0.403634
200;-0.626778;3.725313;-8.96936;-0.023304;0.004021;0.004616;0.3673;-0.153144;0.404744
201;-0.579379;3.680697;-8.774808;-0.007203;0.032432;0.025093;0.367011;-0.152471;0.404448
202;-0.565211;3.724847;-8.876614;-0.008882;0.031474;0.013548;0.367576;-0.153943;0.404775
203;-0.492446;3.711187;-9.05854;0.017238;0.04295;0.01073;0.365842;-0.15475;0.404558
204;-0.460667;3.703992;-9.075394;0.019815;0.018149;0.003467;0.364388;-0.154102;0.404864
205;-0.424609;3.702402;-9.245337;0.037723;0.019984;0.009554;0.364632;-0.155352;0.406637
206;-0.46201;3.60594;-8.861938;0.019822;0.001152;-0.015305;0.363779;-0.154003;0.405896
207;-0.467614;3.684161;-8.988018;0.034152;0.023422;0.004265;0.364624;-0.153225;0.406863
208;-0.496911;3.633316;-9.003015;-0.000148;-0.013633;0.007005;0.363303;-0.153107;0.407053
209;-0.458604;3.733474;-9.153032;0.007365;0.007429;-0.01338;0.363554;-0.153761;0.406679
210;-0.458199;3.658051;-9.102327;-0.010634;0.007533;-0.00257;0.363619;-0.153529;0.40788
211;-0.460462;3.691651;-9.031694;-0.01242;0.009277;-0.004318;0.363668;-0.154016;0.40629
212;-0.457573;3.645182;-8.951673;-0.016232;-0.008316;0.006286;0.363535;-0.154016;0.406283
213;-0.4971;3.681885;-9.017379;-0.051103;0.011279;0.018235;0.363824;-0.155417;0.404056
214;-0.448767;3.731;-9.14326;-0.007924;0.019977;0.004598;0.364367;-0.156877;0.403981
215;-0.473129;3.757437;-9.094673;-0.010747;-0.011063;-0.007102;0.363948;-0.157268;0.403564
216;-0.441662;3.769965;-9.17707;0.001881;0.000438;-0.006251;0.363518;-0.155865;0.405649
217;-0.467211;3.700571;-8.873693;0.010809;0.005667;-0.006302;0.364017;-0.156773;0.404894
218;-0.472718;3.725505;-9.012169;0.010841;0.009249;-0.003617;0.364098;-0.156019;0.406486
219;-0.460071;3.70566;-8.922242;0.025023;0.000441;0.003334;0.363524;-0.156399;0.40566
220;-0.438728;3.721023;-9.087336;0.010575;-0.025158;0.00065;0.363496;-0.15519;0.405368
221;-0.429205;3.735859;-9.145549;0.028429;-0.027774;0.005826;0.364255;-0.154103;0.404857
222;-0.451073;3.713906;-9.119044;0.021311;-0.024263;0.00323;0.363985;-0.155164;0.404594
223;-0.496877;3.657791;-9.025018;0.002561;-0.027879;-0.003017;0.364657;-0.155222;0.404169
224;-0.489542;3.696468;-9.000488;-0.007248;-0.007447;0.00785;0.364929;-0.155754;0.404194
225;-0.546425;3.764866;-9.100188;-0.007055;0.000392;-0.006339;0.365717;-0.155212;0.404095
226;-0.544189;3.779631;-9.143861;-0.006996;0.007471;-0.0063;0.364861;-0.155586;0.402986
227;-0.536202;3.725658;-9.017657;-0.014333;-0.003962;0.001699;0.365742;-0.156154;0.404382
228;-0.513963;3.706064;-8.978717;-0.007902;0.01633;-0.000911;0.365118;-0.157437;0.402502
229;-0.492375;3.834699;-9.002305;0.018942;0.01631;-0.001112;0.363842;-0.156679;0.403617
230;-0.418561;3.754474;-8.963326;0.031374;-0.007625;-0.008454;0.36456;-0.156568;0.404589
231;-0.457832;3.665192;-9.051483;0.035891;-0.000514;-0.00314;0.364865;-0.155923;0.405395
232;-0.457443;3.662287;-8.954262;0.028746;0.007448;-0.001257;0.365607;-0.154695;0.404613
233;-0.5409;3.722994;-8.969082;0.020772;0.026936;0.004243;0.365843;-0.155208;0.403969
234;-0.507759;3.760659;-9.231234;0.02713;0.01716;-0.007418;0.363713;-0.15509;0.403979
235;-0.507748;3.784812;-9.211677;0.019927;0.017199;-0.003798;0.363304;-0.155618;0.403699
236;-0.482384;3.716034;-9.034387;0.028735;0.011041;0.004099;0.364698;-0.155642;0.404847
237;-0.423713;3.687131;-9.075482;0.014527;0.025219;0.004295;0.364337;-0.155133;0.405617
238;-0.447374;3.637772;-8.900835;0.009939;0.010132;0.00069;0.363294;-0.153295;0.406324
239;-0.452714;3.681829;-8.983314;-0.007258;-0.006543;0.009638;0.363382;-0.154597;0.405286
240;-0.476973;3.69122;-8.920218;-0.00751;-0.043708;0.005884;0.363274;-0.154876;0.405686
241;-0.468533;3.775082;-9.206619;-0.010813;-0.008265;0.009662;0.364796;-0.154429;0.404429
242;-0.501975;3.711212;-9.039391;0.023079;-0.018041;0.012878;0.364303;-0.154718;0.405074
243;-0.499427;3.769084;-8.973478;0.005366;0.004007;0.006039;0.365063;-0.155753;0.404202
244;-0.479589;3.647933;-8.993357;0.023326;-0.003164;-0.003054;0.364439;-0.155647;0.404965
245;-0.499354;3.73516;-8.978495;0.014422;0.002118;-0.0065;0.365689;-0.1554;0.405966
246;-0.49671;3.684165;-8.964127;0.010787;0.000397;-0.00115;0.36497;-0.154051;0.405232
247;-0.499669;3.774222;-9.031796;0.01252;-0.006651;-0.000302;0.365898;-0.154838;0.405033
248;-0.473083;3.760149;-9.128929;0.009034;0.003988;0.000672;0.36576;-0.155102;0.404896
249;-0.477889;3.740703;-9.119325;0.003592;-0.004839;0.001555;0.364541;-0.154171;0.404676
250;-0.516697;3.723338;-9.039425;-0.00189;-0.010103;0.007791;0.365756;-0.154039;0.405009
251;-0.536128;3.677233;-9.032462;0.001784;-0.006643;0.000656;0.364016;-0.154311;0.404783
252;-0.487496;3.696972;-9.102568;0.018918;0.003932;-0.002978;0.364359;-0.155145;0.406019
253;-0.477531;3.696755;-9.058753;0.0216;0.009257;0.000588;0.363635;-0.156711;0.404673
254;-0.50473;3.757513;-9.085381;0.012662;0.006581;-0.003795;0.365416;-0.154135;0.403657
255;-0.452673;3.72286;-8.944233;0.016361;0.012647;-0.015345;0.365787;-0.154187;0.405548
256;-0.502014;3.71126;-9.049113;0.021378;-0.010115;0.009377;0.364899;-0.153616;0.404018
257;-0.52455;3.745728;-9.153619;0.039377;0.002265;0.011072;0.364863;-0.153067;0.403472
258;-0.527275;3.69291;-9.260832;0.032345;-0.008487;-0.008501;0.367715;-0.152748;0.406964
259;-0.541432;3.665662;-9.144365;0.005521;0.011044;0.000713;0.365843;-0.153155;0.406733
260;-0.521061;3.657423;-8.949813;0.011192;0.056947;-0.00086;0.365056;-0.15237;0.407074
261;-0.516224;3.671995;-8.954578;-0.019555;0.014571;-0.000829;0.365318;-0.152632;0.40696
262;-0.487209;3.657946;-9.056559;0.012755;0.036753;0.011471;0.364334;-0.153477;0.408255
263;-0.399147;3.740186;-9.016749;0.038131;0.097825;0.024063;0.362803;-0.15445;0.409255
264;-0.380109;3.716703;-9.172312;0.059985;0.127764;0.011589;0.360465;-0.153505;0.412841
265;-0.343416;3.678067;-9.206294;0.106948;0.184289;0.013281;0.359107;-0.152774;0.414886
266;-0.272042;3.658249;-9.1233;0.099718;0.187911;0.022262;0.355303;-0.151307;0.418514
267;-0.225725;3.60774;-9.208324;0.123282;0.236601;0.032995;0.351589;-0.149223;0.423869
268;-0.125872;3.462722;-8.817015;0.099622;0.175475;0.018643;0.347894;-0.147611;0.4271
269;-0.012128;3.512691;-9.117508;0.130824;0.274509;0.020709;0.344253;-0.146158;0.43127
270;0.028805;3.462796;-9.326534;0.094669;0.235838;0.035021;0.33957;-0.144391;0.433508
271;0.126385;3.327226;-8.884149;0.050184;0.278193;0.028508;0.336758;-0.144142;0.438015
272;0.307769;3.36075;-8.802666;0.030158;0.23316;0.02669;0.331377;-0.144952;0.441597
273;0.354863;3.469419;-9.202963;0.038417;0.094268;0.000996;0.327231;-0.145571;0.443509
274;0.3971;3.524874;-9.630273;0.102272;-0.015396;-0.009004;0.326724;-0.1432;0.44437
275;0.378239;3.444219;-9.501924;0.139318;-0.093263;-0.011514;0.327011;-0.141017;0.442743
276;0.326152;3.280091;-9.165112;0.114193;-0.117341;-0.031019;0.331177;-0.138886;0.443872
277;0.168054;3.167658;-8.981853;0.052423;-0.079097;-0.003666;0.333114;-0.136984;0.443145
278;0.195289;3.167269;-8.903902;0.026861;-0.018075;-0.001346;0.333876;-0.136164;0.442639
279;0.189604;3.22626;-9.064101;-0.02135;0.005943;0.006296;0.334572;-0.135379;0.44333
280;0.21266;3.336793;-9.350289;-0.041095;-0.014343;0.001027;0.333513;-0.137512;0.443044
281;0.216874;3.412565;-9.471458;-0.017765;-0.011712;-0.000922;0.335371;-0.137231;0.44301
282;0.202681;3.395028;-9.357377;-0.003494;-0.036647;-0.018068;0.335319;-0.137204;0.442073
283;0.14473;3.348112;-9.18536;0.033172;-0.032284;-0.013912;0.33582;-0.139042;0.441202
284;0.160207;3.303621;-9.015312;0.044813;-0.00121;0.007499;0.336051;-0.137031;0.44091
285;0.165069;3.260164;-9.054374;0.019865;0.005844;0.001511;0.336886;-0.136779;0.441619
286;0.186402;3.275539;-9.221898;0.008365;0.025375;0.006157;0.335303;-0.135736;0.442044
287;0.22271;3.305052;-9.306619;0.003685;0.013165;0.021254;0.335479;-0.136952;0.442611
288;0.200458;3.329497;-9.345536;0.010144;0.007632;-0.004616;0.333817;-0.136866;0.44385
289;0.225569;3.265869;-9.228994;0.012737;-0.002995;-0.004696;0.334276;-0.136825;0.44254
290;0.205879;3.30467;-9.228938;0.012738;0.011236;0.006053;0.333504;-0.136712;0.443028
291;0.189166;3.275142;-9.141666;0.027943;0.005854;0.001448;0.334013;-0.13643;0.442651
292;0.223133;3.282772;-9.214347;0.018049;0.011291;0.013123;0.334858;-0.136449;0.4435
293;0.22061;3.299782;-9.221578;0.009288;0.025352;0.002601;0.333384;-0.13725;0.443165
294;0.22815;3.287452;-9.180264;0.009161;0.013004;0.006094;0.333186;-0.136756;0.444479
295;0.218108;3.295017;-9.23863;0.01097;0.009444;0.002501;0.333152;-0.135677;0.444056
296;0.232824;3.270814;-9.248374;0.023467;0.013035;0.010419;0.332941;-0.136769;0.444866
297;0.227927;3.285316;-9.238614;0.01467;0.009324;-0.010868;0.333484;-0.13624;0.445154
298;0.247589;3.270715;-9.228837;0.009145;0.013047;0.00965;0.332884;-0.135545;0.444039
299;0.247715;3.256058;-9.207026;0.011193;0.010109;-0.022395;0.333197;-0.135037;0.444981
300;0.235187;3.295086;-9.25311;-0.003386;0.021075;0.016022;0.333375;-0.135723;0.445672
301;0.232948;3.270658;-9.216773;0.003165;0.019879;-0.017831;0.331649;-0.136533;0.445589
302;0.237831;3.282757;-9.211826;0.010929;0.01304;0.009636;0.332108;-0.135165;0.444522
303;0.272134;3.275465;-9.209218;0.02353;0.006735;-0.002946;0.331895;-0.137316;0.445084
304;0.264739;3.265863;-9.228754;0.002701;-0.006345;0.014048;0.330645;-0.13697;0.446609
305;0.26718;3.275538;-9.223833;0.010767;-0.008146;0.011306;0.332977;-0.136655;0.445533
306;0.24523;3.280271;-9.199638;-0.001677;0.003335;0.009689;0.331679;-0.135222;0.446367
307;0.225653;3.256098;-9.214454;0.002947;0.007636;-0.002781;0.332091;-0.136287;0.446411
308;0.252517;3.280342;-9.214178;0.023414;-0.002943;0.002336;0.332332;-0.135937;0.443615
309;0.247429;3.280583;-9.262824;0.023497;0.000553;-0.002983;0.331855;-0.135704;0.444651
310;0.252527;3.265829;-9.221537;0.014427;-0.008233;0.00238;0.333256;-0.137057;0.44569
311;0.26249;3.255948;-9.185059;0.018991;0.000563;-0.001166;0.33204;-0.135003;0.448118
312;0.254824;3.251519;-9.270204;0.020013;0.002249;-0.01184;0.33245;-0.136528;0.445635
313;0.267323;3.251193;-9.204497;0.027002;0.004169;0.007678;0.33257;-0.134664;0.445739
314;0.252563;3.256117;-9.21915;0.009988;0.002416;0.006918;0.332481;-0.135351;0.446415
315;0.257564;3.270486;-9.182591;0.021764;0.02628;0.00962;0.33142;-0.135227;0.446486
316;0.257456;3.260954;-9.216667;0.028884;0.020098;0.010415;0.331976;-0.134572;0.447039
317;0.272255;3.241481;-9.202081;0.010928;0.00771;0.006051;0.33169;-0.133503;0.446869
318;0.252535;3.248903;-9.231338;0.019854;0.004172;0.006845;0.331958;-0.135624;0.446524
319;0.254784;3.266069;-9.270138;0.010911;-0.002932;0.000658;0.331902;-0.135994;0.44546
320;0.257536;3.256021;-9.199674;0.007262;0.000673;0.0096;0.331303;-0.135369;0.446749
321;0.252512;3.253765;-9.233746;0.014426;-0.004666;0.005954;0.332114;-0.134309;0.447175
322;0.245376;3.251089;-9.182755;0.012604;-0.011775;0.002374;0.332499;-0.135625;0.446688
323;0.247859;3.248627;-9.175459;-0.005357;-0.008139;0.011434;0.332316;-0.135866;0.445748
324;0.24271;3.261029;-9.231342;-0.001706;-0.015313;-0.001084;0.332792;-0.135302;0.44483
325;0.235503;3.256024;-9.199809;-0.005381;-0.02413;0.001566;0.333637;-0.135984;0.445558
326;0.216808;3.216244;-9.000779;-0.012437;-0.006509;-0.000953;0.334458;-0.135724;0.446
327;0.175416;3.259466;-8.913326;-0.058937;0.011246;0.003973;0.33331;-0.137281;0.444229
328;0.291196;3.355868;-9.28652;-0.052154;-0.064757;-0.006247;0.33213;-0.139882;0.441676
329;0.143053;3.417882;-9.564258;-0.02369;-0.078776;0.009427;0.335323;-0.138267;0.44196
330;0.166801;3.239313;-9.251353;-0.021396;-0.006402;0.006224;0.335033;-0.139647;0.4389
331;0.243599;3.274413;-8.995487;-0.060886;-0.008126;0.008343;0.335798;-0.139094;0.438399
332;0.121016;3.371319;-8.97392;-0.08594;-0.004597;0.006785;0.33718;-0.142092;0.436398
333;0.119494;3.489227;-9.279672;-0.046575;-0.038328;-0.011495;0.335852;-0.144093;0.436094
334;0.094761;3.494381;-9.34057;-0.036445;-0.139178;-0.022791;0.337479;-0.145089;0.43407
335;0.085564;3.464635;-9.209498;-0.051097;-0.174489;-0.017526;0.339984;-0.145653;0.431153
336;-0.002415;3.464457;-9.171146;-0.063621;-0.16918;-0.015628;0.342942;-0.145641;0.426915
337;-0.100608;3.472059;-9.234915;-0.050733;-0.149966;-0.038767;0.346318;-0.147298;0.425136
338;-0.115281;3.50829;-9.20567;-0.06181;-0.16833;-0.017429;0.349255;-0.147409;0.420499
339;-0.157661;3.581752;-9.349012;-0.053445;-0.119652;-0.010126;0.352685;-0.14783;0.417498
340;-0.222071;3.560309;-8.933838;-0.054389;-0.1367;-0.029772;0.353125;-0.14944;0.417954
341;-0.252471;3.593014;-9.172093;-0.049767;-0.112731;-0.020797;0.35592;-0.150147;0.415457
342;-0.384272;3.643285;-9.036548;-0.012793;-0.065075;-0.017301;0.357862;-0.150832;0.411976
343;-0.386334;3.637967;-8.941783;0.001742;-0.02173;-0.008296;0.358646;-0.152013;0.411509
344;-0.49185;3.66246;-8.988503;0.014375;-0.007612;-0.00745;0.358897;-0.150544;0.411495
345;-0.44379;3.653918;-9.224036;0.006315;0.002302;0.007785;0.359965;-0.151201;0.411435
346;-0.404306;3.520604;-9.236557;-0.02343;-0.020572;0.015009;0.359423;-0.151863;0.41115
347;-0.331578;3.693071;-9.298524;-0.015887;0.023566;0.006324;0.359657;-0.152906;0.410382
348;-0.296908;3.673234;-9.210893;-0.014193;0.005834;0.000885;0.358417;-0.153423;0.409521
349;-0.330613;3.667693;-9.070138;-0.022205;0.003952;-0.009731;0.358709;-0.1537;0.409943
350;-0.310898;3.640944;-9.055554;0.005334;-0.010109;0.003305;0.360071;-0.153441;0.410549
351;-0.381608;3.655096;-8.973276;0.002681;-0.011971;-0.004693;0.358789;-0.152876;0.409131
352;-0.421156;3.682161;-9.051181;-4e-05;-0.001232;0.00961;0.360732;-0.152904;0.410576
353;-0.430262;3.625717;-8.91537;-0.01451;-0.022483;0.006053;0.360289;-0.155802;0.409271
354;-0.389626;3.706693;-9.109215;-0.019796;-0.015358;0.006147;0.360785;-0.153657;0.408992
355;-0.370132;3.718886;-9.123625;-0.036853;-0.029522;-8e-06;0.359396;-0.155494;0.407613
356;-0.409639;3.7169;-9.211385;-0.024152;-0.013656;-0.003594;0.360744;-0.155361;0.407954
357;-0.396389;3.734964;-8.941401;-0.007041;-0.003209;-0.014337;0.36221;-0.154556;0.408155
358;-0.389528;3.716236;-9.07757;0.017842;-0.013677;0.002291;0.361053;-0.154516;0.406487
359;-0.379649;3.754792;-9.028717;0.015926;-0.018911;0.010291;0.360831;-0.155867;0.407034
360;-0.379956;3.716511;-9.133419;0.021455;-0.024368;-0.008466;0.362005;-0.154122;0.406934
361;-0.423303;3.66245;-8.988083;0.043087;-0.005915;-0.013002;0.362062;-0.155212;0.407759
362;-0.499519;3.725701;-9.027155;0.034111;0.011022;0.003164;0.362569;-0.154797;0.407379
363;-0.491494;3.671679;-8.891228;0.01084;0.025238;0.011431;0.361337;-0.153329;0.407015
364;-0.482788;3.692374;-9.153606;0.009987;0.027086;0.015002;0.362454;-0.153083;0.408008
365;-0.399371;3.667968;-9.124037;0.027122;0.055433;0.023914;0.36063;-0.154443;0.408464
366;-0.355011;3.665176;-9.050853;0.014633;0.035802;0.000802;0.361084;-0.153938;0.409548
367;-0.349601;3.70078;-8.895085;-0.001758;0.01111;0.00704;0.361114;-0.153953;0.410084
368;-0.323421;3.730715;-9.064944;-0.018059;-0.024213;0.003433;0.359528;-0.15397;0.410261
369;-0.380064;3.71423;-9.1626;0.002512;-0.052673;-0.014686;0.360011;-0.156196;0.408996
370;-0.375024;3.706799;-9.131002;0.023055;-0.040201;0.000328;0.361057;-0.154852;0.408896
371;-0.410969;3.645413;-8.975931;-0.012661;-0.036757;-0.010929;0.361573;-0.154575;0.408653
372;-0.432944;3.684011;-8.934566;-0.001873;-0.011919;0.002456;0.362793;-0.154243;0.406714
373;-0.438137;3.684384;-9.009952;-0.021499;-0.006594;0.000865;0.362529;-0.156634;0.406344
374;-0.461478;3.804444;-9.259919;-0.035868;-0.017127;0.001823;0.363026;-0.156612;0.405705
375;-0.482125;3.778541;-8.924713;-0.00547;-0.004804;0.007865;0.361605;-0.158236;0.406189
376;-0.487749;3.871288;-9.045864;0.018654;0.005934;0.023738;0.362776;-0.156091;0.406081
377;-0.477458;3.778828;-8.983023;0.023204;-0.010181;0.002264;0.363331;-0.157426;0.406271
378;-0.432984;3.705811;-8.929605;0.030318;-0.018156;0.001272;0.36223;-0.156354;0.405788
379;-0.428359;3.74965;-8.968269;0.033884;-0.021693;0.00034;0.362734;-0.156335;0.405282
380;-0.408746;3.710945;-8.987772;0.042831;-0.015451;0.00741;0.362566;-0.155257;0.404852
381;-0.460209;3.65302;-9.04183;0.046373;-0.034982;-0.001633;0.362983;-0.15407;0.405387
382;-0.469494;3.691051;-8.886142;0.044465;-0.033153;0.008182;0.364423;-0.15418;0.404937
383;-0.480195;3.646277;-9.148939;0.042924;-0.009257;0.007417;0.363068;-0.153646;0.404583
384;-0.473234;3.654007;-9.241232;0.012547;-0.011912;0.000539;0.364095;-0.154017;0.403847
385;-0.497074;3.691872;-9.051602;-0.014122;-0.000585;-0.017847;0.364823;-0.153514;0.40508
386;-0.516255;3.662368;-8.969208;-0.005393;0.004042;0.009666;0.36469;-0.154841;0.404831
387;-0.501662;3.701152;-8.96651;-0.005624;-0.029551;0.007719;0.365081;-0.154039;0.404838
388;-0.536694;3.731109;-9.139175;0.006145;-0.029636;-0.003055;0.365921;-0.154913;0.403033
389;-0.516968;3.728513;-9.105035;-0.019755;-0.017215;-0.000993;0.366417;-0.155554;0.402273
390;-0.509235;3.725606;-9.007769;-0.023455;-0.034931;-0.00461;0.367056;-0.156332;0.401656
391;-0.472717;3.72344;-9.061032;-0.001607;0.000314;-0.015269;0.366435;-0.156492;0.402425
392;-0.558113;3.715842;-8.993528;0.003602;-0.004918;-0.002904;0.367046;-0.154072;0.40188
393;-0.580842;3.719135;-9.168671;-0.008792;-0.008535;-0.017056;0.367113;-0.156096;0.402723
394;-0.615669;3.782668;-9.265826;0.002188;0.020612;-0.018769;0.36866;-0.155926;0.401873
395;-0.585593;3.781786;-9.088197;0.023645;0.037459;-0.006397;0.367819;-0.155581;0.403554
396;-0.555928;3.735505;-9.046903;0.034448;0.048061;-0.004652;0.365742;-0.154827;0.404623
397;-0.486561;3.654716;-8.893705;0.045248;0.096017;0.025751;0.365562;-0.154608;0.406211
398;-0.388854;3.703307;-8.914762;0.063392;0.140287;0.034751;0.362407;-0.154189;0.409361
399;-0.344784;3.659796;-8.943859;0.09968;0.182515;0.016892;0.360103;-0.152996;0.413612
400;-0.352753;3.68233;-9.087223;0.0961;0.187025;0.024057;0.357938;-0.152266;0.415478
401;-0.223451;3.668373;-9.210464;0.083935;0.233929;0.024422;0.352319;-0.15097;0.41994
402;-0.202561;3.545901;-8.962954;0.08359;0.193247;0.025979;0.350627;-0.150143;0.423165
403;-0.115115;3.587831;-9.108073;0.114337;0.253503;0.043847;0.347521;-0.148088;0.425086
404;-0.007006;3.401242;-9.137432;0.152179;0.276416;0.04009;0.342197;-0.146672;0.430096
405;0.08691;3.383197;-8.923028;0.12537;0.277225;0.029662;0.337335;-0.145419;0.436204
406;0.316873;3.438945;-8.923793;0.080152;0.20391;0.020796;0.333164;-0.145696;0.44011
407;0.280508;3.460908;-9.441677;0.057784;0.03324;-0.004844;0.331927;-0.142368;0.439977
408;0.359726;3.540198;-9.786003;0.098587;-0.054396;-0.025195;0.332436;-0.142156;0.442004
409;0.266437;3.310303;-9.388973;0.108789;-0.110996;-0.016725;0.33407;-0.14037;0.440594
410;0.199683;3.187232;-9.018032;0.069476;-0.07202;-0.001984;0.335379;-0.136635;0.440864
411;0.11507;3.123069;-8.790349;-9.6e-05;-0.015335;0.009546;0.336183;-0.136897;0.440915
412;0.121794;3.24951;-8.860223;-0.031383;-0.001085;0.015232;0.336673;-0.138331;0.439902
413;0.095709;3.362692;-9.190455;-0.040372;-0.02762;0.004497;0.337026;-0.139499;0.438876
414;0.089365;3.485343;-9.474339;3.7e-05;-0.027689;-0.003831;0.337815;-0.139753;0.438659
415;0.118592;3.480693;-9.515505;0.003485;-0.053349;-0.008439;0.338621;-0.140945;0.438594
416;0.080534;3.426138;-9.270475;0.032032;-0.054278;-0.003351;0.338496;-0.14035;0.43644
417;0.057343;3.330274;-9.008529;0.042969;-0.011866;0.003889;0.340446;-0.138259;0.438379
418;0.057901;3.254658;-8.918931;0.030638;0.000379;-0.01018;0.341501;-0.138512;0.438177
419;0.071855;3.265244;-9.098677;0.00489;0.041217;0.003586;0.340966;-0.137719;0.438265
420;0.107764;3.329091;-9.261028;0.000311;0.041395;0.018752;0.339999;-0.137442;0.437671
421;0.124308;3.368499;-9.384718;-0.006997;0.002438;0.00616;0.340555;-0.13745;0.438103
422;0.095141;3.368239;-9.331421;0.007338;0.00238;0.003371;0.339208;-0.139043;0.437523
423;0.081074;3.328794;-9.200423;0.014278;-0.019712;0.007638;0.339603;-0.138507;0.437535
424;0.076454;3.304282;-9.147086;0.01436;-0.013584;0.002332;0.339369;-0.137465;0.438303
425;0.071477;3.323718;-9.154321;0.014421;-0.004746;0.002381;0.340654;-0.137697;0.437446
426;0.051768;3.323877;-9.186041;0.005413;-0.00467;0.009565;0.341241;-0.137721;0.438414
427;0.061322;3.348341;-9.229626;0.003815;0.014739;0.00435;0.340919;-0.138889;0.437216
428;0.066364;3.365074;-9.180902;0.003558;-0.008167;0.013127;0.34006;-0.138269;0.438624
429;0.06121;3.358148;-9.251458;0.018088;0.005879;0.003297;0.340575;-0.137858;0.438379
430;0.076249;3.316623;-9.190785;0.021688;0.004058;-0.00119;0.341236;-0.138647;0.438164
431;0.080863;3.34356;-9.244112;0.018137;0.000493;-0.006512;0.340008;-0.138905;0.437566
432;0.088567;3.309274;-9.176159;0.014546;0.009386;0.000676;0.342255;-0.136229;0.437775
433;0.08601;3.314245;-9.200459;0.003748;0.007683;0.006091;0.340973;-0.139049;0.438157
434;0.076076;3.33134;-9.224751;0.004777;0.012894;-0.00456;0.339133;-0.138941;0.438585
435;0.095622;3.338636;-9.229459;0.013721;0.009337;-0.006427;0.339526;-0.138272;0.438594
436;0.090713;3.343486;-9.229467;0.009332;0.021715;-0.006325;0.339411;-0.138547;0.43886
437;0.095576;3.348359;-9.234277;0.01281;0.009355;-0.00464;0.340368;-0.13789;0.439435
438;0.090746;3.324111;-9.234417;0.000352;0.021758;-0.002697;0.33912;-0.137741;0.438561
439;0.105575;3.328767;-9.195412;0.014363;-0.005552;0.009495;0.338736;-0.137884;0.438809
440;0.115475;3.331046;-9.166171;0.005431;0.000659;0.011383;0.33966;-0.136945;0.438843
441;0.080946;3.333788;-9.229571;0.012776;0.002265;-0.00646;0.339051;-0.136846;0.439875
442;0.078569;3.328867;-9.215024;0.005508;0.007713;0.009634;0.340071;-0.137877;0.438884
443;0.100604;3.338527;-9.207552;0.007445;0.011126;-0.004586;0.340356;-0.13815;0.439173
444;0.076074;3.353092;-9.210067;0.001971;0.005889;0.002543;0.34039;-0.138565;0.439716
445;0.086037;3.33596;-9.178483;0.008237;0.004093;0.000704;0.339032;-0.139887;0.438997
446;0.085913;3.328866;-9.214978;0.012646;0.00417;0.009558;0.337907;-0.140066;0.440272
447;0.107933;3.333712;-9.214821;0.002099;0.006663;-0.01079;0.339838;-0.138294;0.439413
448;0.08599;3.32877;-9.195532;-0.000752;0.000588;0.002536;0.339828;-0.138023;0.439274
449;0.105459;3.343412;-9.214792;0.020663;-0.010037;0.002307;0.338368;-0.138832;0.439207
450;0.095865;3.333498;-9.171142;0.012702;-0.003913;-0.00471;0.339781;-0.138466;0.440748
451;0.100842;3.314062;-9.163908;0.010978;0.018275;0.006091;0.338634;-0.138034;0.43934
452;0.080925;3.355564;-9.219748;0.012793;0.002241;-0.009124;0.337905;-0.13781;0.440629
453;0.088177;3.358096;-9.24157;0.009021;-0.006454;0.005978;0.339363;-0.138258;0.438051
454;0.110419;3.333664;-9.205083;0.003534;-0.004558;0.020261;0.339997;-0.139898;0.439586
455;0.090785;3.355479;-9.202673;0.016328;0.02364;0.013193;0.339523;-0.138005;0.438589
456;0.105578;3.323929;-9.197865;0.008979;0.00782;0.022059;0.338689;-0.138327;0.440283
457;0.130069;3.323913;-9.195284;0.020758;0.007669;0.005959;0.338271;-0.137392;0.440108
458;0.144691;3.323995;-9.21221;0.007192;-0.006408;0.010444;0.339016;-0.137693;0.441491
459;0.129948;3.319232;-9.229337;0.007498;0.012871;-0.008133;0.337755;-0.138333;0.44023
460;0.130098;3.316626;-9.192886;0.021596;-0.004736;0.002329;0.339153;-0.137959;0.441503
461;0.125134;3.331213;-9.200142;0.019766;0.009547;0.018426;0.337775;-0.136751;0.440868
462;0.144816;3.316588;-9.185504;0.002008;-0.006599;-0.011745;0.33857;-0.137539;0.440661
463;0.110397;3.338526;-9.207492;-0.005341;-0.005514;0.010549;0.337349;-0.137801;0.440197
464;0.110378;3.338549;-9.212354;0.002782;-0.006478;0.002474;0.337446;-0.139241;0.439296
465;0.110462;3.321527;-9.202707;0.010859;-0.00829;-0.001161;0.337916;-0.13808;0.440768
466;0.108013;3.328778;-9.197827;0.002756;0.003333;0.013195;0.337599;-0.137659;0.439941
467;0.112907;3.319114;-9.205134;0.018027;-0.001182;0.004153;0.339433;-0.137896;0.439382
468;0.100602;3.328863;-9.214889;0.010004;0.005914;0.006034;0.338151;-0.139256;0.440003
469;0.130062;3.333589;-9.190378;0.012694;0.009463;0.007815;0.338058;-0.138944;0.43839
470;0.110464;3.331191;-9.195371;0.012602;-0.01003;0.002373;0.338243;-0.138173;0.439454
471;0.115167;3.353182;-9.229273;-0.007962;0.004224;0.011514;0.338829;-0.138197;0.440422
472;0.127487;3.324082;-9.22933;0.001967;0.010367;0.007906;0.337982;-0.138708;0.439449
473;0.120289;3.333566;-9.185576;0.000114;0.00774;0.011465;0.339193;-0.137646;0.439898
474;0.110458;3.333616;-9.19536;0.010823;-0.012709;-0.001183;0.337991;-0.138182;0.439707
475;0.130025;3.319135;-9.20989;0.01103;0.002227;-0.011775;0.337619;-0.138067;0.440217
476;0.120193;3.333686;-9.209885;0.023472;0.000519;-0.002994;0.339075;-0.136991;0.440279
477;0.110547;3.33592;-9.171041;0.009149;0.02188;0.013244;0.339912;-0.137535;0.440871
478;0.125217;3.328691;-9.180707;0.012879;0.018173;-0.006368;0.339102;-0.138066;0.440568
479;0.122635;3.32886;-9.214753;0.019881;0.027239;0.020297;0.338893;-0.137965;0.441622
480;0.134812;3.331355;-9.229252;0.007418;0.004051;-0.006398;0.338285;-0.137266;0.440373
481;0.154446;3.30954;-9.231662;0.017208;-0.004796;-0.006526;0.338905;-0.137706;0.441885
482;0.120014;3.336327;-9.253628;0.010908;0.005924;0.00603;0.33753;-0.137427;0.441134
483;0.125106;3.316747;-9.217224;0.027026;0.011229;0.009481;0.337307;-0.137382;0.439519
484;0.139881;3.316637;-9.195257;0.005612;0.000497;-0.008181;0.337382;-0.13742;0.440859
485;0.144713;3.319133;-9.209801;0.009135;0.009458;0.006066;0.337527;-0.137824;0.441008
486;0.105473;3.324061;-9.224604;0.007465;0.012897;-0.004578;0.338958;-0.13647;0.440663
487;0.110415;3.314337;-9.219756;0.018025;0.002385;0.007727;0.337477;-0.137267;0.440194
488;0.117822;3.319089;-9.200243;0.008171;-0.011844;-0.003825;0.337289;-0.137771;0.439125
489;0.115317;3.319162;-9.214843;0.00982;-0.008138;0.015743;0.33771;-0.137646;0.439547
490;0.130012;3.323985;-9.209868;0.014478;0.007696;0.007789;0.338738;-0.139414;0.440974
491;0.115529;3.304396;-9.171154;-0.005102;0.007587;-0.006281;0.337805;-0.138156;0.438761
492;0.108305;3.316329;-9.132251;-0.010439;0.017331;-0.003516;0.33739;-0.138884;0.440754
493;0.164438;3.323788;-9.170766;0.013692;0.01114;-0.00285;0.338161;-0.138864;0.440263
494;0.110235;3.324229;-9.258605;0.014539;0.025453;0.016771;0.336561;-0.139006;0.440175
495;0.12021;3.323999;-9.212359;-0.008793;0.013059;0.011565;0.337398;-0.138888;0.440888
496;0.149787;3.338243;-9.151342;-0.017881;-0.009956;0.00619;0.335911;-0.138552;0.438128
497;0.140507;3.303768;-9.044601;-0.043029;-0.008108;0.014407;0.337813;-0.140283;0.438535
498;0.081638;3.381253;-9.020301;-0.05728;0.014947;0.022652;0.337791;-0.139608;0.438254
499;0.149774;3.343093;-9.15132;-0.042716;0.036126;0.017311;0.336896;-0.142552;0.438393
500;0.207422;3.494303;-9.327725;-0.049888;0.034436;0.019166;0.335448;-0.143695;0.436064
501;0.159282;3.430447;-9.163017;-0.04763;-0.036419;0.006309;0.335567;-0.144483;0.435685
502;0.153725;3.508609;-9.276942;-0.056033;-0.116132;-0.018048;0.336989;-0.145708;0.432319
503;0.057589;3.533617;-9.428128;-0.07745;-0.230064;-0.014048;0.340267;-0.148508;0.428554
504;-0.028993;3.461604;-9.083814;-0.08885;-0.223324;-0.044165;0.343107;-0.149302;0.424458
505;-0.106888;3.487641;-8.952909;-0.088647;-0.204912;-0.056523;0.348448;-0.150265;0.422243
506;-0.119844;3.568288;-9.079022;-0.080253;-0.138462;-0.038448;0.351024;-0.149868;0.418377
507;-0.086789;3.659229;-9.326346;-0.058084;-0.144406;-0.013753;0.35424;-0.151114;0.416181
508;-0.214288;3.484186;-8.251081;-0.121084;-0.1765;-0.029425;0.35575;-0.153641;0.411776
509;-0.461995;3.753688;-8.803163;-0.144477;-0.169093;-0.000754;0.358846;-0.157479;0.406953
510;-0.478974;3.772826;-8.749701;-0.086668;-0.10028;-0.004419;0.360386;-0.158032;0.403447
511;-0.620955;3.901572;-9.282331;-0.066949;-0.071671;0.028453;0.362014;-0.159092;0.399021
512;-0.614031;4.069502;-9.896516;0.002752;-0.001078;0.013146;0.361187;-0.160807;0.398206
513;-0.460544;3.769439;-9.046163;0.014425;0.007489;-0.001127;0.361399;-0.161175;0.397157
514;-0.536332;3.836987;-8.973394;-0.004378;0.027041;0.011581;0.361653;-0.161433;0.39691
515;-0.372279;3.745092;-9.028716;0.035007;0.005709;-0.001295;0.361167;-0.161726;0.397688
516;-0.392124;3.813088;-9.047974;-0.026182;-0.034851;-0.000112;0.361293;-0.161721;0.397562
517;-0.340476;3.827281;-8.977099;-0.016426;-0.056152;-0.009186;0.362896;-0.162509;0.397534
518;-0.486173;3.78231;-8.705948;-0.014773;-0.072182;-0.013752;0.363716;-0.163639;0.395333
519;-0.556353;3.856869;-9.070659;-0.02354;-0.054427;-0.011818;0.364421;-0.162328;0.396283
520;-0.599312;3.821654;-8.813418;-0.009171;-0.01188;0.011405;0.365429;-0.162954;0.39515
521;-0.637697;3.87933;-9.197457;-0.016121;0.023665;0.025871;0.366749;-0.162939;0.394958
522;-0.557148;3.911033;-9.235711;0.000444;0.070399;0.013551;0.364977;-0.163;0.396594
523;-0.485071;3.870999;-8.98751;0.046098;0.081836;0.017694;0.362809;-0.163329;0.398212
524;-0.413967;3.866018;-8.962788;0.046049;0.05697;0.002456;0.36278;-0.163384;0.40008
525;-0.362293;3.877762;-8.887062;0.078946;0.019753;-0.004225;0.361769;-0.16249;0.401207
526;-0.414449;3.83279;-9.108791;0.057249;-0.019087;-0.005164;0.364016;-0.161803;0.401055
527;-0.463575;3.801587;-9.172436;0.056769;-0.098697;-0.013601;0.364829;-0.160213;0.401604
528;-0.551509;3.791685;-9.129267;0.052658;-0.029669;0.000125;0.364224;-0.159118;0.400481
529;-0.702245;3.700979;-8.926417;0.025117;-0.008596;-0.011126;0.365009;-0.157646;0.400498
530;-0.521528;3.82959;-8.94903;0.032638;0.055162;-0.001021;0.365818;-0.158379;0.40296
531;-0.489748;3.716059;-9.039293;0.02362;0.049065;0.00612;0.364033;-0.159891;0.404089
532;-0.458054;3.725886;-9.065792;0.018563;0.097729;0.010873;0.364142;-0.158355;0.406335
533;-0.326068;3.755132;-9.098881;0.029454;0.120752;0.013597;0.361605;-0.158173;0.40859
534;-0.401422;3.725469;-8.9828;0.082583;0.166598;0.013391;0.359562;-0.156445;0.412846
535;-0.297006;3.779689;-9.161791;0.101745;0.235733;0.033183;0.356671;-0.156484;0.413484
536;-0.233588;3.668807;-9.298034;0.110972;0.253333;0.022521;0.351628;-0.153615;0.419017
537;-0.067195;3.646476;-8.708859;0.114537;0.274504;0.0262;0.348051;-0.153257;0.424146
538;-0.108387;3.534781;-8.678022;0.164613;0.437368;0.065759;0.342207;-0.152981;0.431551
539;0.111682;3.501243;-8.766765;0.152586;0.488595;0.053709;0.331948;-0.15047;0.438931
540;0.387859;3.645014;-9.406146;0.124747;0.26919;0.001241;0.32655;-0.149016;0.442602
541;0.542364;3.638053;-9.964315;0.1995;0.042852;-0.014801;0.323186;-0.145111;0.445006
542;0.602194;3.399865;-9.85565;0.221798;-0.112857;-0.029174;0.32559;-0.141252;0.44587
543;0.427163;3.114943;-9.11663;0.186048;-0.064238;-0.011773;0.327965;-0.135254;0.446558
544;0.238338;2.99147;-8.661361;0.084101;-0.011932;0.007096;0.3289;-0.133993;0.449256
545;0.295703;2.9563;-8.415658;-0.001644;0.037735;0.018748;0.328517;-0.134136;0.449504
546;0.337002;3.128929;-9.000441;-0.073006;0.044921;0.007829;0.327397;-0.134115;0.448506
547;0.41262;3.344998;-9.543489;-0.123116;0.006016;-0.015946;0.326605;-0.137043;0.448116
548;0.392102;3.481503;-9.68641;-0.082368;-0.061206;-0.020184;0.326537;-0.140987;0.446185
549;0.289716;3.514807;-9.553191;-0.005659;-0.098486;-0.022801;0.327724;-0.141769;0.445867
550;0.218124;3.415829;-9.150569;0.035423;-0.114633;-0.03391;0.331579;-0.138954;0.446299
551;0.207289;3.312568;-8.864272;0.071352;-0.060612;-0.009029;0.333521;-0.138912;0.44534
552;0.200238;3.225201;-8.85013;0.042789;-0.021497;0.014521;0.333586;-0.136754;0.444502
553;0.1979;3.205731;-8.835649;0.025341;0.019896;-0.003791;0.332457;-0.137858;0.445527
554;0.169078;3.205038;-8.694841;0.013253;0.105739;0.011882;0.33146;-0.137566;0.444397
555;0.443148;3.314549;-9.271192;0.021944;0.055549;0.015142;0.329116;-0.137477;0.44533
556;0.223098;3.297971;-9.836564;0.031561;-0.013473;0.000415;0.329807;-0.137682;0.443371
557;0.39763;3.28738;-9.660523;0.025388;0.020234;0.013125;0.330128;-0.137177;0.444448
558;0.282371;3.216906;-9.136498;-0.043031;-0.039176;-0.006203;0.329128;-0.137945;0.443071
559;0.244283;3.24697;-8.840036;-0.125871;-0.12418;-0.030865;0.329352;-0.140839;0.441804
560;0.15894;3.355961;-9.301916;-0.103923;-0.180579;-0.01713;0.332908;-0.140593;0.438797
561;0.127554;3.362664;-9.185399;-0.102992;-0.193134;-0.034989;0.336599;-0.141805;0.435559
562;0.139981;3.420426;-9.097549;-0.127998;-0.170062;-0.026644;0.340527;-0.145124;0.43144
563;-0.012631;3.532655;-9.231668;-0.068771;-0.131996;-0.010046;0.34275;-0.147141;0.428001
564;-0.019864;3.53735;-9.20009;-0.06696;-0.121353;-0.004669;0.345658;-0.148632;0.42499
565;-0.078695;3.47155;-8.641666;-0.050911;-0.125108;-0.014605;0.347401;-0.14869;0.422821
566;-0.168124;3.492524;-8.958124;-0.056144;-0.103769;-0.004687;0.348233;-0.148898;0.421004
567;-0.188835;3.58094;-9.183912;-0.112979;-0.169052;-0.004563;0.350351;-0.152124;0.417848
568;-0.227909;3.619492;-9.132929;-0.091848;-0.102007;-0.013271;0.353061;-0.153848;0.41363
569;-0.232974;3.653537;-9.152251;-0.106201;-0.085936;0.002942;0.353142;-0.155874;0.409936
570;-0.384152;3.662467;-8.992704;-0.115418;-0.127598;-0.006114;0.356729;-0.157102;0.407226
571;-0.389233;3.737616;-8.987531;-0.059685;-0.077171;0.007933;0.356907;-0.159177;0.405274
572;-0.314822;3.903793;-9.248842;-0.04863;-0.054245;-0.004457;0.358136;-0.160442;0.403232
573;-0.432341;3.72192;-8.75451;0.017722;-0.013702;0.006742;0.358333;-0.160803;0.401915
574;-0.410146;3.903616;-9.210535;0.02053;-0.004751;0.00945;0.357771;-0.160924;0.401352
575;-0.39462;3.735816;-9.113974;0.043159;0.028778;0.009424;0.357402;-0.159748;0.402109
576;-0.434461;3.751164;-9.274582;0.02002;0.041186;0.007893;0.357459;-0.159512;0.403176
577;-0.389671;3.786498;-9.065096;-0.012607;-0.003851;0.009719;0.356021;-0.1596;0.401227
578;-0.346609;3.741836;-9.351871;-0.005152;0.012894;-0.000932;0.357122;-0.159876;0.401829
579;-0.310942;3.790831;-8.9625;0.010037;0.045679;0.017815;0.357149;-0.16102;0.404522
580;-0.319515;3.699886;-8.715025;-0.021499;0.005771;0.002738;0.356728;-0.161144;0.4041
581;-0.258096;3.886342;-9.153772;-0.009949;-0.015339;0.004333;0.357034;-0.162022;0.402265
582;-0.355241;3.788713;-9.023551;0.005226;-0.021611;0.00237;0.357734;-0.161638;0.402965
583;-0.38579;3.872353;-9.264007;0.035772;-0.006542;0.007535;0.356857;-0.160807;0.401698
584;-0.458645;3.782211;-9.177356;-0.008408;-0.064963;-0.005772;0.359579;-0.159493;0.403028
585;-0.449532;3.89906;-9.269136;-0.009432;-0.084387;-0.006741;0.360201;-0.161455;0.4019
586;-0.457193;3.686139;-8.873935;-0.000496;-0.082746;-0.010383;0.361988;-0.160076;0.400773
587;-0.502616;3.86668;-9.094592;0.008485;-0.066702;0.002089;0.363267;-0.160438;0.399785
588;-0.551976;3.770522;-9.263061;0.019645;-0.025231;-0.004921;0.36474;-0.159504;0.400117
589;-0.489389;3.734942;-8.93468;0.025182;0.024324;0.008649;0.363889;-0.159022;0.401662
590;-0.506032;3.700492;-8.832846;0.027268;0.073827;0.013337;0.363783;-0.158707;0.404586
591;-0.448021;3.757;-8.982942;0.092311;0.15601;0.017698;0.363395;-0.15852;0.40723
592;-0.325456;3.761614;-8.938414;0.135716;0.21606;0.016792;0.359817;-0.158092;0.409956
593;-0.284827;3.760432;-9.190974;0.129403;0.235811;0.045403;0.355843;-0.15535;0.415551
594;-0.173354;3.51711;-9.026107;0.083469;0.175603;0.027663;0.351237;-0.154418;0.41901
595;-0.154133;3.648063;-9.027822;0.065436;0.134801;0.006276;0.34953;-0.152256;0.422209
596;-0.174149;3.648606;-9.137328;0.119134;0.141022;0.016531;0.347682;-0.152745;0.424783
597;-0.129082;3.536178;-8.960116;0.144712;0.239228;0.036401;0.344384;-0.14874;0.428391
598;0.0405;3.482156;-8.828059;0.097021;0.314284;0.021211;0.338631;-0.149434;0.432483
599;0.222616;3.522667;-9.179223;0.067251;0.147403;0.021481;0.336196;-0.147712;0.43685
600;0.299859;3.511948;-9.465633;0.114808;-0.011943;-0.01088;0.334586;-0.146194;0.439266
601;0.295152;3.386047;-9.50513;0.134053;-0.077354;-0.009628;0.33573;-0.141648;0.439111
602;0.213466;3.268116;-9.192596;0.092067;-0.066849;-0.018139;0.337062;-0.140047;0.439423
603;0.089986;3.201162;-8.889809;0.045394;-0.036558;0.012619;0.33894;-0.138911;0.437505
604;0.067973;3.225306;-8.867956;-0.014033;0.022579;-0.00347;0.338225;-0.138625;0.436659
605;0.079017;3.304138;-9.117902;-0.033674;0.027098;-0.000611;0.339295;-0.140149;0.438884
606;0.114701;3.4021;-9.314131;-0.035469;0.030745;0.006551;0.336288;-0.140464;0.439787
607;0.133802;3.475204;-9.386603;-0.019669;-0.005428;0.013353;0.337315;-0.141498;0.438931
608;0.087387;3.508919;-9.338119;0.00369;-0.013584;-0.004668;0.338211;-0.142736;0.440473
609;0.066077;3.442766;-9.199995;0.053798;-0.013676;-0.004201;0.338967;-0.141382;0.439956
610;0.105993;3.357241;-9.068877;0.071921;0.019871;-0.003285;0.338689;-0.13899;0.440162
611;0.145629;3.276901;-9.0058;0.045903;0.023511;0.005838;0.338166;-0.14066;0.442433
612;0.164697;3.284797;-9.132049;0.036081;0.044916;0.023817;0.337;-0.139093;0.443272
613;0.193203;3.324552;-9.326157;0.011156;0.028867;-0.000956;0.336116;-0.139585;0.441629
614;0.156729;3.338747;-9.253392;0.021873;0.027949;-0.001051;0.335678;-0.138841;0.443459
615;0.12887;3.264347;-8.918451;0.010169;0.048363;0.015155;0.335834;-0.137526;0.44411
616;0.194969;3.303003;-8.89113;0.009328;0.069672;0.025073;0.334388;-0.139535;0.444066
617;0.264223;3.305178;-9.333102;0.05312;0.038741;0.020989;0.332938;-0.139155;0.444378
618;0.222738;3.189018;-9.380073;0.010851;-0.003716;0.011305;0.331812;-0.137274;0.443611
619;0.275234;3.260147;-9.053698;-0.064475;-0.00719;0.011935;0.331846;-0.138353;0.444034
620;0.278083;3.274143;-8.941799;-0.14531;-0.06473;-0.009041;0.33347;-0.141071;0.441641
621;0.165321;3.409678;-8.885963;-0.167237;-0.124853;-0.012734;0.333834;-0.143236;0.438233
622;0.144783;3.490627;-9.072891;-0.140812;-0.181354;-0.006136;0.336132;-0.147345;0.433369
623;0.054962;3.582175;-9.440076;-0.110247;-0.198308;-0.026052;0.339629;-0.149854;0.42881
624;-0.013503;3.586915;-9.416166;-0.079726;-0.190445;-0.029827;0.343706;-0.151253;0.422928
625;-0.086938;3.601416;-9.404397;-0.117431;-0.199218;-0.026016;0.347344;-0.152375;0.421153
626;-0.199292;3.632525;-9.317435;-0.094097;-0.213613;-0.047636;0.349793;-0.153971;0.417051
627;-0.22185;3.598699;-8.851013;-0.088799;-0.202172;-0.042279;0.35402;-0.155447;0.413848
628;-0.353873;3.632331;-8.783607;-0.121198;-0.195794;-0.020651;0.356836;-0.158086;0.408986
629;-0.382216;3.759775;-9.055449;-0.139082;-0.216173;-0.034833;0.360666;-0.157108;0.403845
630;-0.521333;3.739929;-8.961592;-0.128096;-0.155085;-0.015058;0.363011;-0.159384;0.400151
631;-0.527173;3.929611;-9.070148;-0.11084;-0.117946;-0.0132;0.366121;-0.161106;0.395955
632;-0.718239;3.915284;-9.110278;-0.068515;-0.091572;-0.018777;0.366351;-0.162545;0.395061
633;-0.706806;3.998461;-9.258107;0.006986;-0.047406;-0.013819;0.367855;-0.164539;0.390646
634;-0.586707;3.949932;-9.255161;-0.001256;-0.07566;-0.014778;0.368032;-0.164428;0.391455
635;-0.657435;3.949607;-9.187534;-0.043423;-0.077344;-0.008225;0.368343;-0.16438;0.38987
636;-0.703691;3.95654;-9.117293;-0.05507;-0.070241;-0.003649;0.371878;-0.166978;0.388385
637;-0.695731;3.958183;-8.959234;-0.034248;-0.015377;0.010705;0.370535;-0.166185;0.388293
638;-0.605619;3.982923;-9.060662;-0.005045;0.0553;0.008188;0.371126;-0.165946;0.38939
639;-0.637199;4.026119;-8.968288;0.010953;0.051786;0.015155;0.370324;-0.167276;0.389103
640;-0.721811;3.947455;-8.750394;0.003738;0.048184;0.013398;0.369813;-0.166628;0.389596
641;-0.620431;4.014496;-9.070332;0.057736;0.078248;0.014019;0.368552;-0.167203;0.390736
642;-0.597277;3.95267;-8.827392;0.034086;0.023377;0.00592;0.367808;-0.166309;0.391879
643;-0.546051;3.950477;-8.875704;0.044907;0.04646;0.01752;0.365782;-0.166111;0.393762
644;-0.537012;3.876505;-9.119066;0.03581;-0.026259;-0.017487;0.367241;-0.165966;0.393709
645;-0.531466;3.890189;-8.943953;0.016778;-0.031417;-0.000455;0.368009;-0.164353;0.393454
646;-0.738092;3.915623;-9.178461;-0.003952;-0.05613;0.000438;0.368781;-0.163007;0.393205
647;-0.688756;3.907896;-9.088254;0.044444;-0.034905;0.009943;0.370034;-0.164353;0.393969
648;-0.677985;3.83175;-8.891641;0.014467;0.019784;-0.001972;0.369602;-0.163544;0.393529
649;-0.627087;3.858969;-9.00302;0.007525;0.065913;0.013456;0.368616;-0.164185;0.392418
650;-0.577364;3.877339;-8.796013;0.031105;0.115348;0.013542;0.368101;-0.163806;0.397587
651;-0.516282;3.841233;-8.851712;0.020288;0.102127;0.013563;0.365451;-0.164229;0.397712
652;-0.430844;3.889861;-8.880136;0.052464;0.113739;0.029385;0.364596;-0.16202;0.39949
653;-0.44859;3.924461;-9.01135;0.037903;0.064195;0.018569;0.362819;-0.162146;0.403396
654;-0.428632;3.807991;-8.997174;0.056013;0.083562;0.013175;0.361591;-0.163801;0.404959
655;-0.452638;3.850898;-8.846416;0.063286;0.111851;0.018608;0.359743;-0.161566;0.405613
656;-0.310992;3.909964;-9.516179;0.075874;0.095176;0.016648;0.356965;-0.161064;0.40598
657;-0.304471;3.697677;-9.249721;0.071658;-0.004849;0.003679;0.357835;-0.160634;0.409758
658;-0.355227;3.69203;-9.087193;0.073653;0.035808;0.009211;0.356784;-0.157995;0.410449
659;-0.327017;3.809489;-9.302826;0.083415;0.170363;0.031203;0.356217;-0.156326;0.412521
660;-0.299543;3.556815;-8.715556;0.107299;0.275435;0.036886;0.352392;-0.157041;0.417791
661;-0.086051;3.616563;-8.543818;0.062649;0.302943;0.041004;0.348149;-0.156156;0.423006
662;0.000903;3.671194;-8.805561;0.037215;0.203777;0.007799;0.343197;-0.15552;0.427385
663;0.088894;3.785596;-9.385461;0.081438;0.080792;-0.017216;0.339764;-0.156158;0.430139
664;0.124852;3.757549;-9.599279;0.124375;-0.047291;-0.009364;0.339744;-0.153627;0.430223
665;0.080361;3.549603;-9.228589;0.150305;-0.070576;-0.031069;0.34144;-0.150679;0.430129
666;0.018446;3.380686;-8.904013;0.116201;-0.042989;-0.004879;0.342742;-0.147737;0.430147
667;-0.008122;3.331904;-8.846059;0.068036;-0.011981;-0.00077;0.344128;-0.145633;0.43152
668;-0.039928;3.324635;-8.846288;-0.005302;-0.003959;-0.002796;0.344662;-0.14563;0.431551
669;-0.041342;3.459325;-9.11307;-0.03565;0.007656;0.001084;0.344454;-0.148315;0.432124
670;-0.04765;3.596428;-9.377439;-0.0249;0.000608;-0.000809;0.343049;-0.146561;0.431076
671;-0.006127;3.627957;-9.379472;-0.000996;-0.025848;0.007756;0.34335;-0.148365;0.428992
672;-0.022321;3.568778;-9.180515;0.031271;-0.024227;0.000379;0.344477;-0.14839;0.430124
673;-0.03624;3.517065;-9.020404;0.046525;-0.015444;0.000295;0.343591;-0.147359;0.431122
674;-0.011313;3.444002;-8.957384;0.048531;0.017258;0.002227;0.345683;-0.146794;0.430563
675;-0.009292;3.439704;-9.069208;0.026915;0.004112;0.009445;0.344856;-0.145724;0.430229
676;0.007224;3.471898;-9.205085;0.002842;0.01122;0.007017;0.343841;-0.145756;0.431106
677;0.009631;3.469533;-9.217235;-0.014296;0.000695;0.013326;0.345232;-0.145513;0.432248
678;-0.041849;3.498627;-9.214987;0.001935;0.002322;0.000748;0.343656;-0.146527;0.430042
679;-0.017143;3.479008;-9.17117;0.02173;0.009308;-0.0056;0.344473;-0.146;0.430479
680;-0.026695;3.464208;-9.12025;0.024191;0.008619;0.018383;0.343989;-0.14709;0.43114
681;0.00252;3.464408;-9.161393;0.021603;0.002318;0.003258;0.34416;-0.145782;0.432059
682;-0.017239;3.479128;-9.195478;0.009857;-0.010013;0.005954;0.344797;-0.145763;0.431561
683;-0.016765;3.459201;-9.088612;0.016413;0.012789;-0.010873;0.345277;-0.146199;0.432931
684;-0.022005;3.491049;-9.15413;0.013714;0.012828;-0.008181;0.343728;-0.146298;0.431377
685;-0.00244;3.459655;-9.180892;0.010986;0.018234;0.002539;0.343631;-0.145522;0.432157
686;-0.017166;3.48387;-9.173579;0.02079;0.012915;0.002431;0.344737;-0.145005;0.433011
687;-0.002362;3.445058;-9.171235;0.021737;0.028;0.009614;0.343568;-0.145161;0.433482
688;0.004937;3.45478;-9.176007;0.001988;0.036092;0.022271;0.343914;-0.144998;0.432564
689;-0.001984;3.42525;-9.088675;0.010838;-0.001234;0.001545;0.344542;-0.144778;0.43433
690;-0.007382;3.469379;-9.18574;0.009147;0.009384;0.000729;0.343215;-0.145453;0.434268
691;0.046833;3.439924;-9.115048;-0.005409;-0.008181;0.011432;0.342429;-0.146128;0.43437
692;0.012402;3.45946;-9.141909;-0.00076;-0.00836;-0.008173;0.343831;-0.145556;0.433371
693;-0.002384;3.474084;-9.156518;0.016238;0.000533;0.000625;0.343207;-0.146112;0.434013
694;0.009906;3.459521;-9.154078;0.003742;-0.003046;-0.006404;0.342755;-0.146821;0.435336
695;-0.002338;3.46436;-9.1517;0.011023;0.009283;-0.009957;0.342755;-0.145424;0.433174
696;0.022085;3.464429;-9.166135;0.009038;0.007712;0.011396;0.344611;-0.145673;0.433017
697;0.029475;3.454704;-9.161272;0.017227;-0.00133;-0.01095;0.343997;-0.1465;0.433798
698;0.009858;3.459581;-9.166232;0.004759;0.019979;-0.000955;0.342056;-0.145216;0.434999
699;0.022072;3.469279;-9.166113;0.012668;0.010328;0.007823;0.342867;-0.146145;0.435062
700;0.009781;3.459677;-9.185678;0.005361;-0.006423;0.011347;0.342792;-0.14538;0.436245
701;0.012312;3.464406;-9.161333;0.027027;0.008491;0.002358;0.342809;-0.145585;0.434114
702;0.007458;3.459521;-9.154093;0.016084;-0.008211;0.01125;0.342681;-0.146119;0.434117
703;0.022307;3.449651;-9.120016;0.000162;-0.003053;-0.007263;0.34239;-0.145312;0.433818
704;0.017207;3.440241;-9.17843;0.018069;0.002288;-0.001161;0.341156;-0.145037;0.433209
705;0.002279;3.479209;-9.212374;0.032532;0.003917;-0.015497;0.343345;-0.145185;0.43427
706;0.027209;3.454476;-9.115102;0.019889;0.030713;0.016765;0.342827;-0.145196;0.434508
707;0.026898;3.4742;-9.180645;0.013619;0.020959;0.010541;0.342787;-0.145643;0.436116
708;0.036955;3.440034;-9.136986;0.023454;0.007596;0.000605;0.341276;-0.145762;0.435232
709;0.046735;3.430381;-9.146692;0.007343;0.00673;-0.000156;0.342754;-0.145361;0.435575
710;0.041659;3.447524;-9.180676;0.014385;-0.001158;0.007748;0.342735;-0.143627;0.435541
711;0.046525;3.430645;-9.200171;0.00916;-0.001287;-0.008218;0.341717;-0.144056;0.436292
712;0.005004;3.447445;-9.163886;0.010753;-0.0118;0.004159;0.342;-0.144859;0.436457
713;0.022194;3.428044;-9.16387;0.004576;-0.002975;0.001589;0.343644;-0.145333;0.434824
714;0.027141;3.423145;-9.154139;0.01269;-0.004824;-0.00649;0.342818;-0.144396;0.434492
715;0.026996;3.445077;-9.175917;0.013471;-0.000254;0.010425;0.343298;-0.144169;0.435983
716;0.012278;3.445115;-9.183299;-0.001513;0.00754;-0.009864;0.342613;-0.145358;0.435434
717;0.019674;3.440217;-9.173553;0.019763;0.004162;0.011284;0.343253;-0.144809;0.435059
718;0.01969;3.44503;-9.166238;0.010068;0.007577;-0.003733;0.342558;-0.145064;0.43449
719;0.022247;3.44006;-9.141937;0.018025;-0.004802;-0.002975;0.34369;-0.145553;0.433229
720;0.027208;3.430311;-9.132228;0.012695;-0.00751;-0.01006;0.342687;-0.144663;0.43449
721;0.016985;3.423603;-9.246569;0.012816;0.007546;-0.008208;0.343079;-0.144524;0.434376
722;-0.002579;3.447747;-9.224702;0.003716;0.005909;0.006087;0.344211;-0.144949;0.435516
723;0.002213;3.464792;-9.23918;0.012669;-0.007448;-0.004726;0.343654;-0.145603;0.434963
724;0.01749;3.413303;-9.125072;0.006351;0.002363;0.006936;0.34367;-0.143621;0.435594
725;0.027144;3.425558;-9.151696;0.012671;-0.008367;-0.007398;0.343378;-0.144804;0.434932
726;0.002182;3.462415;-9.248914;0.00825;-0.003045;-0.007334;0.343671;-0.143755;0.435596
727;-0.012236;3.425828;-9.205415;0.003554;-0.014409;0.007754;0.344171;-0.143999;0.434962
728;0.027034;3.445029;-9.166193;0.014452;-0.006575;-0.004733;0.344099;-0.144228;0.433627
729;-0.002102;3.415731;-9.125182;0.017107;-0.010129;-0.004781;0.342027;-0.143938;0.432303
730;-0.002409;3.430616;-9.193178;0.002115;0.024401;-0.000917;0.343048;-0.143712;0.433959
731;0.007349;3.425825;-9.205295;0.012701;0.000522;-0.00202;0.343694;-0.144493;0.433476
732;0.012462;3.423135;-9.151797;0.016286;-0.000398;-0.00472;0.342268;-0.144258;0.434192
733;-0.002245;3.415911;-9.161644;0.018159;0.00397;-0.010051;0.342099;-0.145105;0.4358
734;0.017084;3.425896;-9.219819;0.012556;-0.008226;0.007717;0.342419;-0.143205;0.434714
735;0.009732;3.435572;-9.214958;-0.00353;-0.000229;0.01056;0.344055;-0.144938;0.435107
736;0.022165;3.420829;-9.176057;0.006515;0.004001;-0.009062;0.342215;-0.145493;0.435413
737;-0.002243;3.425575;-9.154307;0.005555;0.005831;-0.001044;0.34255;-0.144264;0.434475
738;0.029489;3.435353;-9.171083;-0.001598;0.002285;-0.004555;0.342133;-0.144125;0.434182
739;-0.004809;3.430557;-9.18104;-0.0124;0.020154;0.016964;0.343202;-0.144252;0.434245
740;0.027129;3.452159;-9.136991;0.002927;0.012894;-0.002754;0.342331;-0.143892;0.43539
741;-0.021505;3.422756;-9.074222;-0.011403;0.037806;0.017049;0.343128;-0.144947;0.435188
742;0.065184;3.518802;-9.374671;0.002025;0.028135;0.016017;0.340142;-0.145867;0.433969
743;0.066079;3.413764;-9.219574;0.02185;0.046619;0.014163;0.340298;-0.145877;0.434378
744;0.078702;3.451947;-9.095351;-0.001166;0.115761;0.036962;0.338183;-0.14703;0.436816
745;0.203992;3.386132;-9.029251;0.000237;0.03783;0.016985;0.338378;-0.147857;0.437777
746;0.110555;3.389076;-9.131905;-0.039137;0.02898;0.010131;0.337694;-0.147056;0.43759
747;0.148858;3.547239;-9.242764;-0.013887;0.023464;-0.014978;0.33698;-0.147567;0.436625
748;0.090121;3.561726;-9.228474;-0.014069;-0.003078;-0.016903;0.336486;-0.149182;0.437028
749;0.070897;3.512943;-9.170475;-0.002477;0.036984;0.020553;0.337145;-0.148378;0.43705
750;0.10979;3.5447;-9.218708;0.010271;0.053691;0.010765;0.335906;-0.148302;0.438713
751;0.21358;3.429886;-9.05087;0.009338;0.069719;0.025979;0.335402;-0.148983;0.439098
752;0.262662;3.449061;-9.006726;-0.014089;0.023605;0.003708;0.333744;-0.148565;0.438062
753;0.286577;3.478769;-9.130415;-0.043101;-0.029345;0.004558;0.333168;-0.151535;0.439154
754;0.212223;3.533089;-9.325088;-0.016073;-0.048184;-0.026007;0.335065;-0.15147;0.437391
755;0.185599;3.54721;-9.237678;0.010615;-0.062333;-0.020967;0.336606;-0.150633;0.436528
756;0.120429;3.524303;-9.016979;-0.003838;-0.077422;-0.024492;0.33681;-0.150334;0.435467
757;0.105066;3.551736;-9.170089;-0.001777;-0.013552;0.000726;0.336996;-0.151087;0.43389
758;0.076353;3.531572;-9.014785;0.002814;0.0183;0.009747;0.337331;-0.151917;0.434992
759;0.115261;3.536728;-9.077724;-0.021269;0.028957;0.010007;0.336793;-0.148797;0.433034
760;0.107929;3.53913;-9.072896;-0.019587;0.018379;0.013493;0.336888;-0.152029;0.434169
761;0.14662;3.585641;-9.162386;-0.008811;0.013034;0.007162;0.336337;-0.151891;0.433868
762;0.133831;3.591166;-9.298565;0.007235;0.004235;0.011424;0.335798;-0.151361;0.433827
763;0.154072;3.556506;-9.155181;-0.008873;0.005087;0.008006;0.334344;-0.152703;0.43377
764;0.153906;3.561548;-9.194052;-0.005327;-0.001098;0.007944;0.334384;-0.153652;0.434325
765;0.183986;3.548578;-9.02377;0.009092;0.02721;0.015986;0.335277;-0.153227;0.4337
766;0.146815;3.587814;-9.111328;-0.001467;0.027063;-0.003493;0.335001;-0.153755;0.433427
767;0.179025;3.565577;-9.028584;0.019977;0.039514;0.009739;0.334269;-0.153927;0.43459
768;0.168603;3.614701;-9.154826;0.000216;0.011167;-0.003585;0.334038;-0.152488;0.435484
769;0.188435;3.551554;-9.135547;0.003822;0.014702;-0.002712;0.334765;-0.153242;0.434071
770;0.212814;3.561346;-9.154799;0.008983;-0.015344;-0.00291;0.335161;-0.153503;0.433965
771;0.186402;3.546201;-9.033489;-0.005549;-0.029414;0.006024;0.333454;-0.155384;0.434038
772;0.163255;3.605603;-9.276441;-0.004506;-0.018794;0.003402;0.33495;-0.153198;0.432613
773;0.19349;3.570688;-9.08195;0.002671;0.009595;0.020394;0.334429;-0.153739;0.432727
774;0.139187;3.622004;-9.159835;0.000118;0.009479;0.006184;0.335152;-0.155355;0.433466
775;0.193816;3.555779;-9.009092;0.01632;0.012889;-0.003709;0.334753;-0.154164;0.433688
776;0.191043;3.594854;-9.064839;0.030574;0.018301;0.009544;0.335052;-0.152985;0.434483
777;0.183521;3.575744;-9.123312;0.034139;0.020117;0.014854;0.333429;-0.153116;0.433993
778;0.200564;3.592776;-9.135283;0.004693;0.011163;-0.00362;0.332074;-0.153909;0.433398
779;0.222495;3.595317;-9.159446;0.014676;0.032392;-0.000918;0.333054;-0.153397;0.434378
780;0.217556;3.576039;-9.183872;0.016209;0.005957;0.007816;0.333402;-0.153967;0.435743
781;0.205627;3.549067;-9.123299;0.019762;-0.007397;-0.00118;0.332662;-0.153473;0.436893
782;0.215288;3.558897;-9.149933;-0.016332;-0.031978;0.011437;0.333003;-0.15344;0.435844
783;0.198166;3.602379;-9.115808;0.014272;-0.022413;-0.001208;0.332618;-0.154176;0.433567
784;0.183513;3.561255;-9.135532;0.006443;0.01031;0.0008;0.332756;-0.152586;0.433945
785;0.193491;3.556187;-9.09174;0.010905;0.037896;0.024032;0.332921;-0.153397;0.43437
786;0.215859;3.548513;-9.011421;0.018172;0.028854;0.002588;0.332048;-0.153567;0.435392
787;0.232551;3.575652;-9.105996;0.013564;-0.007461;-0.010013;0.332057;-0.153704;0.435529
788;0.237174;3.595327;-9.161786;0.007183;-0.011767;0.000689;0.333045;-0.153923;0.43412
789;0.222554;3.580744;-9.154651;0.007912;-0.024068;0.009505;0.333342;-0.153936;0.434671
790;0.205552;3.566077;-9.130513;0.014429;-0.008317;-0.006474;0.333466;-0.155125;0.434301
791;0.20816;3.556209;-9.096511;-0.005416;-0.021507;-0.001046;0.332967;-0.154217;0.435056
792;0.20805;3.57568;-9.111008;0.010895;0.001422;-0.004612;0.333484;-0.154073;0.434816
793;0.185569;3.600413;-9.208265;0.01789;-0.011738;0.005928;0.333839;-0.155374;0.433793
794;0.18335;3.600125;-9.14994;0.007203;-0.008245;0.0007;0.334266;-0.154324;0.434464
795;0.175886;3.588194;-9.188934;0.003892;0.008416;-0.015193;0.334507;-0.154107;0.431671
796;0.173911;3.575517;-9.077187;0.007198;-0.01361;-0.004666;0.33378;-0.153953;0.435364
797;0.178418;3.571171;-9.179273;0.016397;0.008428;-0.011741;0.333998;-0.154988;0.434328
798;0.183741;3.575468;-9.067404;0.016357;0.035124;0.011525;0.334756;-0.153768;0.433814
799;0.218015;3.575462;-9.067193;0.020012;0.023483;-0.006346;0.334338;-0.153432;0.435919
800;0.213061;3.575535;-9.081808;0.000159;0.016549;0.006229;0.332573;-0.15409;0.435165
801;0.22263;3.580648;-9.135203;0.014495;0.012983;0.003425;0.333138;-0.154235;0.435733
802;0.232743;3.568161;-9.062275;0.018173;0.019976;-0.00368;0.333641;-0.154817;0.437508
803;0.227462;3.590394;-9.144853;0.016256;0.007674;0.002495;0.331411;-0.153649;0.433489
804;0.266785;3.55153;-9.132635;0.014477;-0.006568;-0.010015;0.332275;-0.152616;0.434853
805;0.247005;3.556611;-9.178919;0.010776;-0.002869;0.007816;0.332295;-0.153157;0.435131
806;0.222825;3.536904;-9.115956;0.016004;-0.036585;-0.00486;0.333326;-0.152469;0.434643
807;0.195891;3.556247;-9.103879;0.009896;-0.02963;-0.018112;0.333568;-0.151526;0.434371
808;0.176088;3.56619;-9.152571;0.003698;-0.013655;-0.011755;0.334443;-0.152886;0.435515
809;0.15944;3.56558;-9.028705;0.008952;-0.02161;-0.008283;0.333063;-0.152871;0.434635
810;0.158832;3.585676;-9.169603;-0.001722;-0.007368;-0.001006;0.334874;-0.151637;0.433914
811;0.15391;3.588125;-9.174484;0.010721;-0.002842;0.013142;0.334047;-0.153352;0.433099
812;0.183589;3.568409;-9.111191;-0.003521;-0.013604;-0.006357;0.336084;-0.151767;0.434118
813;0.149686;3.558283;-9.023936;-0.005065;0.027051;-0.003464;0.334143;-0.152669;0.432557
814;0.168526;3.614797;-9.174273;0.020848;0.023569;0.002535;0.334486;-0.154166;0.433673
815;0.198924;3.541013;-8.965374;0.021757;0.025263;-0.001909;0.333161;-0.152984;0.433976
816;0.212856;3.595126;-9.120613;0.018142;0.030704;0.009714;0.333065;-0.152341;0.434759
817;0.261317;3.561915;-9.271177;0.000261;-0.001262;-0.014318;0.333013;-0.151651;0.433942
818;0.261416;3.602874;-9.217512;0.016036;-0.033012;-0.00394;0.333354;-0.153677;0.434934
819;0.15291;3.65463;-9.383236;0.021279;-0.049764;0.00036;0.335037;-0.152314;0.434336
820;0.148002;3.630478;-9.402822;0.071425;-0.06318;-0.0108;0.33584;-0.151117;0.434626
821;0.106004;3.42731;-9.01751;0.100017;-0.073989;-0.02001;0.337733;-0.149262;0.435498
822;0.136604;3.370188;-8.745334;0.082125;-0.050938;-0.009065;0.338778;-0.149244;0.435157
823;-0.020929;3.393033;-8.947952;-0.005293;0.004083;0.00437;0.339069;-0.147398;0.435939
824;0.134895;3.56083;-9.048324;-0.01752;0.043016;0.001167;0.338535;-0.147401;0.435909
825;0.149594;3.514899;-9.077613;-0.015838;0.028902;0.00374;0.338869;-0.148097;0.437009
826;0.119578;3.595453;-9.184384;0.017016;-0.010003;0.004155;0.338664;-0.149653;0.435425
827;0.153125;3.596361;-9.368916;0.05365;-0.045495;-0.011452;0.339976;-0.148971;0.435219
828;0.124203;3.484629;-9.33071;0.049871;-0.061325;-0.000854;0.340011;-0.146797;0.433845
829;0.067001;3.369107;-9.015585;0.055586;-0.022645;-0.014939;0.340429;-0.14561;0.43438
830;0.006454;3.34171;-8.867803;0.017086;0.000476;0.000609;0.341906;-0.144412;0.434842
831;0.017996;3.381251;-9.018261;-0.021256;0.027133;0.008183;0.341016;-0.144371;0.433189
832;0.041094;3.494149;-9.292284;-0.019327;0.028879;-0.000703;0.341288;-0.145566;0.433093
833;0.077346;3.586565;-9.347548;-0.006896;0.005846;-0.008025;0.340524;-0.146916;0.433476
834;0.050608;3.586329;-9.299097;0.007305;-0.001195;-0.001068;0.341373;-0.147201;0.434331
835;0.056579;3.502813;-9.0831;0.028812;-0.008443;-0.013738;0.341245;-0.148399;0.434213
836;0.042477;3.434414;-8.981405;0.021541;0.002317;0.005933;0.342223;-0.148283;0.435067
837;0.047272;3.415207;-9.020357;0.019866;0.025366;0.01318;0.341389;-0.146679;0.434722
838;0.075806;3.469426;-9.197383;-0.00247;0.027203;0.013381;0.340052;-0.14642;0.434641
839;0.060786;3.503677;-9.258089;-0.001697;0.00242;0.007908;0.340127;-0.146458;0.435981
840;0.060449;3.5331;-9.323588;0.001942;0.002381;0.002545;0.33991;-0.146284;0.434497
841;0.041881;3.464161;-9.112536;0.020617;-0.001162;0.009479;0.340661;-0.145193;0.433852
842;0.051763;3.459214;-9.093052;0.03249;0.034187;0.011349;0.341051;-0.145519;0.436015
843;0.083494;3.444828;-9.126955;0.031353;0.018432;0.027282;0.340528;-0.14513;0.436245
844;0.095663;3.464249;-9.131653;0.014521;0.011157;0.000711;0.339996;-0.146063;0.4361
845;0.08811;3.474178;-9.177839;0.005625;0.020029;0.002609;0.339734;-0.146465;0.436092
846;0.065955;3.484001;-9.202238;-0.000746;0.014804;0.010633;0.338431;-0.145958;0.436676
847;0.090665;3.459544;-9.160874;-0.002321;0.035944;0.002758;0.338323;-0.146237;0.437076
848;0.127563;3.447234;-9.124243;0.008312;0.034256;0.013336;0.338125;-0.14647;0.435868
849;0.105466;3.449734;-9.138951;-0.015712;0.028798;-0.007839;0.338259;-0.146539;0.438279
850;0.149984;3.420161;-9.044012;-0.012323;0.041421;0.022439;0.337478;-0.146951;0.43851
851;0.147355;3.497721;-9.036382;-0.031995;0.04497;0.020852;0.335845;-0.147475;0.43776
852;0.184014;3.517126;-9.038499;-0.001336;0.06252;0.010031;0.33548;-0.148026;0.438284
853;0.244533;3.530058;-9.203363;0.013738;0.058279;0.027675;0.332496;-0.150405;0.436825
854;0.244914;3.473998;-9.145277;0.010485;0.067728;-0.002487;0.332873;-0.150328;0.438847
855;0.247136;3.515364;-9.174245;0.004739;0.030734;0.009817;0.331525;-0.149798;0.438627
856;0.241689;3.542639;-9.295693;0.029023;0.031529;0.000729;0.330615;-0.149285;0.4391
857;0.256498;3.547319;-9.26155;0.023517;0.003176;-0.008265;0.33064;-0.150226;0.439386
858;0.281923;3.473631;-9.072128;0.027875;-0.011017;-0.010156;0.331659;-0.148471;0.438877
859;0.245246;3.478415;-9.057746;0.000437;0.014499;-0.025804;0.33151;-0.14979;0.438359
860;0.240029;3.498151;-9.125751;-0.042874;-0.010006;-0.006015;0.332089;-0.150473;0.439073
861;0.257032;3.498317;-9.159677;-0.028521;0.002427;0.001937;0.331156;-0.149949;0.439143
862;0.198019;3.575982;-9.171838;-0.008787;0.005906;-0.000873;0.331227;-0.150314;0.437953
863;0.23746;3.532136;-9.132904;-0.011598;0.006033;0.013379;0.331787;-0.151386;0.438272
864;0.249538;3.525088;-9.179047;-0.010774;-0.023246;-0.001011;0.331526;-0.152584;0.438147
865;0.247241;3.522483;-9.142611;-0.000184;-0.043593;-0.001207;0.331834;-0.151606;0.436677
866;0.237449;3.546649;-9.125545;-0.00094;-0.029502;-0.006458;0.332638;-0.151205;0.436849
867;0.20788;3.546894;-9.174341;-0.008859;-0.022497;-0.015253;0.333196;-0.15141;0.434882
868;0.196026;3.548828;-9.074742;-0.007235;-0.021488;0.001635;0.333496;-0.152418;0.432916
869;0.188248;3.585623;-9.1597;0.014398;0.013081;0.01498;0.332935;-0.151945;0.434877
870;0.164145;3.558569;-9.082186;0.009165;0.023596;0.006182;0.333863;-0.15207;0.434799
871;0.198516;3.536691;-9.072351;0.005622;0.020008;-0.000919;0.333716;-0.15087;0.434768
872;0.198104;3.551709;-9.167087;-0.015785;0.030674;0.001092;0.332177;-0.153166;0.435392
873;0.23224;3.55671;-9.198455;0.010316;0.051886;0.003663;0.331349;-0.152759;0.434937
874;0.247145;3.554018;-9.144898;0.014723;0.03947;7e-06;0.3305;-0.153073;0.436363
875;0.2968;3.509642;-8.998948;0.009021;-0.008301;-0.004641;0.331149;-0.151998;0.436245
876;0.271767;3.551421;-9.110727;0.010007;-0.013697;-0.017128;0.32947;-0.150376;0.435052
877;0.247255;3.541798;-9.125507;0.012508;-0.025976;-0.00566;0.33219;-0.150917;0.436017
878;0.242352;3.551474;-9.120631;0.005455;-0.02875;-0.020732;0.331601;-0.152749;0.434684
879;0.212756;3.561418;-9.169383;0.016975;-0.020624;0.000552;0.332942;-0.153275;0.43477
880;0.183622;3.549034;-9.116141;-0.005431;-0.013478;0.007884;0.332373;-0.151403;0.434435
881;0.198197;3.580591;-9.1232;0.013621;0.006721;-0.004608;0.33405;-0.152229;0.435747
882;0.218059;3.548825;-9.074607;0.007344;0.004057;-0.006349;0.333206;-0.151681;0.435021
883;0.232836;3.512461;-9.077113;5.9e-05;0.007758;0.011512;0.333476;-0.151946;0.435042
884;0.21221;3.60802;-9.27613;0.006478;0.020127;0.007973;0.334176;-0.152225;0.43562
885;0.213016;3.546593;-9.113541;0.010864;0.024601;0.018627;0.333375;-0.153555;0.435333
886;0.222695;3.56365;-9.13042;0.014639;0.044882;0.013372;0.332241;-0.152934;0.436592
887;0.203495;3.54142;-9.047992;0.004687;0.03072;0.011597;0.331428;-0.15386;0.436163
888;0.269338;3.551398;-9.105881;0.021633;0.013;0.006037;0.330044;-0.154108;0.435155
889;0.244845;3.54175;-9.115799;0.006442;0.025451;0.013337;0.329034;-0.152551;0.436403
890;0.296184;3.561165;-9.120256;0.018071;0.002316;-0.004655;0.329894;-0.153241;0.437399
891;0.276735;3.531998;-9.105925;3.9e-05;-0.005552;0.003447;0.330457;-0.152457;0.438084
892;0.274126;3.556367;-9.130137;0.010828;-0.003825;-0.000187;0.330637;-0.153339;0.436375
893;0.264391;3.549046;-9.120507;0.007183;-0.022453;-0.008261;0.331;-0.151328;0.436091
894;0.242192;3.554091;-9.159513;0.007253;-0.022513;-0.015379;0.33224;-0.152137;0.43671
895;0.234947;3.541884;-9.142598;0.007126;-0.007262;0.011376;0.33259;-0.150915;0.43604
896;0.213219;3.517338;-9.082073;-0.001555;0.00847;-0.008036;0.330575;-0.151052;0.435661
897;0.237539;3.541703;-9.10612;0.007383;0.010268;-0.004536;0.332116;-0.150949;0.437081
898;0.242031;3.571209;-9.188605;0.010002;-0.001208;-0.004617;0.331318;-0.152546;0.436799
899;0.236983;3.556901;-9.237318;0.003809;-0.004813;-0.01437;0.332057;-0.151715;0.435891
900;0.235078;3.539303;-9.111009;0.016385;0.009318;-0.010841;0.332096;-0.151867;0.436564
901;0.235475;3.519471;-9.023587;-0.007099;0.010411;0.011588;0.331821;-0.151068;0.436533
902;0.235255;3.558414;-9.052581;-0.001723;-0.006505;-0.002769;0.331301;-0.152405;0.436529
903;0.244913;3.565831;-9.081657;0.009222;0.007535;-0.013453;0.330655;-0.15295;0.43677
904;0.244806;3.549049;-9.120627;0.017126;0.014818;0.011415;0.330459;-0.15199;0.435806
905;0.271551;3.54686;-9.169089;0.013588;0.010355;0.004309;0.330723;-0.151722;0.435816
906;0.267048;3.493201;-9.106161;0.017158;-0.001231;-0.004681;0.330991;-0.151854;0.435833
907;0.237385;3.556397;-9.135224;0.009943;-0.010072;-0.006443;0.33275;-0.151326;0.436457
908;0.237565;3.532004;-9.106165;0.021372;-0.015226;0.012995;0.33151;-0.151843;0.435596
909;0.217923;3.532079;-9.12087;3.3e-05;-0.010005;0.000746;0.330757;-0.152138;0.436359
910;0.234688;3.556709;-9.198441;0.010791;-0.0189;-0.006499;0.331593;-0.151222;0.43719
911;0.217933;3.524816;-9.123334;0.007082;-0.034822;-0.006559;0.331494;-0.150376;0.435567
912;0.198375;3.546535;-9.101478;0.016927;-0.018825;0.005895;0.333386;-0.151173;0.435956
913;0.19378;3.526824;-9.038395;0.021664;0.004025;-0.006473;0.332648;-0.152202;0.434466
914;0.168824;3.568508;-9.130728;0.005324;-0.020624;0.000644;0.33309;-0.150496;0.435526
915;0.198215;3.549152;-9.140359;0.009086;0.005906;0.002534;0.333491;-0.151291;0.43543
916;0.20797;3.541948;-9.154917;0.003668;-0.001152;0.002541;0.333833;-0.151391;0.434384
917;0.200359;3.56645;-9.205898;0.014516;0.016548;0.006104;0.332711;-0.1525;0.435543
918;0.203441;3.543905;-9.060135;0.010935;0.005813;-0.006372;0.332272;-0.151686;0.434968
919;0.212828;3.541995;-9.16461;0.007321;0.004117;-0.001017;0.332593;-0.150582;0.433764
920;0.215083;3.563987;-9.198527;0.002799;-0.018072;-0.013545;0.332628;-0.151661;0.434187
921;0.198055;3.56627;-9.169452;0.016122;-0.013547;0.001485;0.332863;-0.151447;0.436065
922;0.159327;3.536721;-9.077454;0.012805;0.007509;-0.0135;0.333963;-0.150327;0.434504
923;0.207913;3.54202;-9.169502;0.028896;0.018244;0.000658;0.333881;-0.151681;0.435193
924;0.164039;3.527286;-9.130945;-0.000792;0.01484;0.013325;0.333491;-0.151954;0.435309
925;0.192389;3.57207;-9.361493;0.009281;0.036062;0.010692;0.332815;-0.151157;0.435256
926;0.183691;3.527198;-9.11381;0.035484;0.076632;0.010691;0.332346;-0.150265;0.436547
927;0.272347;3.555526;-8.959995;0.029216;0.065914;-0.00263;0.331099;-0.150185;0.438077
928;0.268166;3.436215;-8.860903;0.010977;0.010167;-0.010794;0.329672;-0.150479;0.438669
929;0.266347;3.561746;-9.237116;0.009533;-0.066577;-0.003182;0.33061;-0.150874;0.43873
930;0.225583;3.636253;-9.591923;0.039036;-0.114508;-0.029473;0.332493;-0.148812;0.437062
931;0.162445;3.601786;-9.485513;0.085449;-0.119821;-0.020114;0.33518;-0.149071;0.437486
932;0.140412;3.419886;-8.988163;0.092776;-0.066783;-0.00568;0.336437;-0.147432;0.436458
933;0.136713;3.326552;-8.747963;0.042002;-0.015443;0.002118;0.337752;-0.145557;0.436497
934;0.104423;3.346472;-8.852594;-0.014199;0.014724;0.006294;0.337533;-0.145849;0.437291
935;0.127367;3.466813;-9.160616;-0.018575;0.005849;-0.006154;0.33808;-0.145057;0.437707
936;0.104479;3.542805;-9.325705;-0.003363;-0.010129;-0.015254;0.33735;-0.145363;0.438873
937;0.109493;3.545073;-9.294063;0.031455;-0.029669;-0.020978;0.337964;-0.146658;0.437731
938;0.119817;3.479155;-9.204361;0.049925;-0.046301;0.001895;0.339208;-0.145808;0.436317
939;0.098435;3.40101;-9.093032;0.047457;-0.022527;-0.005083;0.341305;-0.143654;0.436128
940;0.098799;3.361887;-9.027576;0.030462;-0.010083;0.002233;0.341135;-0.143706;0.437854
941;0.069251;3.371772;-9.064175;0.007325;0.002275;-0.00285;0.340024;-0.143822;0.436993
942;0.107876;3.403866;-9.18047;-0.012231;0.020906;-0.000803;0.339472;-0.14355;0.436689
943;0.080291;3.477193;-9.296983;-0.012242;0.01294;-0.0044;0.340122;-0.143935;0.436333
944;0.08775;3.469797;-9.272663;0.017141;-0.008305;-0.003865;0.340148;-0.144347;0.436743
945;0.085631;3.464551;-9.192483;0.027026;0.000512;-0.003009;0.338971;-0.143836;0.4372
946;0.113234;3.381536;-9.078445;0.017996;-0.018123;-0.011041;0.340843;-0.144092;0.437311
947;0.11551;3.381752;-9.122185;0.000236;0.012926;-0.000949;0.339084;-0.143294;0.436929
948;0.10059;3.396544;-9.170825;0.007289;0.00058;0.002482;0.338791;-0.144343;0.436266
949;0.095703;3.440384;-9.185477;0.010992;0.00848;-0.001204;0.338726;-0.142979;0.437098
950;0.080927;3.42358;-9.219675;0.005724;0.032428;0.007854;0.339575;-0.142602;0.438073
951;0.085854;3.425956;-9.209911;0.003693;-0.002936;0.005905;0.339069;-0.143812;0.438334
952;0.100619;3.440359;-9.180585;0.012709;0.00054;0.000519;0.337793;-0.144444;0.436806
953;0.076256;3.396715;-9.180934;0.00552;0.006805;0.009494;0.338534;-0.143682;0.438302
954;0.117937;3.401462;-9.16121;0.006633;0.012818;-0.010927;0.33826;-0.143017;0.438274
955;0.120415;3.386925;-9.163692;0.018315;0.017213;-0.011891;0.339072;-0.142753;0.438581
956;0.120334;3.40636;-9.170897;0.007421;0.018269;0.005991;0.339068;-0.14169;0.438694
957;0.110423;3.404093;-9.202568;0.014553;0.01296;0.005901;0.338044;-0.142249;0.439314
958;0.125171;3.420932;-9.175662;0.014619;0.014665;-0.001198;0.33792;-0.143846;0.439204
959;0.12506;3.416239;-9.207284;0.021606;0.004164;0.011135;0.337886;-0.142768;0.438781
960;0.120517;3.39163;-9.134501;-0.010492;0.012945;0.001663;0.337852;-0.142352;0.438238
961;0.110388;3.413804;-9.204954;-0.001616;-0.002987;-0.001163;0.337225;-0.142642;0.438875
962;0.149866;3.384411;-9.146507;0.009982;0.003258;0.00767;0.338102;-0.144135;0.440021
963;0.127766;3.423165;-9.136743;0.004664;0.016549;0.011344;0.33666;-0.143822;0.438065
964;0.13982;3.44273;-9.17061;-0.003267;0.032469;0.010609;0.337615;-0.144358;0.438396
965;0.144834;3.406332;-9.165885;0.005539;0.016586;0.014893;0.337316;-0.144147;0.440243
966;0.169148;3.425871;-9.194816;-0.001667;0.003304;0.009553;0.337289;-0.144399;0.439713
967;0.164402;3.416016;-9.163289;0.009191;0.000492;-0.006559;0.336823;-0.144436;0.440888
968;0.174217;3.418404;-9.155926;0.008125;-0.010018;0.004067;0.336231;-0.143216;0.440031
969;0.174124;3.420937;-9.177793;0.012642;-0.002934;0.005845;0.335872;-0.144963;0.440444
970;0.162123;3.413388;-9.121992;0.009047;0.002399;0.010348;0.335973;-0.144018;0.440031
971;0.14993;3.42058;-9.105019;-0.012492;0.006028;0.018547;0.337478;-0.144691;0.440663
972;0.110439;3.454823;-9.163444;0.002166;0.044851;0.013295;0.336223;-0.144538;0.439655
973;0.181338;3.462183;-9.182421;0.014159;0.10236;0.020628;0.334225;-0.145549;0.44183
974;0.282168;3.367344;-9.131188;0.042185;0.15458;0.033128;0.330342;-0.145633;0.443746
975;0.353884;3.368845;-8.946001;-0.018031;0.124566;0.029924;0.328805;-0.14541;0.444856
976;0.346078;3.391175;-9.04804;-0.036194;0.046558;-0.002354;0.327727;-0.146471;0.444415
977;0.345374;3.464558;-9.176542;-0.029977;0.027064;-0.010506;0.325999;-0.148474;0.444088
978;0.398748;3.49899;-9.275721;-0.003149;0.006639;-0.021495;0.326632;-0.148054;0.443583
979;0.36502;3.452394;-9.169185;0.00175;-0.038336;-0.006668;0.326273;-0.147743;0.441955
980;0.352787;3.43547;-9.17906;-0.000137;-0.056926;-0.010313;0.327575;-0.14825;0.441371
981;0.322976;3.479519;-9.259258;-0.012758;-0.078163;-0.016547;0.328094;-0.147576;0.441254
982;0.295899;3.491792;-9.288538;-0.00392;-0.080726;-0.005077;0.330391;-0.148172;0.439394
983;0.245029;3.479039;-9.160076;-0.039586;-0.066649;-0.013606;0.332422;-0.148106;0.43764
984;0.203293;3.508192;-9.169922;-0.035997;-0.05421;-0.00468;0.333489;-0.149426;0.437458
985;0.164216;3.551581;-9.116487;-0.028525;-0.014512;-0.009864;0.333887;-0.149954;0.437357
986;0.169092;3.52744;-9.138444;-0.000111;-0.029431;0.005825;0.335117;-0.149892;0.435558
987;0.134324;3.600564;-9.213677;0.008943;-0.011727;0.009404;0.335058;-0.15192;0.436527
988;0.145068;3.509953;-9.034146;0.010721;-0.011779;0.007605;0.335042;-0.150453;0.436498
989;0.15019;3.521752;-8.96843;0.012712;0.025373;0.013126;0.334001;-0.150871;0.436848
990;0.183636;3.542119;-9.165027;0.02556;0.071416;0.020381;0.334015;-0.149419;0.437354
991;0.203368;3.529847;-9.135792;0.0112;0.060782;0.01511;0.332302;-0.150104;0.437537
992;0.274262;3.51788;-9.169442;-0.015654;0.064405;0.018916;0.331174;-0.151341;0.438565
993;0.291337;3.498623;-9.198595;0.014736;0.035952;0.002507;0.328804;-0.150178;0.439209
994;0.315675;3.530214;-9.212887;0.01085;0.007787;0.013957;0.330126;-0.150359;0.436618
995;0.30611;3.483664;-9.139997;0.014296;-0.029509;-0.006582;0.330219;-0.150351;0.438964
996;0.261689;3.530031;-9.198397;0.00891;-0.0366;-0.010134;0.330705;-0.148731;0.438427
997;0.247488;3.498006;-9.096536;0.01319;-0.047132;0.00133;0.332239;-0.150677;0.436949
998;0.193237;3.537173;-9.169614;-0.005403;-0.031282;-0.008219;0.333625;-0.1499;0.438081
999;0.188507;3.532131;-9.130774;0.007992;-0.02416;0.000601;0.333189;-0.150743;0.434869
1000;0.19107;3.531987;-9.101588;0.003565;-0.011755;0.004261;0.333999;-0.150946;0.437455
1001;0.190902;3.556715;-9.174638;0.012734;0.006752;0.000583;0.331529;-0.14992;0.435622
1002;0.203674;3.498048;-9.080027;-0.003449;0.011261;0.010518;0.332499;-0.150464;0.436221
1003;0.228142;3.54156;-9.052938;-0.014994;0.020962;0.00623;0.331527;-0.152375;0.437537
1004;0.232865;3.549026;-9.091768;0.018105;0.020073;0.00951;0.330394;-0.151154;0.436515
1005;0.252381;3.532193;-9.120895;0.000288;0.009345;-0.008185;0.331884;-0.151157;0.437
1006;0.237314;3.566504;-9.193755;0.009139;0.013019;0.007768;0.331019;-0.150668;0.438276
1007;0.264907;3.522167;-9.055233;-0.003305;0.02714;0.006169;0.330891;-0.151202;0.438279
1008;0.264428;3.561434;-9.149858;0.006659;0.027936;-0.004576;0.330197;-0.152783;0.437469
1009;0.271906;3.529849;-9.137802;0.018164;0.021825;0.005964;0.330495;-0.151604;0.438264
1010;0.271912;3.527424;-9.137813;0.014496;0.018357;0.013089;0.330637;-0.150281;0.438647
1011;0.274429;3.512838;-9.130571;0.006405;-0.003852;-0.001192;0.330473;-0.151593;0.437863
1012;0.26213;3.520163;-9.140337;-0.000746;-0.015425;-0.011866;0.330236;-0.150947;0.438504
1013;0.261955;3.556632;-9.159617;0.017241;-0.008404;-0.015529;0.329769;-0.150251;0.437397
1014;0.261923;3.561506;-9.164457;7.8e-05;-0.025141;-0.011919;0.330597;-0.152118;0.437613
1015;0.218165;3.532126;-9.106521;0.002823;-0.010103;-0.007425;0.330386;-0.150487;0.436502
1016;0.238017;3.546288;-9.028548;0.009107;0.009424;0.004194;0.330715;-0.149987;0.437712
1017;0.232733;3.566108;-9.113568;0.009084;-0.008322;-0.005682;0.332293;-0.151292;0.437159
1018;0.252168;3.56871;-9.149899;0.003663;-0.010916;-0.001203;0.330004;-0.15209;0.436511
1019;0.257231;3.556417;-9.115893;0.021771;0.009318;-0.008358;0.330686;-0.152094;0.436817
1020;0.262155;3.532215;-9.125697;0.018218;0.034225;0.009585;0.329812;-0.151467;0.437956
1021;0.267379;3.502804;-9.062598;0.04332;0.027016;-0.001332;0.330052;-0.150391;0.437682
1022;0.310918;3.542123;-9.169106;0.035158;0.032523;0.017447;0.330037;-0.150383;0.437414
1023;0.264947;3.461701;-9.087109;0.019777;-0.002937;0.005809;0.329522;-0.149335;0.437899
1024;0.291457;3.517806;-9.154753;0.012717;0.000559;-0.002107;0.329747;-0.148251;0.437358
1025;0.232822;3.529747;-9.116165;0.010794;-0.011799;0.001394;0.329566;-0.150684;0.438461
1026;0.277032;3.522309;-9.084328;0.03321;-0.020764;-0.010392;0.330035;-0.14879;0.437651
1027;0.274615;3.493271;-9.096629;0.011674;-0.015339;0.00048;0.330832;-0.149182;0.43757
1028;0.246916;3.544991;-9.256995;0.005604;0.010338;0.002444;0.331018;-0.150598;0.435873
1029;0.276956;3.476489;-9.135584;0.000264;0.004047;-0.008218;0.33227;-0.149822;0.436996
1030;0.223345;3.497937;-9.058029;-0.003357;0.008494;-0.002832;0.332507;-0.149142;0.436597
1031;0.247263;3.522806;-9.184171;0.001959;0.007709;0.006016;0.330915;-0.148625;0.436764
1032;0.203541;3.522381;-9.096931;0.017818;-0.024145;0.0066;0.33109;-0.14977;0.434927
1033;0.227774;3.515439;-9.164877;0.021596;0.009512;0.013863;0.331135;-0.149793;0.435731
1034;0.262185;3.556344;-9.101278;0.004498;-0.008203;0.006809;0.33144;-0.150607;0.436297
1035;0.247354;3.503359;-9.174536;-0.001849;-0.048136;-0.013815;0.331958;-0.149137;0.436299
1036;0.20772;3.561947;-9.252296;-0.003672;-0.061436;-0.020095;0.33354;-0.149383;0.435992
1037;0.178312;3.545073;-9.272;0.014352;-0.038433;-0.013905;0.333459;-0.148811;0.434643
1038;0.149032;3.523206;-9.262557;0.028741;-0.010041;0.002126;0.335105;-0.148825;0.435537
1039;0.157753;3.458644;-8.956517;0.043098;0.007591;0.00566;0.332682;-0.148234;0.437523
1040;0.191628;3.492972;-9.033938;0.031675;0.035909;0.005913;0.334592;-0.147247;0.436145
1041;0.218244;3.503027;-9.106653;0.052295;0.048351;0.014704;0.333398;-0.147194;0.438612
1042;0.195956;3.421185;-9.228703;0.06666;0.036776;0.005614;0.331546;-0.147346;0.438777
1043;0.323373;3.575685;-9.091091;-0.00721;-0.011671;0.011345;0.331976;-0.147359;0.439335
1044;0.13647;3.329625;-8.855144;-0.028773;-0.025926;0.006054;0.332961;-0.147247;0.440323
1045;0.264726;3.507894;-9.111207;-0.012364;-0.022562;-0.020701;0.333245;-0.146787;0.438328
1046;0.181446;3.639116;-9.655619;0.053807;-0.060647;-0.03035;0.33366;-0.148119;0.438377
1047;0.189578;3.485879;-9.561467;0.092001;-0.075544;-0.007643;0.33556;-0.146994;0.436862
1048;0.135428;3.362349;-9.098081;0.081243;-0.043666;0.009497;0.33579;-0.144322;0.436691
1049;0.112749;3.24651;-8.719544;0.002041;0.028792;0.00608;0.336134;-0.143829;0.438169
1050;0.171218;3.302441;-8.752961;-0.036487;0.027114;0.008183;0.336741;-0.143068;0.439656
1051;0.149509;3.421109;-9.211973;-0.040264;-0.010786;0.009791;0.336202;-0.14466;0.439256
1052;0.172472;3.572841;-9.493113;-0.021267;-0.01357;-0.009925;0.336476;-0.144662;0.439405
1053;0.16515;3.582481;-9.480959;0.01962;-0.047157;-0.004216;0.336809;-0.144625;0.438222
1054;0.124783;3.493919;-9.223947;0.055435;-0.054434;-0.016121;0.337341;-0.145815;0.438008
1055;0.091934;3.390638;-8.932924;0.06541;-0.022649;-0.01071;0.338547;-0.143556;0.438567
1056;0.087573;3.312634;-8.850659;0.030648;0.011038;-0.001362;0.339083;-0.142361;0.438841
1057;0.115917;3.391259;-9.059175;-0.003313;0.020007;0.003421;0.338877;-0.143852;0.439659
1058;0.100026;3.465269;-9.314169;-0.012211;0.021839;0.004395;0.336643;-0.145007;0.437553
1059;0.205211;3.404943;-9.377;0.007207;-0.008112;0.014751;0.337398;-0.14352;0.437033
