time index;acc_x;acc_y;acc_z;gyr_x;gyr_y;gyr_z;mag_x;mag_y;mag_z
1;-1.100094;9.733329;0.563359;-0.009031;0.009931;0.002135;-0.242714;-0.709583;-0.242503
2;-1.100082;9.748322;0.548456;-0.008919;-0.002837;-0.008805;-0.24185;-0.708363;-0.241679
3;-1.122537;9.748351;0.570493;-0.014446;0.00271;0.0003;-0.242631;-0.708915;-0.241286
4;-1.144976;9.740804;0.622398;-0.014233;-0.003032;-0.017819;-0.240813;-0.707401;-0.242209
5;-1.174924;9.755913;0.614461;-0.021556;0.003408;-0.008702;-0.241587;-0.707684;-0.241684
6;-1.130033;9.733366;0.592742;-0.010809;-0.002727;-0.00336;-0.242495;-0.708914;-0.241281
7;-1.13002;9.733314;0.607687;-0.012541;0.010654;-0.00598;-0.242532;-0.708505;-0.241699
8;-1.122548;9.733356;0.585396;0.010879;-0.002686;-0.005225;-0.24131;-0.708627;-0.241793
9;-1.100069;9.74827;0.5634;0.003651;0.000904;-0.003384;-0.242748;-0.71027;-0.241264
10;-1.130034;9.74089;0.577818;-0.014405;0.000845;-0.003328;-0.24259;-0.709445;-0.242637
11;-1.144985;9.755876;0.585078;-0.012605;-4e-05;-0.003332;-0.24367;-0.708241;-0.242287
12;-1.122523;9.748299;0.585437;-0.012456;0.000629;-0.014191;-0.243167;-0.708096;-0.242818
13;-1.130008;9.748308;0.592783;-0.007101;0.009742;-0.007809;-0.241954;-0.709178;-0.241395
14;-1.130002;9.755805;0.585331;-0.014315;-0.001095;-0.010577;-0.242355;-0.708898;-0.243049
15;-1.144991;9.748379;0.59253;-0.012573;-0.000992;-0.006052;-0.242499;-0.708643;-0.241286
16;-1.145002;9.733385;0.607433;-0.010892;-0.004406;0.002062;-0.242476;-0.709306;-0.242909
17;-1.13002;9.733314;0.607687;-0.009132;0.00467;0.007539;-0.242554;-0.707692;-0.241852
18;-1.130021;9.74836;0.577838;-0.00078;-0.002837;-0.010622;-0.241892;-0.710385;-0.242597
19;-1.130033;9.733366;0.592742;0.001797;0.003667;0.00027;-0.241669;-0.709312;-0.241246
20;-1.115025;9.748237;0.593036;0.003575;0.019016;0.005788;-0.241408;-0.709848;-0.2415
21;-1.130008;9.748308;0.592783;-0.010039;0.010082;0.009386;-0.241223;-0.708756;-0.242469
22;-1.129983;9.763249;0.592824;-0.010898;0.000109;0.003894;-0.241447;-0.707953;-0.241674
23;-1.130033;9.733366;0.592742;-0.010782;0.006235;-0.0033;-0.241937;-0.707559;-0.24088
24;-1.130021;9.74836;0.577838;-0.00888;0.013303;-0.008685;-0.241813;-0.709973;-0.243283
25;-1.152482;9.748414;0.592403;-0.003522;-0.004597;-0.008808;-0.24284;-0.70891;-0.242247
26;-1.130021;9.74836;0.577838;-0.001656;0.006122;-0.01056;-0.242335;-0.708375;-0.240877
27;-1.100049;9.748192;0.585817;-0.010744;-0.014534;-0.010688;-0.241954;-0.708503;-0.241271
28;-1.115012;9.755708;0.593056;-0.014438;0.007188;0.000326;-0.242432;-0.709446;-0.24236
29;-1.130008;9.748308;0.592783;-0.014409;0.000845;-0.003328;-0.241402;-0.709579;-0.241369
30;-1.122505;9.763267;0.578006;-0.014245;0.009604;-0.013223;-0.241761;-0.708627;-0.242353
31;-1.145002;9.733385;0.607433;-0.02699;0.004313;-0.006885;-0.241086;-0.708754;-0.242465
32;-1.130008;9.748308;0.592783;-0.007242;-0.000848;0.000261;-0.241941;-0.707138;-0.24266
33;-1.130021;9.74836;0.577838;3.9e-05;0.022501;0.001304;-0.241248;-0.709309;-0.241096
34;-1.144997;9.748405;0.585058;-0.002795;0.013679;0.008494;-0.242023;-0.70713;-0.243754
35;-1.100067;9.733224;0.593248;-0.005474;0.002809;0.003888;-0.242393;-0.707963;-0.241569
36;-1.122491;9.763214;0.59295;0.005507;0.004427;-0.006974;-0.241753;-0.708493;-0.242219
37;-1.122555;9.733383;0.577924;-0.018002;0.013415;-0.001429;-0.241463;-0.708897;-0.242066
38;-1.145003;9.740908;0.59251;-0.005545;-0.004275;0.007477;-0.241977;-0.708365;-0.241547
39;-1.130021;9.74836;0.577838;-0.008106;0.002698;-0.001522;-0.24252;-0.709992;-0.241807
40;-1.122542;9.733331;0.592869;-0.012718;-0.000778;0.004795;-0.242809;-0.708913;-0.241837
41;-1.115025;9.748237;0.593036;-0.001665;0.004325;-0.010578;-0.242469;-0.709037;-0.242778
42;-1.130021;9.74836;0.577838;-0.001672;0.000745;-0.010596;-0.242923;-0.7077;-0.241318
43;-1.145002;9.733385;0.607433;-0.00355;-0.004564;-0.007002;-0.241449;-0.709169;-0.241924
44;-1.100003;9.763056;0.608274;7.3e-05;-0.000978;-0.007006;-0.242819;-0.709437;-0.243872
45;-1.122542;9.733331;0.592869;-0.010707;-0.001084;-0.010588;-0.241426;-0.709831;-0.243546
46;-1.137537;9.72593;0.592595;-0.003554;-0.007254;-0.007023;-0.242136;-0.70958;-0.242075
47;-1.129996;9.763302;0.577879;-0.014371;0.004394;-0.005114;-0.242981;-0.709316;-0.24238
48;-1.130009;9.763354;0.562935;0.00549;-0.003636;-0.007025;-0.241292;-0.709845;-0.241769
49;-1.144939;9.763216;0.622459;-0.01102;0.002984;0.012965;-0.242449;-0.709714;-0.242628
50;-1.100079;9.71823;0.608152;-0.003518;0.013386;-0.005091;-0.241515;-0.709042;-0.240974
51;-1.114999;9.755655;0.608001;-0.007044;-0.002958;-0.015136;-0.24242;-0.708907;-0.242097
52;-1.15247;9.763409;0.5775;-0.00182;0.004575;0.001197;-0.24089;-0.707948;-0.241519
53;-1.115057;9.733321;0.585523;-0.000698;0.000633;-0.016031;-0.241807;-0.709178;-0.241254
54;-1.114988;9.778172;0.578173;-0.008879;0.005195;-0.010556;-0.242171;-0.707956;-0.242243
55;-1.062625;9.748145;0.549088;-0.014402;0.002639;-0.002439;-0.241892;-0.708359;-0.242226
56;-1.08511;9.718211;0.59346;-0.010767;0.018807;-0.001425;-0.240925;-0.70835;-0.242058
57;-1.159985;9.733456;0.60718;-0.010682;0.016888;-0.008644;-0.241433;-0.707264;-0.243186
58;-1.204914;9.73359;0.628838;-0.000753;0.011521;-0.010494;-0.242047;-0.707818;-0.242378
59;-1.219883;9.733608;0.643529;0.007544;-0.010324;-0.028744;-0.240391;-0.708884;-0.242303
60;-1.204882;9.748506;0.636351;0.023415;-0.014197;-0.001681;-0.240356;-0.710509;-0.242135
61;-1.085121;9.703218;0.608364;0.008893;-0.029446;0.001823;-0.241654;-0.708758;-0.242756
62;-1.07766;9.733379;0.518906;0.014569;-0.006378;-0.010705;-0.24199;-0.709055;-0.240035
63;-1.160028;9.756182;0.517575;0.016473;-0.004702;-0.017901;-0.241988;-0.70919;-0.240032
64;-1.130036;9.763458;0.533046;0.003606;-0.024218;-0.005349;-0.241108;-0.710403;-0.239435
65;-1.0327;9.74816;0.504761;-0.019848;0.000876;0.000263;-0.242264;-0.710408;-0.240291
66;-0.995199;9.777893;0.498003;-0.021539;0.013296;-0.005093;-0.240255;-0.709708;-0.240647
67;-1.100128;9.733459;0.525999;-0.008864;0.038503;-0.003102;-0.242681;-0.709196;-0.240191
68;-1.242386;9.748866;0.583413;0.003634;0.015357;0.000389;-0.241911;-0.708642;-0.240722
69;-1.279759;9.778796;0.620223;-0.031596;0.025169;0.004174;-0.240606;-0.708622;-0.241497
70;-1.189909;9.718394;0.681356;-0.036186;0.002717;0.004001;-0.241745;-0.708358;-0.242085
71;-1.085017;9.732892;0.668223;-0.002618;-0.007343;-0.010665;-0.240941;-0.709144;-0.244225
72;-1.085083;9.72563;0.608425;0.014529;-0.004551;-0.008879;-0.241041;-0.708354;-0.241789
73;-1.070105;9.763175;0.534058;-0.007873;-0.001251;-0.01876;-0.241032;-0.707544;-0.241532
74;-1.159987;9.748502;0.577332;0.006423;-0.00818;-0.010663;-0.241412;-0.710103;-0.243404
75;-1.204909;9.74861;0.606462;0.000251;-0.001224;-0.020532;-0.242749;-0.709309;-0.242918
76;-1.159958;9.733351;0.637069;0.00913;0.004411;-0.008775;-0.242075;-0.710262;-0.241378
77;-1.129995;9.755778;0.592803;-0.000784;-0.002838;-0.010622;-0.241078;-0.708095;-0.240432
78;-1.145059;9.756163;0.502884;-0.008839;0.000671;-0.013287;-0.240551;-0.708898;-0.240809
79;-1.115085;9.808631;0.413866;-0.021646;-0.002688;0.000275;-0.241254;-0.708903;-0.241104
80;-1.08514;9.748408;0.503876;-0.030646;0.004399;-0.001474;-0.242327;-0.709591;-0.24099
81;-1.144989;9.733333;0.622378;-0.014199;0.016722;-0.015878;-0.241716;-0.707551;-0.241554
82;-1.212383;9.718501;0.680976;-0.014331;0.002508;-0.010517;-0.24153;-0.709971;-0.243138
83;-1.189891;9.733362;0.673924;-0.01085;0.007218;0.00035;-0.242308;-0.708632;-0.242371
84;-1.115055;9.718275;0.615371;-0.008994;0.006255;-0.002405;-0.242854;-0.708638;-0.242389
85;-1.115052;9.748342;0.563147;-0.003561;0.00807;-0.002408;-0.242747;-0.708093;-0.242668
86;-1.130021;9.74836;0.577838;0.002634;0.001074;0.004772;-0.241389;-0.709039;-0.241106
87;-1.144997;9.748405;0.585058;-0.0143;0.004287;-0.010535;-0.241082;-0.709025;-0.242459
88;-1.174994;9.726108;0.591963;-0.003631;7.4e-05;0.000278;-0.241869;-0.709847;-0.242197
89;-1.15996;9.748398;0.607221;-0.003561;0.008062;-0.003294;-0.242631;-0.708915;-0.241286
90;-1.122503;9.74822;0.607854;-0.012429;-0.004824;-0.017845;-0.241391;-0.708229;-0.240985
91;-1.122542;9.733331;0.592869;0.005386;-0.003492;0.00021;-0.241236;-0.70877;-0.240834
92;-1.115077;9.733399;0.563106;7e-05;0.002651;-0.005166;-0.241213;-0.709582;-0.240681
93;-1.12255;9.748403;0.555548;-0.002491;0.010526;-0.014149;-0.241809;-0.709042;-0.241256
94;-1.137527;9.755971;0.547844;-0.003468;0.009741;-0.00872;-0.242077;-0.710127;-0.241381
95;-1.144991;9.748379;0.59253;-0.010705;0.007922;-0.00871;-0.240389;-0.708494;-0.240402
96;-1.122529;9.740802;0.592889;-0.018005;-0.002793;-0.005155;-0.24104;-0.709315;-0.240135
97;-1.137538;9.733454;0.577671;-0.016305;0.009988;0.005786;-0.242324;-0.708226;-0.242516
98;-1.13002;9.733314;0.607687;-0.005325;-0.002819;-0.008801;-0.241991;-0.708769;-0.241813
99;-1.152514;9.733499;0.58489;-0.010924;-0.016951;0.001982;-0.243064;-0.708782;-0.241575
100;-1.130021;9.74836;0.577838;-0.012586;0.009833;-0.002368;-0.241404;-0.710119;-0.241495
101;-1.085097;9.725682;0.593481;-0.004322;0.004232;-0.014201;-0.242228;-0.709181;-0.241404
102;-1.145012;9.75598;0.555189;-0.014406;-0.000942;-0.003334;-0.242006;-0.709173;-0.242078
103;-1.159962;9.763444;0.577373;-0.026135;0.002603;-0.003275;-0.24231;-0.709173;-0.242497
104;-1.130031;9.71832;0.62259;-0.025147;0.001552;-0.010531;-0.242693;-0.708909;-0.242106
105;-1.115023;9.733191;0.622884;-0.006982;-0.001259;-0.019646;-0.242347;-0.709439;-0.243039
106;-1.100081;9.733276;0.578304;0.007186;0.01363;0.004833;-0.242691;-0.708369;-0.24198
107;-1.129996;9.763302;0.577879;0.012663;0.014463;0.000314;-0.24073;-0.708084;-0.241239
108;-1.174994;9.726108;0.591963;0.005564;0.007953;-0.010546;-0.241217;-0.708636;-0.240563
109;-1.182455;9.748582;0.584425;0.010819;0.002819;0.000263;-0.241661;-0.710528;-0.241359
110;-1.144992;9.755902;0.577606;-0.014296;0.013287;-0.008666;-0.243101;-0.708373;-0.241993
111;-1.085074;9.763193;0.54875;-0.007133;-0.001005;-0.006995;-0.240857;-0.708762;-0.24123
112;-1.122595;9.73354;0.533091;-0.026992;-0.00286;-0.006942;-0.24136;-0.708907;-0.240699
113;-1.129982;9.755727;0.607748;-0.021641;0.006232;-0.001465;-0.242838;-0.708369;-0.242121
114;-1.130041;9.688279;0.667342;-0.003601;-0.000913;-0.003363;-0.241262;-0.708211;-0.24289
115;-1.159972;9.733403;0.622125;0.018183;0.004409;-0.010607;-0.241564;-0.709022;-0.24343
116;-1.204961;9.733773;0.576533;0.001768;-0.014274;-0.001628;-0.240801;-0.708888;-0.242317
117;-1.159937;9.778385;0.577414;-0.002671;-0.00631;-0.005202;-0.242068;-0.708641;-0.241
118;-1.100113;9.725883;0.555867;-0.007143;-0.003691;-0.007006;-0.242381;-0.709451;-0.241676
119;-1.085096;9.778318;0.496485;-0.00804;-0.00278;-0.006101;-0.241515;-0.708366;-0.24085
120;-1.085114;9.76335;0.503916;-0.014386;0.000837;-0.003347;-0.24071;-0.708086;-0.240966
121;-1.152527;9.733551;0.569946;-0.015994;0.023928;-0.014014;-0.241593;-0.707953;-0.241815
122;-1.204894;9.733512;0.651255;-0.010594;0.014044;-0.016784;-0.240823;-0.7074;-0.242346
123;-1.20491;9.695974;0.703458;-0.012641;0.00628;-0.001453;-0.240786;-0.708484;-0.242051
124;-1.144961;9.718182;0.682115;-0.009045;0.007211;0.000327;-0.240353;-0.708467;-0.243537
125;-1.100055;9.748219;0.578345;-0.001842;-0.011609;-0.000741;-0.240597;-0.708338;-0.243138
126;-1.15999;9.778594;0.517637;-0.001797;0.011769;0.002152;-0.241499;-0.709299;-0.242604
127;-1.129998;9.778348;0.548031;-0.001698;-0.010009;-0.010669;-0.24116;-0.707261;-0.243177
128;-1.100047;9.733146;0.615665;-0.014208;-0.012081;-0.021516;-0.241502;-0.708203;-0.244261
129;-1.152507;9.733473;0.592363;-0.007189;0.000877;-0.003335;-0.24227;-0.708891;-0.243728
130;-1.160002;9.7636;0.53254;-0.001871;0.004672;0.005723;-0.242928;-0.711483;-0.242064
131;-1.159987;9.748502;0.577332;-0.016377;0.011001;0.011229;-0.241639;-0.709029;-0.242614
132;-1.122463;9.748063;0.652687;-0.010845;0.006304;0.000315;-0.242467;-0.707821;-0.242528
133;-1.100025;9.718021;0.667929;-0.009128;-0.006171;0.003838;-0.242302;-0.708363;-0.24224
134;-1.085115;9.703192;0.615836;0.01738;0.011444;-0.016015;-0.242873;-0.708096;-0.242536
135;-1.130053;9.733444;0.570326;0.014565;-0.002781;-0.010659;-0.242532;-0.710532;-0.242069
136;-1.129991;9.778322;0.555503;6.2e-05;0.00807;-0.003316;-0.242677;-0.708641;-0.241838
137;-1.100044;9.763212;0.563441;-0.012617;-0.006326;-0.003393;-0.2423;-0.708648;-0.240462
138;-1.115047;9.763362;0.540771;1.2e-05;0.022554;0.004011;-0.242294;-0.707703;-0.240207
139;-1.144981;9.778419;0.547778;-0.007123;0.027803;-0.001352;-0.242631;-0.708915;-0.241286
140;-1.219962;9.779035;0.471791;-0.039861;0.018199;0.01588;-0.242925;-0.708916;-0.241568
141;-1.324735;9.779114;0.589575;-0.059533;0.021422;0.000618;-0.240776;-0.709161;-0.242038
142;-1.309723;9.703732;0.761485;-0.075957;-0.004551;0.005005;-0.24258;-0.70781;-0.244032
143;-1.070028;9.672636;0.787868;-0.040147;-0.034648;0.019994;-0.242346;-0.708464;-0.246465
144;-0.845266;9.746699;0.672312;-0.007118;-0.038944;-0.0182;-0.243707;-0.706571;-0.247909
145;-0.91282;9.717448;0.581426;0.042531;-0.00991;-0.010864;-0.242768;-0.70698;-0.246371
146;-1.100007;9.793148;0.548578;0.023591;0.027866;-0.003255;-0.242942;-0.707398;-0.245142
147;-1.234861;9.7487;0.620901;0.025438;0.033211;-0.006784;-0.242618;-0.708076;-0.244573
148;-1.324728;9.718928;0.708967;0.013506;-0.004363;-0.002445;-0.241373;-0.70766;-0.244267
149;-1.219862;9.726007;0.68087;0.005231;-0.005975;0.00928;-0.241486;-0.709285;-0.24424
150;-1.100037;9.763186;0.570913;-0.002711;-0.029666;-0.007191;-0.242635;-0.707819;-0.242943
151;-1.010202;9.778042;0.475333;-0.018007;-0.006366;-0.003418;-0.241688;-0.707133;-0.242925
152;-1.025185;9.778112;0.47508;-0.014269;0.004259;-0.010586;-0.244073;-0.70715;-0.243821
153;-1.070105;9.763175;0.534058;-0.012593;0.007148;-0.001507;-0.243073;-0.70713;-0.245015
154;-1.152467;9.733315;0.637196;-0.018767;0.023988;-0.010388;-0.241882;-0.707924;-0.245642
155;-1.219897;9.673502;0.740505;-0.016924;0.021208;-0.015808;-0.241251;-0.707387;-0.244405
156;-1.189876;9.718264;0.718716;0.012674;0.026105;-0.000486;-0.242891;-0.707403;-0.244459
157;-1.11501;9.733138;0.637828;0.016215;-0.000768;0.000199;-0.243133;-0.706734;-0.243934
158;-1.085099;9.748252;0.548709;0.003613;-0.000837;-0.000689;-0.241247;-0.707132;-0.242501
159;-1.07012;9.778274;0.489266;-0.004375;0.002552;-0.008794;-0.241349;-0.707933;-0.243989
160;-1.085049;9.778135;0.54879;-0.009073;0.002794;0.003888;-0.242755;-0.708228;-0.242802
161;-1.130008;9.748308;0.592783;-0.026847;0.0059;-0.016831;-0.241841;-0.707403;-0.243197
162;-1.159952;9.733325;0.644541;-0.007116;0.021454;-0.005004;-0.242541;-0.707678;-0.243488
163;-1.144975;9.725757;0.652246;-0.003566;0.009848;-0.003287;-0.242385;-0.706718;-0.244864
164;-1.122496;9.748194;0.615326;-0.008091;0.002657;-0.003334;-0.24216;-0.707657;-0.245657
165;-1.100067;9.733224;0.593248;-0.00792;0.000602;-0.01602;-0.243042;-0.708484;-0.244852
166;-1.100067;9.733224;0.593248;0.007343;0.006183;-0.008784;-0.242773;-0.707535;-0.244725
167;-1.11505;9.733295;0.592995;-0.010828;0.007201;0.000318;-0.241723;-0.707385;-0.245238
168;-1.115037;9.733243;0.607939;-0.01081;0.006267;-0.001497;-0.241682;-0.70874;-0.244939
169;-1.144964;9.748274;0.622419;0.000172;-0.002924;-0.015141;-0.242173;-0.708346;-0.244144
170;-1.144976;9.73328;0.637322;-0.007094;0.003414;-0.010557;-0.241852;-0.707402;-0.243334
171;-1.114999;9.755655;0.608001;0.00011;0.003471;-0.008779;-0.241386;-0.707524;-0.244407
172;-1.130031;9.71832;0.62259;-0.000982;-0.009752;0.001997;-0.241464;-0.707261;-0.243596
173;-1.100055;9.748219;0.578345;-0.00349;0.004351;-0.00877;-0.241175;-0.70834;-0.243566
174;-1.122516;9.748272;0.592909;-0.01099;0.01015;0.013004;-0.243536;-0.707669;-0.245838
175;-1.130008;9.748308;0.592783;-0.001702;0.004384;-0.007858;-0.243117;-0.709167;-0.24416
176;-1.144951;9.755745;0.622439;-0.001692;0.006161;-0.008744;-0.241536;-0.706578;-0.24443
177;-1.14495;9.748222;0.637363;-0.019676;-0.003016;-0.015997;-0.240599;-0.707527;-0.243017
178;-1.11505;9.733295;0.592995;-0.00532;-0.002822;-0.008807;-0.242953;-0.708748;-0.245526
179;-1.115019;9.755733;0.585584;-0.003609;0.001832;-0.000641;-0.240514;-0.706845;-0.243573
180;-1.085047;9.755566;0.593562;-0.006944;0.0248;-0.015868;-0.241276;-0.70794;-0.243032
181;-1.130033;9.733366;0.592742;-0.01449;0.014473;0.005809;-0.242846;-0.708354;-0.24403
182;-1.152455;9.74831;0.622292;-0.018044;0.003562;-0.001482;-0.241452;-0.708072;-0.24358
183;-1.144989;9.733333;0.622378;-0.007164;-0.004578;-0.006993;-0.241206;-0.708337;-0.243976
184;-1.129961;9.748125;0.645088;-0.005369;0.009838;-0.00329;-0.241549;-0.706442;-0.244569
185;-1.08502;9.755462;0.623451;-0.016214;0.002616;-0.00333;-0.242628;-0.7074;-0.244586
186;-1.085086;9.748199;0.563653;-0.007241;-0.011651;-0.001639;-0.243535;-0.707279;-0.243937
187;-1.129988;9.808389;0.50328;-0.017969;0.002592;-0.005119;-0.241299;-0.706451;-0.243061
188;-1.130029;9.755909;0.555442;-0.028678;0.002347;-0.015041;-0.242814;-0.707006;-0.243373
189;-1.10005;9.703079;0.667889;-0.019482;0.00657;-0.028613;-0.242765;-0.708076;-0.244714
190;-1.144994;9.718312;0.644754;-0.012645;-0.004507;-0.002456;-0.242002;-0.706982;-0.245255
191;-1.19736;9.778432;0.614142;-0.016134;0.006123;-0.008688;-0.240528;-0.707099;-0.245614
192;-1.122526;9.718232;0.637661;-0.030657;-0.004634;-0.005135;-0.24194;-0.706162;-0.246087
193;-1.077512;9.732804;0.683294;-0.025334;-1e-06;0.0021;-0.242206;-0.70507;-0.247616
194;-1.115045;9.688156;0.682539;-0.001648;0.016867;-0.010491;-0.24193;-0.707514;-0.246197
195;-1.197362;9.733319;0.696214;-0.001693;0.004342;-0.010543;-0.241367;-0.706715;-0.244013
196;-1.144935;9.733124;0.682155;-0.007355;-0.015115;0.003791;-0.241381;-0.706293;-0.24593
197;-1.099965;9.777946;0.623259;0.001904;-0.007319;-0.010672;-0.240354;-0.706831;-0.245068
198;-1.032661;9.76305;0.519746;0.002037;0.003312;-0.016056;-0.242159;-0.706306;-0.24541
199;-1.100047;9.793304;0.503745;-0.001784;0.022545;0.004008;-0.242084;-0.706298;-0.246225
200;-1.129983;9.763249;0.592824;-0.019573;0.023852;-0.016729;-0.242161;-0.706696;-0.247311
201;-1.242292;9.7485;0.688024;-0.027154;0.00635;0.004023;-0.239928;-0.707234;-0.24491
202;-1.174874;9.733161;0.711538;-0.043235;0.013219;-0.006772;-0.241619;-0.707095;-0.247422
203;-1.100009;9.687877;0.74257;-0.016269;-0.006349;-0.00338;-0.241625;-0.706689;-0.24743
204;-1.114986;9.695444;0.734865;0.019794;-0.011553;-0.001689;-0.242077;-0.705728;-0.249644
205;-1.114959;9.763022;0.63791;0.024512;-0.003703;-0.01341;-0.241509;-0.706686;-0.247699
206;-1.115005;9.748158;0.615452;0.019737;-0.011417;0.004641;-0.241776;-0.706419;-0.247576
207;-1.129981;9.748203;0.622672;0.010713;0.002053;0.007473;-0.24266;-0.70576;-0.246527
208;-1.122503;9.74822;0.607854;0.010022;0.006235;-0.006973;-0.240811;-0.706275;-0.247411
209;-1.100042;9.748166;0.593289;0.003664;0.003573;-0.004271;-0.241315;-0.707245;-0.245228
210;-1.100067;9.733224;0.593248;-0.010684;0.00608;-0.01055;-0.24188;-0.707384;-0.245516
211;-1.159948;9.763391;0.592318;3.3e-05;0.009906;-0.001482;-0.241637;-0.706027;-0.24567
212;-1.182395;9.75587;0.636751;-0.023475;0.008068;0.000382;-0.242364;-0.707246;-0.246489
213;-1.129952;9.733052;0.682408;-0.023423;-0.004645;-0.006959;-0.241919;-0.706164;-0.245813
214;-1.100025;9.718021;0.667929;-0.0089;0.013289;-0.008696;-0.241642;-0.707108;-0.245923
215;-1.100003;9.763056;0.608274;-0.008107;-0.011726;-0.005249;-0.241273;-0.707099;-0.246456
216;-1.129994;9.748256;0.607727;-0.021736;0.015379;0.007641;-0.240814;-0.706965;-0.245762
217;-1.144955;9.725678;0.674663;-0.012521;0.002496;-0.01055;-0.241475;-0.70846;-0.245755
218;-1.129989;9.695594;0.712195;0.001641;-0.002448;0.008372;-0.242484;-0.706979;-0.246226
219;-1.114976;9.733007;0.675189;0.005551;-0.015482;-0.016154;-0.242028;-0.706424;-0.247312
220;-1.085046;9.748043;0.608486;0.014794;-0.001352;-0.027854;-0.241073;-0.70724;-0.245629
221;-1.10005;9.763238;0.555969;0.012848;0.00068;-0.016072;-0.242412;-0.707661;-0.245392
222;-1.15995;9.778438;0.56247;0.000148;0.013345;-0.008696;-0.241762;-0.706315;-0.243761
223;-1.145004;9.748431;0.577586;-0.014261;0.016835;-0.010451;-0.242555;-0.707932;-0.245528
224;-1.129993;9.73321;0.637575;-0.022513;0.002568;-0.005104;-0.24381;-0.707672;-0.245847
225;-1.099988;9.747957;0.653066;-0.030738;-0.014426;-0.001593;-0.242184;-0.706708;-0.245812
226;-1.070076;9.748024;0.593795;-0.039606;0.000624;-0.008719;-0.242141;-0.707373;-0.247161
227;-1.10004;9.725596;0.638061;-0.008887;0.015083;-0.008684;-0.242469;-0.705749;-0.247612
228;-1.189894;9.703296;0.726148;0.001737;-0.000787;0.001171;-0.241211;-0.707106;-0.245636
229;-1.189855;9.718185;0.741133;0.019997;0.000758;-0.01424;-0.240811;-0.707626;-0.247658
230;-1.152467;9.733315;0.637196;0.008907;-0.013258;0.003767;-0.241988;-0.707929;-0.245237
231;-1.100084;9.763369;0.518608;-0.003548;0.004465;-0.003344;-0.241882;-0.706573;-0.245395
232;-1.100074;9.793409;0.473856;-0.008126;0.003665;0.002088;-0.241007;-0.707516;-0.244803
233;-1.115019;9.755733;0.585584;-0.01904;0.013611;0.008521;-0.240723;-0.707515;-0.244658
234;-1.129978;9.725634;0.667444;-0.02678;0.021973;-0.019436;-0.242948;-0.706167;-0.246802
235;-1.174874;9.733161;0.711538;-0.01078;0.000791;-0.006935;-0.242232;-0.708325;-0.246737
236;-1.159928;9.703155;0.726654;-0.009239;0.002989;0.012969;-0.241273;-0.707099;-0.246456
237;-1.159912;9.740691;0.67445;0.003647;-0.002725;-0.006096;-0.241906;-0.706826;-0.247573
238;-1.130006;9.733261;0.622631;0.003598;-0.011639;-0.003455;-0.242672;-0.706299;-0.24679
239;-1.070096;9.748102;0.571378;0.001824;-0.022488;-0.007166;-0.241638;-0.707378;-0.245917
240;-1.100084;9.763369;0.518608;-0.009053;0.007281;0.003925;-0.241476;-0.70765;-0.245634
241;-1.129996;9.763302;0.577879;-0.012707;0.001914;0.004815;-0.242447;-0.706037;-0.245561
242;-1.122474;9.733069;0.66759;-0.025098;0.005059;-0.014129;-0.24259;-0.707659;-0.245943
243;-1.152453;9.72574;0.667064;-0.007056;0.018652;-0.010452;-0.242772;-0.707385;-0.2465
244;-1.129984;9.718137;0.674895;0.005541;0.006143;-0.010576;-0.243582;-0.706719;-0.246267
245;-1.114998;9.748133;0.622925;0.003701;-0.009997;-0.010687;-0.242636;-0.707384;-0.246495
246;-1.144966;9.763321;0.592571;2.6e-05;-0.000891;-0.003369;-0.242827;-0.70807;-0.245534
247;-1.107507;9.748097;0.623051;-0.007332;0.011876;0.009382;-0.242196;-0.705221;-0.245704
248;-1.099951;9.777893;0.638203;-0.003623;-0.002674;-0.001582;-0.242049;-0.706572;-0.24581
249;-1.129983;9.763249;0.592824;-0.010763;-0.0118;-0.008849;-0.241279;-0.707369;-0.246587
250;-1.130031;9.71832;0.62259;-0.021731;0.009963;0.005797;-0.241282;-0.708585;-0.246837
251;-1.085044;9.732997;0.638334;-0.01986;-5e-05;-0.001529;-0.241554;-0.706561;-0.246476
252;-1.129961;9.748125;0.645088;-0.0117;0.005333;-0.003304;-0.242505;-0.706977;-0.246499
253;-1.152462;9.748336;0.61482;0.006425;0.003504;-0.008779;-0.240886;-0.706958;-0.246719
254;-1.159933;9.748293;0.63711;-0.0108;0.004449;-0.0033;-0.241559;-0.706966;-0.246604
255;-1.100013;9.725492;0.66795;-0.008991;-0.000977;-0.005173;-0.243199;-0.707658;-0.246781
256;-1.10004;9.725596;0.638061;-9e-05;-0.004344;0.003827;-0.241691;-0.707238;-0.246603
257;-1.100017;9.763108;0.59333;-0.001774;-1.4e-05;-0.003377;-0.240934;-0.706698;-0.245498
258;-1.129962;9.763171;0.61524;-0.008932;0.015167;-0.005055;-0.242594;-0.708063;-0.246072
259;-1.174891;9.763306;0.636898;-0.005383;0.013473;-0.001438;-0.241834;-0.707509;-0.246739
260;-1.159907;9.755712;0.652075;-0.015357;0.007194;0.000347;-0.24042;-0.70723;-0.246016
261;-1.085039;9.748016;0.615958;-0.007087;0.003399;-0.010583;-0.242522;-0.707245;-0.246767
262;-1.01015;9.73272;0.617183;-0.01164;0.01333;-0.005109;-0.241714;-0.707101;-0.246879
263;-1.070076;9.748024;0.593795;0.006449;0.016963;-0.006914;-0.241167;-0.707095;-0.246862
264;-1.219852;9.756047;0.636118;-0.007106;0.016954;-0.006819;-0.243478;-0.70793;-0.246922
265;-1.264773;9.748632;0.680172;-0.007248;0.006356;0.000366;-0.242694;-0.707123;-0.245412
266;-1.212333;9.748384;0.681057;-0.036118;-0.002783;-0.00236;-0.242503;-0.707112;-0.246496
267;-1.174904;9.755835;0.636877;-0.012671;-0.01346;-0.002505;-0.241194;-0.707363;-0.247266
268;-1.145016;9.733437;0.592489;-0.028976;-0.020623;0.001094;-0.243356;-0.708333;-0.247183
269;-1.14491;9.748065;0.682196;-0.019172;-0.018633;0.009223;-0.243219;-0.70683;-0.248706
270;-0.920174;9.747027;0.678519;-0.011684;-0.022659;-0.010813;-0.243101;-0.707112;-0.247198
271;-0.860393;9.717252;0.567367;-0.011656;0.009742;-0.003385;-0.242086;-0.704662;-0.247756
272;-1.010115;9.777702;0.572472;0.011188;0.024736;-0.021371;-0.242706;-0.706836;-0.247326
273;-1.204868;9.748453;0.651295;0.00285;0.031344;-0.005849;-0.242164;-0.707386;-0.245662
274;-1.302276;9.673787;0.769002;-0.003671;0.002789;0.000352;-0.242755;-0.706967;-0.248007
275;-1.249762;9.733411;0.740162;-0.00013;0.001108;0.005735;-0.242751;-0.707237;-0.248002
276;-1.144982;9.725783;0.644774;-0.02714;-0.006279;0.001186;-0.242184;-0.706708;-0.245812
277;-1.055097;9.778046;0.534352;-0.007362;-0.022266;0.005513;-0.242001;-0.706156;-0.246907
278;-0.980197;9.792789;0.490825;-0.010986;-0.006951;0.011019;-0.243281;-0.706974;-0.247751
279;-1.040141;9.778079;0.504716;-0.01967;0.011412;-0.010519;-0.241519;-0.706159;-0.245937
280;-1.144937;9.74817;0.652307;-0.025123;0.020413;-0.008591;-0.24179;-0.706147;-0.247718
281;-1.189864;9.6731;0.815733;-0.018056;0.00711;-0.003248;-0.242111;-0.707091;-0.248529
282;-1.189795;9.717951;0.808383;-0.014406;0.011568;-0.005038;-0.242086;-0.706688;-0.248127
283;-1.152437;9.703118;0.72678;0.001759;-0.00623;-0.001594;-0.240608;-0.705875;-0.246457
284;-1.10002;9.733042;0.645553;0.001956;-0.004706;-0.01427;-0.242152;-0.706411;-0.248952
285;-1.084984;9.79292;0.593664;0.003875;0.000549;-0.02058;-0.242333;-0.706423;-0.247731
286;-1.099998;9.778076;0.585898;0.006407;0.002632;-0.006998;-0.242145;-0.707103;-0.247166
287;-1.100029;9.755637;0.593309;-0.00534;0.002607;-0.006064;-0.242952;-0.707923;-0.247177
288;-1.129969;9.763197;0.607768;-0.007355;0.015524;0.012129;-0.243134;-0.706298;-0.247487
289;-1.12249;9.748168;0.622798;-0.016054;-0.00032;-0.015997;-0.242414;-0.707376;-0.24717
290;-1.100025;9.718021;0.667929;-0.012715;0.009985;0.005763;-0.243496;-0.706712;-0.246946
291;-1.099956;9.75535;0.675503;-0.025216;0.002529;-0.006015;-0.242894;-0.706157;-0.247891
292;-1.152426;9.725636;0.696953;-0.001623;0.002427;-0.016001;-0.241741;-0.706693;-0.247161
293;-1.144903;9.748039;0.689668;-0.007158;0.002589;-0.006945;-0.242521;-0.70657;-0.246644
294;-1.129979;9.733157;0.65252;0.00181;0.004523;-0.001533;-0.244122;-0.70698;-0.248052
295;-1.122501;9.733174;0.637702;0.002019;-0.000291;-0.01785;-0.242544;-0.707783;-0.247166
296;-1.129961;9.748125;0.645088;-0.005293;0.00252;-0.010575;-0.24342;-0.70684;-0.247759
297;-1.122453;9.778104;0.607935;-0.013503;-0.000966;-0.004251;-0.241826;-0.707375;-0.246605
298;-1.122478;9.763162;0.607894;-0.007171;-0.004564;-0.006099;-0.240803;-0.706816;-0.2474
299;-1.13002;9.733314;0.607687;-0.01247;-0.002059;-0.014205;-0.243707;-0.706571;-0.247909
300;-1.122449;9.748012;0.667631;-0.009089;0.00728;0.003935;-0.243685;-0.707384;-0.247757
301;-1.11497;9.740505;0.667737;0.009873;0.010036;0.003904;-0.241801;-0.706822;-0.247978
302;-1.122474;9.733069;0.66759;-0.009196;0.008341;0.012084;-0.24191;-0.706556;-0.247578
303;-1.129946;9.733027;0.68988;0.009029;0.007236;-0.001533;-0.24173;-0.706018;-0.246901
304;-1.115001;9.718066;0.675148;0.001941;-0.002892;-0.013347;-0.240952;-0.707357;-0.247667
305;-1.129968;9.748151;0.637616;0.003667;0.004457;-0.005157;-0.24197;-0.70736;-0.248519
306;-1.11498;9.763101;0.615493;0.005343;0.000163;0.003848;-0.241536;-0.706953;-0.248103
307;-1.100029;9.748114;0.608233;-0.008953;0.015196;-0.003258;-0.242124;-0.706429;-0.246769
308;-1.092562;9.733136;0.608319;-0.005248;0.014163;-0.010512;-0.242865;-0.7067;-0.247607
309;-1.115011;9.748184;0.60798;-0.003502;0.007061;-0.007842;-0.24294;-0.706708;-0.246791
310;-1.077553;9.732961;0.638461;8e-05;0.011599;-0.005121;-0.242134;-0.707104;-0.24703
311;-1.100002;9.74801;0.638122;-0.007297;0.000111;0.003874;-0.242267;-0.707376;-0.247029
312;-1.099972;9.777971;0.615787;0.006292;0.007296;0.002078;-0.241453;-0.707637;-0.247133
313;-1.100022;9.748088;0.615705;-0.019761;0.007015;-0.006903;-0.241357;-0.70628;-0.247429
314;-1.159927;9.748267;0.644582;-0.014425;-0.008149;-0.005184;-0.241473;-0.706284;-0.24716
315;-1.122473;9.718023;0.697438;9.4e-05;0.013364;-0.006899;-0.241476;-0.706824;-0.247286
316;-1.129927;9.747994;0.682449;-0.010798;-8e-05;-0.005151;-0.24199;-0.707643;-0.247014
317;-1.114985;9.74808;0.637869;-0.001056;-0.000647;0.009286;-0.242189;-0.704801;-0.247348
318;-1.100049;9.748192;0.585817;-0.0016;-0.007478;-0.017899;-0.242931;-0.707249;-0.24678
319;-1.100017;9.763108;0.59333;-0.012519;-0.003786;-0.010612;-0.241671;-0.707915;-0.246453
320;-1.129969;9.763197;0.607768;-0.028848;-0.021726;-0.00887;-0.242391;-0.707513;-0.246894
321;-1.100066;9.725701;0.608172;-0.022422;-0.006567;-0.013318;-0.241141;-0.707503;-0.24658
322;-1.159918;9.733194;0.681902;-0.00887;0.000647;-0.014183;-0.242096;-0.706687;-0.248263
323;-1.129944;9.71798;0.719728;-0.008993;-0.013593;-0.008862;-0.24225;-0.706957;-0.248536
324;-1.025128;9.747811;0.594554;-0.028741;0.003304;-0.010555;-0.241045;-0.706672;-0.248774
325;-1.040111;9.747882;0.594301;-0.021729;0.015354;0.007604;-0.241715;-0.70614;-0.248534
326;-1.114981;9.717988;0.697565;0.014492;0.031487;0.000419;-0.240023;-0.705303;-0.249448
327;-1.249774;9.718417;0.755065;0.016304;0.024285;-0.003195;-0.240939;-0.706668;-0.24918
328;-1.234767;9.748334;0.725511;-0.031662;0.002707;0.002198;-0.24084;-0.706407;-0.247818
329;-1.144947;9.718129;0.697059;-0.025162;-0.013758;-0.014245;-0.241552;-0.707747;-0.25027
330;-1.070033;9.717775;0.698324;0.014373;-0.016961;-0.001731;-0.242634;-0.706408;-0.249922
331;-1.070033;9.777934;0.586404;0.027258;-0.00374;-0.015245;-0.242469;-0.7071;-0.247859
332;-1.085089;9.778292;0.503957;-0.00713;0.004412;-0.005151;-0.241668;-0.705874;-0.247856
333;-1.099977;9.762951;0.638163;-0.012543;0.007937;-0.006916;-0.24002;-0.706399;-0.247791
334;-1.144934;9.718078;0.712003;-0.017841;0.013119;-0.015892;-0.242086;-0.706163;-0.246228
335;-1.14492;9.718025;0.726948;0.007325;0.011566;-0.008728;-0.241265;-0.707641;-0.246445
336;-1.144949;9.733176;0.667211;-0.001791;0.000891;-0.003351;-0.2417;-0.707372;-0.246737
337;-1.144998;9.755928;0.570134;-0.007324;-0.013316;0.003802;-0.241776;-0.706419;-0.247576
338;-1.115021;9.778303;0.540812;-0.014364;0.011599;-0.003264;-0.242163;-0.70656;-0.247314
339;-1.100003;9.763056;0.608274;-0.018913;0.004404;-0.003306;-0.24193;-0.707514;-0.246197
340;-1.129953;9.740576;0.667484;-0.028826;0.018731;-0.002268;-0.240395;-0.706001;-0.247266
341;-1.152457;9.703197;0.704364;-0.008792;0.004118;-0.019589;-0.241064;-0.706955;-0.24727
342;-1.129939;9.733001;0.697353;-1.7e-05;-0.007174;-0.003415;-0.241216;-0.7064;-0.249194
343;-1.159905;9.733142;0.696847;-0.019904;-0.000891;0.000306;-0.242562;-0.706415;-0.248965
344;-1.085017;9.732892;0.668223;-0.02542;0.010942;0.011221;-0.24145;-0.705596;-0.248535
345;-1.070036;9.747868;0.638628;4.6e-05;-0.008158;-0.007066;-0.243513;-0.706831;-0.248989
346;-1.129968;9.755674;0.622692;-0.001702;0.002572;-0.008774;-0.241071;-0.706264;-0.249055
347;-1.129993;9.73321;0.637575;-0.002627;0.004397;-0.00695;-0.241225;-0.706684;-0.247553
348;-1.129993;9.73321;0.637575;-0.008991;0.013447;-0.001447;-0.242168;-0.706004;-0.249097
349;-1.144935;9.733124;0.682155;-0.007307;0.001018;0.003899;-0.241621;-0.708161;-0.249446
350;-1.129959;9.733079;0.674936;-0.014393;0.004388;-0.005112;-0.243007;-0.706146;-0.249394
351;-1.12248;9.725573;0.675042;-0.000154;-0.006058;0.007443;-0.242429;-0.705468;-0.248843
352;-1.122486;9.718076;0.682494;0.003655;-4.8e-05;-0.006093;-0.241589;-0.706813;-0.248789
353;-1.114963;9.732956;0.690133;0.006317;-0.010777;-0.00527;-0.242248;-0.706567;-0.246635
354;-1.099987;9.732911;0.682914;0.012608;-0.00441;-0.001632;-0.241573;-0.706544;-0.248521
355;-1.137461;9.763233;0.607641;0.014542;0.000842;-0.008823;-0.242327;-0.70818;-0.24797
356;-1.159903;9.778255;0.614775;0.007183;0.000127;0.001148;-0.241272;-0.706274;-0.248108
357;-1.09251;9.747973;0.638248;-0.007381;-0.003366;0.009275;-0.240947;-0.705601;-0.247292
358;-1.114998;9.748133;0.622925;-0.014469;-0.008983;-0.00159;-0.242848;-0.706432;-0.247339
359;-1.114974;9.770597;0.608041;-0.025208;0.004348;-0.005094;-0.242664;-0.706015;-0.248431
360;-1.114961;9.778069;0.608062;-0.01878;0.016809;-0.010453;-0.241523;-0.706414;-0.247841
361;-1.144962;9.733228;0.652267;-0.023506;0.0063;0.002165;-0.241038;-0.706402;-0.248643
362;-1.144907;9.717973;0.741892;-0.007193;0.007123;-0.0042;-0.242045;-0.706692;-0.24758
363;-1.144965;9.695639;0.719414;-0.001795;-0.004526;-0.005195;-0.240679;-0.70803;-0.247782
364;-1.174877;9.755731;0.666766;0.003779;0.004284;-0.014185;-0.242397;-0.706957;-0.248677
365;-1.129954;9.748099;0.65256;-0.007154;0.000794;-0.006963;-0.240608;-0.7064;-0.248356
366;-1.062552;9.755382;0.616358;0.003679;-0.006371;-0.007971;-0.242142;-0.706412;-0.248815
367;-1.189889;9.778475;0.591852;-0.005313;0.000785;-0.008754;-0.241421;-0.706139;-0.248251
368;-1.159908;9.763235;0.637151;-0.025147;0.003353;-0.010508;-0.241113;-0.70641;-0.247827
369;-1.085029;9.717898;0.683127;-0.027037;0.009743;-0.003254;-0.241883;-0.707489;-0.249195
370;-1.114951;9.74795;0.67523;-0.008708;0.012999;-0.023165;-0.241206;-0.707752;-0.249304
371;-1.100014;9.733015;0.653026;-0.000177;0.000284;0.011094;-0.241047;-0.706537;-0.248777
372;-1.144897;9.748013;0.69714;1e-06;-0.000896;-0.003368;-0.241632;-0.706673;-0.249339
373;-1.159878;9.733038;0.726735;0.003679;0.008009;-0.006929;-0.24168;-0.706413;-0.248118
374;-1.159917;9.718148;0.71175;0.005426;-0.004495;-0.005207;-0.241361;-0.707211;-0.249456
375;-1.114971;9.748028;0.652813;0.003435;-0.006905;0.009234;-0.242829;-0.704798;-0.248596
376;-1.129982;9.755727;0.607748;-0.007242;-0.011659;-0.002525;-0.241256;-0.706681;-0.247963
377;-1.144966;9.763321;0.592571;-2.4e-05;0.002787;0.001178;-0.242736;-0.706158;-0.247613
378;-1.085039;9.748016;0.615958;-0.012641;0.001789;-0.000631;-0.242674;-0.706164;-0.246793
379;-1.100002;9.74801;0.638122;-0.012498;0.01507;-0.008676;-0.24056;-0.70681;-0.247801
380;-1.129968;9.748151;0.637616;-0.004342;0.006054;-0.013267;-0.241116;-0.708301;-0.2482
381;-1.144947;9.718129;0.697059;-0.018896;0.009752;-0.005058;-0.241066;-0.708021;-0.249294
382;-1.159891;9.73309;0.711791;-0.014492;-0.000872;0.000293;-0.241403;-0.706681;-0.248104
383;-1.159886;9.74811;0.689415;0.002554;-0.004246;0.007463;-0.242066;-0.70669;-0.247853
384;-1.100002;9.74801;0.638122;0.000125;0.002532;-0.0106;-0.240968;-0.70695;-0.247812
385;-1.099979;9.785521;0.593391;-0.01073;-0.001053;-0.00879;-0.240175;-0.707209;-0.24819
386;-1.10003;9.76316;0.578385;0.002826;-0.004625;-0.010656;-0.240395;-0.706001;-0.247266
387;-1.070058;9.762992;0.586363;-0.011579;0.007861;-0.010549;-0.240769;-0.70748;-0.248886
388;-1.070056;9.747946;0.616211;-0.025119;0.025809;-0.006777;-0.239883;-0.707073;-0.24791
389;-1.144922;9.733071;0.6971;-0.017891;0.027608;-0.00856;-0.24139;-0.707343;-0.249863
390;-1.234748;9.755779;0.733004;-0.026987;0.004277;-0.009562;-0.241119;-0.706529;-0.249734
391;-1.212323;9.718266;0.748226;-0.02895;0.013501;0.004064;-0.241147;-0.705836;-0.251793
392;-1.219796;9.73327;0.740668;-0.029679;0.006036;-0.010453;-0.240816;-0.706244;-0.251092
393;-1.279746;9.718585;0.747087;-0.00377;0.000243;0.00756;-0.241141;-0.706242;-0.251785
394;-1.242269;9.718329;0.770136;-0.00474;-0.045593;0.001814;-0.243002;-0.70424;-0.250794
395;-1.03282;9.748631;0.370262;0.006722;-0.122446;0.012036;-0.24371;-0.7048;-0.249443
396;-0.980076;9.905114;0.416408;0.036113;-0.083527;-0.017652;-0.243307;-0.705891;-0.247909
397;-0.882891;9.807689;0.372955;0.016285;-0.009819;-0.001771;-0.243246;-0.705897;-0.247089
398;-1.085111;9.793417;0.451693;0.009254;0.038496;-0.006773;-0.243173;-0.705904;-0.246132
399;-1.249854;9.71873;0.665399;0.000171;0.038497;-0.006679;-0.243727;-0.708206;-0.246652
400;-1.324692;9.696228;0.7911;-0.017968;0.02052;-0.006722;-0.243225;-0.706574;-0.246939
401;-1.264739;9.68082;0.844377;-0.022395;0.003233;-0.017704;-0.241666;-0.70601;-0.247853
402;-1.130001;9.688123;0.712175;-0.012634;-0.008155;-0.005198;-0.242357;-0.705475;-0.247886
403;-1.025116;9.762806;0.57965;0.003664;-0.018946;-0.008975;-0.241717;-0.706004;-0.248536
404;-1.010188;9.777989;0.490278;-0.003427;-0.007431;-0.014315;-0.244285;-0.707925;-0.248584
405;-1.085076;9.77824;0.518902;-0.016969;0.015038;-0.009578;-0.243147;-0.707513;-0.247873
406;-1.129992;9.725686;0.652499;-0.017888;0.016814;-0.010447;-0.242869;-0.70643;-0.247612
407;-1.182377;9.718203;0.726315;-0.025247;0.009775;-0.003218;-0.243761;-0.706431;-0.248596
408;-1.159915;9.703102;0.741598;-0.01073;0.011503;-0.008678;-0.243709;-0.706436;-0.247912
409;-1.129939;9.733001;0.697353;0.002696;0.002731;-0.001547;-0.241316;-0.706135;-0.248657
410;-1.085031;9.732944;0.653279;-0.003542;0.000795;-0.00699;-0.241312;-0.707756;-0.248899
411;-1.062571;9.747936;0.608866;0.012737;0.008021;-0.006992;-0.242268;-0.705739;-0.24856
412;-1.085019;9.747938;0.638375;0.001866;-0.002769;-0.007028;-0.240711;-0.70654;-0.247948
413;-1.144938;9.755693;0.637383;-0.007158;0.00261;-0.006041;-0.241508;-0.70601;-0.247575
414;-1.15994;9.748319;0.629638;-0.018018;-0.011784;-0.007009;-0.241844;-0.706007;-0.248404
415;-1.129955;9.755622;0.637636;-0.014339;0.003421;-0.008738;-0.243916;-0.70604;-0.246972
416;-1.099993;9.732937;0.675442;-0.010713;0.00699;-0.009638;-0.241871;-0.70695;-0.248932
417;-1.129959;9.733079;0.674936;-0.0035;0.000733;-0.01059;-0.241724;-0.706949;-0.248791
418;-1.144929;9.740621;0.674703;3.1e-05;0.007171;-0.003314;-0.242279;-0.707239;-0.247168
419;-1.129979;9.733157;0.65252;-0.003441;0.002453;-0.014197;-0.242892;-0.706968;-0.248011
420;-1.12249;9.748168;0.622798;-0.009001;-0.011742;-0.006141;-0.242722;-0.706429;-0.247471
421;-1.114985;9.74808;0.637869;0.003636;0.0063;-0.002437;-0.242795;-0.707248;-0.246776
422;-1.100029;9.755637;0.593309;-0.014507;-0.008016;0.002028;-0.24361;-0.706176;-0.246551
423;-1.129968;9.755674;0.622692;-0.001807;-0.008073;-0.003418;-0.242326;-0.706154;-0.247599
424;-1.129968;9.755674;0.622692;-0.007219;0.013509;0.001262;-0.24209;-0.706418;-0.248132
425;-1.122469;9.74809;0.645215;-0.010954;0.010073;0.009385;-0.241378;-0.706954;-0.247825
426;-1.129952;9.733052;0.682408;-0.027028;-0.002865;-0.006938;-0.241976;-0.706279;-0.248403
427;-1.129952;9.733052;0.682408;-0.00885;-0.001191;-0.016017;-0.24189;-0.706558;-0.247305
428;-1.129946;9.733027;0.68988;-0.003483;0.007902;-0.010542;-0.241914;-0.706285;-0.247583
429;-1.122436;9.747959;0.682576;-0.012614;0.004429;-0.003311;-0.243039;-0.706968;-0.248153
430;-1.115022;9.718144;0.652732;0.005499;-0.009993;-0.01069;-0.241904;-0.707637;-0.247693
431;-1.129955;9.755622;0.637636;-0.001659;-0.006502;-0.014262;-0.24148;-0.707904;-0.247538
432;-1.114972;9.755551;0.637889;0.006547;0.013204;-0.015966;-0.243066;-0.707386;-0.246782
433;-1.129993;9.73321;0.637575;-0.005356;-0.002783;-0.006991;-0.241958;-0.706296;-0.246358
434;-1.159907;9.748189;0.666999;0.001773;-0.006225;-0.001593;-0.241729;-0.70818;-0.247268
435;-1.122473;9.718023;0.697438;-0.005455;0.005443;0.001202;-0.24179;-0.706823;-0.247842
436;-1.085057;9.733048;0.62339;0.009896;-0.002592;0.00019;-0.242169;-0.707505;-0.247568
437;-1.115001;9.778225;0.563229;-0.011564;-0.004746;-0.014233;-0.241693;-0.706427;-0.246483
438;-1.114963;9.793115;0.578214;-0.016264;-0.000884;0.000275;-0.242399;-0.705621;-0.246658
439;-1.100052;9.718125;0.63804;-0.027093;-5.4e-05;-0.0006;-0.242277;-0.7079;-0.249064
440;-1.14494;9.718103;0.704531;-0.005424;0.004498;-0.001508;-0.241544;-0.707763;-0.248361
441;-1.144948;9.725653;0.682135;-0.007151;0.004382;-0.006932;-0.242101;-0.706416;-0.248268
442;-1.129929;9.763041;0.652601;-0.014437;0.004464;-0.001495;-0.242302;-0.707102;-0.247444
443;-1.070075;9.732978;0.623643;0.001816;0.019818;0.002162;-0.2423;-0.706562;-0.247318
444;-1.085006;9.755409;0.638395;0.002654;-0.004393;0.001099;-0.243152;-0.706432;-0.247758
445;-1.159945;9.733299;0.652014;-0.008136;-0.000883;-0.001532;-0.244233;-0.706579;-0.247654
446;-1.18982;9.763167;0.696422;-0.018141;0.00999;0.005812;-0.243281;-0.706974;-0.247751
447;-1.099973;9.732859;0.697859;-0.002017;0.000312;0.012908;-0.243832;-0.706709;-0.247775
448;-1.085057;9.733048;0.62339;0.003648;0.004482;-0.003366;-0.244109;-0.706441;-0.247789
449;-1.129971;9.778244;0.57792;0.000114;0.002581;-0.00878;-0.242755;-0.706441;-0.246108
450;-1.129969;9.763197;0.607768;-0.014243;-0.007517;-0.017856;-0.241842;-0.705617;-0.246503
451;-1.1;9.732963;0.66797;-0.014455;0.00718;0.000321;-0.242047;-0.706557;-0.247582
452;-1.11497;9.740505;0.667737;-0.014286;0.015029;-0.010475;-0.241873;-0.706289;-0.247037
453;-1.129929;9.763041;0.652601;-0.001771;0.006266;-0.003323;-0.241886;-0.706828;-0.247299
454;-1.100002;9.74801;0.638122;-0.026995;0.004299;-0.006904;-0.242262;-0.706145;-0.248552
455;-1.114978;9.748055;0.645341;-0.012435;0.004172;-0.015979;-0.242825;-0.705744;-0.248714
456;-1.129948;9.755596;0.645108;-0.007233;-0.009887;-0.003417;-0.24148;-0.706553;-0.247291
457;-1.129959;9.733079;0.674936;0.001985;0.007849;-0.014174;-0.242362;-0.706556;-0.248138
458;-1.114985;9.74808;0.637869;-0.00449;-0.007229;-0.005221;-0.242335;-0.707639;-0.24798
459;-1.092461;9.78538;0.623406;-0.012744;0.004645;0.007531;-0.242279;-0.707915;-0.247292
460;-1.099997;9.763029;0.615746;-0.012746;0.011855;0.009392;-0.242726;-0.706834;-0.247599
461;-1.129966;9.733105;0.667464;-0.010795;0.008024;-0.003288;-0.24184;-0.706277;-0.248399
462;-1.100014;9.733015;0.653026;-0.016391;0.002876;0.009342;-0.243639;-0.706158;-0.248733
463;-1.129966;9.733105;0.667464;-0.011705;-0.002771;-0.005166;-0.242291;-0.706277;-0.248959
464;-1.114959;9.755499;0.652834;-0.012542;0.009733;-0.006897;-0.242717;-0.70655;-0.249241
465;-1.100014;9.733015;0.653026;-0.004477;-0.00996;-0.007054;-0.243359;-0.706561;-0.248716
466;-1.099995;9.747983;0.645594;-0.00207;0.003114;0.018353;-0.242757;-0.706831;-0.24801
467;-1.099995;9.747983;0.645594;-0.00715;0.005286;-0.006041;-0.243422;-0.70738;-0.247885
468;-1.129954;9.748099;0.65256;-0.009024;-0.004516;-0.003376;-0.24249;-0.705747;-0.247885
469;-1.122463;9.748063;0.652687;5.9e-05;0.006233;-0.005139;-0.241562;-0.706545;-0.248385
470;-1.129941;9.748047;0.667505;-0.018907;0.011579;-0.003245;-0.243318;-0.707091;-0.250068
471;-1.114958;9.747975;0.667758;-0.001763;0.009846;-0.003304;-0.243231;-0.706018;-0.248722
472;-1.12245;9.755534;0.652707;0.003812;0.013233;-0.014147;-0.242683;-0.707499;-0.248949
473;-1.114985;9.74808;0.637869;0.000114;-0.001049;-0.010618;-0.242707;-0.707227;-0.249227
474;-1.114971;9.748028;0.652813;-0.008762;0.001385;-0.021434;-0.240022;-0.706264;-0.247794
475;-1.129941;9.748047;0.667505;0.002027;-0.003016;-0.019674;-0.241764;-0.707231;-0.24756
476;-1.129929;9.763041;0.652601;-0.016231;-0.008165;-0.005193;-0.241641;-0.706282;-0.247574
477;-1.114996;9.733087;0.652773;0.001917;0.003457;-0.009687;-0.243084;-0.706694;-0.248705
478;-1.099977;9.762951;0.638163;-0.005469;-0.004419;0.001125;-0.241399;-0.706952;-0.248099
479;-1.122451;9.763058;0.637783;-0.00177;-0.010838;-0.007058;-0.242525;-0.706149;-0.248424
480;-1.114998;9.748133;0.622925;-0.007214;0.002695;-0.00153;-0.24262;-0.706154;-0.247882
481;-1.1225;9.725651;0.652626;-0.012631;-0.011739;-0.005227;-0.241316;-0.706285;-0.246882
482;-1.129934;9.74802;0.674977;-0.007092;0.006993;-0.01054;-0.242223;-0.706689;-0.248131
483;-1.11501;9.733138;0.637828;-0.008155;-0.000858;0.000258;-0.242623;-0.704383;-0.249415
484;-1.085016;9.725369;0.683147;-0.012548;0.009723;-0.006908;-0.243026;-0.705754;-0.247766
485;-1.129915;9.762988;0.667545;-0.001928;-0.004306;0.005652;-0.243022;-0.7067;-0.247884
486;-1.092492;9.762941;0.630817;-0.015375;-0.00989;-0.001604;-0.242973;-0.70657;-0.247204
487;-1.122446;9.778078;0.615407;-0.007146;0.004398;-0.006039;-0.242162;-0.705059;-0.248842
488;-1.129979;9.733157;0.65252;-0.009096;-0.004406;0.002052;-0.24248;-0.706424;-0.247872
489;-1.174824;9.763044;0.711619;0.003623;0.004503;-0.003329;-0.243121;-0.706285;-0.249123
490;-1.100049;9.688033;0.697737;0.001055;-0.000231;-0.014236;-0.242552;-0.707767;-0.249076
491;-1.144939;9.763216;0.622459;-0.003607;-0.006283;-0.003396;-0.242734;-0.705618;-0.247487
492;-1.130048;9.748465;0.54795;-0.003632;-0.004417;0.000228;-0.242105;-0.706971;-0.246622
493;-1.144954;9.778315;0.577667;-0.031361;0.016699;-0.014029;-0.241501;-0.706701;-0.245789
494;-1.249824;9.748693;0.643064;-0.01077;-0.008184;-0.008774;-0.242701;-0.706432;-0.247197
495;-1.099918;9.717604;0.787484;-0.025295;-0.010902;-0.005198;-0.24385;-0.705491;-0.247798
496;-0.860328;9.732038;0.612241;-0.039454;-0.00776;-0.021524;-0.241277;-0.706679;-0.248236
497;-0.920237;9.777355;0.551573;-0.041063;0.03789;-0.02481;-0.242808;-0.705325;-0.250221
498;-1.145009;9.673252;0.711881;0.00919;0.054704;-0.003016;-0.241782;-0.707214;-0.249606
499;-1.384542;9.748835;0.782758;0.018002;0.033475;0.005962;-0.242216;-0.705594;-0.249651
500;-1.354565;9.763686;0.768361;-0.045046;0.018638;-0.006658;-0.241783;-0.706253;-0.25126
501;-1.219829;9.665718;0.830151;-0.028921;-0.002781;-0.003275;-0.241675;-0.705033;-0.251416
502;-1.077499;9.672593;0.810158;0.028434;-0.025378;0.022604;-0.242726;-0.704372;-0.250782
503;-0.995088;9.807541;0.565334;0.025202;-0.037585;-0.00374;-0.242462;-0.706005;-0.249379
504;-1.01018;9.823076;0.415678;-0.025052;-0.017439;-0.017949;-0.242119;-0.70655;-0.248539
505;-1.085073;9.748147;0.578598;-0.015298;0.011621;-0.001463;-0.242485;-0.706543;-0.249778
506;-1.159854;9.763026;0.696928;0.003592;0.017157;0.002176;-0.242293;-0.706142;-0.248962
507;-1.182337;9.718045;0.771148;-0.027091;0.004407;-0.002344;-0.24247;-0.704788;-0.249266
508;-1.144915;9.665363;0.831416;-0.021592;0.007869;-0.008679;-0.240937;-0.706127;-0.249054
509;-1.122434;9.732913;0.712424;0.001753;0.006384;0.002095;-0.241354;-0.704765;-0.250729
510;-1.08501;9.785501;0.578699;-0.009004;-0.004525;-0.003397;-0.242251;-0.705321;-0.250067
511;-1.099992;9.778049;0.59337;-0.014316;0.007;-0.008727;-0.242423;-0.705874;-0.248835
512;-1.100012;9.717969;0.682874;-0.001797;0.003585;-0.002447;-0.24358;-0.705743;-0.249693
513;-1.114894;9.777807;0.682783;-0.004596;0.010019;0.005748;-0.241907;-0.704364;-0.250755
514;-1.099973;9.732859;0.697859;0.003656;0.013445;-0.003299;-0.243054;-0.705736;-0.249949
515;-1.107569;9.703219;0.637873;4.1e-05;0.015266;-0.001465;-0.240684;-0.706798;-0.249442
516;-1.189867;9.76335;0.644117;0.006278;0.006423;0.00211;-0.242416;-0.705454;-0.250478
517;-1.204778;9.77818;0.69621;-0.009216;0.001175;0.011164;-0.241095;-0.705166;-0.250986
518;-1.144907;9.717973;0.741892;-0.021862;-0.007891;0.009303;-0.241529;-0.705858;-0.249624
519;-1.159952;9.733325;0.644541;-0.02514;0.014144;-0.008626;-0.24199;-0.706533;-0.250444
520;-1.249805;9.76366;0.635633;-0.029806;-0.011728;-0.003325;-0.242091;-0.705982;-0.251685
521;-1.309616;9.763474;0.76912;-0.032537;-0.024349;-0.006995;-0.241638;-0.705442;-0.250998
522;-1.010041;9.717257;0.766586;-0.012104;-0.036446;0.015364;-0.242925;-0.705043;-0.25173
523;-0.665492;9.685768;0.764851;-0.007313;0.006292;0.005548;-0.245554;-0.704255;-0.252104
524;-0.905209;9.852306;0.462364;0.023761;-0.022816;-0.025385;-0.243768;-0.703713;-0.250011
525;-1.010111;9.807769;0.520248;0.00049;0.056928;-0.02294;-0.243178;-0.705198;-0.24969
526;-1.189884;9.733336;0.681396;0.011966;0.04743;-0.009387;-0.241474;-0.704497;-0.250466
527;-1.332137;9.703604;0.828355;0.012864;0.031204;-0.015768;-0.2418;-0.705321;-0.249506
528;-1.309638;9.718439;0.828775;-0.01804;0.007106;-0.005009;-0.243024;-0.705889;-0.247764
529;-1.144932;9.703031;0.741851;-0.014617;-0.007901;0.007477;-0.243816;-0.706681;-0.251183
530;-0.995143;9.762637;0.587628;-0.002047;-0.032033;0.009933;-0.242841;-0.705337;-0.248859
531;-0.96524;9.777777;0.491037;-0.014358;-0.017232;-0.008945;-0.241634;-0.706538;-0.249341
532;-1.055053;9.807956;0.526961;-0.023018;0.007394;-0.031335;-0.242764;-0.705464;-0.249672
533;-1.114908;9.77786;0.667839;-0.045028;0.013198;-0.006795;-0.241678;-0.706399;-0.249891
534;-1.1524;9.672895;0.823837;-0.036136;0.009776;-0.000488;-0.241604;-0.70543;-0.252361
535;-1.174842;9.687918;0.830971;0.009866;0.000989;-0.000651;-0.242654;-0.704905;-0.251724
536;-1.14488;9.717869;0.771781;0.007121;-0.004349;0.00202;-0.241445;-0.704891;-0.251957
537;-1.099993;9.732937;0.675442;0.0144;0.002822;0.001126;-0.242507;-0.704905;-0.251583
538;-1.040085;9.762824;0.594342;0.014482;0.002718;-0.003424;-0.242343;-0.704636;-0.251173
539;-1.070004;9.762783;0.646141;0.00908;0.003563;-0.005201;-0.240837;-0.707068;-0.249714
540;-1.10002;9.733042;0.645553;-0.009056;-0.008073;-0.001603;-0.242121;-0.705063;-0.248295
541;-1.144938;9.755693;0.637383;-0.003477;0.022323;-0.006823;-0.240978;-0.706799;-0.249724
542;-1.182347;9.748164;0.70398;-0.021677;0.002656;-0.001467;-0.241278;-0.705042;-0.249767
543;-1.129885;9.732792;0.75713;-0.011789;0.000919;0.000286;-0.242085;-0.705863;-0.249778
544;-1.069954;9.732508;0.758142;0.001898;-0.015475;-0.014354;-0.242653;-0.705866;-0.250069
545;-0.942736;9.694838;0.677997;0.011712;-0.021561;-0.005425;-0.243988;-0.706558;-0.249828
546;-1.062576;9.785552;0.534246;0.014644;0.003403;-0.014265;-0.241852;-0.706666;-0.250437
547;-1.07008;9.778116;0.534099;-0.016205;0.018842;0.001293;-0.243388;-0.705342;-0.248877
548;-1.152402;9.748101;0.682069;-0.016102;0.01324;-0.010467;-0.243717;-0.705745;-0.249698
549;-1.264724;9.733403;0.762325;-0.001577;0.000552;-0.021394;-0.242728;-0.706024;-0.247479
550;-1.174833;9.725481;0.771295;0.003773;0.002449;-0.016004;-0.242342;-0.706272;-0.249642
551;-1.10003;9.703001;0.690305;-2.9e-05;-0.020664;-0.005326;-0.242392;-0.705201;-0.248301
552;-1.070056;9.747946;0.616211;-0.007992;-0.010108;-0.013391;-0.242237;-0.706268;-0.250048
553;-1.272265;9.748668;0.680045;0.012655;-0.018849;-0.008894;-0.241497;-0.70451;-0.248967
554;-1.054963;9.785047;0.668871;-0.012748;-0.054798;-0.006449;-0.243163;-0.705755;-0.247771
555;-0.650601;9.791334;0.466502;-0.069274;-0.001499;-0.014262;-0.243521;-0.707641;-0.249246
556;-0.935299;9.762693;0.491502;-0.03384;0.034339;-0.024845;-0.243157;-0.70505;-0.251192
557;-1.219893;9.703568;0.688281;0.01467;0.042948;-0.010314;-0.242166;-0.70599;-0.250869
558;-1.422092;9.734331;0.707363;-0.02699;0.049347;0.000767;-0.24175;-0.706391;-0.250848
559;-1.249594;9.792917;0.815046;-0.099167;0.039955;-0.004618;-0.240241;-0.704996;-0.254096
560;-1.122508;9.552723;0.965989;-0.054105;0.027526;-0.004854;-0.240358;-0.704564;-0.25738
561;-1.114945;9.635129;0.891618;0.034067;-0.01491;0.007302;-0.241947;-0.704735;-0.254975
562;-1.099809;9.822457;0.713047;0.003507;-0.018748;0.000101;-0.241916;-0.704063;-0.254442
563;-1.055026;9.747692;0.66877;-0.034199;-0.020985;-0.014309;-0.241311;-0.704994;-0.255631
564;-1.070019;9.717723;0.713268;0.034179;0.011995;0.008363;-0.242541;-0.703806;-0.25365
565;-1.114868;9.785226;0.697748;0.014346;-0.000704;0.00382;-0.241909;-0.706781;-0.253027
566;-1.144947;9.718129;0.697059;-0.003551;0.006205;-0.006024;-0.241115;-0.704338;-0.252911
567;-1.174847;9.733056;0.741427;0.005483;0.000812;-0.008784;-0.239967;-0.705278;-0.25231
568;-1.122448;9.732965;0.697479;0.018074;-0.006269;-0.00617;-0.241117;-0.704878;-0.253037
569;-1.055031;9.79283;0.579226;-0.012635;-0.011717;-0.003449;-0.241282;-0.705973;-0.251794
570;-1.025108;9.747733;0.61697;-0.016157;0.007922;-0.006033;-0.241282;-0.705973;-0.251794
571;-1.002678;9.72524;0.609817;-0.00165;0.016876;-0.00873;-0.241936;-0.705847;-0.251409
572;-1.085012;9.747912;0.645847;-0.010665;0.020432;-0.009556;-0.241546;-0.70449;-0.251422
573;-1.189887;9.70327;0.73362;-0.001669;0.0313;-0.006746;-0.240917;-0.706369;-0.252457
574;-1.302185;9.703514;0.813917;6.9e-05;0.016993;-0.006799;-0.241762;-0.706105;-0.252762
575;-1.159797;9.732724;0.816401;-0.003645;0.017106;0.001291;-0.241523;-0.705153;-0.253045
576;-1.114914;9.717727;0.772287;-0.021701;-0.000952;-0.001517;-0.240573;-0.704738;-0.253022
577;-1.159908;9.763235;0.637151;3e-06;-0.017077;-0.006184;-0.24107;-0.705288;-0.252482
578;-1.294774;9.763951;0.612457;-0.036029;-0.013677;-0.01054;-0.241563;-0.704759;-0.251691
579;-1.189814;9.702983;0.815814;-0.049031;-0.040284;0.007364;-0.242775;-0.704202;-0.255013
580;-0.860149;9.753901;0.769217;-0.045319;-0.047678;-6.8e-05;-0.242193;-0.704321;-0.256355
581;-0.740528;9.694116;0.614163;-0.012504;-0.002992;-0.010752;-0.241926;-0.704738;-0.254702
582;-0.897696;9.837147;0.514755;0.018268;0.020474;-0.010612;-0.242996;-0.703535;-0.254215
583;-1.159974;9.688291;0.704197;0.016417;0.040322;-0.006742;-0.241901;-0.704335;-0.2543
584;-1.332085;9.718441;0.858284;0.027018;0.035282;0.005931;-0.2412;-0.70502;-0.252355
585;-1.399466;9.696034;0.946751;0.005432;-0.004551;-0.010533;-0.24012;-0.705548;-0.252582
586;-1.249743;9.68822;0.84465;0.019595;-0.01847;0.009176;-0.242563;-0.705305;-0.252395
587;-1.040045;9.762668;0.639175;0.01981;-0.039463;-0.007336;-0.241319;-0.705564;-0.252212
588;-0.920288;9.807631;0.439572;0.013437;-0.034844;0.001703;-0.241296;-0.705026;-0.251813
589;-0.987714;9.838042;0.378738;-0.007148;-0.004534;-0.003445;-0.243015;-0.70613;-0.251303
590;-1.070054;9.793058;0.53414;-0.072998;0.013127;-0.004937;-0.243105;-0.705581;-0.252407
591;-1.144867;9.717816;0.786725;-0.048584;0.032868;-0.008448;-0.241631;-0.704347;-0.252519
592;-1.19726;9.657722;0.950065;-0.02883;0.028538;-0.004883;-0.241767;-0.704874;-0.254422
593;-1.189724;9.680074;0.957724;-0.01099;-0.00079;0.003918;-0.241578;-0.703376;-0.255262
594;-1.144852;9.702718;0.831517;0.005508;-0.004671;-0.013354;-0.242614;-0.705825;-0.254977
595;-1.129907;9.747916;0.704866;0.021635;-0.009784;-0.003487;-0.242643;-0.705281;-0.255261
596;-1.085;9.762906;0.630943;0.014547;-0.004589;-0.01069;-0.241705;-0.705555;-0.253725
597;-1.085009;9.777979;0.593623;0.001864;-0.015351;-0.008922;-0.241518;-0.706385;-0.251385
598;-1.099978;9.777997;0.608315;-0.007305;-0.000765;0.004771;-0.242777;-0.706529;-0.251833
599;-1.099996;9.755507;0.63067;-0.010752;0.002566;-0.006956;-0.242431;-0.706384;-0.252642
600;-1.09995;9.762847;0.668051;-0.012718;0.017193;0.007619;-0.240673;-0.705974;-0.250956
601;-1.122447;9.725442;0.712403;-0.023484;0.009839;0.000371;-0.242035;-0.706108;-0.252771
602;-1.129902;9.702777;0.79441;-0.014546;0.00367;0.00393;-0.241;-0.705686;-0.253427
603;-1.122392;9.71771;0.787105;-0.011563;-0.003038;-0.017833;-0.24143;-0.704337;-0.253466
604;-1.107438;9.73279;0.727621;-5.5e-05;-0.009834;-0.001633;-0.241376;-0.705153;-0.252904
605;-1.11497;9.732982;0.682661;-0.008863;0.002427;-0.01419;-0.241442;-0.704876;-0.253729
606;-1.144884;9.755484;0.697161;0.000902;0.002711;-0.002442;-0.241389;-0.705692;-0.253167
607;-1.122447;9.725442;0.712403;-0.01098;0.006485;0.009363;-0.241832;-0.705708;-0.251818
608;-1.099923;9.762742;0.69794;-0.007077;-0.002949;-0.014237;-0.241824;-0.706249;-0.251807
609;-1.040095;9.732784;0.639093;0.003776;0.015076;-0.010549;-0.242776;-0.705028;-0.253361
610;-1.099965;9.777946;0.623259;-0.003471;0.006105;-0.010569;-0.241907;-0.706241;-0.252901
611;-1.129891;9.785454;0.652662;-0.023274;0.010447;-0.014097;-0.24119;-0.705021;-0.252219
612;-1.129937;9.717955;0.727201;-0.018762;-0.008473;-0.019658;-0.242002;-0.705571;-0.252235
613;-1.09992;9.73265;0.757636;-0.008791;-0.00852;-0.023314;-0.24167;-0.705829;-0.25331
614;-1.174873;9.718115;0.741386;2.2e-05;-0.006342;-0.007009;-0.242543;-0.706658;-0.252368
615;-1.174881;9.733187;0.704066;-0.007354;-0.004316;0.005685;-0.241663;-0.70652;-0.251524
616;-1.114908;9.77786;0.667839;-0.015358;-0.017129;-0.005261;-0.241791;-0.705036;-0.251147
617;-1.15997;9.718357;0.651973;-0.003483;-0.010983;-0.014274;-0.241414;-0.705569;-0.25167
618;-1.309675;9.688503;0.843638;0.028071;-0.013561;-0.016113;-0.240534;-0.706107;-0.250949
619;-0.995029;9.762194;0.714655;-0.010071;-0.050271;-0.003735;-0.243166;-0.70586;-0.25145
620;-0.725559;9.761779;0.472628;-0.04128;0.021105;-0.01053;-0.241402;-0.706381;-0.251654
621;-1.040071;9.755249;0.62421;0.012951;0.043699;-0.014904;-0.241814;-0.706775;-0.253569
622;-1.309779;9.718987;0.671859;0.036264;0.020647;-0.01048;-0.24152;-0.7076;-0.251635
623;-1.354573;9.838918;0.619121;-0.043287;0.024178;0.000606;-0.242685;-0.705052;-0.250359
624;-1.144804;9.762693;0.771903;-0.108955;0.028896;-0.016469;-0.24004;-0.705661;-0.255168
625;-1.100056;9.507583;1.026024;-0.015679;0.017419;0.020302;-0.240474;-0.703216;-0.256865
626;-1.159737;9.73249;0.883651;0.061105;-0.011137;0.010893;-0.241351;-0.705125;-0.256175
627;-1.15973;9.852781;0.667284;-0.030515;-0.019259;-0.019694;-0.241202;-0.70541;-0.254256
628;-1.055202;9.635576;0.683409;-0.02346;-0.010008;-0.005213;-0.240949;-0.705405;-0.254521
629;-1.092406;9.777649;0.698107;0.043171;-0.004116;0.007335;-0.242418;-0.70637;-0.254278
630;-1.062496;9.792762;0.608988;1.8e-05;-0.011706;-0.005285;-0.243297;-0.704631;-0.252977
631;-1.10002;9.733042;0.645553;-0.030761;0.018024;0.00767;-0.240633;-0.704867;-0.253839
632;-1.12994;9.740523;0.682429;-0.001751;0.007123;-0.005125;-0.240188;-0.705136;-0.25341
633;-1.159907;9.748189;0.666999;-0.010931;0.011839;0.007604;-0.24115;-0.70474;-0.25345
634;-1.144843;9.747805;0.756918;-0.043225;0.007775;-0.009535;-0.241253;-0.70473;-0.254816
635;-1.114948;9.657699;0.846846;-0.014394;0.013319;-0.005959;-0.240812;-0.704579;-0.256168
636;-1.122394;9.732756;0.757257;0.014442;-0.008974;-0.006179;-0.240464;-0.703367;-0.254953
637;-1.114847;9.777624;0.735089;0.005568;-0.004729;-0.016083;-0.241763;-0.704469;-0.254293
638;-1.085002;9.717793;0.713015;0.001738;-0.007108;0.000181;-0.240916;-0.704868;-0.253985
639;-1.084965;9.747729;0.698152;0.007319;0.006173;-0.00879;-0.241704;-0.706366;-0.253846
640;-1.099962;9.755376;0.668031;0.014477;0.011712;-0.002434;-0.241673;-0.705844;-0.251537
641;-1.129939;9.733001;0.697353;0.00367;0.006228;-0.006048;-0.241631;-0.706373;-0.252889
642;-1.144898;9.755536;0.682216;-0.0072;0.004456;-0.003315;-0.241561;-0.70557;-0.251811
643;-1.077499;9.732752;0.698238;-0.019815;0.01156;-0.003263;-0.241345;-0.70448;-0.25237
644;-1.099948;9.747801;0.697899;-0.007266;0.007241;0.002113;-0.241793;-0.706102;-0.253172
645;-1.122513;9.71818;0.652605;-0.021568;0.025908;-0.003144;-0.241378;-0.705017;-0.252907
646;-1.137407;9.763024;0.667419;-0.03421;0.013263;-0.005907;-0.241345;-0.705681;-0.254392
647;-1.219801;9.778408;0.651124;-0.033349;0.00345;-0.005036;-0.242069;-0.705009;-0.254838
648;-1.377076;9.733857;0.782844;-0.056016;-0.010004;-0.003194;-0.24184;-0.705542;-0.255502
649;-1.242187;9.642811;1.00157;-0.053668;-0.041979;0.012816;-0.242277;-0.704177;-0.257451
650;-0.86015;9.641107;0.978133;-0.011138;-0.045661;0.005294;-0.243677;-0.704728;-0.258032
651;-0.740369;9.716058;0.748723;0.0416;-0.033384;-0.016515;-0.244203;-0.70421;-0.255878
652;-0.912711;9.822302;0.506989;0.083312;-0.000977;-0.019954;-0.242689;-0.705307;-0.252263
653;-1.085092;9.800861;0.459185;0.050782;0.026026;-0.010577;-0.241961;-0.706926;-0.251935
654;-1.249834;9.778811;0.575896;0.027188;0.02792;-0.003201;-0.242047;-0.707082;-0.249481
655;-1.324666;9.763806;0.694145;-0.001839;0.022598;0.004103;-0.242129;-0.705723;-0.250328
656;-1.204825;9.718204;0.755824;-0.040521;0.011406;-0.008587;-0.241822;-0.705859;-0.249906
657;-1.092492;9.702783;0.742737;-0.033445;0.00083;0.000324;-0.241973;-0.704763;-0.251704
658;-1.010091;9.747532;0.654584;-0.032518;-0.007288;-0.001578;-0.243048;-0.705316;-0.251592
659;-1.025051;9.777591;0.624524;-0.021662;-0.000969;-0.001557;-0.242822;-0.70693;-0.252509
660;-1.069996;9.747711;0.683461;-0.014193;0.013973;-0.017736;-0.241921;-0.705294;-0.252919
661;-1.174883;9.695598;0.771214;-0.021539;0.013221;-0.010442;-0.242254;-0.706101;-0.253869
662;-1.182297;9.717889;0.815981;-0.009052;0.008074;-0.00146;-0.242819;-0.704889;-0.253911
663;-1.159861;9.702893;0.801376;-0.008039;0.010613;-0.00869;-0.241987;-0.705017;-0.253744
664;-1.129899;9.732843;0.742186;0.005598;0.006029;-0.016004;-0.24041;-0.706495;-0.252983
665;-1.099931;9.770291;0.675544;0.010734;0.004694;0.005668;-0.240047;-0.706081;-0.253524
666;-1.070011;9.76281;0.638669;-0.001838;0.00636;0.00208;-0.240886;-0.705697;-0.251923
667;-1.084985;9.747808;0.675736;0.00371;-0.015441;-0.013448;-0.240695;-0.70366;-0.252637
668;-1.099986;9.725388;0.697838;-0.014414;0.007104;-0.003297;-0.240068;-0.706229;-0.252022
669;-1.114975;9.725485;0.690113;-0.007192;0.015239;-0.001445;-0.241957;-0.706521;-0.251806
670;-1.159865;9.740509;0.726756;-0.014345;0.000699;-0.010551;-0.241126;-0.705838;-0.251519
671;-1.129913;9.740419;0.712317;-0.010985;0.001091;0.008425;-0.24124;-0.705151;-0.252899
672;-1.099959;9.725284;0.727727;-0.012773;0.007349;0.008459;-0.242412;-0.704899;-0.252125
673;-1.092442;9.732666;0.742818;-0.015488;0.010043;0.009385;-0.241153;-0.704755;-0.251677
674;-1.069971;9.762652;0.683502;-0.004363;-0.00655;-0.015185;-0.2435;-0.705706;-0.254054
675;-1.099975;9.747905;0.668011;0.005442;0.00449;-0.003364;-0.243057;-0.705165;-0.253504
676;-1.144924;9.748117;0.667252;0.002897;0.002443;-0.016016;-0.241567;-0.705839;-0.251943
677;-1.144883;9.747961;0.712085;-0.014374;-0.006456;-0.009701;-0.241702;-0.705976;-0.251945
678;-1.129912;9.732896;0.727241;-0.0215;0.005968;-0.014129;-0.241749;-0.70489;-0.252376
679;-1.069981;9.732613;0.728253;-0.010731;0.000686;-0.010597;-0.240774;-0.705423;-0.252197
680;-1.099948;9.747801;0.697899;-0.014481;0.000904;0.000279;-0.241571;-0.70677;-0.25397
681;-1.099935;9.747748;0.712844;-0.001749;0.001699;-0.006983;-0.242747;-0.705571;-0.253077
682;-1.114954;9.717883;0.727454;-0.010946;0.010926;0.007581;-0.242262;-0.70556;-0.25388
683;-1.144883;9.747961;0.712085;-0.000796;0.007037;-0.009644;-0.241045;-0.70421;-0.251957
684;-1.099936;9.755271;0.69792;-0.012514;0.006068;-0.010545;-0.242517;-0.705429;-0.253618
685;-1.084965;9.747729;0.698152;-0.010767;-0.013648;-0.010687;-0.243148;-0.705291;-0.254732
686;-1.092495;9.732876;0.683041;-0.014326;0.002474;-0.010567;-0.241343;-0.704466;-0.254143
687;-1.062481;9.777663;0.65378;-0.025181;-0.008327;-0.010627;-0.24298;-0.704617;-0.254194
688;-1.055062;9.70271;0.713481;-0.029697;0.011442;-0.006866;-0.241626;-0.704467;-0.254288
689;-1.182309;9.702895;0.830885;3.7e-05;0.009807;-0.005992;-0.241338;-0.703911;-0.255789
690;-1.204706;9.672622;0.972395;-0.008122;-0.002827;-0.008759;-0.240947;-0.704865;-0.254395
691;-1.100014;9.612698;0.876865;0.007142;-0.014337;-0.003488;-0.241065;-0.705409;-0.254252
692;-1.099938;9.777841;0.653148;0.039699;-0.022326;-0.006342;-0.242241;-0.704886;-0.253483
693;-1.100007;9.793148;0.548578;0.016145;-0.006931;0.005576;-0.241594;-0.704756;-0.252101
694;-1.040089;9.80044;0.519722;-0.017182;0.004546;0.0039;-0.24145;-0.705446;-0.25031
695;-1.085009;9.777979;0.593623;-0.03324;0.016785;-0.008622;-0.242093;-0.705171;-0.251564
696;-1.084989;9.717741;0.72796;-0.018841;0.013245;-0.008677;-0.242751;-0.704625;-0.252959
697;-1.144827;9.725183;0.816634;-0.040455;0.000465;-0.016825;-0.24101;-0.705009;-0.25344
698;-1.152356;9.702806;0.816447;-0.028963;-0.002726;0.000314;-0.241544;-0.705151;-0.253318
699;-1.114891;9.747715;0.742479;-0.002834;-0.00794;0.003816;-0.241235;-0.705947;-0.254793
700;-1.092469;9.732771;0.712929;0.003627;0.004479;-0.003362;-0.242216;-0.704333;-0.254856
701;-1.070047;9.72535;0.668456;0.001935;0.006114;-0.010592;-0.241579;-0.704877;-0.253734
702;-1.084955;9.77777;0.653401;-0.009917;0.014363;0.00035;-0.240991;-0.704876;-0.253169
703;-1.144883;9.747961;0.712085;-0.001775;-0.006355;-0.007018;-0.241792;-0.704601;-0.2547
704;-1.114916;9.732773;0.742439;-0.014406;0.01338;-0.003249;-0.243496;-0.704626;-0.253802
705;-1.069979;9.717566;0.758101;-0.008951;0.015124;-0.005982;-0.241909;-0.703118;-0.254187
706;-1.114934;9.717805;0.74987;0.009028;0.00721;-0.002442;-0.241701;-0.70515;-0.253596
707;-1.144909;9.733019;0.712044;0.021837;0.009717;-0.014204;-0.24103;-0.704332;-0.25359
708;-1.144852;9.7704;0.704674;0.007414;-0.001164;-0.017861;-0.241194;-0.704751;-0.252224
709;-1.085029;9.717898;0.683127;0.000239;0.011341;-0.017782;-0.243559;-0.706121;-0.253094
710;-1.084966;9.755253;0.683228;0.005525;0.000753;-0.010631;-0.242002;-0.705571;-0.252235
711;-1.099941;9.747774;0.705372;0.006438;0.006137;-0.010591;-0.241769;-0.704213;-0.252526
712;-1.114956;9.732929;0.697606;-0.008894;0.00967;-0.010523;-0.241179;-0.706659;-0.250551
713;-1.12245;9.755534;0.652707;0.003568;0.000998;0.001149;-0.241025;-0.706914;-0.252177
714;-1.144964;9.748274;0.622419;-0.010752;0.002579;-0.006937;-0.241224;-0.705033;-0.250856
715;-1.129942;9.763093;0.637657;-0.019777;0.007937;-0.005981;-0.240744;-0.707453;-0.252157
716;-1.14492;9.718025;0.726948;-0.023518;0.008089;0.002178;-0.240449;-0.705425;-0.251505
717;-1.122427;9.732886;0.719896;-0.030685;0.016983;0.000436;-0.240807;-0.705285;-0.25261
718;-1.099958;9.71776;0.742651;-0.008912;0.015078;-0.008683;-0.240902;-0.704465;-0.253719
719;-1.099931;9.717655;0.77254;-0.007224;0.010749;-0.00148;-0.240071;-0.704457;-0.253556
720;-1.144868;9.732862;0.756877;-0.004649;-0.009732;0.003821;-0.240222;-0.704187;-0.253702
721;-1.144858;9.762903;0.712125;9.3e-05;0.002559;-0.009677;-0.241083;-0.705828;-0.252745
722;-1.129926;9.732948;0.712297;0.001615;0.001192;0.011108;-0.240461;-0.704614;-0.251521
723;-1.114981;9.717988;0.697565;0.018054;0.007265;-0.00156;-0.241405;-0.70596;-0.253435
724;-1.129927;9.747994;0.682449;0.007182;0.004597;0.001167;-0.241574;-0.706109;-0.252074
725;-1.099995;9.747983;0.645594;-0.003569;0.011647;-0.00239;-0.242079;-0.706118;-0.251545
726;-1.04002;9.777609;0.639215;-0.008928;-0.007377;-0.01067;-0.241563;-0.705434;-0.251814
727;-1.070036;9.747868;0.638628;0.000875;0.008162;0.002086;-0.24234;-0.705582;-0.251291
728;-1.129921;9.755491;0.674997;-0.018071;0.006278;0.000336;-0.24206;-0.704634;-0.251028
729;-1.174822;9.747998;0.741467;-0.021379;0.007588;-0.023145;-0.242699;-0.705306;-0.252399
730;-1.174846;9.71801;0.771275;-0.011762;-0.00452;-0.003349;-0.241635;-0.706103;-0.252894
731;-1.084937;9.732579;0.757889;0.005413;-0.006311;-0.00525;-0.241519;-0.704898;-0.251141
732;-1.070003;9.747737;0.675989;0.007182;-0.008919;-0.001661;-0.241329;-0.704887;-0.252226
733;-1.129962;9.763171;0.61524;-0.002724;0.002753;0.000274;-0.240857;-0.704889;-0.251392
734;-1.144925;9.763164;0.637404;-0.014396;0.00081;-0.005131;-0.241855;-0.706246;-0.252217
735;-1.129914;9.747942;0.697393;-0.027161;0.002732;0.003953;-0.243569;-0.706795;-0.253354
736;-1.099931;9.717655;0.77254;-0.011691;0.009762;-0.005094;-0.241915;-0.705699;-0.252911
737;-1.099935;9.747748;0.712844;-0.019701;0.002382;-0.01417;-0.242714;-0.70571;-0.252665
738;-1.09247;9.747817;0.683082;-0.01793;-0.007453;-0.013339;-0.242184;-0.705973;-0.252915
739;-1.122448;9.732965;0.697479;-0.023397;0.013315;-0.005033;-0.241985;-0.705152;-0.253742
740;-1.137404;9.732931;0.727115;-0.008957;0.011559;-0.005979;-0.241062;-0.706505;-0.252595
741;-1.129911;9.71785;0.757089;-0.003579;-0.002783;-0.006994;-0.240917;-0.705018;-0.25221
742;-1.099946;9.732754;0.727747;0.001034;-0.004713;-0.014268;-0.242091;-0.705982;-0.251685
743;-1.114932;9.755394;0.682722;0.003796;0.00604;-0.015102;-0.24125;-0.70515;-0.253036
744;-1.114959;9.763022;0.63791;-0.010699;-0.015521;-0.015211;-0.24098;-0.706513;-0.251502
745;-1.08498;9.755305;0.668284;-0.025291;-0.00276;-0.001534;-0.240788;-0.704476;-0.252216
746;-1.099973;9.732859;0.697859;3.6e-05;0.009846;-0.003314;-0.242275;-0.705573;-0.252244
747;-1.129937;9.717955;0.727201;0.003712;0.006152;-0.009666;-0.240368;-0.705148;-0.252189
748;-1.144909;9.733019;0.712044;-0.009154;-0.002539;0.005689;-0.241919;-0.705429;-0.252916
749;-1.114943;9.732878;0.71255;-0.007156;-0.011835;-0.010671;-0.243414;-0.705985;-0.252955
750;-1.129888;9.755361;0.712358;-0.003633;-0.008085;-0.003413;-0.241426;-0.704757;-0.251686
751;-1.099948;9.747801;0.697899;0.009002;-0.009838;-0.003468;-0.2415;-0.704615;-0.252646
752;-1.114951;9.74795;0.67523;0.002879;0.00066;-0.015135;-0.241848;-0.70395;-0.251715
753;-1.159867;9.755555;0.696908;-0.002745;0.002757;0.000287;-0.241957;-0.706521;-0.251806
754;-1.09248;9.717777;0.727833;-0.014372;0.007027;-0.006918;-0.24332;-0.704493;-0.253253
755;-1.099946;9.732754;0.727747;0.00567;0.004119;-0.021456;-0.242759;-0.705435;-0.253217
756;-1.122448;9.732965;0.697479;-0.001832;-0.002665;-0.001575;-0.241297;-0.70474;-0.253591
757;-1.114924;9.747846;0.705119;-0.014427;0.011627;-0.001452;-0.240898;-0.704885;-0.251939
758;-1.114955;9.725407;0.71253;-0.001644;0.004245;-0.014195;-0.24184;-0.705166;-0.251828
759;-1.122446;9.717918;0.727327;0.002743;0.004446;-0.005156;-0.243123;-0.705564;-0.254453
760;-1.099935;9.747748;0.712844;-0.007226;-0.002729;-0.003381;-0.240865;-0.705699;-0.25165
761;-1.129939;9.733001;0.697353;-0.012577;0.009771;-0.00508;-0.240979;-0.705162;-0.251255
762;-1.099973;9.732859;0.697859;-0.003677;-0.008019;0.000193;-0.242006;-0.705976;-0.252364
763;-1.062535;9.717713;0.705923;0.003624;0.002678;-0.003386;-0.2426;-0.705571;-0.252936
764;-1.129908;9.755439;0.689942;-0.003443;0.00064;-0.015114;-0.241443;-0.705701;-0.252078
765;-1.152413;9.733107;0.696973;2.8e-05;-3.5e-05;-0.005168;-0.241468;-0.705429;-0.252356
766;-1.099972;9.717813;0.727707;-0.014404;0.004377;-0.005124;-0.241312;-0.704619;-0.251958
767;-1.122433;9.717867;0.742271;-0.014209;-0.010326;-0.023303;-0.240906;-0.704869;-0.253848
768;-1.122434;9.732913;0.712424;-0.019796;0.003431;-0.006917;-0.241788;-0.704346;-0.252796
769;-1.092477;9.747844;0.675609;-0.023482;-0.000959;-0.001523;-0.244024;-0.705174;-0.253672
770;-1.09998;9.732884;0.690386;-0.014339;-0.001109;-0.010588;-0.241697;-0.705421;-0.253591
771;-1.129905;9.73287;0.734714;0.010867;0.013478;-0.003304;-0.241693;-0.705016;-0.253462
772;-1.114904;9.747766;0.727535;0.01624;0.002757;-0.002491;-0.241954;-0.705155;-0.253332
773;-1.159891;9.725567;0.726715;-0.000893;0.004481;-0.003323;-0.241339;-0.705562;-0.252486
774;-1.174785;9.777934;0.726605;-0.001828;-0.02248;-0.007114;-0.241746;-0.706662;-0.250842
775;-1.070026;9.717749;0.705796;-0.000945;-0.008055;-0.001634;-0.241883;-0.704352;-0.252254
776;-1.084994;9.76288;0.638416;-0.030559;0.011415;-0.008663;-0.242151;-0.70476;-0.252255
777;-1.249768;9.786073;0.635694;-0.017956;0.015148;-0.005889;-0.243556;-0.704905;-0.252844
778;-1.339594;9.748622;0.783517;-0.030831;-0.015188;0.00212;-0.243167;-0.704899;-0.253104
779;-1.174842;9.680394;0.845895;-0.045279;-0.015292;0.00209;-0.240922;-0.704462;-0.253993
780;-0.920139;9.731851;0.745728;-0.033469;-0.013577;-0.000749;-0.242291;-0.705016;-0.254164
781;-0.860239;9.776811;0.627307;-0.01253;0.00787;-0.007015;-0.241502;-0.703654;-0.2543
782;-0.995122;9.747513;0.639893;0.002891;0.020438;-0.010531;-0.242332;-0.703661;-0.254463
783;-1.159891;9.725567;0.726715;-0.000785;0.024125;-0.00681;-0.241922;-0.705008;-0.254697
784;-1.30965;9.703445;0.843679;0.014378;0.024438;0.004072;-0.241336;-0.704196;-0.254011
785;-1.302105;9.703201;0.903583;-0.018044;0.011582;-0.004981;-0.240837;-0.704981;-0.25657
786;-1.144887;9.657736;0.876228;0.010731;-0.012481;-0.001658;-0.241479;-0.705142;-0.254271
787;-1.002547;9.75481;0.699564;0.036105;-0.018803;-0.007253;-0.241452;-0.704199;-0.253742
788;-1.010123;9.792775;0.535152;0.02067;-0.01325;0.003676;-0.241403;-0.706096;-0.253432
789;-1.085059;9.808254;0.481622;0.003597;-0.011588;-0.000763;-0.242153;-0.7053;-0.252381
790;-1.144902;9.793152;0.607596;-0.021675;0.019791;0.004057;-0.242704;-0.705035;-0.252404
791;-1.129897;9.717797;0.772034;-0.040553;0.016835;-0.004963;-0.241943;-0.705156;-0.253195
792;-1.174802;9.687761;0.875804;-0.017137;0.016965;-0.003191;-0.241569;-0.704878;-0.253597
793;-1.152356;9.695282;0.831371;-0.017921;-0.008414;-0.016936;-0.240791;-0.70338;-0.253873
794;-1.114904;9.747766;0.727535;0.007386;-0.001137;-0.016063;-0.24033;-0.704582;-0.255198
795;-1.092458;9.762812;0.668178;-0.007102;0.002502;-0.010586;-0.243434;-0.705158;-0.25488
796;-1.099988;9.747957;0.653066;0.001965;-0.001121;-0.014247;-0.242852;-0.704075;-0.2542
797;-1.114929;9.732825;0.727494;-0.007345;0.011854;0.008482;-0.241446;-0.704605;-0.253735
798;-1.129886;9.740314;0.742206;-0.00726;0.000918;-0.00063;-0.241682;-0.704342;-0.253202
799;-1.122427;9.732886;0.719896;-0.007264;0.001832;0.000277;-0.243669;-0.703543;-0.254101
800;-1.122409;9.747854;0.712464;-0.026976;0.000643;-0.010536;-0.243641;-0.704762;-0.25394
801;-1.092475;9.732797;0.705457;-0.009032;0.00447;-0.001522;-0.242212;-0.704604;-0.25485
802;-1.12242;9.725337;0.742292;-0.003473;0.015067;-0.010497;-0.241676;-0.703922;-0.254846
803;-1.152373;9.73295;0.741806;-0.012441;0.010451;-0.01592;-0.241649;-0.703654;-0.254441
804;-1.129871;9.725216;0.786998;-0.011842;0.009991;0.005774;-0.240314;-0.704989;-0.255053
805;-1.129884;9.717745;0.786978;0.005348;-0.000812;0.000233;-0.242893;-0.704746;-0.25487
806;-1.09992;9.73265;0.757636;0.007265;0.005333;-0.006075;-0.241022;-0.704873;-0.253579
807;-1.09996;9.732806;0.712803;0.010885;0.000849;-0.007019;-0.242659;-0.704349;-0.253507
808;-1.144922;9.733071;0.6971;0.0181;0.0027;-0.006101;-0.240848;-0.704605;-0.253033
809;-1.14495;9.740699;0.652287;0.003627;-0.011691;-0.006162;-0.241469;-0.704618;-0.252235
810;-1.122437;9.755482;0.667652;-0.014448;0.009875;0.000348;-0.240993;-0.705416;-0.253295
811;-1.114931;9.747871;0.697646;-0.008086;0.010717;-0.003283;-0.243295;-0.704766;-0.252974
812;-1.09994;9.732728;0.73522;-0.014371;0.007925;-0.006909;-0.241246;-0.704745;-0.252907
813;-1.099936;9.762794;0.682996;-0.010774;0.003478;-0.006045;-0.241123;-0.703797;-0.252921
814;-1.144865;9.762929;0.704653;-0.016009;-0.003117;-0.021434;-0.240905;-0.70583;-0.252194
815;-1.174847;9.725533;0.756351;-0.014353;0.000701;-0.010544;-0.241917;-0.704889;-0.25279
816;-1.144843;9.747805;0.756918;-0.030587;0.004218;-0.010494;-0.241515;-0.705019;-0.252911
817;-1.114954;9.717883;0.727454;-0.003596;0.005354;-0.003328;-0.242635;-0.703946;-0.253105
818;-1.114901;9.777833;0.675311;-0.012694;-0.00265;0.00116;-0.242565;-0.704494;-0.252274
819;-1.070024;9.762861;0.623724;-0.014379;0.004375;-0.005138;-0.242119;-0.705289;-0.253744
820;-1.099935;9.747748;0.712844;-0.003627;0.009906;0.000313;-0.241024;-0.704738;-0.253582
821;-1.15985;9.717887;0.786472;0.003797;0.011406;-0.01595;-0.240846;-0.70474;-0.253031
822;-1.174806;9.717854;0.816108;-0.01278;0.001036;0.005735;-0.240047;-0.70473;-0.253277
823;-1.114889;9.732668;0.772327;-0.010862;-0.006326;-0.003389;-0.241245;-0.703244;-0.254436
824;-1.09996;9.732806;0.712803;0.005488;-0.001;-0.008827;-0.242647;-0.704485;-0.253367
825;-1.114931;9.747871;0.697646;0.012741;0.000787;-0.010636;-0.242436;-0.705302;-0.252527
826;-1.144911;9.755589;0.667272;0.000838;-0.000781;0.002057;-0.24095;-0.705556;-0.252746
827;-1.114956;9.732929;0.697606;-0.001738;0.004393;-0.006958;-0.243399;-0.704906;-0.252566
828;-1.092469;9.732771;0.712929;-0.000959;-0.011634;-0.001649;-0.242227;-0.704632;-0.251442
829;-1.099962;9.747852;0.682955;-0.0108;-0.000985;-0.00517;-0.2432;-0.705436;-0.25364
830;-1.09996;9.732806;0.712803;-3e-06;-0.001806;-0.003392;-0.243231;-0.704082;-0.253803
831;-1.1299;9.74789;0.712338;-0.012686;0.007229;0.002138;-0.243076;-0.704623;-0.253652
832;-1.09994;9.732728;0.73522;0.001859;0.002607;-0.006985;-0.243742;-0.704361;-0.253406
833;-1.114935;9.725328;0.734946;-0.00897;-0.004635;-0.008809;-0.24143;-0.705012;-0.25359
834;-1.114918;9.747819;0.712591;0.00528;-0.013286;0.00376;-0.242009;-0.704879;-0.254021
835;-1.114918;9.747819;0.712591;-0.010783;-0.001019;-0.006972;-0.241477;-0.703251;-0.253898
836;-1.122409;9.747854;0.712464;-0.00332;-0.001358;-0.02508;-0.241964;-0.703803;-0.253222
837;-1.129887;9.747838;0.727282;-0.007258;0.004523;0.000298;-0.243125;-0.704753;-0.254332
838;-1.122396;9.747803;0.727409;-0.010866;0.013507;0.002173;-0.242015;-0.704473;-0.254028
839;-1.129905;9.73287;0.734714;-0.014437;0.00263;-0.003314;-0.23985;-0.704449;-0.25423
840;-1.114968;9.717936;0.712509;-0.025254;0.005275;-0.003276;-0.242854;-0.703939;-0.254203
841;-1.114923;9.732799;0.734967;0.001785;0.002722;-0.001551;-0.242287;-0.704611;-0.254035
842;-1.129952;9.733052;0.682408;-0.007183;0.009829;-0.003284;-0.242355;-0.703674;-0.252964
843;-1.122397;9.762849;0.697561;-0.004489;0.006251;-0.003319;-0.24195;-0.70475;-0.253203
844;-1.09996;9.732806;0.712803;-0.008936;0.016927;-0.005958;-0.241753;-0.705145;-0.25428
845;-1.144915;9.733046;0.704572;-0.005349;0.013387;-0.005068;-0.241703;-0.705691;-0.253722
846;-1.189812;9.748096;0.733742;-0.009076;0.001844;0.000309;-0.241606;-0.704469;-0.254015
847;-1.114941;9.717831;0.742398;-0.008198;0.000966;0.002081;-0.241529;-0.704747;-0.253053
848;-1.084965;9.747729;0.698152;0.002787;-0.008221;-0.010684;-0.241821;-0.704208;-0.253209
849;-1.122443;9.747985;0.675103;6.4e-05;0.009817;-0.005115;-0.243175;-0.705033;-0.253238
850;-1.152415;9.748153;0.667125;-0.00724;0.006325;0.000319;-0.242583;-0.705828;-0.254567
851;-1.129905;9.73287;0.734714;-0.023371;0.000657;-0.010541;-0.241873;-0.704878;-0.254016
852;-1.114939;9.702785;0.772246;-0.009973;-0.002701;-0.001557;-0.242703;-0.704885;-0.25418
853;-1.122382;9.74775;0.742353;-0.002746;-0.002671;-0.001573;-0.241906;-0.705415;-0.254552
854;-1.122404;9.762875;0.690088;-0.003609;0.006292;-0.001512;-0.242111;-0.704479;-0.253486
855;-1.099935;9.747748;0.712844;-0.012639;-0.001852;-0.003362;-0.241258;-0.705285;-0.25317
856;-1.077478;9.725151;0.735579;0.001879;0.000771;-0.008815;-0.241533;-0.703801;-0.252935
857;-1.159878;9.733038;0.726735;-0.012402;-0.010308;-0.023292;-0.241742;-0.703795;-0.253896
858;-1.152398;9.718008;0.741765;-8.4e-05;0.01092;0.004856;-0.241409;-0.70569;-0.25344
859;-1.099945;9.717708;0.757595;-0.010682;-0.004795;-0.016048;-0.241361;-0.704599;-0.254414
860;-1.084977;9.732736;0.713056;-0.003482;-0.002922;-0.013346;-0.243386;-0.704892;-0.254202
861;-1.084992;9.747834;0.668264;-0.017906;0.011423;-0.010502;-0.242566;-0.704208;-0.254052
862;-1.099923;9.762742;0.69794;-0.008839;0.003282;-0.016;-0.242322;-0.705013;-0.254574
863;-1.129887;9.747838;0.727282;-0.001883;-0.000798;0.002058;-0.241324;-0.705008;-0.253996
864;-1.144932;9.703031;0.741851;-0.017074;0.002513;-0.008728;-0.243229;-0.704217;-0.253801
865;-1.159851;9.732933;0.756624;0.002557;0.010128;0.009369;-0.242154;-0.70434;-0.254036
866;-1.12242;9.725337;0.742292;-0.009072;0.00272;0.000288;-0.241858;-0.704474;-0.253751
867;-1.144922;9.733071;0.6971;-0.014596;-0.004314;0.007499;-0.241543;-0.705001;-0.255093
868;-1.279759;9.718637;0.732143;-0.000223;-0.005943;0.011128;-0.242844;-0.705291;-0.254313
869;-1.144893;9.71792;0.756836;-0.025661;-0.029231;0.018215;-0.243264;-0.705295;-0.254463
870;-0.920103;9.776833;0.701017;-0.018908;-0.013687;-0.008928;-0.242163;-0.705825;-0.254416
871;-0.89037;9.694877;0.596688;-0.015118;0.004997;-0.016058;-0.242392;-0.704616;-0.253629
872;-1.025002;9.82252;0.594757;0.004635;0.029566;-0.003229;-0.243591;-0.703806;-0.254911
873;-1.182351;9.718098;0.756204;-0.001666;0.025882;-0.008595;-0.242066;-0.704754;-0.252934
874;-1.33961;9.718608;0.820797;-0.018008;0.009767;-0.006788;-0.242962;-0.70516;-0.254047
875;-1.249728;9.673121;0.889442;-0.016291;0.004459;-0.00234;-0.24123;-0.704041;-0.256192
876;-1.08495;9.672472;0.854865;0.005399;-0.011731;-0.007092;-0.243096;-0.703795;-0.255577
877;-1.002597;9.724927;0.699483;0.014454;-0.015298;-0.007175;-0.243227;-0.705028;-0.253921
878;-1.01011;9.800245;0.535172;0.014552;-0.011775;-0.010771;-0.241854;-0.704745;-0.253745
879;-1.099996;9.815665;0.51875;-0.00984;-0.002801;-0.006997;-0.242252;-0.70421;-0.253496
880;-1.159907;9.748189;0.666999;-0.043231;0.015028;-0.005863;-0.242206;-0.704334;-0.254719
881;-1.152343;9.702753;0.831391;-0.021652;0.020566;-0.001357;-0.242259;-0.704194;-0.255405
882;-1.129867;9.6876;0.861618;-0.021782;0.003639;0.003949;-0.242508;-0.704469;-0.255135
883;-1.122442;9.680303;0.801947;-0.007248;-0.002728;-0.003368;-0.243062;-0.702583;-0.254917
884;-1.114892;9.755238;0.727555;8.7e-05;-0.002846;-0.01063;-0.242881;-0.705558;-0.254854
885;-1.099923;9.762742;0.69794;-0.002748;-0.007156;-0.001613;-0.241284;-0.705252;-0.257125
886;-1.084965;9.747729;0.698152;-0.00719;-0.008183;-0.007042;-0.242299;-0.704475;-0.254174
887;-1.114916;9.732773;0.742439;-0.021664;0.000806;-0.003315;-0.242481;-0.704727;-0.256629
888;-1.14487;9.747909;0.727029;-0.012564;0.000738;-0.008753;-0.242249;-0.705546;-0.255515
889;-1.144881;9.725391;0.756857;-0.003628;-0.002705;-0.00337;-0.242137;-0.703921;-0.255543
890;-1.114942;9.725354;0.727474;-0.014373;0.007033;-0.006909;-0.241906;-0.70474;-0.254429
891;-1.09243;9.747661;0.727915;-0.00897;0.010669;-0.005099;-0.242282;-0.704057;-0.255681
892;-1.069982;9.740135;0.713329;-0.007322;-0.00259;0.003844;-0.241558;-0.704729;-0.255235
893;-1.092428;9.732615;0.757763;-0.004534;-0.004516;-0.003402;-0.242943;-0.704201;-0.255427
894;-1.09244;9.71762;0.772666;0.00012;0.019589;-0.008678;-0.242638;-0.704201;-0.255008
895;-1.129886;9.740314;0.742206;0.002773;-0.004607;-0.009737;-0.241976;-0.705018;-0.253608
896;-1.129905;9.73287;0.734714;-0.003606;0.002669;-0.003341;-0.242386;-0.704346;-0.253498
897;-1.122434;9.732913;0.712424;0.005645;0.014973;-0.016852;-0.241579;-0.704877;-0.253734
898;-1.129913;9.740419;0.712317;0.000128;0.009707;-0.010539;-0.242697;-0.704616;-0.254048
899;-1.099973;9.732859;0.697859;0.003701;-0.000128;-0.009721;-0.242274;-0.704748;-0.253895
900;-1.129914;9.747942;0.697393;-0.010611;0.014935;-0.015905;-0.241499;-0.706101;-0.25289
901;-1.144895;9.732966;0.726988;-0.008277;0.0065;0.009365;-0.241713;-0.704338;-0.253612
902;-1.122407;9.732808;0.742312;-0.007219;0.006257;-0.002406;-0.242726;-0.704748;-0.254456
903;-1.092443;9.747713;0.71297;-0.014422;-0.002794;-0.005176;-0.24272;-0.704628;-0.252549
904;-1.085006;9.747886;0.653319;-0.008914;-0.001091;-0.010608;-0.242448;-0.703665;-0.254194
905;-1.099975;9.747905;0.668011;-0.009115;0.006414;0.005729;-0.242798;-0.70354;-0.25339
906;-1.15988;9.748084;0.696887;-0.034311;0.002604;-0.001445;-0.241293;-0.705011;-0.253585
907;-1.152348;9.747892;0.741847;-0.022564;-0.001894;-0.00422;-0.240533;-0.704456;-0.254253
908;-1.114922;9.725276;0.749891;-0.02439;0.003521;-0.001481;-0.241357;-0.704194;-0.254285
909;-1.122367;9.732652;0.787145;-0.00531;0.007888;-0.01054;-0.243916;-0.704479;-0.255727
910;-1.099918;9.717604;0.787484;-0.001893;8.6e-05;0.002053;-0.242295;-0.704596;-0.255944
911;-1.122407;9.732808;0.742312;-0.022513;-0.013683;-0.010642;-0.241005;-0.704454;-0.255086
912;-1.114949;9.732903;0.705078;0.010929;-0.001013;-0.010643;-0.241798;-0.704195;-0.254708
913;-1.129899;9.732843;0.742186;-0.001809;0.017089;0.000369;-0.2418;-0.704735;-0.254834
914;-1.114916;9.732773;0.742439;0.002619;0.004628;0.003887;-0.241457;-0.70528;-0.253995
915;-1.084977;9.732736;0.713056;0.005378;0.002765;0.000237;-0.241926;-0.704062;-0.254579
916;-1.099962;9.755376;0.668031;9.7e-05;-0.00464;-0.010648;-0.241572;-0.703932;-0.253479
917;-1.099975;9.747905;0.668011;-0.018001;0.004367;-0.005116;-0.241655;-0.703924;-0.254572
918;-1.129926;9.732948;0.712297;-0.025276;0.006213;-0.001455;-0.242819;-0.704213;-0.253787
919;-1.09994;9.732728;0.73522;-0.004313;0.002363;-0.017825;-0.241883;-0.705552;-0.254276
920;-1.099921;9.747696;0.727788;0.00197;0.002442;-0.015127;-0.242144;-0.705016;-0.254022
921;-1.09996;9.732806;0.712803;-0.007129;-0.002876;-0.010617;-0.241128;-0.705553;-0.253297
922;-1.099935;9.747748;0.712844;-0.00451;-3e-05;-0.00337;-0.242063;-0.704739;-0.254707
923;-1.144907;9.717973;0.741892;0.002701;0.008111;-0.001504;-0.241834;-0.705422;-0.253595
924;-1.122412;9.717788;0.764688;-0.001778;0.004428;-0.005145;-0.242771;-0.704473;-0.255008
925;-1.09994;9.732728;0.73522;-0.00017;0.001139;0.009291;-0.242362;-0.705295;-0.253343
926;-1.10744;9.747836;0.697773;-0.016278;-0.004515;-0.001559;-0.241525;-0.704192;-0.254699
927;-1.114956;9.732929;0.697606;-0.014452;0.002664;-0.001511;-0.242252;-0.704885;-0.253619
928;-1.114931;9.747871;0.697646;-0.019733;0.006942;-0.010515;-0.242963;-0.704874;-0.255824
929;-1.122434;9.732913;0.712424;-0.007202;0.009844;-0.002383;-0.24114;-0.704066;-0.253189
930;-1.114929;9.732825;0.727494;-0.009849;0.002532;-0.008759;-0.24121;-0.704194;-0.254144
931;-1.129912;9.732896;0.727241;-0.003556;0.010699;-0.005096;-0.241891;-0.705011;-0.254287
932;-1.129912;9.732896;0.727241;0.005232;0.00479;0.011123;-0.240831;-0.704186;-0.25454
933;-1.159865;9.732985;0.74168;-0.014284;-0.010205;-0.01786;-0.241402;-0.703919;-0.254837
934;-1.122409;9.747854;0.712464;-0.012719;-0.008028;0.001129;-0.243428;-0.703687;-0.252727
935;-1.084972;9.747756;0.69068;-0.010917;0.000987;0.003883;-0.241341;-0.705276;-0.254264
936;-1.055025;9.732646;0.698618;0.019751;0.00292;0.005617;-0.242026;-0.704472;-0.254165
937;-1.122436;9.747959;0.682576;-0.009058;0.002724;0.000287;-0.241507;-0.706085;-0.254799
938;-1.144883;9.747961;0.712085;-0.014443;-0.00095;-0.003333;-0.242258;-0.704479;-0.253627
939;-1.099933;9.732702;0.742692;-0.010827;0.002634;-0.003335;-0.241661;-0.703668;-0.252805
940;-1.114948;9.717857;0.734926;0.003863;-0.003987;-0.023308;-0.242427;-0.704192;-0.25582
941;-1.099935;9.747748;0.712844;-0.000854;-0.000987;-0.007003;-0.243003;-0.70448;-0.25447
942;-1.099973;9.732859;0.697859;-0.010647;0.010482;-0.014138;-0.241214;-0.703923;-0.254149
943;-1.114904;9.747766;0.727535;-0.007169;0.009786;-0.0051;-0.240601;-0.703519;-0.253182
944;-1.129924;9.717902;0.742145;-0.003618;0.011687;-0.000566;-0.242897;-0.705151;-0.254999
945;-1.129899;9.732843;0.742186;-0.016166;-0.003799;-0.010589;-0.243152;-0.70502;-0.254737
946;-1.122446;9.717918;0.727327;0.0054;-0.00447;-0.003413;-0.242193;-0.704471;-0.25458
947;-1.129907;9.747916;0.704866;-0.014559;-0.007977;0.00385;-0.241212;-0.704734;-0.25427
948;-1.062478;9.747571;0.713476;-0.004493;-0.002766;-0.005212;-0.242142;-0.705151;-0.25402
949;-1.092455;9.732718;0.727874;-0.009059;-0.002702;-0.00157;-0.242755;-0.70488;-0.254863
950;-1.152361;9.747944;0.726903;0.009232;0.01322;-0.015956;-0.241916;-0.703388;-0.254319
951;-1.114943;9.732878;0.71255;9.5e-05;0.002551;-0.009688;-0.242455;-0.704084;-0.252551
952;-1.129899;9.732843;0.742186;-0.014481;0.000892;-0.000612;-0.241239;-0.704326;-0.254551
953;-1.09996;9.732806;0.712803;-0.01633;0.003659;0.003921;-0.241352;-0.702963;-0.255808
954;-1.084959;9.747704;0.705625;-0.005355;-0.010025;-0.009772;-0.240894;-0.705681;-0.253832
955;-1.04002;9.777609;0.639215;-0.018937;0.006215;-0.00151;-0.24119;-0.705547;-0.254117
956;-1.077512;9.732804;0.683294;0.003753;0.011499;-0.010558;-0.240595;-0.703925;-0.253174
957;-1.212216;9.78553;0.740937;0.000805;0.007356;0.004852;-0.242258;-0.705155;-0.253751
958;-1.204835;9.688164;0.800576;-0.014602;0.002868;0.007574;-0.241463;-0.704874;-0.254003
959;-1.212338;9.673205;0.815353;-0.008123;0.000842;-0.005114;-0.241643;-0.705411;-0.25468
960;-1.204798;9.7181;0.785713;-0.014485;0.008099;0.000372;-0.241897;-0.705131;-0.256193
961;-1.114979;9.695418;0.742337;-0.005458;-0.004476;-0.00158;-0.242769;-0.703933;-0.254882
962;-1.174847;9.725533;0.756351;-0.002189;-0.047154;0.013527;-0.242502;-0.70435;-0.253229
963;-1.054994;9.762608;0.676283;-0.007495;-0.047332;0.007156;-0.243555;-0.705716;-0.252965
964;-0.890199;9.844608;0.507429;-0.012546;-0.022661;-0.010828;-0.242828;-0.704497;-0.252146
965;-0.920291;9.777564;0.491796;-0.014311;0.022302;-0.003273;-0.244283;-0.704097;-0.253292
966;-1.070055;9.7329;0.646059;-0.008829;0.034793;-0.008565;-0.24167;-0.704478;-0.253063
967;-1.264664;9.733169;0.829575;-0.015426;0.04056;0.00966;-0.240577;-0.704467;-0.253027
968;-1.279629;9.688048;0.93381;-0.003693;0.024358;0.004105;-0.241179;-0.704872;-0.253857
969;-1.219728;9.665326;0.942233;-0.012887;-0.007848;0.009316;-0.242005;-0.704474;-0.253892
970;-1.084959;9.687545;0.817544;0.016123;-0.025919;-0.001787;-0.242471;-0.704353;-0.252819
971;-1.010093;9.762578;0.624736;0.034266;-0.027729;-0.005497;-0.243711;-0.704364;-0.252996
972;-1.08499;9.853106;0.474272;0.014528;-0.015298;-0.008957;-0.242251;-0.705321;-0.250067
973;-1.100008;9.808194;0.51873;-0.008975;0.000861;-0.003356;-0.242312;-0.704639;-0.250763
974;-1.099996;9.755507;0.63067;-0.034214;0.020479;-0.00316;-0.243946;-0.705587;-0.252708
975;-1.099945;9.717708;0.757595;-0.031593;0.009764;-0.001427;-0.242002;-0.704895;-0.252111
976;-1.114912;9.695157;0.817059;-0.018942;0.011567;-0.003248;-0.2415;-0.703939;-0.252522
977;-1.114914;9.717727;0.772287;-0.000169;0.004726;0.009322;-0.243196;-0.704356;-0.253388
978;-1.12242;9.725337;0.742292;-2.8e-05;-0.011679;-0.004353;-0.243461;-0.7049;-0.253386
979;-1.099915;9.74767;0.73526;-0.001907;-0.016977;0.000129;-0.243124;-0.705038;-0.252555
980;-1.114891;9.747715;0.742479;0.002645;-0.015219;-0.002578;-0.240954;-0.704609;-0.252628
981;-1.122369;9.747698;0.757297;0.003587;-0.017081;-0.006207;-0.243018;-0.704358;-0.252837
982;-1.114954;9.717883;0.727454;0.025287;-0.01885;-0.008988;-0.24218;-0.704892;-0.252663
983;-1.114951;9.74795;0.67523;0.012563;-0.011539;0.000136;-0.242874;-0.705048;-0.251047
984;-1.129917;9.778035;0.637697;0.00732;0.002604;-0.008797;-0.24453;-0.706009;-0.251492
985;-1.070036;9.747868;0.638628;-0.001886;0.006433;0.005699;-0.244431;-0.706424;-0.250254
986;-1.070003;9.747737;0.675989;-0.001969;-0.006061;0.00833;-0.242897;-0.705736;-0.249671
987;-1.092502;9.732902;0.675569;-0.005328;0.000752;-0.008792;-0.244773;-0.704814;-0.249069
988;-1.099965;9.777946;0.623259;-0.001569;0.005964;-0.01781;-0.243481;-0.705333;-0.250107
989;-1.129941;9.748047;0.667505;-0.005476;-0.008015;0.00021;-0.243445;-0.704256;-0.249445
990;-1.114971;9.748028;0.652813;-0.021527;0.006937;-0.010511;-0.243216;-0.706815;-0.250479
991;-1.129919;9.732923;0.719769;-0.011826;0.009994;0.005773;-0.242628;-0.706139;-0.249791
992;-1.09244;9.71762;0.772666;0.001667;0.006482;0.007511;-0.243448;-0.705471;-0.249694
993;-1.099933;9.732702;0.742692;0.017061;-0.01153;0.000119;-0.243522;-0.704653;-0.25053
994;-1.08498;9.755305;0.668284;-0.003442;-0.001164;-0.015145;-0.243969;-0.704399;-0.249186
995;-1.084994;9.76288;0.638416;-0.00713;-0.001047;-0.008804;-0.243174;-0.705469;-0.249685
996;-1.100009;9.755559;0.615726;-0.012503;0.011487;-0.008701;-0.244036;-0.704947;-0.24836
997;-1.099995;9.747983;0.645594;4.1e-05;0.01166;-0.002399;-0.243514;-0.70602;-0.248868
998;-1.09252;9.717934;0.683;-0.007188;-0.004577;-0.006109;-0.242986;-0.706148;-0.249121
999;-1.122473;9.718023;0.697438;-0.017952;-0.001116;-0.010569;-0.243609;-0.7052;-0.249977
1000;-1.114931;9.747871;0.697646;1.9e-05;0.004473;-0.003344;-0.243008;-0.703834;-0.250802
1001;-1.085011;9.732866;0.675695;-0.008839;0.009589;-0.014154;-0.243126;-0.705053;-0.250782
1002;-1.099998;9.717916;0.697818;-0.012565;0.005245;-0.006931;-0.242758;-0.704519;-0.249417
1003;-1.099948;9.747801;0.697899;1.4e-05;0.002676;-0.003363;-0.24288;-0.704117;-0.249156
1004;-1.122424;9.762953;0.667672;-0.012596;-0.002795;-0.006073;-0.243575;-0.7075;-0.249932
1005;-1.114985;9.74808;0.637869;-0.021553;-0.002921;-0.010577;-0.242367;-0.706675;-0.250045
1006;-1.100014;9.733015;0.653026;0.002008;0.013219;-0.014151;-0.241932;-0.705593;-0.249506
1007;-1.114945;9.755446;0.667778;-0.007098;0.004301;-0.010565;-0.241961;-0.705049;-0.24979
1008;-1.099968;9.747879;0.675483;0.005308;0.001089;0.005658;-0.243791;-0.705602;-0.250657
1009;-1.114943;9.732878;0.71255;0.003683;0.0116;-0.006019;-0.243772;-0.704793;-0.250263
1010;-1.129926;9.732948;0.712297;-0.005371;0.006212;-0.005122;-0.243549;-0.705596;-0.251058
1011;-1.114956;9.732929;0.697606;-0.010747;-0.006469;-0.010626;-0.242634;-0.705733;-0.249799
1012;-1.084992;9.747834;0.668264;-0.010691;0.009657;-0.010532;-0.243478;-0.704117;-0.249857
1013;-1.085032;9.747991;0.623431;-0.005492;0.002822;0.004786;-0.243104;-0.704665;-0.248608
1014;-1.099977;9.762951;0.638163;-0.016253;-0.017135;-0.005265;-0.244303;-0.705206;-0.250136
1015;-1.099936;9.755271;0.69792;-0.025121;0.023984;-0.008586;-0.244227;-0.706159;-0.249298
1016;-1.114943;9.732878;0.71255;-0.014318;0.007857;-0.010522;-0.243872;-0.705204;-0.24985
1017;-1.122434;9.732913;0.712424;-0.001733;-0.001021;-0.0088;-0.243922;-0.706685;-0.250777
1018;-1.099949;9.755323;0.682975;-0.009065;2.9e-05;0.00026;-0.24222;-0.705324;-0.249657
1019;-1.099968;9.747879;0.675483;8.4e-05;-0.000122;-0.008809;-0.243271;-0.704513;-0.250797
1020;-1.085006;9.747886;0.653319;-0.023457;0.009814;-0.00055;-0.242112;-0.70613;-0.250183
