time index;acc_x;acc_y;acc_z;gyr_x;gyr_y;gyr_z;mag_x;mag_y;mag_z
1;7.655352;0.235641;6.081582;-0.026181;0.00704;-0.013868;-0.339364;-0.12133;-0.73071
2;7.655699;0.175568;6.096663;-0.005616;0.002609;-0.019202;-0.339924;-0.121717;-0.730736
3;7.692752;0.220845;6.067341;-0.026243;-0.011464;-0.012237;-0.339876;-0.121892;-0.729656
4;7.700619;0.138422;6.05258;-0.024327;0.009651;-0.015635;-0.33966;-0.121183;-0.730994
5;7.715288;0.190989;6.052818;0.021518;-0.004488;0.000162;-0.339446;-0.122944;-0.729902
6;7.759918;0.236109;6.068674;0.012485;0.009591;0.007326;-0.340142;-0.123335;-0.7298
7;7.759883;0.236172;6.053665;0.000634;-0.007992;0.019555;-0.340026;-0.123834;-0.730601
8;7.744992;0.23602;6.075879;-0.006061;-0.006226;0.000156;-0.342276;-0.123682;-0.730306
9;7.745265;0.183511;6.075941;0.026438;0.023672;0.021534;-0.34169;-0.123839;-0.729873
10;7.737035;0.326038;6.068117;0.010719;0.018408;0.006523;-0.341768;-0.126109;-0.729198
11;7.744714;0.266244;6.023311;-0.027121;-0.006208;-0.012195;-0.3424;-0.125128;-0.730443
12;7.774904;0.221227;6.053983;-0.003028;0.021913;-0.01377;-0.340959;-0.124653;-0.729567
13;7.744593;0.296187;6.038284;-0.017132;0.01138;-0.020889;-0.34079;-0.124941;-0.729019
14;7.715027;0.221182;6.007755;-0.006714;0.028112;-0.006668;-0.340981;-0.125414;-0.730374
15;7.685064;0.265793;6.074642;-0.024256;0.006138;-0.020929;-0.340603;-0.124596;-0.731166
16;7.670668;0.160716;6.074467;-0.024374;0.011429;-0.013852;-0.338572;-0.123761;-0.729588
17;7.677463;0.280861;6.05196;-0.004823;0.021085;-0.013762;-0.339227;-0.124971;-0.732176
18;7.670056;0.258421;6.029323;-0.038539;0.007925;-0.01739;-0.338873;-0.12374;-0.730007
19;7.670273;0.213444;6.021873;-0.019028;-0.004424;-0.015719;-0.340552;-0.123862;-0.729684
20;7.685203;0.235819;6.067173;-0.019187;0.002617;-0.008605;-0.339995;-0.123992;-0.729926
21;7.68539;0.21319;6.097219;-0.037913;0.014967;-0.004994;-0.339181;-0.123192;-0.730427
22;7.700119;0.221061;6.022464;-0.011892;-0.011491;-0.017532;-0.340836;-0.124507;-0.729965
23;7.729736;0.266248;6.008001;-0.015398;-0.000939;-0.019217;-0.340811;-0.124661;-0.729425
24;7.744914;0.221298;6.008355;-0.027291;-0.002683;-0.003356;-0.340963;-0.123998;-0.729434
25;7.715202;0.22087;6.082801;-0.022998;-0.000907;0.002837;-0.342852;-0.123404;-0.730469
26;7.685498;0.175839;6.05974;-0.031991;-0.014963;0.007142;-0.341906;-0.122727;-0.731233
27;7.714976;0.251;6.052747;-0.016631;0.004362;-0.003297;-0.343827;-0.122232;-0.729711
28;7.760195;0.176161;6.053737;-0.026311;0.006109;-0.006831;-0.34213;-0.121477;-0.729362
29;7.759883;0.236172;6.053665;-0.003244;-0.011524;-0.006941;-0.341543;-0.122806;-0.72933
30;7.744957;0.236082;6.06087;-0.018394;0.000828;-0.004208;-0.341857;-0.123684;-0.73042
31;7.760047;0.191288;6.0237;-0.011895;0.004324;-0.015665;-0.342665;-0.123058;-0.729249
32;7.804668;0.251286;6.069557;-0.030289;0.018429;0.01268;-0.343803;-0.121995;-0.729037
33;7.775294;0.146213;6.054073;0.005916;0.020138;-0.015561;-0.342418;-0.122249;-0.729778
34;7.714789;0.273629;6.022701;-0.010693;0.020182;-0.029655;-0.343;-0.123397;-0.730611
35;7.745192;0.191074;6.060923;-0.012448;0.027211;-0.029621;-0.340418;-0.122686;-0.729411
36;7.700146;0.235877;6.067473;-0.008386;0.013156;-0.013826;-0.341737;-0.123015;-0.730686
37;7.730093;0.221022;6.060587;-0.011721;0.026343;-0.022562;-0.341277;-0.123835;-0.730123
38;7.669964;0.266016;6.006801;-0.005672;0.023728;-0.01463;-0.340587;-0.124871;-0.730895
39;7.714894;0.273442;6.067729;-0.009296;0.006108;-0.013869;-0.340283;-0.123333;-0.729807
40;7.715202;0.22087;6.082801;-0.008885;0.012283;0.009107;-0.340581;-0.124876;-0.73076
41;7.729506;0.333542;6.060453;-0.005119;-0.007981;-0.003367;-0.339929;-0.124965;-0.728708
42;7.715006;0.258377;6.082756;-0.01783;0.007895;0.010848;-0.339656;-0.124699;-0.72883
43;7.610246;0.295415;6.095619;0.005764;0.017588;-0.011131;-0.340629;-0.123661;-0.731438
44;7.72915;0.378768;6.007867;-0.039986;-0.007957;-0.035129;-0.339557;-0.124141;-0.729635
45;7.729061;0.475538;6.187861;-0.023469;0.055395;-0.056721;-0.338891;-0.122943;-0.730144
46;7.713821;0.446285;5.992477;-0.091063;0.02905;-0.095746;-0.336225;-0.122572;-0.730421
47;7.863876;0.356568;6.063128;-0.045288;0.04651;-0.114171;-0.335968;-0.123073;-0.731215
48;7.984046;0.326186;6.26819;-0.077253;0.116918;-0.11192;-0.332868;-0.123628;-0.731603
49;7.489572;0.386152;5.807935;-0.146621;0.161256;-0.101897;-0.327617;-0.121249;-0.73351
50;7.277437;0.925655;5.750556;-0.269444;0.126268;-0.185869;-0.325237;-0.118921;-0.736498
51;7.082913;0.687569;5.09404;-0.485037;-0.130461;-0.258328;-0.324006;-0.110443;-0.737672
52;7.593724;0.625167;6.154962;-0.580945;-0.267938;-0.369585;-0.329567;-0.098478;-0.734468
53;7.944979;-0.382856;7.168681;-0.54519;-0.107835;-0.201861;-0.335405;-0.088337;-0.735178
54;7.492677;0.127926;6.573708;-0.613353;-0.031813;-0.165948;-0.337722;-0.075373;-0.735052
55;7.8527;-0.118413;6.626236;-0.437466;-0.23473;-0.257413;-0.344044;-0.058924;-0.734858
56;7.435676;-0.464352;6.438131;-0.070541;-0.22966;-0.158581;-0.345841;-0.058805;-0.730501
57;9.342708;0.816561;6.895296;0.276902;-0.301529;-0.30005;-0.359381;-0.060721;-0.724012
58;8.373903;0.295569;6.786344;-0.033489;-0.399438;-0.623776;-0.365374;-0.074896;-0.717264
59;8.801529;0.961455;5.811161;-0.226611;-0.092432;-0.950704;-0.37111;-0.082417;-0.715368
60;8.10738;0.154906;4.282239;-0.425964;-0.254831;-1.090569;-0.375925;-0.087934;-0.711008
61;10.03591;1.363229;4.177098;0.129677;-0.455472;-1.161484;-0.379356;-0.098388;-0.705761
62;8.728999;2.931097;4.71945;-0.666148;-0.82149;-0.841659;-0.391466;-0.104113;-0.696905
63;5.68699;0.21174;4.541211;-0.385358;-0.589415;-0.292465;-0.409984;-0.091227;-0.689076
64;6.582534;0.685251;5.174037;-0.345893;0.193546;-0.252507;-0.413688;-0.089718;-0.689258
65;6.600117;0.294148;5.437464;-0.093181;-0.052335;-0.202209;-0.408833;-0.087749;-0.690645
66;7.813999;1.004534;5.333512;0.119055;-0.201901;-0.087558;-0.409386;-0.089314;-0.68757
67;8.738095;1.25017;4.871546;0.180932;-0.207633;0.095938;-0.417265;-0.092618;-0.68471
68;8.764229;2.037305;5.021299;0.212398;0.03525;0.049257;-0.419091;-0.096767;-0.682634
69;8.816026;1.941798;4.587199;0.144839;0.074027;0.059193;-0.419832;-0.103621;-0.682653
70;8.732305;2.256349;4.6302;0.172133;0.111874;0.029523;-0.416114;-0.107486;-0.683003
71;8.359528;2.015665;4.427861;0.059005;0.05496;-0.000923;-0.413787;-0.10784;-0.68491
72;8.247902;2.088748;4.785741;-0.020735;-0.055767;0.012448;-0.414313;-0.108259;-0.684126
73;8.482207;1.579493;4.806012;-0.017931;-0.049785;-0.069677;-0.415357;-0.106632;-0.684854
74;8.243306;1.682274;5.116276;0.069817;-0.034793;-0.061585;-0.41784;-0.112899;-0.682399
75;8.124723;1.397693;4.889076;0.010101;0.019914;-0.043617;-0.417555;-0.113035;-0.682385
76;8.108739;1.54813;4.776028;0.033794;-0.048738;0.005344;-0.417922;-0.114904;-0.681725
77;8.377242;1.609466;4.713819;-0.005751;-0.057616;0.024691;-0.419384;-0.113407;-0.678971
78;8.362097;1.721242;4.878486;0.063503;-0.042723;0.026593;-0.420721;-0.116191;-0.678221
79;8.435772;1.834863;4.684733;0.015793;-0.059462;-0.028224;-0.422717;-0.116017;-0.678587
80;8.31642;1.804331;4.697377;0.073675;-0.026028;-0.029752;-0.422923;-0.119468;-0.67805
81;8.569512;1.98535;4.702266;0.001063;-0.047196;-0.046645;-0.425398;-0.119366;-0.676419
82;8.585246;1.879953;4.807755;0.019755;-0.015511;-0.004085;-0.425776;-0.120574;-0.675761
83;8.517604;1.969584;4.836315;0.018586;0.000355;-0.03219;-0.425899;-0.120979;-0.675496
84;8.525876;1.72294;4.626632;0.016438;0.037326;-0.006398;-0.42476;-0.123215;-0.676109
85;8.315206;2.044312;4.7121;0.0041;0.007522;-0.018888;-0.42374;-0.125079;-0.676056
86;8.524727;1.970236;4.686374;-0.018287;0.033831;-0.04873;-0.423583;-0.125356;-0.675778
87;8.300654;2.028691;4.8469;0.007717;0.049731;-0.101535;-0.423358;-0.124916;-0.67698
88;8.346439;1.722462;4.570497;0.005994;0.042678;-0.056653;-0.420452;-0.127501;-0.676026
89;8.181813;1.863477;4.777153;-0.024388;0.013789;-0.015344;-0.422778;-0.127931;-0.677753
90;8.272077;1.684385;4.636582;-0.015101;-0.004772;-0.031398;-0.420455;-0.128019;-0.676294
91;8.211864;1.848435;4.815295;0.050648;-0.043525;0.003672;-0.420721;-0.129462;-0.676438
92;8.704788;1.820967;4.675146;0.05368;-0.007701;-0.007578;-0.421399;-0.13065;-0.676198
93;8.353249;1.939189;4.773012;0.060888;0.018047;0.069409;-0.421907;-0.131476;-0.675144
94;8.60734;1.954929;4.838135;0.014941;0.056704;0.059083;-0.42206;-0.132504;-0.675822
95;8.450369;1.954444;4.804964;0.052811;0.051437;0.034346;-0.422939;-0.133505;-0.676939
96;8.420465;1.924635;4.729353;0.022505;0.048825;-0.001859;-0.420357;-0.132794;-0.675739
97;8.345715;1.864957;4.577832;0.049437;0.030305;-0.054062;-0.418624;-0.135716;-0.675918
98;8.315144;2.029559;4.652081;0.01144;-0.00482;-0.029567;-0.419154;-0.137302;-0.67567
99;8.36774;1.999507;4.713204;0.020281;-0.027742;-0.029732;-0.419418;-0.139918;-0.676215
100;8.359964;2.044611;4.682981;0.052229;-0.009317;-0.066654;-0.420213;-0.141257;-0.675442
101;8.359665;2.082305;4.637909;0.051073;0.000374;-0.053345;-0.419454;-0.145219;-0.675665
102;8.456656;2.142381;4.714835;0.013059;-0.016329;-0.025217;-0.420946;-0.146426;-0.674657
103;8.344558;2.18658;4.802585;-0.02079;-0.00126;-0.022452;-0.420648;-0.146315;-0.674239
104;8.479501;2.119403;4.850395;-0.056623;0.025135;-0.007286;-0.419335;-0.146631;-0.673367
105;8.39081;1.886949;4.743807;-0.069276;0.042801;0.007793;-0.419592;-0.1447;-0.675404
106;8.247867;2.059085;4.703226;0.010779;0.023404;0.002405;-0.419867;-0.143792;-0.674881
107;8.359885;2.000164;4.547953;0.008678;0.033867;-0.061075;-0.416741;-0.145673;-0.675129
108;8.29955;2.164432;4.674133;0.0305;0.033887;-0.046035;-0.416829;-0.148323;-0.674858
109;8.374625;2.082332;4.645714;-0.034079;0.006657;-0.020659;-0.417598;-0.146563;-0.675707
110;8.344885;2.163702;4.892667;-0.050096;0.011128;0.017339;-0.417583;-0.146838;-0.675436
111;8.420743;1.864686;4.714416;-0.065514;0.021647;-0.00295;-0.415942;-0.144598;-0.675901
112;8.22643;1.960639;4.905516;0.012005;-0.010897;0.023333;-0.416219;-0.143558;-0.675379
113;8.345803;1.924251;4.750366;0.003953;0.010151;-0.010951;-0.416367;-0.144591;-0.675922
114;8.075972;2.117961;4.812271;0.085841;0.010184;-0.018837;-0.41589;-0.146468;-0.675356
115;8.403612;2.225254;4.578603;0.089543;-0.003275;-0.14776;-0.415383;-0.150975;-0.675051
116;8.43362;2.254877;4.699242;0.173178;-0.058802;-0.075777;-0.414773;-0.156619;-0.672718
117;8.657277;2.31607;4.628627;0.048695;0.009024;-0.068253;-0.415854;-0.161335;-0.673298
118;8.373363;2.374417;4.757934;-0.031846;0.036603;-0.002743;-0.413995;-0.16112;-0.67267
119;8.434609;2.074751;4.72197;-0.074993;0.060428;0.066186;-0.412912;-0.160831;-0.673696
120;8.328917;2.314108;4.787124;-0.057433;0.094776;0.034713;-0.411869;-0.159464;-0.675265
121;8.299634;2.20144;4.794162;-0.041057;0.0974;0.018829;-0.40955;-0.156818;-0.676237
122;8.149645;2.298471;4.76853;-0.043093;0.092204;0.029404;-0.407366;-0.154956;-0.677348
123;8.254693;2.246056;4.84574;-0.089486;0.088695;0.036425;-0.40493;-0.152549;-0.678987
124;8.068384;2.199886;4.947105;-0.089439;0.104636;0.034773;-0.403924;-0.150627;-0.681232
125;8.060813;2.192605;4.886927;-0.093854;0.072928;-0.009571;-0.401503;-0.148727;-0.68341
126;7.763475;1.779992;4.611249;-0.026993;0.074759;0.030959;-0.400505;-0.146277;-0.685657
127;7.462672;2.139021;4.574797;0.101543;0.018447;0.080067;-0.399122;-0.146008;-0.686264
128;7.253317;2.041876;4.285536;0.204372;-0.118904;0.086154;-0.401891;-0.150316;-0.683155
129;7.343872;1.624454;3.732498;0.26458;-0.131318;0.190091;-0.403989;-0.158373;-0.678927
130;8.012867;2.31691;3.812726;0.247863;-0.112213;0.257394;-0.408842;-0.162944;-0.67511
131;9.140845;2.574342;4.315382;-0.023776;-0.093819;0.437535;-0.414468;-0.161589;-0.674038
132;9.421761;2.024918;5.019517;-0.148802;-0.147465;0.456475;-0.419665;-0.152308;-0.673234
133;9.114746;0.97858;5.599814;-0.156258;-0.004678;0.489071;-0.426892;-0.140609;-0.672803
134;9.222244;0.780585;6.412644;-0.126169;0.463566;0.528506;-0.423804;-0.130354;-0.67618
135;9.868078;1.557507;9.606563;-0.301801;1.188842;0.402317;-0.405671;-0.116988;-0.690152
136;8.452668;0.064198;4.77705;-0.72122;1.672279;0.473197;-0.368927;-0.098378;-0.713069
137;8.007175;-3.148542;8.463664;0.123258;1.316252;1.04828;-0.326312;-0.072243;-0.734644
138;6.169173;-1.746593;5.108343;0.64893;1.873772;1.355961;-0.279905;-0.071902;-0.752876
139;5.874391;1.257738;3.928494;1.129441;0.491935;0.865991;-0.239741;-0.077044;-0.767087
140;8.413269;2.769836;3.512607;0.292851;0.019722;0.530153;-0.238892;-0.094623;-0.766868
141;7.479774;2.854604;3.883975;0.344286;-0.630677;-0.019632;-0.252883;-0.104967;-0.760785
142;7.677613;1.653949;5.975427;-0.475575;-0.794282;-0.036875;-0.278648;-0.103525;-0.754893
143;8.2754;-0.607524;7.393188;-0.084664;-0.337408;-0.141709;-0.293428;-0.096086;-0.750911
144;8.017562;0.37183;7.949757;-0.064002;-0.310774;-0.003654;-0.308211;-0.09567;-0.746238
145;7.493004;0.350287;7.218835;-0.128636;-0.123888;-0.072075;-0.313215;-0.095027;-0.744057
146;7.356723;0.3827;6.510665;-0.383666;-0.185115;-0.032828;-0.316397;-0.089971;-0.743953
147;7.31515;-0.388743;6.180484;-0.090842;-0.109818;-0.07038;-0.320787;-0.084045;-0.742025
148;7.683365;0.655272;6.216764;0.11749;-0.032801;-0.089937;-0.321109;-0.086997;-0.740686
149;7.812284;0.303077;6.249755;-0.129379;-0.057209;-0.100784;-0.326117;-0.084269;-0.741204
150;7.857307;0.176569;6.048183;-0.113469;-0.007082;-0.088113;-0.326376;-0.082205;-0.739875
151;7.73213;-0.057588;6.316074;-0.052054;0.051911;-0.046255;-0.325377;-0.082748;-0.739825
152;7.521986;0.069621;6.191646;-0.079407;0.066153;-0.013482;-0.32264;-0.080362;-0.741046
153;7.716852;-0.01989;6.255692;0.018589;0.11522;-0.018448;-0.32037;-0.081443;-0.741203
154;7.579629;0.356058;5.914837;-0.067543;0.036189;0.011059;-0.31903;-0.078791;-0.741953
155;7.672257;-0.094797;6.18734;0.040788;0.03073;0.018009;-0.31761;-0.079077;-0.741884
156;7.609504;0.437941;6.095449;0.109878;0.058852;0.027134;-0.316326;-0.08262;-0.742891
157;7.624979;0.295847;6.005864;-0.026741;0.011471;0.012645;-0.316308;-0.083418;-0.742753
158;7.633718;0.085527;6.081311;0.110327;-0.021283;0.003565;-0.315948;-0.083233;-0.740851
159;7.610283;0.414252;6.380651;0.086934;0.044801;0.014687;-0.317479;-0.08922;-0.742526
160;7.535839;0.242553;6.10919;-0.037248;-0.006958;0.002806;-0.317076;-0.088164;-0.742644
161;7.655778;0.220015;6.231692;0.004712;0.076553;0.00074;-0.315926;-0.09002;-0.742853
162;7.640245;0.310191;6.178752;0.008288;0.02726;-0.004882;-0.316206;-0.089498;-0.742599
163;7.655578;0.205511;6.111636;-0.046251;0.009721;0.009969;-0.315074;-0.088084;-0.742009
164;7.624773;0.385396;6.118326;0.032969;0.044822;-0.034746;-0.315195;-0.089012;-0.741878
165;7.625374;0.399183;6.410987;-0.152276;0.031873;-0.024248;-0.315178;-0.086816;-0.744037
166;7.505244;0.266001;5.853406;-0.301891;0.013626;-0.005015;-0.313306;-0.080629;-0.744231
167;7.643379;-0.215621;6.351984;0.04615;-0.004495;-0.028136;-0.314971;-0.078812;-0.742834
168;7.430374;0.355166;5.98688;-0.028425;-0.014839;0.005419;-0.313058;-0.078388;-0.744225
169;7.792045;-0.065045;6.362312;0.046202;0.020103;0.010884;-0.314756;-0.077321;-0.743905
170;7.595299;0.332521;6.177824;0.031682;0.011425;0.021487;-0.313927;-0.078227;-0.744671
171;7.686619;0.040067;6.240012;0.059381;0.014859;0.017927;-0.315116;-0.0818;-0.744046
172;7.580465;0.324837;6.207551;0.078133;0.055382;0.014738;-0.313806;-0.084846;-0.744245
173;7.543516;0.249647;6.214395;-0.053921;0.009807;0.03381;-0.313241;-0.083682;-0.743816
174;7.604421;0.09179;6.350867;0.063699;0.044832;0.02433;-0.311545;-0.081754;-0.743066
175;7.45318;0.339689;6.122431;-0.034598;0.032695;0.005752;-0.310185;-0.082505;-0.744615
176;7.581636;0.099796;6.20782;-0.00309;-0.004393;-0.013964;-0.310025;-0.083305;-0.74447
177;7.550406;0.354758;6.199411;-0.007967;0.018507;-0.035815;-0.310444;-0.083694;-0.74449
178;7.475524;0.280451;5.957852;-0.138277;-0.042953;-0.095394;-0.311718;-0.081852;-0.743882
179;7.656114;0.211983;6.359279;-0.134896;0.018589;-0.086145;-0.311675;-0.079551;-0.745367
180;7.219285;0.432048;5.337193;-0.099149;-0.186427;-0.184615;-0.313769;-0.076423;-0.74359
181;7.819611;0.251344;6.069857;0.092228;-0.2398;-0.248535;-0.319004;-0.081157;-0.738849
182;7.473043;0.790232;6.03229;-0.320882;-0.106105;-0.131926;-0.322932;-0.080868;-0.738096
183;7.056923;0.137984;5.544368;-0.497098;-0.255385;-0.20458;-0.328359;-0.069551;-0.738655
184;7.776992;-0.33244;5.709434;-0.300542;-0.386258;-0.175587;-0.338656;-0.060967;-0.735132
185;7.776618;0.143845;6.624422;-0.185493;-0.337939;-0.164529;-0.348722;-0.060277;-0.732387
186;8.113524;0.002718;6.608833;-0.162065;-0.05382;-0.151997;-0.351001;-0.055414;-0.731028
187;8.026711;-0.872203;5.865123;0.03575;-0.482648;0.013372;-0.360958;-0.054434;-0.725585
188;9.086754;1.079119;6.649732;0.248073;-0.456163;-0.091073;-0.376566;-0.062745;-0.716891
189;9.041652;0.945666;6.228735;0.134197;-0.811838;-0.439497;-0.39796;-0.074625;-0.706043
190;9.271851;0.926804;5.573011;0.130271;-0.086711;-0.513889;-0.409412;-0.080444;-0.698366
191;8.412826;0.767061;5.285771;-0.006859;0.157632;-0.641032;-0.407103;-0.087937;-0.696621
192;7.766864;1.142252;4.642028;-0.091962;-0.249526;-0.684397;-0.405457;-0.097542;-0.694633
193;9.346951;1.824148;4.522954;-0.244296;-0.303913;-0.843551;-0.409288;-0.104109;-0.690762
194;8.854242;1.776914;4.588147;-0.826532;-0.638209;-0.711791;-0.414271;-0.101923;-0.687506
195;7.351193;0.310844;3.944192;-0.354612;-0.826342;-0.4936;-0.436197;-0.094048;-0.675251
196;7.110377;0.907531;4.539041;-0.073616;-0.152162;-0.288431;-0.453217;-0.095444;-0.663948
197;8.074836;0.947284;4.918581;0.065297;0.167601;-0.275615;-0.448753;-0.100267;-0.663721
198;7.960575;1.248025;4.645806;0.162834;-0.03835;-0.118164;-0.446736;-0.106837;-0.665224
199;8.429694;1.401314;4.309872;0.278807;-0.124924;0.022422;-0.447718;-0.114896;-0.664713
200;8.806816;2.123235;4.241623;0.248113;-0.003554;0.088683;-0.449835;-0.121375;-0.663722
201;8.641281;2.362485;4.275558;0.128423;-0.035918;0.026734;-0.452475;-0.12307;-0.65994
202;8.850561;2.192231;3.92725;0.052119;-0.049173;-0.015771;-0.452733;-0.126472;-0.657251
203;8.89616;2.124145;4.108342;-0.037696;-0.029684;0.026705;-0.454878;-0.125118;-0.657357
204;8.912674;1.86872;4.21401;-0.11154;-0.039279;0.030117;-0.454559;-0.122684;-0.658964
205;8.734178;1.836834;4.495618;-0.024096;0.023199;0.017334;-0.456046;-0.122465;-0.657285
206;8.81692;1.776706;4.602405;-0.032498;0.084752;-0.041367;-0.455899;-0.122081;-0.65701
207;8.384441;1.535666;4.428884;-0.011288;0.086699;-0.0308;-0.452338;-0.120986;-0.659265
208;8.436509;1.640327;4.564892;-0.029433;0.023332;-0.022396;-0.451747;-0.121539;-0.658831
209;8.556131;1.469725;4.214784;0.025758;0.00646;-0.020795;-0.451481;-0.122568;-0.659624
210;8.495593;1.686377;4.37092;0.122012;0.044246;0.007761;-0.452233;-0.124078;-0.661272
211;8.554695;1.762122;4.251958;0.0595;-0.012062;-0.024394;-0.452394;-0.126789;-0.659388
212;8.517164;1.792013;4.243667;0.088848;0.003789;0.017197;-0.451518;-0.128128;-0.659208
213;8.837414;2.003174;4.27989;-0.010816;-0.008564;0.018016;-0.452045;-0.129198;-0.658692
214;8.628812;1.897249;4.298326;0.033513;-0.021716;0.02321;-0.453175;-0.131134;-0.659415
215;8.73231;2.122571;4.330177;-0.037178;-0.025208;0.000278;-0.453138;-0.131298;-0.658605
216;8.778872;1.829819;4.421482;-0.003571;0.005516;-0.027795;-0.454384;-0.129874;-0.657457
217;8.756818;1.806791;4.526123;0.103417;0.026487;-0.082349;-0.450675;-0.133861;-0.658076
218;8.673972;1.926556;4.509319;-0.040438;0.061944;-0.046791;-0.451197;-0.135194;-0.657559
219;8.496764;1.461337;4.371189;-0.057088;0.03744;0.028835;-0.44846;-0.133589;-0.659047
220;8.52494;1.776634;4.341395;0.028828;0.044345;-0.000171;-0.447912;-0.133841;-0.659559
221;8.457791;1.672165;4.14505;0.10415;0.06893;0.016747;-0.447071;-0.133716;-0.659653
222;8.36623;2.083955;4.247821;0.055875;0.017092;-0.022359;-0.447442;-0.137793;-0.65993
223;8.598665;1.927326;4.252662;0.023531;-0.02611;-0.008582;-0.446879;-0.137279;-0.65977
224;8.658222;2.061709;4.46383;-0.002848;0.039035;-0.020452;-0.447695;-0.138988;-0.65967
225;8.741662;1.814546;4.450768;0.015594;0.051271;-0.046887;-0.446441;-0.1399;-0.660416
226;8.450019;1.865893;4.452355;0.075846;0.035503;-0.039913;-0.44528;-0.142416;-0.660623
227;8.524647;1.896064;4.483839;-0.005656;0.021528;0.027049;-0.445042;-0.142119;-0.661555
228;8.525028;1.806203;4.446424;0.063544;0.042568;0.036888;-0.444464;-0.142139;-0.661258
229;8.516007;2.083912;4.400915;0.054318;0.030246;0.007734;-0.441897;-0.14623;-0.662201
230;8.568528;2.001974;4.312009;0.046807;0.038159;0.028946;-0.444175;-0.146834;-0.662848
231;8.478595;2.121024;4.460156;0.019715;0.017986;0.002362;-0.442407;-0.146924;-0.661147
232;8.487024;1.93355;4.453025;-0.047729;-0.007466;-0.00315;-0.441002;-0.146285;-0.66108
233;8.621568;1.92654;4.463241;-0.035177;0.030299;-0.004657;-0.440599;-0.145621;-0.661332
234;8.50967;1.925793;4.536035;-0.015638;0.032094;-0.004636;-0.440122;-0.144636;-0.663062
235;8.38281;1.835845;4.398508;-0.057276;-0.000344;0.02953;-0.440369;-0.144405;-0.662132
236;8.658872;1.897054;4.373972;-0.014262;0.017963;0.056133;-0.439979;-0.142557;-0.662252
237;8.68882;1.971373;4.569602;-0.005668;0.037294;0.02717;-0.44071;-0.141094;-0.662291
238;8.47971;1.933241;4.520417;0.019962;0.048763;-0.045988;-0.440021;-0.142779;-0.663331
239;8.389812;1.92589;4.398551;-0.032057;-0.003053;-0.027825;-0.440602;-0.143277;-0.663897
240;8.419795;1.940697;4.474179;-0.026104;-0.011868;-0.017293;-0.440604;-0.141713;-0.663362
241;8.509822;1.903227;4.551071;0.004969;-0.024299;-0.057975;-0.439801;-0.144546;-0.662104
242;8.464623;1.940871;4.47508;0.034406;-0.012019;-0.102001;-0.439572;-0.145411;-0.663707
243;8.674031;1.82241;4.299316;0.033248;-0.020901;-0.045626;-0.440891;-0.147169;-0.66215
244;8.672991;2.062079;4.389085;0.007226;0.026705;0.006813;-0.441117;-0.150081;-0.661885
245;8.733101;1.987391;4.367861;-0.013451;0.028491;0.05975;-0.441393;-0.148783;-0.661228
246;8.538515;2.165579;4.626404;-0.010932;0.049702;0.022006;-0.440726;-0.147975;-0.661871
247;8.487073;1.940896;4.49054;-0.004568;0.082255;-0.018402;-0.438968;-0.147406;-0.663538
248;8.359662;1.963405;4.367887;-0.021654;0.086744;-0.007778;-0.436552;-0.148753;-0.663688
249;8.255904;1.827725;4.425983;-0.009638;0.028695;0.007681;-0.436129;-0.146547;-0.666231
250;8.180899;1.909701;4.484421;0.024862;0.019014;0.012931;-0.436415;-0.147061;-0.666513
251;8.299673;1.978425;4.306632;0.072867;0.021528;0.014718;-0.435232;-0.147776;-0.665512
252;8.142983;1.880828;4.176018;0.190524;0.025014;0.085325;-0.434716;-0.15138;-0.66467
253;7.494072;1.831737;4.538241;0.221667;-0.082057;0.11108;-0.436644;-0.156604;-0.662057
254;7.79212;1.819485;4.16153;0.222872;-0.210726;0.131332;-0.442978;-0.163824;-0.657497
255;8.299349;1.689176;3.511493;0.23645;0.014346;0.191074;-0.443311;-0.168587;-0.653731
256;9.082063;2.148746;3.781866;0.10973;0.12958;0.420475;-0.445319;-0.169443;-0.654768
257;9.359444;2.155575;4.207668;-0.047108;0.061859;0.385585;-0.446465;-0.164599;-0.656721
258;9.258963;1.672183;4.904066;-0.18378;0.127235;0.377144;-0.449268;-0.155605;-0.659571
259;9.518524;1.217385;6.283047;-0.135357;0.373451;0.203225;-0.444625;-0.147714;-0.66381
260;9.290793;1.772861;5.977698;-0.322555;0.84914;0.225163;-0.427245;-0.138327;-0.673634
261;9.342542;1.233021;7.765327;-0.680656;1.321597;0.488698;-0.403979;-0.116228;-0.693304
262;6.503861;-0.852244;3.223035;-0.339263;1.482459;0.294383;-0.360528;-0.094259;-0.720081
263;8.227966;-1.612255;7.235739;0.668319;0.961424;0.805191;-0.333955;-0.086959;-0.730398
264;6.516169;0.980681;6.222972;0.374248;1.128344;1.121864;-0.298286;-0.089983;-0.746581
265;7.3242;0.491343;5.609388;0.346604;0.439397;0.792192;-0.280802;-0.096567;-0.753129
266;7.831301;1.548833;4.342712;0.266447;0.417991;0.637754;-0.275113;-0.097591;-0.755949
267;7.072045;1.806871;2.901374;0.530788;-0.34808;0.201848;-0.278828;-0.106089;-0.753414
268;7.266119;2.781482;5.027905;-0.254782;-1.172953;-0.168135;-0.305813;-0.110273;-0.745009
269;8.543855;-0.367745;7.713498;-0.302587;-0.612702;-0.043889;-0.33275;-0.100579;-0.73704
270;8.468855;-0.263484;7.824441;0.071058;-0.228511;-0.107334;-0.34435;-0.101317;-0.734366
271;8.001666;0.024195;6.749142;-0.007036;-0.133973;-0.013114;-0.350768;-0.104686;-0.730358
272;7.968192;0.520976;6.312685;-0.016834;-0.094364;-0.049819;-0.354049;-0.107344;-0.728759
273;7.962289;0.087115;6.012869;0.005157;-0.015197;-0.064359;-0.35594;-0.107008;-0.726561
274;7.907825;0.402904;5.786305;-0.018303;0.080866;0.041368;-0.350937;-0.10726;-0.728609
275;8.058255;0.111866;5.564518;-0.022742;0.011218;0.000223;-0.349904;-0.106664;-0.730715
276;8.04227;0.477816;5.93901;0.051574;0.027883;0.009252;-0.354018;-0.107503;-0.728084
277;7.662335;0.236542;5.871603;-0.231408;-0.002371;0.023104;-0.353227;-0.103818;-0.728054
278;7.663949;-0.09333;5.82697;-0.033415;0.002635;-0.001617;-0.354557;-0.101664;-0.728662
279;7.833324;0.394801;5.859859;0.060248;-0.036305;-0.025619;-0.351072;-0.101148;-0.729573
280;8.057679;0.484472;6.156934;-0.116914;0.03953;-0.011848;-0.351604;-0.104034;-0.729861
281;7.932409;-0.046779;5.712246;-0.063098;0.035969;-0.02257;-0.353225;-0.099266;-0.729681
282;8.057281;0.388575;5.766811;0.140621;0.033889;-0.034843;-0.353291;-0.102978;-0.729272
283;7.876891;0.657335;5.905474;-0.043998;0.048324;-0.010869;-0.351596;-0.104562;-0.729859
284;7.879292;0.043658;5.560996;-0.086868;-0.016801;-0.037044;-0.349352;-0.100414;-0.728684
285;8.029194;0.192021;6.10415;0.147923;0.054168;-0.002959;-0.35146;-0.103128;-0.729452
286;7.682823;0.567063;5.781605;-0.054624;-0.01319;-0.015725;-0.351411;-0.105906;-0.729308
287;7.879766;0.065102;5.816125;0.028923;0.01829;-0.006776;-0.350033;-0.104983;-0.729783
288;7.743114;0.447461;5.737921;0.041252;-0.004539;-0.00686;-0.350298;-0.105385;-0.729525
289;7.990855;0.297674;5.915659;0.040801;0.009413;-0.026206;-0.351649;-0.109457;-0.729581
290;7.848093;0.39517;5.785113;-0.050599;0.049231;0.011144;-0.350543;-0.108539;-0.729799
291;7.908891;0.304389;6.026568;-0.08202;0.035146;-0.018968;-0.349153;-0.106195;-0.729468
292;7.818493;0.320228;5.739574;-0.180857;0.053799;-0.006496;-0.347549;-0.103791;-0.730743
293;7.834579;0.206768;5.980156;-0.098822;0.032559;-0.021652;-0.346216;-0.099312;-0.730959
294;7.842029;0.184542;5.920296;-0.058538;0.032519;0.007463;-0.347143;-0.096884;-0.731953
295;7.752172;0.258865;6.000956;-0.030702;0.01844;-0.008496;-0.346185;-0.096609;-0.73258
296;7.781609;0.222627;5.723931;-0.051236;-0.004443;-0.002499;-0.348083;-0.096136;-0.733885
297;7.878469;0.327525;5.845831;0.044916;-0.009895;-0.012215;-0.34768;-0.097293;-0.731439
298;7.908539;0.342176;5.958982;-0.062293;0.034259;0.014562;-0.347426;-0.098311;-0.732501
299;7.83456;0.117624;5.770135;0.039732;-0.031002;-0.017698;-0.348808;-0.09754;-0.731493
300;7.983229;0.416825;6.11799;0.017744;0.042047;0.01111;-0.348946;-0.100664;-0.732569
301;7.684557;0.207247;5.721998;-0.104881;-0.016641;0.010649;-0.346587;-0.097273;-0.732329
302;7.901604;0.192556;5.853947;0.06472;0.025271;-0.019054;-0.346644;-0.09761;-0.730445
303;7.772671;0.537344;5.798451;0.005342;0.007803;-0.032348;-0.347726;-0.101544;-0.730757
304;7.833207;0.417305;5.859832;-0.04934;-0.041489;-0.097133;-0.348109;-0.098063;-0.731862
305;7.683533;0.357711;5.616755;-0.017037;-0.090767;-0.111607;-0.349427;-0.099954;-0.730305
306;7.794988;0.46329;5.588862;0.034512;-0.077734;-0.192677;-0.35166;-0.102289;-0.727175
307;7.98116;0.658333;5.764988;-0.062597;-0.089134;-0.188315;-0.353987;-0.105189;-0.726472
308;7.978188;1.020362;5.29177;-0.033205;-0.08224;-0.352338;-0.353257;-0.110164;-0.724404
309;7.889685;0.795004;5.282732;-0.311424;-0.21029;-0.239463;-0.359014;-0.108818;-0.723069
310;8.267282;0.298779;5.913709;-0.397196;-0.124077;-0.214246;-0.365029;-0.101114;-0.722166
311;8.101833;0.537872;5.985167;-0.444078;-0.014756;-0.178137;-0.364842;-0.094262;-0.721905
312;8.448695;0.035618;6.232818;-0.21849;-0.057488;-0.210284;-0.36498;-0.086977;-0.722468
313;8.566681;0.328698;6.219862;-0.170262;-0.069813;-0.01972;-0.368917;-0.083947;-0.720914
314;8.09557;0.342465;6.0678;-0.014559;-0.159596;-0.073264;-0.371033;-0.085091;-0.717916
315;9.070627;0.739328;5.366558;0.099197;-0.369881;-0.290011;-0.381258;-0.087244;-0.713287
316;8.433514;0.117733;6.31497;0.013851;-0.091233;-0.229896;-0.382065;-0.090262;-0.710086
317;8.155431;0.461441;6.376545;0.06111;0.325879;-0.573683;-0.376513;-0.101307;-0.709792
318;7.12571;1.018364;4.959464;-0.14065;-0.305401;-0.578892;-0.373303;-0.108861;-0.710157
319;9.263943;1.083618;5.737774;-0.015936;-0.373571;-0.687931;-0.379538;-0.115523;-0.706402
320;8.359675;2.000538;4.457898;-0.340031;-0.629859;-0.845764;-0.384671;-0.120354;-0.702597
321;7.853611;1.519382;4.230629;-0.553811;-0.978555;-0.438866;-0.404641;-0.113788;-0.691322
322;6.508856;1.29102;3.746098;-0.547452;-0.138779;0.005529;-0.422376;-0.101373;-0.681838
323;7.097423;0.837031;5.244253;-0.27441;0.310315;-0.179319;-0.413917;-0.091715;-0.688726
324;7.395907;0.853724;5.122661;-0.066632;-0.099476;-0.284533;-0.414303;-0.087321;-0.689563
325;8.492601;0.905459;4.551811;0.210595;-0.311566;-0.125449;-0.421605;-0.093897;-0.684243
326;8.944715;1.627172;4.605136;0.225612;-0.110094;0.093147;-0.4223;-0.102224;-0.680351
327;8.622465;1.939797;4.88348;0.128964;-0.033194;0.121994;-0.423338;-0.105678;-0.67945
328;8.538965;2.045868;4.551502;0.108144;-0.093057;0.013934;-0.425891;-0.107845;-0.677144
329;8.688637;1.927113;4.389546;0.045886;-0.088658;0.019221;-0.432989;-0.109409;-0.675193
330;8.420568;1.864998;4.63937;0.031833;-0.045368;0.01247;-0.435961;-0.113006;-0.673308
331;8.615582;1.700909;4.598442;-0.101861;-0.029469;-0.008646;-0.433889;-0.111169;-0.673751
332;8.467665;1.548993;4.910811;-0.016906;0.002182;-0.031373;-0.434023;-0.110263;-0.673221
333;8.662155;1.415564;4.712251;-0.018229;0.034635;-0.045304;-0.435038;-0.109054;-0.673407
334;8.467841;1.422342;4.700835;0.01826;0.032069;-0.006486;-0.437328;-0.109256;-0.674191
335;8.422668;1.474802;4.669853;0.031843;0.034708;-0.017928;-0.435848;-0.111159;-0.673307
336;8.496431;1.588267;4.513624;0.007768;-0.01017;0.023243;-0.43331;-0.112751;-0.673988
337;8.451344;1.707461;4.670177;0.02476;-0.018968;0.014389;-0.432982;-0.113057;-0.673029
338;8.406211;1.722694;4.571698;-0.002949;-0.003969;-0.017274;-0.432074;-0.113905;-0.671906
339;8.458133;1.745869;4.460153;-0.006452;-0.010158;-0.019083;-0.434385;-0.113828;-0.673095
340;8.49622;1.65553;4.57358;0.036142;-0.027832;-0.017453;-0.435043;-0.114514;-0.672182
341;8.481503;1.655067;4.670839;0.066487;-0.031384;-0.024531;-0.435796;-0.118104;-0.671267
342;8.391316;1.729982;4.608912;-0.011594;-0.025938;0.00993;-0.434604;-0.119738;-0.670398
343;8.556191;1.640542;4.627331;0.016966;-0.027822;0.005484;-0.435998;-0.118174;-0.669392
344;8.58501;1.806062;4.537679;0.050552;-0.015576;-0.026167;-0.437976;-0.121271;-0.670557
345;8.577642;1.805845;4.582557;0.030754;0.017912;-0.012697;-0.438168;-0.124214;-0.669482
346;8.547304;1.836265;4.454342;0.020452;0.003842;-0.029559;-0.43719;-0.124478;-0.669838
347;8.509873;1.873408;4.506079;-0.016087;0.009194;-0.025984;-0.437209;-0.12433;-0.670243
348;8.675071;1.768529;4.62958;-0.026852;0.027591;-0.061174;-0.436649;-0.124333;-0.670351
349;8.435575;1.81292;4.549677;-0.054989;0.042726;-0.032819;-0.434968;-0.124993;-0.670941
350;8.347407;1.549806;4.600721;-0.058724;0.026959;0.017322;-0.434148;-0.122766;-0.670773
351;8.542109;1.534904;4.762239;0.020712;0.060231;0.04491;-0.43507;-0.121385;-0.672032
352;8.34677;1.72187;4.713085;0.023068;0.018058;0.01289;-0.433766;-0.122213;-0.671563
353;8.526449;1.632737;4.671767;0.074777;0.016134;0.007561;-0.434844;-0.124588;-0.671206
354;8.376459;1.700043;4.578629;0.053076;0.0004;0.023348;-0.435078;-0.1245;-0.670005
355;8.480865;1.708231;4.51318;0.056259;-0.026057;0.039042;-0.434492;-0.124657;-0.669573
356;8.614817;1.82118;4.538262;0.082978;-0.012073;0.036511;-0.434849;-0.128227;-0.669312
357;8.442869;1.8207;4.489782;0.031456;-0.045399;-0.008722;-0.436493;-0.129553;-0.66858
358;8.734412;1.791826;4.495672;0.047028;-0.007727;-0.026122;-0.436806;-0.129781;-0.669402
359;8.45737;1.92559;4.534985;-0.004093;0.009194;-0.047148;-0.438539;-0.132975;-0.668131
360;8.540432;1.731123;4.476831;-0.011954;-0.008426;-0.011135;-0.438516;-0.132996;-0.667592
361;8.540546;1.805233;4.694375;-0.040659;-0.011896;-0.003198;-0.43684;-0.131961;-0.667648
362;8.586064;1.63325;4.605426;-0.033336;0.025913;-0.006501;-0.438151;-0.131386;-0.668386
363;8.510555;1.775579;4.581242;0.004133;0.019739;-0.014454;-0.43741;-0.13351;-0.668345
364;8.495938;1.722918;4.603518;0.025985;0.016183;-0.03831;-0.43681;-0.132769;-0.667241
365;8.315863;1.835054;4.524735;-0.00369;0.007492;-0.06482;-0.436389;-0.134334;-0.66789
366;8.495055;1.776518;4.340795;-0.009972;-0.004895;-0.019047;-0.435773;-0.136081;-0.667317
367;8.674423;1.806846;4.434416;0.039301;0.005533;0.003974;-0.43575;-0.136102;-0.666777
368;8.554108;2.000981;4.536846;0.015401;0.010909;-0.003887;-0.436627;-0.137884;-0.668162
369;8.628918;1.956512;4.478364;-0.017348;0.021469;-0.008241;-0.436009;-0.138332;-0.667054
370;8.659282;1.911184;4.584083;-0.032951;0.051395;-0.024804;-0.435533;-0.137606;-0.668918
371;8.450724;1.820043;4.655033;-0.066246;0.051556;-0.006282;-0.433995;-0.136441;-0.668846
372;8.436197;1.759787;4.699832;-0.045693;0.055936;-0.010671;-0.431948;-0.136664;-0.670633
373;8.345905;1.834889;4.592877;-0.052663;0.04454;-0.017797;-0.430702;-0.135616;-0.670844
374;8.428361;1.790138;4.609591;-0.02419;0.065588;-0.016776;-0.428643;-0.13585;-0.67236
375;8.286394;1.77474;4.569234;-0.044126;0.005836;-0.003958;-0.428991;-0.136045;-0.673993
376;8.361395;1.729928;4.593302;-0.037584;0.026932;0.024416;-0.427704;-0.133995;-0.672858
377;8.286724;1.714698;4.57681;-0.015829;0.011085;0.004011;-0.427646;-0.133398;-0.671241
378;8.226387;1.789791;4.500473;0.003828;-0.046988;0.035387;-0.428209;-0.132872;-0.671
379;7.793824;1.638081;4.491946;0.072754;-0.105826;0.050851;-0.432269;-0.133501;-0.670386
380;7.59971;1.44385;4.113046;0.313585;-0.064675;0.065231;-0.436466;-0.138816;-0.668017
381;7.762516;1.566193;3.710958;0.400955;0.095323;0.07165;-0.436945;-0.148647;-0.666266
382;8.835482;2.125533;3.716902;0.102897;0.206263;0.374245;-0.434067;-0.153419;-0.666789
383;9.241136;2.063723;4.535575;0.019953;0.116458;0.451266;-0.43289;-0.149055;-0.670782
384;9.081671;1.32602;4.998435;0.037144;-0.004082;0.429132;-0.434937;-0.147792;-0.668595
385;9.266539;0.86346;6.368419;0.066236;0.371738;0.502303;-0.431383;-0.142657;-0.67288
386;9.422461;1.950821;8.404011;-0.066012;0.861212;0.292444;-0.420157;-0.135065;-0.681918
387;8.640644;1.265232;4.764512;-0.703561;1.474896;0.284093;-0.384677;-0.115665;-0.70436
388;8.059137;-1.648039;8.463076;-0.146368;1.237048;0.503558;-0.346088;-0.094485;-0.726117
389;6.106057;-1.280089;4.708844;0.316424;1.454031;0.828064;-0.299315;-0.085378;-0.745834
390;7.327949;-0.228788;5.610247;0.827319;0.285562;0.715132;-0.283463;-0.099414;-0.750287
391;7.792337;1.804233;4.221584;0.738794;0.340009;0.738764;-0.277599;-0.108669;-0.752002
392;7.408052;3.077867;2.441483;0.48793;-0.511824;0.351802;-0.284987;-0.123752;-0.748551
393;7.90416;3.02241;3.622169;-0.133932;-1.220957;-0.07231;-0.314025;-0.128749;-0.738896
394;8.671466;0.432814;6.537031;-0.361277;-0.990361;-0.070248;-0.355269;-0.133006;-0.723638
395;8.766613;0.022042;7.995206;0.04653;-0.527852;-0.032607;-0.37523;-0.131654;-0.717466
396;8.464457;0.22;7.005867;-0.005623;-0.059364;0.005084;-0.380507;-0.129454;-0.714494
397;7.924587;0.265943;6.26706;-0.096257;-0.337169;-0.012742;-0.388262;-0.124548;-0.712321
398;8.192162;0.522158;6.242142;0.167972;-0.099994;-0.044561;-0.394776;-0.128998;-0.707642
399;8.322371;0.976221;5.411297;-0.007618;0.042735;-0.046175;-0.390322;-0.136804;-0.708755
400;8.571654;0.466962;5.446877;-0.105289;0.100849;4e-06;-0.388983;-0.133762;-0.709371
401;8.280604;0.33146;5.283587;0.040697;0.069988;-0.008163;-0.389515;-0.128711;-0.710082
402;8.24875;0.765893;5.410047;-0.050876;0.115024;-0.010415;-0.385887;-0.131192;-0.712056
403;8.012261;0.262405;5.398338;-0.111283;0.046552;-0.012749;-0.385011;-0.127456;-0.71337
404;8.026628;0.419555;5.503514;-0.0355;0.129218;0.02228;-0.380026;-0.1273;-0.712322
405;8.011113;0.539425;5.525585;-0.025767;0.020037;-0.027871;-0.377117;-0.128328;-0.714064
406;8.190989;0.44251;5.551817;-0.042719;0.034079;0.018086;-0.379311;-0.125628;-0.71485
407;8.054916;0.660338;5.353737;0.005864;0.037587;-0.008319;-0.377698;-0.125964;-0.713559
408;8.145503;0.495531;5.385753;0.058086;-0.02414;-0.00172;-0.379233;-0.128042;-0.713898
409;8.107504;0.645164;5.44486;0.057318;-0.011795;-0.008661;-0.379305;-0.130317;-0.713087
410;8.159836;0.712194;5.610932;-0.040776;0.023529;0.005713;-0.379336;-0.131199;-0.714164
411;8.011946;0.35958;5.480772;-0.028229;-0.009874;0.00365;-0.379465;-0.130558;-0.713633
412;8.085706;0.539934;5.474554;0.062828;0.002288;-0.014757;-0.380265;-0.13046;-0.71246
413;8.09999;0.689801;5.527207;-0.006721;0.011181;-0.006729;-0.379448;-0.130574;-0.713228
414;8.122828;0.585087;5.475251;-0.057918;-0.001102;-0.022724;-0.37949;-0.130795;-0.714307
415;8.13103;0.464907;5.520571;-0.062241;0.009484;0.014388;-0.378967;-0.128031;-0.714289
416;8.03304;0.57011;5.383412;0.011379;0.023501;-0.017256;-0.379348;-0.127934;-0.71323
417;8.138284;0.480188;5.460667;0.002697;-0.011756;-0.029874;-0.378475;-0.128751;-0.712917
418;8.055956;0.576732;5.616496;0.031009;-0.006459;-0.026278;-0.37965;-0.131425;-0.71162
419;8.100754;0.569529;5.587387;-0.090367;0.000727;-0.003299;-0.380466;-0.128841;-0.713282
420;8.056965;0.299961;5.429212;0.004162;0.008535;-0.011234;-0.379662;-0.129203;-0.714454
421;8.070172;0.63011;5.421614;0.050177;-0.011768;-0.006899;-0.380155;-0.129522;-0.712861
422;8.099916;0.667639;5.444684;-0.027072;-0.038094;-0.014141;-0.380862;-0.132114;-0.710465
423;8.146631;0.315156;5.468518;-0.024626;-0.01435;0.001841;-0.381155;-0.130018;-0.709945
424;8.085506;0.584879;5.489509;0.069695;-0.008276;-0.005115;-0.381616;-0.13206;-0.711579
425;8.114663;0.705204;5.444939;-0.021102;-0.024017;-0.001682;-0.382872;-0.132057;-0.711235
426;8.093741;0.434912;5.482334;-0.037264;-0.016941;0.008906;-0.38358;-0.131005;-0.710868
427;8.145356;0.570109;5.490728;0.050468;-0.018855;-0.021078;-0.38417;-0.131625;-0.711703
428;8.144557;0.690442;5.415539;0.000637;-0.008227;-0.01834;-0.384679;-0.133101;-0.710916
429;8.257133;0.600799;5.432907;-0.012108;-0.004739;-0.003337;-0.384484;-0.134323;-0.710096
430;8.398517;0.691553;5.390624;0.004771;0.037422;0.000498;-0.383447;-0.134381;-0.708968
431;8.286123;0.736282;5.350796;-0.042429;0.023456;0.003056;-0.383924;-0.133936;-0.710069
432;8.205041;0.600222;5.521912;-0.027869;0.016431;-0.013774;-0.383423;-0.132323;-0.710992
433;7.996675;0.479013;5.607907;-0.048899;0.035922;-0.026005;-0.383697;-0.131806;-0.710602
434;7.884333;0.523649;5.590592;0.005572;0.048226;-0.036492;-0.384877;-0.132005;-0.711871
435;7.966501;0.494274;5.517233;-0.045293;0.030647;-0.027806;-0.382319;-0.131273;-0.711211
436;8.145625;0.495313;5.438285;-0.005722;0.014645;-0.049101;-0.381018;-0.132619;-0.71101
437;8.167635;0.563006;5.416142;0.034613;-0.013571;-0.026342;-0.381598;-0.132076;-0.711174
438;8.159934;0.600546;5.400937;0.011449;-0.017937;-0.024602;-0.382391;-0.133157;-0.710267
439;8.145112;0.570545;5.385664;-0.005176;0.002354;0.006416;-0.382498;-0.134618;-0.709999
440;8.100518;0.525363;5.384817;0.016055;-0.031098;0.008824;-0.382242;-0.136159;-0.711195
441;8.115026;0.615375;5.400019;0.047926;-0.02586;0.014175;-0.383381;-0.134964;-0.710983
442;8.27146;0.735725;5.470569;0.00859;-0.004752;0.024045;-0.384121;-0.136874;-0.709129
443;8.324133;0.660946;5.464205;-0.025495;-0.004728;0.039027;-0.385568;-0.135262;-0.709337
444;8.346977;0.578518;5.464754;0.014096;0.014562;0.019735;-0.385753;-0.13574;-0.710557
445;8.122396;0.675041;5.490152;0.037267;0.023449;0.016297;-0.384969;-0.138425;-0.709705
446;7.905436;0.719301;5.463232;-0.030789;0.002508;-0.004134;-0.384377;-0.137155;-0.708602
447;8.085524;0.555123;5.429508;0.018257;0.009364;-0.049123;-0.384402;-0.137393;-0.709276
448;8.203938;0.735963;5.349145;-0.012222;0.007589;-0.038522;-0.384;-0.1392;-0.710464
449;8.152346;0.623021;5.40076;-0.062934;-0.001121;-0.036839;-0.385038;-0.137969;-0.707824
450;8.100549;0.53274;5.414826;-0.003002;0.009406;-0.011187;-0.385288;-0.136825;-0.709994
451;8.070276;0.600198;5.399136;0.007832;0.002361;-0.020046;-0.385318;-0.137838;-0.707703
452;8.085423;0.577596;5.436986;-0.008495;-0.016982;-0.00695;-0.384982;-0.137241;-0.709574
453;8.129944;0.630342;5.422815;0.019975;-0.020563;-0.008729;-0.386666;-0.138529;-0.70642
454;8.204576;0.623349;5.371793;0.021754;-0.018844;-0.007841;-0.387254;-0.140712;-0.70779
455;8.226705;0.698263;5.417181;-0.003554;-0.010006;0.010764;-0.388952;-0.139645;-0.70747
456;8.204276;0.661043;5.32672;0.007579;-0.02587;-0.010533;-0.388273;-0.140021;-0.708244
457;8.219185;0.690888;5.379517;-0.010218;-0.001205;-0.00859;-0.389026;-0.141397;-0.706527
458;8.219302;0.698109;5.44705;-0.017209;-0.008239;-0.015695;-0.390747;-0.1407;-0.706881
459;8.189472;0.660735;5.386457;0.00446;0.014624;-0.027895;-0.389934;-0.140549;-0.70765
460;8.174425;0.690589;5.408635;-0.00442;0.017284;-0.028753;-0.390423;-0.141133;-0.706056
461;8.174525;0.668116;5.401157;-0.038226;0.009405;-0.027932;-0.388607;-0.140358;-0.70624
462;8.227077;0.62328;5.409766;-0.004436;0.009335;-0.027941;-0.389037;-0.140346;-0.706395
463;8.166745;0.720659;5.385935;-0.011733;0.023465;-0.018999;-0.389307;-0.140094;-0.706005
464;8.21968;0.615687;5.424634;-0.034822;0.027868;-0.01899;-0.388422;-0.141702;-0.705689
465;8.219315;0.675792;5.402049;-0.009026;0.019913;-0.020798;-0.389914;-0.140048;-0.706977
466;8.204181;0.705802;5.386703;-0.008239;0.007598;-0.017349;-0.389863;-0.140745;-0.70603
467;8.152384;0.61552;5.400769;-0.002068;0.011138;-0.013809;-0.387636;-0.141266;-0.706999
468;8.219237;0.690795;5.402031;-0.012029;0.026968;-0.004863;-0.388078;-0.140852;-0.70729
469;8.219549;0.630784;5.402102;-0.003381;0.011118;0.005604;-0.388354;-0.140595;-0.707035
470;8.219193;0.705735;5.417022;-0.003137;0.021676;-0.005779;-0.386933;-0.140231;-0.706698
471;8.249148;0.676001;5.380136;-0.024743;0.042821;0.00936;-0.386712;-0.140959;-0.708436
472;8.174685;0.630672;5.386192;-0.013691;0.005862;-0.011198;-0.387283;-0.138863;-0.707795
473;8.189516;0.67552;5.438971;-0.022978;0.023485;0.007465;-0.387584;-0.138452;-0.70808
474;8.16003;0.615237;5.475965;-0.040502;0.035839;-0.003048;-0.386186;-0.13989;-0.708952
475;8.17413;0.750569;5.416068;-0.100401;0.032372;-0.029525;-0.387056;-0.138556;-0.708997
476;8.145598;0.510223;5.460781;-0.052808;0.032336;-0.008388;-0.385684;-0.135413;-0.708804
477;8.100328;0.61488;5.504783;0.017197;0.035799;0.000489;-0.385263;-0.135938;-0.709052
478;8.05497;0.689969;5.443756;-0.026709;0.063151;-0.022252;-0.384597;-0.13617;-0.710096
479;7.955833;0.975579;5.216327;-0.023219;-0.024003;-0.109284;-0.384019;-0.13619;-0.709799
480;8.187371;1.021206;5.288468;-0.139381;-0.059238;-0.209246;-0.383415;-0.135713;-0.708694
481;8.127363;0.976807;5.084697;-0.173745;-0.092704;-0.346265;-0.383984;-0.135181;-0.708588
482;8.171663;1.081969;5.092977;-0.3568;-0.000895;-0.26091;-0.38374;-0.131245;-0.708047
483;7.796948;1.037972;4.492662;-0.625497;-0.063757;-0.248149;-0.381388;-0.121733;-0.709034
484;7.856366;1.232055;4.778805;-0.839808;-0.220215;-0.305684;-0.384769;-0.101528;-0.711401
485;7.833249;0.342914;5.70983;-0.808078;-0.327634;-0.34539;-0.391276;-0.085947;-0.709194
486;9.507271;0.601343;6.493609;-0.642781;-0.415931;-0.567457;-0.399119;-0.07185;-0.705702
487;9.313237;-0.944097;6.341307;-0.108774;-0.649531;-0.105204;-0.413127;-0.068904;-0.695072
488;8.921342;0.946573;5.896131;0.248777;-0.378761;-0.269704;-0.427488;-0.074087;-0.685787
489;9.670353;0.173261;4.966493;0.045349;-0.27505;-0.246261;-0.443806;-0.081473;-0.67686
490;8.412806;0.648193;5.008244;-0.027453;0.235972;-0.663461;-0.437982;-0.092511;-0.676822
491;9.532663;1.752478;3.89641;-0.321901;0.316624;-0.849859;-0.427364;-0.097751;-0.678182
492;11.43485;2.389554;4.039001;-0.275996;-0.367643;-1.189882;-0.427508;-0.107636;-0.678569
493;9.117497;2.50161;3.744673;-0.739762;-1.613589;-0.409657;-0.45615;-0.1022;-0.658956
494;5.480798;0.1238;5.647787;-0.16483;1.039105;0.080723;-0.457687;-0.100244;-0.661189
495;7.258369;1.170783;4.511712;-0.692002;0.278194;-0.146012;-0.442724;-0.086907;-0.673293
496;7.603673;0.559843;3.836432;-0.055116;-0.211411;-0.231597;-0.444223;-0.080951;-0.669744
497;8.500886;0.852013;4.784666;0.541891;0.210982;0.054696;-0.442542;-0.093451;-0.668017
498;8.213386;1.68222;5.100666;0.251531;0.056653;0.134957;-0.439792;-0.100185;-0.668945
499;8.804752;2.38703;3.941126;0.185282;-0.123205;0.065823;-0.439513;-0.102789;-0.670003
500;8.849376;2.380139;3.836972;0.181335;-0.102089;0.087141;-0.446445;-0.10698;-0.668441
501;8.717394;2.137329;4.374887;0.11299;-0.011254;0.085983;-0.450613;-0.110109;-0.664595
502;8.627839;2.047619;4.215596;0.034923;-0.038483;-0.043943;-0.44965;-0.1127;-0.662791
503;8.479446;1.844533;4.205331;-0.013074;-0.117575;-0.048943;-0.45152;-0.114725;-0.660991
504;8.570413;1.68648;4.417449;0.013654;-0.128214;-0.053453;-0.455164;-0.113401;-0.659824
505;8.421131;1.670773;4.444483;-0.010285;-0.148331;-0.017414;-0.460099;-0.115293;-0.65696
506;8.123314;1.459668;4.416215;0.063905;-0.270624;-0.003291;-0.466221;-0.116987;-0.651999
507;7.681694;1.370215;3.859631;0.457108;-0.288584;-0.091648;-0.474557;-0.12585;-0.645242
508;7.95376;2.003366;3.391644;0.798589;-0.15192;-0.208816;-0.477855;-0.148268;-0.63794
509;8.665589;2.714427;2.647249;0.526199;0.257515;0.050876;-0.472062;-0.169556;-0.635723
510;9.473552;2.65624;2.978726;0.217059;0.260245;0.201732;-0.46526;-0.176564;-0.637802
511;9.51065;2.152976;4.976139;-0.07694;0.038265;0.683687;-0.467543;-0.17287;-0.640345
512;10.125548;1.705461;4.943957;-0.347585;0.708147;0.684702;-0.461507;-0.154962;-0.648043
513;9.236733;0.967241;6.637859;-0.063841;0.789189;0.547591;-0.441934;-0.136698;-0.666266
514;9.591702;1.227857;5.639144;-0.305769;1.426588;0.578492;-0.413317;-0.115046;-0.686485
515;7.847699;-0.324981;3.984878;-0.18054;1.881217;0.25137;-0.368658;-0.101101;-0.711029
516;7.889999;-1.223988;7.348593;0.312666;1.00255;0.805542;-0.335351;-0.092552;-0.732068
517;5.415326;-0.548467;4.896781;0.940799;1.075119;0.851226;-0.301465;-0.099112;-0.744962
518;6.932794;0.613907;4.625842;0.712758;0.44086;0.808113;-0.285428;-0.109418;-0.750358
519;7.407881;3.01129;2.216425;0.424185;-0.298731;0.362088;-0.286292;-0.12032;-0.748084
520;6.801877;3.344818;2.609112;0.090166;-1.446069;-0.087035;-0.315941;-0.12826;-0.737239
521;8.983364;1.091409;7.202952;-0.586769;-1.119611;-0.111619;-0.354086;-0.126565;-0.723327
522;9.694512;-0.363371;7.759129;-0.09424;-0.332797;-0.116081;-0.374691;-0.119537;-0.716931
523;8.642924;0.147896;6.476733;-0.047241;-0.143955;-0.043198;-0.37876;-0.12289;-0.714157
524;8.387023;0.625874;6.741222;-0.036315;-0.200121;0.012993;-0.395843;-0.11694;-0.708396
525;8.116377;0.598097;5.947872;-0.086909;0.037652;-0.082438;-0.397184;-0.118419;-0.707245
526;8.221301;0.241212;5.282494;-0.002192;0.15725;0.051547;-0.388894;-0.118882;-0.711827
527;8.262777;0.938513;5.402636;0.033336;0.148393;0.042799;-0.383752;-0.122257;-0.711706
528;8.316951;0.519202;5.269105;-0.168321;0.168807;-0.037457;-0.378542;-0.118409;-0.714022
529;8.056355;0.330777;5.234057;0.01984;0.102708;0.014129;-0.379001;-0.112255;-0.715945
530;7.935487;0.674533;5.433867;0.016213;0.072832;-0.032769;-0.376911;-0.113038;-0.716919
531;7.936563;0.464527;5.426613;-0.10919;0.074751;-0.02751;-0.372061;-0.112887;-0.71911
532;8.071745;0.434077;5.661994;-0.079764;-0.000149;0.000203;-0.371967;-0.10738;-0.718176
533;8.115402;0.629567;5.59512;-0.029411;-0.007293;-0.028046;-0.3717;-0.108541;-0.718968
534;8.137493;0.615368;5.422983;0.016063;-0.013534;-0.032508;-0.373249;-0.108263;-0.718774
535;8.219595;0.734743;5.657134;-0.044631;0.037598;0.019933;-0.372849;-0.107076;-0.718893
536;8.145642;0.495282;5.44579;-0.022352;0.006762;-0.020921;-0.371409;-0.108682;-0.718819
537;8.251295;0.41949;5.733155;0.107466;0.012713;-0.024407;-0.370092;-0.110694;-0.718482
538;7.866828;0.929474;5.39469;-0.065672;0.020183;0.005732;-0.370424;-0.109733;-0.719308
539;8.009914;0.6902;5.345295;0.025425;-0.110352;-0.103758;-0.374077;-0.10853;-0.71841
540;8.097342;1.125565;5.361587;0.053086;0.02775;-0.14242;-0.373444;-0.112115;-0.718101
541;7.960183;1.449378;4.930739;-0.041323;-0.260065;-0.403806;-0.375799;-0.119671;-0.713079
542;8.155354;1.188395;4.739835;-0.550191;-0.169676;-0.291213;-0.379256;-0.115139;-0.712987
543;7.556291;1.351976;4.517501;-0.664713;-0.244966;-0.345527;-0.382223;-0.104688;-0.709116
544;8.230712;0.074279;5.748126;-0.852345;-0.292574;-0.34786;-0.387156;-0.088757;-0.709662
545;8.778796;0.131078;7.042298;-0.531377;-0.254486;-0.363416;-0.393454;-0.076364;-0.707033
546;9.673969;-0.842423;7.489086;-0.349967;0.031952;-0.088948;-0.397062;-0.063363;-0.704007
547;8.215704;-0.118882;5.282773;0.390317;-0.678674;-0.080506;-0.408607;-0.068315;-0.698223
548;10.698631;1.007141;5.654124;0.491305;-0.064757;-0.107846;-0.416495;-0.08293;-0.689679
549;10.249686;1.430173;6.320021;0.128898;0.71651;-0.476433;-0.411332;-0.097255;-0.693166
550;9.278719;1.00966;5.498016;-0.254765;1.065108;-0.530575;-0.376818;-0.102063;-0.710613
551;9.981064;3.565836;4.803954;-0.949457;-0.73926;-1.264574;-0.369601;-0.101261;-0.709997
552;1.827364;9.437671;-18.749403;0.739466;-1.221614;-0.169571;-0.419632;-0.089366;-0.686044
553;3.956254;0.357813;9.248934;-0.949179;0.808759;0.269004;-0.385068;-0.070409;-0.703546
554;6.617749;0.718955;4.319229;-0.668304;0.156957;-0.217516;-0.380223;-0.040848;-0.711734
555;7.95163;-0.464576;3.379278;0.235785;-0.201402;-0.181434;-0.38443;-0.038348;-0.710058
556;7.653872;0.699042;6.486275;0.499864;0.224803;0.169564;-0.377786;-0.052494;-0.711857
557;7.767871;1.393122;5.64734;0.000617;-0.064309;0.048485;-0.37644;-0.054923;-0.710979
558;8.090204;2.082133;4.422377;0.19015;-0.218825;-0.006331;-0.381555;-0.057299;-0.709199
559;8.466683;1.684516;4.790577;0.267138;-0.08972;-0.019619;-0.390079;-0.075744;-0.703775
560;7.890655;1.98084;5.138881;0.08349;-0.217735;-0.097203;-0.393527;-0.08254;-0.700962
561;8.19785;1.683222;4.84521;-0.000419;-0.223118;-0.156445;-0.398739;-0.077668;-0.698801
562;7.811691;1.268765;4.927951;0.156915;-0.274181;-0.156851;-0.40437;-0.083204;-0.693673
563;7.55641;1.448372;4.78755;0.374691;-0.314825;-0.159727;-0.412142;-0.092983;-0.68729
564;7.571027;1.285519;4.277735;0.620204;-0.080134;-0.137827;-0.41816;-0.117415;-0.681596
565;7.628127;1.639811;3.918295;0.604432;-0.025456;0.062025;-0.416954;-0.137147;-0.677046
566;8.873599;2.198635;4.212866;0.251951;-0.123096;0.433756;-0.423051;-0.143289;-0.676517
567;9.325548;1.881703;5.092782;0.353488;-0.234423;0.284701;-0.428874;-0.145262;-0.671271
568;9.185947;1.713442;5.735521;0.135528;-0.082643;0.298976;-0.43486;-0.149425;-0.667375
569;9.142435;1.725777;6.33497;-0.176492;0.407207;0.292691;-0.428399;-0.145575;-0.67017
570;9.003815;2.356896;5.963792;-0.564196;0.355833;0.290651;-0.415633;-0.127193;-0.682258
571;9.082102;0.093088;5.645147;-0.764724;0.92036;0.516493;-0.400964;-0.100311;-0.696295
572;8.431944;-0.399664;4.461961;0.022288;1.530324;0.209211;-0.361971;-0.08211;-0.716275
573;8.389188;-0.654746;8.033383;0.51686;0.966814;0.718065;-0.329988;-0.086894;-0.733439
574;6.942131;-0.755329;5.588058;0.290607;1.221358;0.915661;-0.294304;-0.086158;-0.74788
575;7.071631;0.368838;5.964648;0.572682;0.749195;0.967317;-0.273021;-0.090178;-0.757213
576;7.058862;1.77394;3.591532;0.142629;0.376295;0.693089;-0.258043;-0.096891;-0.759572
577;6.88596;2.635749;1.831135;0.355792;-0.742182;0.124208;-0.267659;-0.102086;-0.758407
578;7.657798;2.576683;5.944008;-0.094581;-1.441011;-0.332373;-0.308316;-0.105201;-0.745546
579;8.901049;0.327346;8.66545;-0.243009;-0.43953;-0.090172;-0.338055;-0.097311;-0.734341
580;8.706283;-0.036642;7.618847;-0.185348;-0.152545;-0.000909;-0.344116;-0.095289;-0.733292
581;8.210347;0.144842;6.798229;0.372547;-0.12314;-0.054466;-0.347515;-0.104863;-0.730335
582;7.791817;1.516804;6.593217;0.03542;-0.056488;-0.093465;-0.350709;-0.111246;-0.72805
583;8.059671;-0.054161;5.804862;-0.110333;0.138059;-0.0501;-0.349326;-0.111368;-0.728791
584;7.77213;0.508585;5.498303;0.14032;0.074551;0.025467;-0.340922;-0.114018;-0.731476
585;8.197712;0.718843;5.85182;0.099497;0.098168;0.017724;-0.338336;-0.116825;-0.731479
586;7.831036;0.748175;5.664319;-0.034335;-0.009767;-0.008616;-0.341843;-0.117061;-0.730974
587;7.62403;0.312408;5.630616;-0.109459;-0.004279;0.017812;-0.340985;-0.114349;-0.729728
588;7.630452;0.507535;5.615525;0.054655;-0.03622;-0.052953;-0.344208;-0.11498;-0.729343
589;7.840299;0.596369;6.099915;0.010842;-0.010693;-0.005103;-0.343006;-0.115454;-0.731169
590;7.831584;0.702605;5.799455;-0.031415;-0.046746;-0.02476;-0.343738;-0.11607;-0.728644
591;8.147892;0.394648;6.196366;0.03364;-0.031994;0.008822;-0.346345;-0.116626;-0.727018
592;7.861079;0.777735;5.799966;0.026076;0.009537;0.033887;-0.346967;-0.116305;-0.728261
593;7.957839;0.815931;5.726827;0.02305;0.020919;0.011025;-0.347575;-0.117948;-0.726535
594;7.996841;0.523305;5.780458;0.084791;-0.006456;0.033726;-0.348364;-0.118512;-0.728727
595;7.980155;0.927665;5.937272;0.095813;0.037552;0.014704;-0.347542;-0.122924;-0.727599
596;8.026114;0.836639;6.223454;-0.263377;0.09431;-0.021995;-0.345879;-0.121355;-0.727792
597;7.666965;0.553779;5.353561;-0.356;0.035579;-0.046308;-0.344055;-0.110309;-0.730694
598;7.86396;0.237513;5.830629;-0.027156;0.090556;0.000817;-0.343221;-0.106145;-0.732818
599;7.734785;0.671911;5.872586;-0.048728;0.025521;0.00045;-0.338416;-0.105301;-0.732454
600;7.788101;0.477079;5.873869;-0.025589;0.034265;0.002238;-0.338021;-0.10489;-0.732974
601;7.690138;0.597098;5.781719;-0.066406;-0.066894;-0.051391;-0.339113;-0.104519;-0.731951
602;7.855044;0.515034;5.830148;0.049136;-0.092676;-0.093054;-0.341251;-0.104343;-0.732324
603;7.949792;1.032444;5.966565;0.085748;-0.041734;-0.144657;-0.343126;-0.108185;-0.731327
604;7.798746;0.997598;5.183129;0.069298;-0.191371;-0.249854;-0.345692;-0.112812;-0.726861
605;8.158054;1.153839;5.835542;0.132027;-0.067504;-0.271887;-0.349587;-0.119971;-0.724742
606;7.617353;1.409352;5.209053;-0.066228;-0.083746;-0.30903;-0.349465;-0.125549;-0.723915
607;8.020562;1.545133;5.412117;-0.421555;-0.037721;-0.321069;-0.351446;-0.121615;-0.722539
608;7.891345;0.598816;5.560635;-0.68863;-0.185222;-0.348758;-0.354391;-0.112618;-0.722029
609;7.862401;0.656467;6.100293;-0.468234;-0.301739;-0.486294;-0.359676;-0.099871;-0.722046
610;8.696267;-0.002396;6.590532;-0.326647;-0.133226;-0.31671;-0.36293;-0.092014;-0.719259
611;8.881417;0.090434;6.09137;-0.046726;-0.445159;-0.087688;-0.370152;-0.086434;-0.714234
612;8.386732;0.462901;6.246116;0.168937;-0.485633;-0.040211;-0.381995;-0.089676;-0.708199
613;10.099881;0.954648;5.079334;0.458084;-0.148929;-0.092562;-0.395524;-0.10058;-0.698052
614;8.481548;2.747419;7.16105;0.260034;0.770741;-0.888657;-0.380363;-0.117485;-0.703205
615;9.328802;1.236774;5.048523;-0.458481;0.153144;-0.97018;-0.362957;-0.126599;-0.712578
616;9.757912;4.120554;6.487313;-0.725989;-2.042142;-1.340535;-0.374967;-0.127212;-0.702786
617;6.595702;0.81931;-1.789751;0.27719;1.117182;0.535549;-0.429666;-0.139186;-0.667688
618;6.815491;1.085052;6.664117;-1.258665;0.340109;0.096231;-0.405348;-0.109872;-0.686518
619;5.211673;0.953886;4.208171;-0.439741;0.014643;-0.441644;-0.411065;-0.086184;-0.692776
620;9.068852;0.460105;3.963538;0.754129;0.03603;-0.057815;-0.417432;-0.098188;-0.687398
621;7.786461;1.223163;6.848572;0.266666;0.2734;0.053519;-0.399639;-0.113257;-0.689735
622;8.180589;2.088611;4.754371;-0.135241;-0.119828;0.04023;-0.40087;-0.110936;-0.691282
623;8.416692;2.288097;3.910923;0.201968;-0.130094;0.034887;-0.405751;-0.11301;-0.690569
624;8.508667;2.2843;4.910835;0.259465;-0.01043;0.086937;-0.412849;-0.127453;-0.683335
625;8.090523;2.133583;4.677471;0.02274;-0.091835;0.013975;-0.413881;-0.129871;-0.681898
626;8.276034;2.173748;4.215894;-0.032042;-0.122692;0.001386;-0.413096;-0.124749;-0.681468
627;8.578126;1.812412;4.807686;0.122913;-0.080781;-0.010722;-0.416154;-0.126836;-0.681072
628;8.227652;1.832119;5.145815;0.117289;-0.067423;-0.082956;-0.418057;-0.132213;-0.677919
629;8.375352;2.058737;4.908402;0.122328;-0.067501;-0.068809;-0.423172;-0.1381;-0.674111
630;8.583233;2.269992;4.814795;-0.012204;-0.064761;-0.014945;-0.424233;-0.140492;-0.673348
631;8.516431;2.135174;4.701036;-0.002378;-0.014596;-0.0508;-0.423651;-0.140775;-0.67305
632;8.239217;2.172636;4.447785;-0.007727;-0.006559;-0.087796;-0.423657;-0.141811;-0.673587
633;7.643367;1.669064;4.113678;0.214295;-0.106047;-0.117678;-0.424131;-0.145532;-0.672793
634;7.147923;2.028025;3.908223;0.511952;-0.158112;-0.117059;-0.42894;-0.160812;-0.665177
635;7.549844;2.225562;3.690958;0.617785;-0.04397;-0.026237;-0.431274;-0.18049;-0.660797
636;8.369585;2.529805;3.466965;0.452239;0.038797;0.359069;-0.433469;-0.191709;-0.656701
637;9.09454;2.755167;4.081625;0.150407;0.016063;0.532757;-0.43478;-0.194386;-0.655277
638;9.492391;2.723644;4.825067;-0.01135;-0.061472;0.351321;-0.439095;-0.190354;-0.655629
639;9.079239;1.902595;5.245398;-0.235365;0.104569;0.451166;-0.440036;-0.178805;-0.656915
640;9.335351;1.699206;5.693514;-0.20973;0.414207;0.358881;-0.436303;-0.168503;-0.661742
641;9.198659;2.89167;7.430447;-0.39175;0.706751;0.215609;-0.424738;-0.154073;-0.673609
642;9.17334;1.27818;5.765759;-1.003139;1.367624;0.220692;-0.396861;-0.126395;-0.695764
643;6.355269;-2.686964;5.931065;-0.022133;1.084517;0.584339;-0.355492;-0.105993;-0.718866
644;6.790182;-1.879521;5.196009;1.117856;1.021299;0.728802;-0.323692;-0.109564;-0.733215
645;8.43419;1.148034;5.691013;1.253939;0.636764;1.021377;-0.309907;-0.131426;-0.735998
646;7.428176;3.743455;2.951449;0.641445;0.329721;0.711666;-0.301189;-0.147512;-0.739578
647;7.834674;4.072534;1.773594;-0.331372;-0.838503;0.26402;-0.317527;-0.141089;-0.736073
648;8.305811;2.151765;4.118961;0.088262;-1.355386;-0.323992;-0.352764;-0.142503;-0.721339
649;9.729075;1.416433;7.322643;-0.291486;-0.751474;-0.008398;-0.387561;-0.151745;-0.705757
650;8.890146;0.207119;6.901873;-0.265575;-0.23361;-0.114413;-0.396705;-0.151005;-0.701218
651;8.256056;-0.027484;6.791831;-0.104644;-0.284459;0.047579;-0.407694;-0.141644;-0.697057
652;8.398924;0.958361;6.17078;0.301667;-0.153117;-0.110147;-0.414774;-0.149338;-0.693609
653;8.155763;1.328864;5.234969;0.018909;-0.047001;-0.049379;-0.416042;-0.154399;-0.692042
654;8.575892;0.859212;4.928745;-0.059429;0.03386;-0.027759;-0.409744;-0.154169;-0.693355
655;8.723888;1.055575;4.751405;0.005985;0.03899;-0.010046;-0.408605;-0.153152;-0.692764
656;8.523548;0.844224;4.87518;-0.130426;-0.021461;0.003613;-0.413111;-0.152844;-0.692308
657;8.472629;0.588881;4.896947;-0.003445;-0.075317;-0.032977;-0.415203;-0.150498;-0.690799
658;8.398082;0.722057;5.270515;-0.004913;0.055033;-0.001143;-0.414535;-0.152684;-0.689145
659;8.128788;0.766177;5.227534;-0.103209;0.0289;0.019862;-0.413027;-0.148108;-0.691912
660;8.46562;0.662339;5.264433;0.018018;0.027686;0.005713;-0.412467;-0.14772;-0.691886
661;8.336321;1.007781;5.051341;0.001847;0.046259;0.013845;-0.411664;-0.149121;-0.690093
662;8.425344;1.053854;4.880483;0.012805;-0.017193;-0.003363;-0.412665;-0.148836;-0.690277
663;8.425551;0.99403;4.835527;0.049463;-0.033093;-0.01319;-0.414793;-0.14958;-0.690781
664;8.41008;1.128685;4.910111;0.024931;-0.031275;0.008909;-0.415136;-0.152252;-0.689849
665;8.4112;0.933462;4.955372;-0.022518;-0.040034;-0.015897;-0.417212;-0.152003;-0.688738
666;8.291631;0.977632;5.042972;-0.058112;-0.017036;-0.013959;-0.417754;-0.151366;-0.687957
667;8.396826;0.85064;5.015207;-0.070191;-0.02765;-0.029946;-0.419165;-0.149527;-0.687222
668;8.321446;0.918423;4.878542;-0.082595;-0.015277;-0.02985;-0.418915;-0.148459;-0.687616
669;8.441406;0.85869;4.926043;-0.072385;-0.016217;-0.008692;-0.420029;-0.147158;-0.686731
670;8.426646;0.843442;4.970788;-0.090148;0.019905;-0.006677;-0.420094;-0.145145;-0.687547
671;8.345007;0.738104;4.969263;-0.03129;0.045393;-0.011807;-0.419942;-0.144376;-0.687003
672;8.23232;0.902262;5.071878;-0.002978;0.009331;-0.012017;-0.419285;-0.142258;-0.68738
673;8.367457;0.797578;5.119733;-0.021252;-0.031242;-0.074092;-0.420205;-0.14387;-0.686343
674;8.741438;0.694259;5.067327;0.057096;-0.01217;-0.075753;-0.41999;-0.144592;-0.688216
675;8.72435;1.039887;4.916523;0.055761;0.037171;-0.011816;-0.419103;-0.146983;-0.688168
676;8.470467;0.964323;4.806445;0.014872;0.074344;0.034315;-0.419158;-0.147451;-0.686284
677;8.291404;0.948313;4.877906;0.011764;0.034815;0.009338;-0.417771;-0.148878;-0.687425
678;8.14347;0.766702;5.115266;-0.006684;-0.022305;-0.006965;-0.419305;-0.149266;-0.687095
679;8.389724;0.812793;5.090147;0.08761;-0.047224;-0.053017;-0.419129;-0.150731;-0.686813
680;8.48532;1.061151;4.986739;0.067277;-0.029645;-0.058151;-0.421268;-0.153676;-0.685024
681;8.471197;0.903564;4.986627;0.058299;0.006466;-0.049105;-0.420294;-0.156148;-0.686317
682;8.485115;1.054086;4.881684;0.066805;0.010858;-0.031402;-0.419814;-0.157898;-0.685617
683;8.439569;1.151803;4.790612;0.041789;0.02676;-0.024216;-0.419155;-0.161245;-0.684634
684;8.440182;1.054099;4.835755;0.03441;0.020615;-0.011923;-0.418614;-0.163964;-0.686217
685;8.402652;1.113715;4.89497;0.03712;0.019751;-0.015444;-0.418626;-0.163953;-0.686487
686;8.514402;1.189039;4.927151;-0.049456;0.023338;-0.000413;-0.419134;-0.164779;-0.685432
687;8.485351;1.068528;5.016748;-0.131491;0.041952;0.012928;-0.417102;-0.161864;-0.686419
688;8.366684;0.903002;5.022048;-0.029903;0.028669;0.002227;-0.417031;-0.160239;-0.687497
689;8.351039;1.067694;5.089093;0.008288;0.032155;0.001406;-0.415905;-0.159469;-0.68731
690;8.335479;1.143054;4.991143;-0.028302;0.044535;0.009443;-0.415622;-0.159474;-0.687296
691;8.373165;1.023708;4.864459;-0.009004;0.033929;0.02346;-0.414913;-0.157794;-0.686593
692;8.485402;1.038709;4.971757;0.012495;0.014478;0.01274;-0.413538;-0.15882;-0.68787
693;8.485611;1.00861;4.994307;0.039606;0.003868;-0.008515;-0.414969;-0.158523;-0.68821
694;8.381089;1.022926;5.059728;0.008351;0.002207;-0.003225;-0.415725;-0.160158;-0.686626
695;8.373157;1.038586;4.894459;-0.008495;0.003986;-0.003217;-0.416124;-0.160306;-0.689473
696;8.276018;0.993637;4.787497;-0.045523;-0.017057;-0.017493;-0.415061;-0.160259;-0.687671
697;8.454823;1.15874;4.940995;-0.031036;-0.082306;-0.039095;-0.415908;-0.160769;-0.687845
698;8.545592;1.038193;5.153068;-0.06242;-0.018944;-0.06338;-0.416907;-0.161655;-0.685063
699;8.440987;0.985776;5.030955;-0.062742;-0.010083;-0.045681;-0.417062;-0.158258;-0.687503
700;8.440193;1.158121;5.075778;-0.046135;0.039178;-0.071774;-0.415932;-0.158143;-0.687449
701;8.334681;1.293113;4.983459;-0.156196;0.049904;-0.120212;-0.413163;-0.158519;-0.68893
702;8.228296;1.429663;4.515912;-0.239897;-0.087294;-0.162635;-0.412919;-0.153934;-0.688122
703;8.439115;1.249228;4.813009;-0.143874;-0.120991;-0.208778;-0.416981;-0.152999;-0.686973
704;8.583149;0.993393;5.138863;-0.142203;0.023336;-0.15134;-0.416038;-0.153229;-0.684773
705;8.424133;1.100607;4.460172;-0.045196;-0.136943;-0.163038;-0.415318;-0.154032;-0.684736
706;8.467305;1.631383;4.940732;-0.126675;-0.197611;-0.235707;-0.420344;-0.155189;-0.680397
707;8.856389;1.520403;4.941167;-0.234845;-0.239003;-0.168978;-0.426115;-0.152917;-0.675698
708;9.068563;1.159186;5.418589;-0.164968;-0.04202;-0.178246;-0.428771;-0.150694;-0.674216
709;9.024852;0.90434;5.327937;-0.029747;0.126884;-0.08181;-0.427204;-0.149556;-0.67347
710;8.382314;0.827517;5.150016;0.062731;0.282013;-0.0666;-0.420743;-0.151041;-0.678272
711;7.782532;1.02954;4.702499;-0.072962;0.270168;-0.038412;-0.4127;-0.148801;-0.680987
712;8.021518;1.023217;4.647275;-0.082938;0.080804;-0.04504;-0.409291;-0.148475;-0.683786
713;8.004018;1.421603;4.436372;-0.032507;-0.032804;-0.04576;-0.408493;-0.147008;-0.684424
714;8.333688;1.324614;4.623203;-0.020183;-0.089315;-0.046177;-0.409303;-0.148073;-0.683922
715;8.452669;1.519303;4.820492;-0.006573;-0.054156;-0.01942;-0.413198;-0.149507;-0.683029
716;8.348634;1.473297;4.961031;-0.101894;-0.009958;-0.007647;-0.413284;-0.146563;-0.680616
717;8.274803;1.233618;4.80222;-0.087916;-0.039894;-0.035257;-0.414624;-0.144531;-0.681494
718;8.431176;1.42839;5.015268;-0.006127;-0.000455;-0.036702;-0.413984;-0.145649;-0.680114
719;8.394314;1.323319;4.992129;-0.090765;-0.036417;-0.02992;-0.414295;-0.144577;-0.6804
720;8.521605;1.234139;4.912238;-0.04189;-0.030385;-0.026369;-0.415339;-0.143732;-0.681396
721;8.497863;1.459373;4.843978;-0.015621;-0.018951;-0.008598;-0.41487;-0.14365;-0.680296
722;8.288322;1.474031;4.727188;-0.089552;-0.013494;-0.041208;-0.417722;-0.143717;-0.680972
723;8.737417;1.34056;4.781383;-0.012372;-0.064871;-0.037189;-0.416865;-0.142045;-0.680127
724;8.528774;1.33875;5.017327;-0.030545;-0.00484;0.02413;-0.419367;-0.141007;-0.678769
725;8.424764;1.218385;5.00036;-0.012463;0.02863;0.014639;-0.418276;-0.139815;-0.679257
726;8.52916;1.271176;5.032417;-0.020064;0.083155;2.5e-05;-0.418326;-0.139508;-0.680338
727;8.424875;1.14387;4.880375;-0.024191;0.05943;-0.013402;-0.414814;-0.139278;-0.680708
728;8.439367;1.263638;4.955578;0.010995;0.093723;0.004512;-0.413064;-0.139353;-0.682778
729;8.30521;1.173349;4.892947;-0.01285;0.123768;0.042648;-0.409886;-0.13803;-0.683975
730;8.200784;1.172631;4.965892;-0.020247;0.093911;0.052152;-0.408225;-0.13672;-0.687668
731;8.42457;1.159278;4.782798;-0.005192;0.055017;0.013039;-0.404831;-0.137291;-0.687772
732;8.36394;1.353801;4.848906;0.04772;0.025067;0.026994;-0.405112;-0.137027;-0.687652
733;8.229437;1.383034;4.906205;-0.013085;-0.009987;0.039111;-0.403974;-0.138091;-0.687864
734;8.364896;1.203462;4.92413;0.024951;-0.006603;0.009098;-0.404303;-0.138044;-0.688957
735;8.498376;1.443591;5.03161;0.030616;-0.007561;-0.010277;-0.403954;-0.140843;-0.688395
736;8.312245;1.330221;5.058011;-0.04675;-0.010009;-0.008548;-0.40587;-0.141003;-0.687006
737;8.245917;1.127672;4.996864;-0.027713;0.009352;-0.020803;-0.405623;-0.139803;-0.687401
738;8.439307;1.308335;5.030571;0.000589;-0.000458;-0.017312;-0.406725;-0.139553;-0.686646
739;8.513801;1.361041;5.054523;-0.031417;0.030356;-0.015326;-0.407062;-0.139759;-0.688009
740;8.349979;1.21822;4.96884;0.00419;0.025106;-0.015384;-0.405193;-0.139815;-0.687245
741;8.312466;1.24808;4.968054;0.011219;0.003992;-0.013759;-0.405052;-0.140466;-0.687506
742;8.259996;1.300199;5.011968;-0.015324;0.004051;-0.020807;-0.406205;-0.13991;-0.687832
743;8.365261;1.173082;5.014222;-0.024202;0.013691;-0.019003;-0.404781;-0.14046;-0.687762
744;8.37931;1.338233;4.999316;-0.010005;-0.024184;-0.022766;-0.405635;-0.141223;-0.688206
745;8.334415;1.330744;4.953396;-0.036571;0.026924;-0.022412;-0.405613;-0.141504;-0.6878
746;8.304929;1.240736;4.922885;-0.003179;0.016342;-0.003971;-0.404549;-0.138985;-0.688428
747;8.409361;1.32319;5.037457;0.011125;-0.006614;-0.012055;-0.40673;-0.140329;-0.687049
748;8.424122;1.368163;5.060217;-0.017165;0.016299;-0.018066;-0.406639;-0.141065;-0.688524
749;8.245157;1.240504;4.921684;-0.017413;0.011109;-0.004006;-0.405607;-0.140859;-0.687397
750;8.335019;1.247918;5.028541;0.018452;-0.004832;-0.020878;-0.405911;-0.142397;-0.688485
751;8.438925;1.36847;5.000481;-0.011825;0.01012;-0.018111;-0.406419;-0.141401;-0.686762
752;8.364523;1.308169;4.999052;-0.022701;0.025141;-0.006545;-0.405317;-0.14126;-0.687382
753;8.289899;1.270559;4.952568;-0.010183;0.011075;-0.010177;-0.404893;-0.141916;-0.68763
754;8.379488;1.300757;4.991856;0.012988;-0.001324;-0.01467;-0.405215;-0.143047;-0.688989
755;8.379267;1.353173;5.014307;-0.051648;0.011101;0.014541;-0.403302;-0.143013;-0.687146
756;8.267816;1.240155;5.027199;-0.029853;0.030482;-0.003869;-0.404059;-0.141005;-0.687591
757;8.439367;1.263638;4.955578;0.001412;0.019786;-0.011005;-0.404644;-0.141239;-0.688158
758;8.334238;1.36822;4.960856;-0.00899;0.030435;0.017329;-0.404025;-0.141686;-0.68705
759;8.267446;1.277974;4.952108;-0.015895;-0.007382;0.005579;-0.404983;-0.1391;-0.688718
760;8.454437;1.285764;5.060916;0.009611;0.010964;-0.02253;-0.405524;-0.140676;-0.68874
761;8.244859;1.337648;5.011623;-0.027915;0.030512;0.028798;-0.404403;-0.141074;-0.689089
762;8.305382;1.239926;5.118004;-0.019273;0.005808;-0.003156;-0.405236;-0.140686;-0.688592
763;8.342126;1.308051;5.006105;0.009708;0.018058;-0.026003;-0.404258;-0.140558;-0.688814
764;8.40211;1.270745;5.014856;-0.010357;0.007504;-0.003145;-0.404344;-0.1423;-0.688141
765;8.364827;1.263036;5.029123;-0.010546;0.032177;0.007616;-0.401679;-0.142579;-0.688685
766;8.409552;1.293122;5.052502;-0.001434;0.035658;-0.002943;-0.402256;-0.141519;-0.688581
767;8.40976;1.263023;5.075052;0.012305;0.063824;0.021957;-0.402279;-0.142929;-0.689656
768;8.52199;1.292903;5.21235;0.047777;0.083095;0.02563;-0.399725;-0.142974;-0.689398
769;8.320721;1.216981;5.238405;0.065271;0.122795;0.042667;-0.398058;-0.144922;-0.690794
770;8.667248;0.811934;5.560986;0.11962;0.121648;-0.003299;-0.394702;-0.146628;-0.692244
771;8.63893;0.779288;6.168293;0.190527;0.475569;0.1942;-0.386053;-0.149768;-0.695994
772;8.580992;0.523106;6.38503;0.164862;0.672962;0.452312;-0.374754;-0.14719;-0.705151
773;8.613441;0.422026;7.271289;0.247973;1.032133;0.658667;-0.354061;-0.144673;-0.71601
774;7.773998;0.839663;7.058856;0.121618;1.472003;0.741244;-0.315854;-0.139139;-0.732495
775;6.423376;1.045393;5.005355;-0.329531;1.223208;0.762432;-0.280688;-0.121395;-0.749561
776;6.180638;1.688633;1.622882;-0.150709;0.015836;0.193713;-0.263691;-0.108527;-0.757122
777;6.861399;2.269397;3.316874;0.01526;-0.858059;-0.185475;-0.2793;-0.10851;-0.752084
778;8.232364;0.323995;7.031107;-0.023334;-0.511687;-0.039516;-0.302974;-0.111495;-0.745139
779;8.150106;0.665653;7.771999;-0.01519;-0.160425;-0.069619;-0.313972;-0.111624;-0.74136
780;7.604264;0.307584;6.770864;-0.184413;-0.065772;-0.03023;-0.314697;-0.110556;-0.741397
781;7.813057;0.353716;6.699968;0.177468;-0.242448;-0.130265;-0.318661;-0.111534;-0.738623
782;7.622721;1.028175;6.680401;-0.065322;0.025622;-0.027686;-0.321098;-0.117845;-0.738456
783;7.781125;0.401849;5.918836;-0.09478;0.066019;-0.042559;-0.319247;-0.112809;-0.739591
784;7.922935;0.476978;6.026663;0.1577;0.011052;-0.049971;-0.320017;-0.113911;-0.738144
785;7.786139;1.052813;6.323456;-0.021342;0.095907;0.004559;-0.317115;-0.117663;-0.737726
786;7.565391;0.31015;6.117214;-0.169131;0.080328;-0.016878;-0.313665;-0.114254;-0.741742
787;7.296435;0.249625;5.984304;-0.006367;0.045038;-0.02153;-0.312217;-0.112353;-0.740196
788;7.474842;0.564069;6.302723;0.054345;0.025511;-0.042775;-0.311366;-0.11393;-0.74069
789;7.489471;0.564688;6.167941;-0.050949;-0.035095;-0.02821;-0.312255;-0.112448;-0.74114
790;7.580456;0.30999;6.170046;0.059003;0.018421;-0.007585;-0.31275;-0.113026;-0.739681
791;7.593021;0.760192;6.154801;0.051892;-0.0071;-0.014739;-0.312733;-0.117336;-0.740882
792;7.639194;0.475564;6.096004;0.012267;-0.009704;0.012536;-0.312419;-0.117108;-0.740059
793;7.608833;0.639792;6.260309;0.093658;0.011352;0.02861;-0.312093;-0.120927;-0.740438
794;7.6536;0.625213;6.20119;0.024715;-0.014124;0.009009;-0.315182;-0.121423;-0.740182
795;7.668221;0.64071;6.096408;0.057503;-0.000969;0.01616;-0.314858;-0.121855;-0.739357
796;7.6528;0.686096;5.99099;0.164269;-0.064508;-0.033684;-0.315558;-0.125234;-0.737094
797;7.667138;0.925044;6.268674;0.011973;0.044878;0.023596;-0.315724;-0.128723;-0.738978
798;7.539911;0.776301;5.838539;-0.026993;-0.062447;-0.026608;-0.316827;-0.127692;-0.737957
799;7.774111;0.453021;6.233816;0.148522;-0.024058;-0.042266;-0.317995;-0.132976;-0.737462
800;7.508482;1.165382;6.047602;0.032938;-0.046661;-0.049353;-0.319014;-0.136577;-0.736155
801;7.682287;0.776104;6.021502;-0.087924;-0.085334;-0.049713;-0.320512;-0.136348;-0.734747
802;7.622044;0.932777;6.170205;0.035246;-0.01595;-0.11095;-0.320274;-0.138521;-0.733249
803;7.469038;1.347327;5.551334;-0.140711;-0.160961;-0.205446;-0.321885;-0.140138;-0.731841
804;7.927015;1.181636;6.146046;-0.120884;-0.089049;-0.257913;-0.327154;-0.136645;-0.731565
805;7.590465;1.032298;5.659175;-0.149727;-0.147828;-0.237181;-0.328539;-0.137822;-0.73136
806;7.771525;0.71775;5.708181;-0.090895;-0.226345;-0.248378;-0.333599;-0.137906;-0.727429
807;7.85939;1.055722;5.694571;0.005168;-0.265218;-0.216816;-0.340663;-0.139111;-0.724535
808;7.783405;1.33267;5.767785;-0.143367;-0.191039;-0.210957;-0.343551;-0.142656;-0.720625
809;8.01129;0.628288;5.803147;-0.230652;-0.217404;-0.11599;-0.349666;-0.1372;-0.719587
810;8.115842;0.836862;6.255274;-0.04835;-0.087368;-0.074427;-0.355076;-0.136308;-0.716887
811;7.85916;1.093291;5.679517;-0.202692;-0.076504;-0.084914;-0.35445;-0.13364;-0.717806
812;8.250177;0.703887;5.890412;-0.099648;-0.059222;-0.077808;-0.356595;-0.131896;-0.717779
813;7.934414;1.06289;5.846155;-0.039648;0.025382;-0.05331;-0.356719;-0.1323;-0.717515
814;7.755183;0.913413;5.542548;-0.121347;0.039648;-0.050602;-0.35378;-0.131274;-0.71778
815;7.80038;0.816319;5.483528;-0.033389;-0.017682;-0.010428;-0.354077;-0.127873;-0.71686
816;7.865928;1.168894;5.544495;-0.047942;-0.053798;-0.044146;-0.355048;-0.126965;-0.716101
817;8.113675;0.974505;5.624727;-0.008407;-0.02227;-0.018377;-0.357352;-0.125852;-0.716753
818;8.053961;0.996465;5.698545;0.015541;0.000646;0.025913;-0.358868;-0.125607;-0.71575
819;7.926272;1.078923;5.590831;-0.022103;0.017489;0.041928;-0.357757;-0.126385;-0.716502
820;7.903671;1.101465;5.560335;-0.03736;-0.006269;0.005587;-0.359192;-0.126606;-0.717109
821;7.963082;1.154362;5.523951;-0.078304;-0.034415;0.005394;-0.359231;-0.123056;-0.716716
822;7.964341;0.929166;5.561742;-0.022626;-0.034503;-0.018468;-0.361194;-0.123173;-0.716406
823;8.157793;1.124581;5.655468;0.028771;-0.032896;-0.014008;-0.361515;-0.124303;-0.714399
824;8.128531;1.004444;5.65501;-0.06218;-0.009872;0.002007;-0.363973;-0.124609;-0.715863
825;8.054295;0.899259;5.623616;-0.021151;0.026199;0.000479;-0.363443;-0.121591;-0.715576
826;8.113423;0.989819;5.549664;0.028981;0.007608;-0.017283;-0.361887;-0.122655;-0.715902
827;8.023019;1.139436;5.562692;-0.016281;0.053486;-0.018699;-0.361208;-0.122249;-0.716409
828;7.889322;0.974009;5.530169;-0.059172;0.009597;-0.010212;-0.360937;-0.121461;-0.716398
829;8.031932;0.899079;5.645679;0.002458;0.028808;-0.022442;-0.359765;-0.121516;-0.715399
830;8.039195;0.929207;5.62328;0.00056;0.048176;-0.015243;-0.359762;-0.12347;-0.716067
831;7.964029;0.989177;5.56167;-0.038467;0.021851;-0.021594;-0.357734;-0.122113;-0.717723
832;8.068777;0.974455;5.593808;-0.024393;0.014743;-0.015472;-0.35821;-0.121018;-0.718557
833;7.949151;0.996433;5.606389;-0.010225;0.02183;-0.012765;-0.357879;-0.120806;-0.71733
834;7.93456;0.928863;5.606169;0.016286;0.020047;-0.004846;-0.357269;-0.120725;-0.716223
835;7.918853;1.078801;5.613194;0.022538;0.037653;-0.006459;-0.357321;-0.122109;-0.717973
836;8.023827;1.004225;5.607881;0.002098;0.028822;-0.00654;-0.357438;-0.121869;-0.717306
837;7.993633;1.05668;5.592209;0.025362;0.011198;-0.015475;-0.357351;-0.12234;-0.715415
838;7.949029;0.996651;5.553857;0.005788;0.009484;-0.013734;-0.356419;-0.122952;-0.716985
839;8.045898;1.056946;5.57825;0.018146;-0.007302;-0.012077;-0.357409;-0.123718;-0.7173
840;8.008633;1.078931;5.667528;0.001043;0.020036;-0.00129;-0.357068;-0.126638;-0.717007
841;7.986547;0.989077;5.607148;-0.013194;0.01214;0.0004;-0.356998;-0.124622;-0.717951
842;7.919096;1.048639;5.650753;-0.012561;0.013063;0.011011;-0.356336;-0.124981;-0.715764
843;7.896743;1.033581;5.642816;-0.019336;0.027158;-0.003012;-0.357361;-0.124933;-0.716621
844;7.904413;0.958939;5.560505;-0.013351;-0.00102;0.007363;-0.355614;-0.124095;-0.718424
845;7.978968;1.026399;5.644476;-0.012741;0.014798;0.01984;-0.355654;-0.122235;-0.7187
846;7.949104;1.018812;5.63638;-0.028544;0.016588;0.011027;-0.355705;-0.123359;-0.716949
847;7.964324;0.958922;5.621743;-0.010145;-0.01163;-0.019182;-0.356864;-0.123056;-0.717544
848;7.993859;1.02655;5.622263;-0.006918;-0.004597;-0.004121;-0.356814;-0.123363;-0.716464
849;8.008966;0.981725;5.592598;-0.0065;-0.006379;-0.022673;-0.35713;-0.123067;-0.717153
850;8.04598;1.034504;5.563268;-0.017463;0.002427;-0.008487;-0.35715;-0.122919;-0.717559
851;7.978781;1.049027;5.614431;-0.013409;-0.00812;-0.03326;-0.357413;-0.123063;-0.717167
852;7.993941;1.004108;5.60728;-0.036894;-0.009849;-0.015635;-0.357561;-0.124487;-0.717844
853;8.02401;0.989035;5.652926;-0.037154;-0.000172;-0.003217;-0.357328;-0.122362;-0.718242
854;7.88955;1.003328;5.695234;-0.020839;0.002509;-0.018188;-0.358433;-0.121981;-0.717488
855;7.919548;0.958654;5.643356;-0.004589;0.009506;-0.027856;-0.357791;-0.121409;-0.715438
856;7.979237;0.951603;5.592034;-0.001287;0.007717;-0.01552;-0.357034;-0.122377;-0.717958
857;7.979015;0.974294;5.546979;0.005864;0.004184;-0.017306;-0.357322;-0.122368;-0.718107
858;8.038891;0.974339;5.593208;0.018023;0.01119;-0.004021;-0.357611;-0.122358;-0.718255
859;8.046155;1.034192;5.638314;0.02172;0.009419;-0.011962;-0.356993;-0.124237;-0.717682
860;8.250316;0.673913;5.882943;0.132401;0.108688;0.059262;-0.356924;-0.127164;-0.717133
861;8.528718;0.567443;6.496495;0.226269;0.232625;0.162483;-0.352445;-0.129399;-0.718932
862;8.117144;0.812239;6.765614;0.204128;0.519915;0.300445;-0.342378;-0.132302;-0.722479
863;8.020535;0.877816;7.138811;0.166662;0.800007;0.40743;-0.325173;-0.131209;-0.729463
864;7.703032;0.119243;7.058214;-0.074727;1.001279;0.620454;-0.302874;-0.126811;-0.74173
865;6.517118;0.592542;5.758152;-0.024109;1.13734;0.645318;-0.269399;-0.113471;-0.756982
866;5.970727;1.058883;3.1352;0.034629;0.23412;0.303727;-0.252079;-0.105328;-0.761957
867;6.606717;2.314167;3.131606;0.087882;-0.718937;-0.158899;-0.263974;-0.110345;-0.757805
868;7.832198;0.909589;6.534655;-0.236096;-0.655606;-0.080136;-0.286842;-0.110569;-0.750827
869;8.01821;0.147724;7.724887;-0.061264;-0.23516;-0.117887;-0.298895;-0.107371;-0.747376
870;7.989121;-0.091625;7.529454;-0.155405;-0.088836;0.018963;-0.302107;-0.107622;-0.746588
871;7.506439;0.338178;6.536235;-0.042615;-0.173293;-0.01685;-0.305908;-0.102766;-0.744494
872;7.459873;0.57892;6.324919;0.048399;-0.126769;-0.069423;-0.310305;-0.106854;-0.74308
873;7.639604;0.459969;6.23861;0.063261;0.046539;-0.040009;-0.310825;-0.109101;-0.74283
874;7.713396;0.521361;5.977378;0.012932;-0.036173;-0.019413;-0.311623;-0.109786;-0.741924
875;7.983908;0.385885;6.343164;0.184868;-0.071764;-0.083203;-0.313765;-0.11507;-0.741072
876;7.578044;0.819646;6.274503;0.018281;-0.013212;-0.025356;-0.313907;-0.11897;-0.739184
877;7.505352;0.414438;6.235961;-0.099334;-0.000699;-0.006823;-0.314842;-0.116405;-0.740313
878;7.475326;0.384847;6.107819;-0.016191;0.018583;0.016251;-0.31488;-0.114028;-0.74032
879;7.570884;0.700156;6.139413;0.159758;-0.03807;-0.071431;-0.312594;-0.120068;-0.738579
880;7.622952;0.804817;6.275421;-0.054907;-0.028978;-0.013123;-0.315694;-0.122376;-0.739262
881;7.556904;0.475432;6.049326;-0.051089;-0.037771;-0.019429;-0.315977;-0.120549;-0.738607
882;7.623666;0.588026;6.09557;0.144377;0.020051;-0.011049;-0.315642;-0.123855;-0.738582
883;7.652045;0.850939;6.035821;0.05573;-0.037955;-0.029944;-0.317536;-0.12794;-0.738125
884;7.758566;0.595239;6.293383;0.078801;-0.015144;-0.026296;-0.317891;-0.128779;-0.736794
885;7.607477;0.820572;6.079984;0.050194;0.002574;-0.01731;-0.31855;-0.131155;-0.73655
886;7.637598;0.77568;6.080637;0.053679;-0.000965;-0.013815;-0.31776;-0.133845;-0.735563
887;7.56953;0.940387;6.094099;0.079045;-0.030904;-0.040459;-0.317996;-0.136487;-0.735433
888;7.53143;1.023318;5.958168;-0.000674;-0.05016;-0.054706;-0.3195;-0.138074;-0.734828
889;7.831553;0.881017;6.189479;-0.057117;0.00257;-0.072019;-0.321017;-0.139128;-0.73436
890;7.620988;1.075864;6.034952;-0.080948;-0.030776;-0.124275;-0.320875;-0.13809;-0.733952
891;7.606964;0.866079;5.959857;-0.126805;-0.080021;-0.142312;-0.322403;-0.137443;-0.733085
892;7.560303;1.15158;5.808524;-0.158531;-0.046516;-0.153501;-0.32305;-0.136967;-0.731501
893;7.590319;1.106875;5.764151;-0.148036;-0.147774;-0.153336;-0.325873;-0.134198;-0.730432
894;7.688566;0.85258;5.676351;-0.10995;-0.164624;-0.185271;-0.32832;-0.134514;-0.731626
895;7.665079;0.995611;5.533144;-0.019557;-0.185849;-0.173919;-0.33468;-0.135075;-0.728565
896;7.888951;1.138166;5.740101;-0.002083;-0.298693;-0.255859;-0.340215;-0.13953;-0.724108
897;8.249678;0.972316;6.280329;-0.07588;-0.131437;-0.122364;-0.346264;-0.141162;-0.72076
898;7.949029;1.18244;5.97389;-0.203183;-0.074788;-0.10782;-0.34796;-0.138795;-0.719905
899;7.98819;0.792919;5.877546;-0.265375;-0.032509;-0.141139;-0.350879;-0.134246;-0.72046
900;7.771708;0.70256;5.753227;-0.163362;0.002707;-0.084427;-0.34981;-0.128479;-0.71975
901;7.979921;1.002398;6.004724;-0.079819;0.049163;-0.085803;-0.349894;-0.126709;-0.721105
902;7.928896;0.717518;5.913958;-0.180841;0.129432;-0.048246;-0.345347;-0.123151;-0.72251
903;7.742116;0.61274;5.677688;-0.100288;0.122382;-0.028898;-0.341121;-0.119426;-0.724739
904;7.621048;0.845379;5.539926;-0.049707;0.07839;0.011432;-0.340293;-0.118768;-0.72497
905;7.769824;1.018054;5.647787;-0.077294;0.053733;0.04835;-0.338128;-0.116758;-0.726487
906;7.740181;1.017501;5.752251;-0.031131;0.012322;0.046304;-0.338344;-0.114215;-0.727311
907;7.657803;0.9878;5.600543;-0.023287;-0.056334;0.008757;-0.339404;-0.112313;-0.72831
908;7.844495;1.033284;5.664279;0.041196;-0.075007;-0.016071;-0.340288;-0.113698;-0.726329
909;8.00899;1.093154;5.855125;-0.049981;-0.094319;0.00233;-0.345015;-0.113704;-0.724537
910;8.08485;0.883313;5.87939;-0.053888;-0.04857;0.024667;-0.347644;-0.113198;-0.723049
911;7.875528;0.912444;5.890161;0.026044;-0.00807;0.031145;-0.348258;-0.112365;-0.723889
912;7.814753;1.02548;5.708715;-0.019376;-0.007129;-0.005012;-0.348765;-0.11072;-0.725264
913;8.010118;0.853329;5.802879;-8.1e-05;-0.004603;0.008206;-0.34996;-0.111034;-0.72357
914;7.949765;0.958178;5.786544;0.007466;0.027097;-0.010081;-0.347586;-0.112212;-0.724665
915;7.90543;0.823354;5.695749;-0.011997;0.03682;-0.010924;-0.346993;-0.112115;-0.723963
916;7.890179;0.875867;5.680377;0.00385;0.03065;-0.004779;-0.346272;-0.11266;-0.723792
917;7.94953;1.003186;5.78649;-0.056241;0.062381;-0.021302;-0.346414;-0.111876;-0.723532
918;7.995183;0.808668;5.705073;-0.07692;0.030696;-0.010095;-0.346202;-0.110253;-0.724603
919;7.838335;0.807965;5.724434;-0.014086;0.004296;0.000321;-0.345595;-0.112121;-0.7243
920;7.81566;0.89752;5.813932;-0.004874;0.019255;-0.015436;-0.345612;-0.110674;-0.724169
921;7.830039;0.972904;5.739097;-0.033176;0.02456;-0.021567;-0.344934;-0.110267;-0.724676
922;7.958295;0.748232;5.771935;0.002425;0.009482;-0.022598;-0.345361;-0.110778;-0.724965
923;7.919549;1.047829;5.845873;-0.028018;0.005151;-0.017275;-0.345461;-0.110554;-0.723893
924;7.860141;0.928043;5.732246;-0.070733;0.011394;-0.011965;-0.344223;-0.10976;-0.724374
925;7.875679;0.830427;5.770185;-0.003106;0.01834;-0.013694;-0.343913;-0.108229;-0.726517
926;7.875015;0.95795;5.770033;0.021624;0.009512;-0.008435;-0.344449;-0.107597;-0.725602
927;7.815308;0.905583;5.67884;-0.019627;0.002559;0.00915;-0.344302;-0.110077;-0.726397
928;7.905091;0.898274;5.718174;-0.005587;0.011305;0.018032;-0.345365;-0.109083;-0.724431
929;7.949929;0.913295;5.756579;0.016;0.009489;0.005671;-0.344253;-0.109602;-0.725049
930;7.815174;0.957843;5.738814;-0.021297;-0.006242;0.002041;-0.345122;-0.109831;-0.725629
931;7.949765;0.958178;5.786544;-0.007849;0.02096;-0.001301;-0.344685;-0.109849;-0.725339
932;7.860228;0.898162;5.702263;-0.03049;0.018377;-0.021626;-0.344692;-0.109062;-0.725206
933;7.965359;0.85303;5.831997;0.010922;0.005961;-0.006717;-0.344396;-0.110249;-0.725324
934;7.844825;1.002967;5.739361;0.012842;0.007775;-0.013734;-0.344928;-0.111704;-0.725076
935;7.771317;0.777574;5.753138;-0.006128;0.002561;0.002072;-0.345449;-0.110956;-0.723757
936;7.860368;0.927638;5.829806;-0.031182;0.013095;-0.033124;-0.344044;-0.111358;-0.724092
937;7.935246;0.853319;5.733837;-0.025486;-0.008066;-0.008585;-0.344774;-0.110676;-0.724398
938;7.875414;0.868059;5.740122;-0.006971;-0.004534;-0.001494;-0.345371;-0.109468;-0.724699
939;7.875145;0.913129;5.72506;0.019179;-0.008098;-0.019157;-0.347052;-0.11128;-0.725045
940;7.912294;0.973098;5.770766;-0.032195;-0.022114;0.010754;-0.347047;-0.110895;-0.724777
941;7.897907;0.853143;5.740591;-0.003708;0.00074;0.012657;-0.346777;-0.111147;-0.725167
942;7.934422;0.988562;5.681143;0.021249;0.014772;0.010132;-0.347023;-0.111698;-0.724504
943;7.949192;1.048381;5.741409;-0.044211;-0.011567;-0.008574;-0.346906;-0.111937;-0.725171
944;7.94999;0.898323;5.749093;-0.015804;-0.010723;-0.005065;-0.347358;-0.110864;-0.725465
945;7.957791;0.83831;5.756819;0.029075;0.030576;-0.020668;-0.346779;-0.111015;-0.725167
946;7.844739;1.032848;5.769343;-0.042516;0.009614;-0.00313;-0.346191;-0.110913;-0.724601
947;7.726089;0.867292;5.782148;-0.047513;0.007029;-0.017293;-0.345974;-0.110336;-0.725938
948;7.636358;0.874507;5.765328;-0.006442;0.009657;-0.025209;-0.346211;-0.109334;-0.724471
949;7.905161;0.898149;5.748192;-0.002247;-0.009868;-0.056234;-0.346205;-0.11077;-0.724871
950;7.9868;0.973762;5.682212;-0.00252;-0.013424;-0.043897;-0.346414;-0.112267;-0.723665
951;8.009612;0.854233;5.585246;0.011921;-0.024884;-0.011355;-0.3483;-0.113626;-0.722002
952;7.919249;1.026073;5.665789;0.021285;-0.038038;0.003594;-0.348646;-0.113954;-0.723634
953;8.05382;1.123053;5.923531;-0.0088;-0.036351;-0.089025;-0.349407;-0.115975;-0.722319
954;8.115417;0.911938;6.240175;-0.139573;0.18746;0.056326;-0.344955;-0.114671;-0.723454
955;8.269801;-0.032715;6.259314;0.015006;0.25858;0.241951;-0.34251;-0.108499;-0.726853
956;8.912056;0.453348;7.239735;0.400907;0.677691;0.25736;-0.330252;-0.111759;-0.732179
957;7.057947;0.574611;6.977218;0.038385;0.968031;0.644162;-0.306916;-0.112103;-0.741692
958;6.502899;0.606053;6.103045;0.112479;0.763956;0.622444;-0.283971;-0.103103;-0.750303
959;6.437655;0.987185;4.585469;-0.227414;0.567984;0.470183;-0.260703;-0.098048;-0.759428
960;6.098706;1.732449;1.831306;-0.042825;-0.489665;-0.073621;-0.261742;-0.093564;-0.75895
961;7.239986;1.838284;4.525624;-0.037525;-1.419879;-0.434754;-0.291;-0.09354;-0.749319
962;8.258558;-0.173158;7.549965;-0.28607;-0.733121;0.044435;-0.322376;-0.089586;-0.738183
963;8.614084;0.361423;7.413948;-0.013512;-0.310321;-0.06987;-0.336851;-0.092191;-0.734026
964;8.495259;-0.078785;6.729156;-0.254262;-0.338131;-0.025183;-0.359435;-0.090729;-0.726366
965;7.889516;-0.147026;6.326838;0.028948;-0.270408;0.003541;-0.367907;-0.089836;-0.722602
966;7.982963;0.395007;5.952916;0.291734;-0.068397;-0.086713;-0.363826;-0.09443;-0.721317
967;8.271811;0.824277;5.823178;0.098574;-0.048018;-0.035341;-0.365425;-0.101134;-0.721512
968;8.378414;0.419797;5.780735;0.161626;0.024026;-0.020798;-0.365659;-0.103517;-0.721248
969;8.459248;0.719796;5.872083;0.118445;0.05135;0.000624;-0.368809;-0.114105;-0.719489
970;7.906388;0.606126;5.620963;-0.058356;0.104659;0.004503;-0.368198;-0.116237;-0.719185
971;7.832195;0.359663;5.289555;-0.02777;0.070303;-0.008144;-0.360361;-0.1099;-0.72192
972;7.92195;0.434152;5.501395;0.189051;0.024192;-0.052551;-0.358588;-0.11429;-0.721689
973;7.980171;0.83846;5.74226;0.057935;0.023474;-0.040129;-0.358641;-0.119185;-0.72141
974;7.996458;0.553715;5.682863;-0.024424;0.039427;-0.008314;-0.362487;-0.121575;-0.719704
975;7.906678;0.52386;5.561024;0.043254;-0.004636;-0.015683;-0.359529;-0.121346;-0.719832
976;7.995267;0.689613;5.472573;0.105877;-0.032941;-0.037028;-0.359181;-0.122973;-0.718868
977;7.965183;0.793892;5.62194;0.07594;-0.031105;-0.012284;-0.360786;-0.127458;-0.718396
978;7.980769;0.703622;5.697393;0.048082;-0.028426;0.001836;-0.362762;-0.129255;-0.719026
979;8.009648;0.883895;5.66776;0.072431;-0.028481;-0.015779;-0.364528;-0.133589;-0.715599
980;7.829653;0.85469;5.303973;0.028078;-0.094394;-0.062138;-0.365539;-0.135897;-0.716989
981;8.14456;0.809342;5.685561;0.085694;-0.099866;-0.018059;-0.367192;-0.138775;-0.713695
982;8.13715;0.824066;5.74543;0.076034;-0.025883;0.023052;-0.369626;-0.141705;-0.712189
983;8.007594;0.976748;4.984735;0.126901;-0.128098;-0.11001;-0.373187;-0.145272;-0.710871
984;8.113026;1.139161;5.714585;0.151873;-0.194131;-0.048648;-0.379038;-0.151904;-0.708039
985;8.309357;0.734904;5.703962;-0.006835;-0.075133;0.070326;-0.382438;-0.154581;-0.705908
986;8.19042;0.584724;5.626693;0.087229;0.05861;0.092417;-0.382864;-0.153793;-0.705661
987;8.06789;1.06522;5.41359;0.160593;0.055043;0.067778;-0.38281;-0.157226;-0.70565
988;8.253986;1.178653;5.372181;0.054027;0.039237;0.060614;-0.382471;-0.158583;-0.704822
989;8.171505;1.208588;5.310458;-0.003447;0.01995;0.004009;-0.381405;-0.158019;-0.706119
990;8.268772;1.149266;5.237435;-0.033195;0.009359;-0.017262;-0.382468;-0.158066;-0.704554
991;8.188153;0.900904;5.356153;-0.036828;-0.006437;-0.013883;-0.382222;-0.157906;-0.70535
992;8.052947;1.065162;5.413291;-0.006918;0.010282;-0.082552;-0.383774;-0.157496;-0.705157
993;8.113734;0.870359;5.414724;-0.064752;-0.018701;-0.03956;-0.382877;-0.157293;-0.703902
994;8.128356;0.945306;5.444953;-0.008504;-0.007341;-0.050933;-0.38341;-0.156536;-0.706219
995;8.143073;0.975494;5.415199;-0.024379;-0.00117;-0.056182;-0.384664;-0.157055;-0.706009
996;8.202796;0.938655;5.31138;-0.045578;0.005886;-0.019087;-0.382606;-0.157937;-0.704426
997;8.128052;0.960713;5.347375;-0.017208;0.014694;-0.015485;-0.381536;-0.156855;-0.705455
998;8.098048;0.983101;5.346748;-0.027621;-0.010813;-0.029777;-0.381811;-0.155948;-0.704931
999;8.218487;0.848198;5.431861;-0.052555;0.023492;-0.024272;-0.380902;-0.154325;-0.706238
1000;8.083579;0.915313;5.399061;-0.017574;0.037615;0.0032;-0.379918;-0.153944;-0.706192
1001;8.188219;0.908218;5.401171;-0.019338;0.011156;0.000363;-0.380616;-0.154203;-0.70609
1002;8.135636;0.975402;5.430058;-0.025965;0.034971;0.019956;-0.380242;-0.153121;-0.706883
1003;8.098296;0.945501;5.369307;-0.017333;0.032319;-0.008304;-0.379025;-0.153087;-0.708171
1004;8.143403;0.915452;5.422775;-0.029928;0.016472;-0.003127;-0.380236;-0.153126;-0.706748
1005;8.068853;0.900003;5.458815;0.005593;0.042875;0.000591;-0.379574;-0.150232;-0.706723
1006;8.05325;0.990304;5.375857;-0.003007;0.011194;-0.015499;-0.378728;-0.152585;-0.707619
1007;8.263034;0.91576;5.4627;-0.031838;0.012018;0.002133;-0.378036;-0.15193;-0.707722
1008;8.173202;0.915724;5.385853;0.027235;0.021657;-0.01456;-0.378577;-0.150643;-0.706674
1009;8.128099;0.968059;5.384889;-0.007904;0.018193;-0.03487;-0.37971;-0.153488;-0.707799
1010;8.053771;0.900194;5.398478;-0.026933;0.012983;-0.018152;-0.379156;-0.153745;-0.708175
1011;8.053251;1.020029;5.443362;-0.036448;0.002427;-0.033203;-0.377754;-0.152193;-0.707842
1012;8.046239;0.915137;5.405815;-0.037509;0.013878;-0.022555;-0.376562;-0.152787;-0.706571
1013;8.03121;0.94496;5.435497;-0.00476;0.028814;-0.015382;-0.377192;-0.151938;-0.707816
1014;8.06845;0.967609;5.436221;-0.041675;0.032352;-0.03477;-0.375542;-0.152439;-0.709082
1015;8.091698;0.817575;5.459363;-0.04071;0.009473;0.002103;-0.373527;-0.15172;-0.707909
1016;8.105716;0.975349;5.414448;0.011578;0.024344;-0.031293;-0.37553;-0.151409;-0.70841
1017;8.082764;1.065403;5.383873;-0.048133;0.012993;-0.026065;-0.371861;-0.151455;-0.708502
1018;8.106063;0.915275;5.429529;-0.07238;-0.009869;-0.015666;-0.373891;-0.149819;-0.709143
1019;8.046692;0.884601;5.533428;-0.020309;-0.016934;0.000172;-0.375737;-0.148744;-0.708965
1020;8.143243;0.982621;5.505245;-0.011959;0.016448;-0.013699;-0.375594;-0.149528;-0.709226
