time index;acc_x;acc_y;acc_z;gyr_x;gyr_y;gyr_z;mag_x;mag_y;mag_z
1;-9.618884;1.943968;-0.520561;-0.001342;-0.009052;-0.001324;0.612327;-0.509188;-0.025898
2;-9.596367;1.973771;-0.527573;-0.0077;-0.007215;0.002312;0.611204;-0.508655;-0.026218
3;-9.641461;1.899353;-0.550952;-0.005712;0.015942;-0.005658;0.610833;-0.507701;-0.027341
4;-9.626339;1.973939;-0.535551;-0.009254;0.003211;-0.013883;0.609595;-0.508134;-0.025735
5;-9.626326;1.973887;-0.520606;0.008597;-0.005428;-0.001322;0.610748;-0.50906;-0.026908
6;-9.596329;1.996184;-0.527511;-0.00044;-0.001847;0.00052;0.610706;-0.509056;-0.027455
7;-9.61132;2.003804;-0.550161;0.001544;-0.0048;-0.013066;0.610744;-0.508789;-0.026913
8;-9.611432;1.929043;-0.53542;0.008588;-0.00181;0.000507;0.610399;-0.508394;-0.025977
9;-9.611432;1.936566;-0.550344;0.014255;-0.000365;-0.017588;0.610632;-0.509064;-0.026639
10;-9.611292;2.0037;-0.520272;0.004987;0.002658;0.000543;0.611136;-0.508242;-0.027047
11;-9.626389;1.936532;-0.520708;-0.005036;-0.004435;0.005956;0.609612;-0.508541;-0.02559
12;-9.60384;1.988775;-0.535131;-0.011219;0.002541;-0.002134;0.610176;-0.508793;-0.027205
13;-9.626401;1.929062;-0.520728;0.000417;3e-05;0.004163;0.610586;-0.510141;-0.027439
14;-9.626385;1.959076;-0.558008;0.001302;0.019882;0.010624;0.609774;-0.507986;-0.026961
15;-9.611344;1.988863;-0.550202;-0.015689;-0.004734;-0.006691;0.610242;-0.508394;-0.026255
16;-9.611349;1.973842;-0.527826;-0.014744;0.019504;-0.004722;0.610053;-0.509216;-0.02529
17;-9.641373;1.944127;-0.535885;-0.002226;0.012536;0.00245;0.611054;-0.509873;-0.026609
18;-9.611292;2.0037;-0.520272;0.00135;-0.014421;-0.001372;0.60962;-0.508933;-0.027357
19;-9.611294;2.018746;-0.55012;0.004694;0.008516;0.024098;0.609738;-0.510568;-0.026093
20;-9.618912;1.944072;-0.55045;-0.009221;0.004965;-0.015683;0.610591;-0.511374;-0.025777
21;-9.618841;1.973878;-0.527952;0.001502;-0.004744;-0.010348;0.608853;-0.510434;-0.026944
22;-9.611256;2.033636;-0.535135;-0.005041;0.00908;0.009654;0.608946;-0.510293;-0.02749
23;-9.611292;2.0037;-0.520272;-0.004125;-0.001746;0.005962;0.610787;-0.510282;-0.02661
24;-9.611279;2.011171;-0.520251;-0.007657;-7.7e-05;0.000555;0.611295;-0.509731;-0.027014
25;-9.611293;2.011223;-0.535196;0.004815;0.009227;0.015058;0.610492;-0.509606;-0.026769
26;-9.596182;2.063292;-0.489967;-0.004784;-0.007537;-0.013982;0.60922;-0.509614;-0.027357
27;-9.611356;1.973868;-0.535298;0.005051;-0.005537;-0.005843;0.610355;-0.510284;-0.026898
28;-9.62622;2.048675;-0.542819;-0.007578;0.008818;-0.002999;0.610192;-0.510553;-0.027307
29;-9.588729;2.048367;-0.504826;-0.00849;-0.000198;-0.004881;0.610065;-0.511232;-0.027298
30;-9.596392;1.95883;-0.527613;0.002338;0.005259;-0.003056;0.609137;-0.510433;-0.026798
31;-9.641207;2.026202;-0.505772;0.016704;0.007227;0.002365;0.608536;-0.509771;-0.025602
32;-9.588775;2.033504;-0.527283;-0.004938;0.007115;0.001491;0.610826;-0.51015;-0.026066
33;-9.62646;1.91425;-0.55813;-0.002136;-0.000199;-0.006685;0.609698;-0.510699;-0.026638
34;-9.626352;1.973992;-0.550495;-0.003881;-0.003901;-0.012135;0.608904;-0.511792;-0.026507
35;-9.611305;1.996229;-0.520292;-0.007712;0.001807;0.005091;0.608606;-0.510846;-0.026671
36;-9.611406;1.943985;-0.535379;-0.014522;0.007466;-0.023796;0.609773;-0.510842;-0.025678
37;-9.588818;2.003594;-0.519892;-0.012929;-0.009324;-0.012165;0.609474;-0.510572;-0.025966
38;-9.596334;1.988687;-0.52006;-0.000366;-0.009165;-0.006765;0.610221;-0.508392;-0.026529
39;-9.656248;2.003939;-0.528503;-0.014593;-0.014928;-0.023929;0.609137;-0.509756;-0.026675
40;-9.596456;1.928998;-0.542639;-0.005622;0.00949;-0.013861;0.610891;-0.508789;-0.026772
41;-9.60375;2.033548;-0.520064;-0.009066;0.002014;-0.028375;0.610982;-0.508663;-0.025543
42;-9.611265;2.003596;-0.490383;-0.017369;0.017552;-0.011966;0.611183;-0.5073;-0.026245
43;-9.611409;1.966554;-0.580152;-0.012918;0.014099;-0.006572;0.611033;-0.510021;-0.025106
44;-9.611319;1.996281;-0.535237;-0.007282;0.010163;-0.024702;0.611502;-0.507573;-0.025683
45;-9.641385;1.936656;-0.535906;-0.016435;0.016633;-0.013768;0.612035;-0.507971;-0.025931
46;-9.566537;1.936562;-0.609363;-0.002097;0.015956;-0.004795;0.612014;-0.508646;-0.026328
47;-9.596388;1.988896;-0.579838;-0.014573;0.019263;-0.01649;0.611344;-0.508399;-0.024308
48;-9.618994;1.899273;-0.558045;-0.039838;0.031759;-0.014522;0.611515;-0.508385;-0.025667
49;-9.656582;1.809721;-0.536505;-0.062613;0.020291;-0.001861;0.613111;-0.506741;-0.025919
50;-9.686796;1.69051;-0.589642;-0.040318;0.003705;0.015175;0.613234;-0.506468;-0.026057
51;-9.761746;1.585723;-0.434275;0.058775;-0.04611;0.014635;0.611596;-0.508108;-0.026352
52;-9.671547;1.772123;-0.447193;0.10343;-0.043439;0.050678;0.610606;-0.508941;-0.02514
53;-9.716633;1.735269;-0.530248;0.119498;-0.055671;0.062334;0.608184;-0.512352;-0.025292
54;-9.641413;1.944283;-0.580719;0.127982;-0.057984;0.036029;0.60769;-0.512648;-0.022845
55;-9.521091;2.22769;-0.600338;0.085827;-0.049556;0.018943;0.606846;-0.515374;-0.021866
56;-9.47567;2.503876;-0.591353;0.046593;-0.007225;-0.006937;0.607055;-0.514704;-0.02078
57;-9.407964;2.615256;-0.485298;4.6e-05;-0.00084;-0.035755;0.609306;-0.514688;-0.019887
58;-9.385627;2.525446;-0.470218;-0.008723;0.020335;-0.050069;0.609009;-0.512239;-0.021581
59;-9.52088;2.32463;-0.547767;-0.073388;0.025072;-0.071523;0.609598;-0.510884;-0.020769
60;-9.588867;1.966187;-0.50505;-0.071217;0.053331;-0.093006;0.611116;-0.50815;-0.021863
61;-9.566688;1.839388;-0.594683;-0.071409;0.046453;-0.078584;0.612481;-0.506513;-0.021576
62;-9.761806;1.638594;-0.598522;-0.039034;0.026085;-0.075094;0.61526;-0.505949;-0.020813
63;-9.746591;1.660179;-0.381513;-0.043183;0.009689;-0.042638;0.616086;-0.505385;-0.022435
64;-9.716765;1.540267;-0.314082;-0.008508;0.001579;-0.006605;0.616285;-0.504037;-0.021362
65;-9.82877;1.734887;-0.270617;0.019844;0.025903;0.036942;0.614395;-0.503653;-0.021022
66;-9.641691;1.67465;-0.387173;0.039069;0.030544;0.087501;0.615565;-0.505273;-0.02027
67;-9.656964;1.630731;-0.62666;0.090625;0.048675;0.087502;0.612766;-0.507624;-0.017997
68;-9.619131;1.929888;-0.767186;0.074359;0.014483;0.083668;0.609682;-0.509976;-0.01587
69;-9.506445;2.183812;-0.891624;0.034116;0.030002;0.062106;0.609674;-0.512576;-0.012817
70;-9.476298;2.303283;-0.913209;-0.026802;0.017383;0.025975;0.609121;-0.512851;-0.012967
71;-9.431227;2.347714;-0.860022;-0.090408;0.049706;-0.002616;0.609948;-0.511896;-0.012685
72;-9.551603;2.01188;-0.803185;-0.093819;0.007976;-0.028149;0.610034;-0.511063;-0.015018
73;-9.641663;1.839977;-0.663198;-0.009091;-0.025791;-0.030348;0.608564;-0.511879;-0.016553
74;-9.656331;1.966663;-0.551022;0.035662;-0.052109;-0.010733;0.609344;-0.510513;-0.016826
75;-9.648835;1.929011;-0.476274;0.050223;-0.022559;-0.01419;0.608552;-0.510389;-0.016445
76;-9.64885;1.94411;-0.521067;0.032308;-0.012911;-0.021319;0.609677;-0.511734;-0.016246
77;-9.581337;1.973518;-0.475014;0.010725;-0.000538;-0.024829;0.612147;-0.510087;-0.015786
78;-9.596457;1.944044;-0.572487;-0.021677;0.010052;-0.027386;0.610263;-0.508757;-0.015191
79;-9.59639;2.003942;-0.609686;-0.060218;0.048231;-0.037892;0.610855;-0.509026;-0.014621
80;-9.596494;1.974268;-0.669545;-0.111743;0.037382;-0.033315;0.611567;-0.508601;-0.01597
81;-9.589102;1.899418;-0.639733;-0.131314;0.02876;-0.056841;0.612572;-0.508175;-0.017037
82;-9.596476;1.929076;-0.565056;-0.104296;0.015413;-0.056994;0.613811;-0.505038;-0.018148
83;-9.618799;2.018834;-0.565191;-0.090153;0.022226;-0.033461;0.616105;-0.504575;-0.02204
84;-9.649078;1.824679;-0.551282;-0.059613;0.018962;-0.023589;0.615303;-0.502947;-0.023326
85;-9.641612;1.809702;-0.551196;0.005218;-0.012079;-0.019436;0.616153;-0.503483;-0.023015
86;-9.626637;1.809657;-0.558415;0.009618;-0.018193;-0.012257;0.616354;-0.503623;-0.022186
87;-9.656525;1.839578;-0.528951;0.034897;-0.012716;-0.012272;0.616559;-0.503358;-0.021229
88;-9.626678;1.764701;-0.521176;0.009581;0.005255;-0.004863;0.616283;-0.502549;-0.021117
89;-9.701769;1.660462;-0.522726;0.014055;0.005347;-0.002125;0.615234;-0.502835;-0.0206
90;-9.611551;1.854307;-0.528151;0.026851;0.012338;-0.012104;0.616347;-0.503367;-0.020417
91;-9.566438;2.003853;-0.624124;-0.016535;0.007801;-0.006625;0.615732;-0.501757;-0.01924
92;-9.596619;1.884512;-0.6399;-0.00492;0.008037;0.00241;0.614646;-0.50231;-0.019265
93;-9.611552;1.929513;-0.66992;0.005126;-0.011896;-0.010407;0.616054;-0.505006;-0.019167
94;-9.611508;1.9519;-0.662387;0.017773;-0.023575;-0.014135;0.616274;-0.504186;-0.019721
95;-9.611601;1.884583;-0.640153;0.017617;0.007264;0.004164;0.614674;-0.504207;-0.019228
96;-9.596476;1.929076;-0.565056;0.003252;0.014263;-0.001188;0.615772;-0.504467;-0.019187
97;-9.641462;1.906876;-0.565876;-0.018508;0.00624;0.004258;0.615818;-0.504742;-0.018634
98;-9.671607;1.824994;-0.611439;-0.009499;0.005424;0.006055;0.615482;-0.504738;-0.019464
99;-9.6116;1.869536;-0.610305;-0.000307;0.00339;-0.006671;0.614645;-0.503663;-0.019512
100;-9.626391;1.959102;-0.56548;-0.025576;0.012281;-0.005642;0.61433;-0.503662;-0.020068
101;-9.596491;1.944175;-0.609849;-0.041774;0.020264;-0.006465;0.615372;-0.504472;-0.019063
102;-9.64164;1.809806;-0.581085;-0.051951;0.008898;0.008884;0.616481;-0.506086;-0.019132
103;-9.596565;1.891826;-0.595047;-0.00411;-0.007144;0.00502;0.614612;-0.505553;-0.020296
104;-9.596502;1.929181;-0.594945;0.004822;-0.001567;0.013174;0.612425;-0.505711;-0.020365
105;-9.58883;2.048759;-0.616909;0.019244;-0.001477;0.01494;0.613909;-0.505694;-0.020589
106;-9.566411;2.003748;-0.594235;0.012124;0.009133;0.009594;0.61218;-0.506257;-0.02009
107;-9.626569;1.869555;-0.595614;-0.009495;-0.009003;0.00232;0.613817;-0.50597;-0.020041
108;-9.62672;1.779904;-0.595858;0.00861;0.017091;0.004262;0.612358;-0.507613;-0.019785
109;-9.626513;1.914459;-0.617908;-0.020219;0.008811;-0.001154;0.61351;-0.50869;-0.01918
110;-9.626368;1.98909;-0.595288;0.001468;-0.001061;-0.005799;0.612961;-0.507883;-0.019077
111;-9.566606;1.944347;-0.699009;-0.022135;0.005391;0.007846;0.613922;-0.508145;-0.019041
112;-9.626651;1.824756;-0.603208;0.02287;-0.019492;0.009408;0.613607;-0.508294;-0.01782
113;-9.641478;1.929498;-0.625593;0.075348;-0.042891;-0.005347;0.612293;-0.508974;-0.019079
114;-9.566387;2.033737;-0.624043;0.012225;-0.028821;-0.006037;0.612848;-0.508985;-0.017149
115;-9.55115;2.168038;-0.593534;-0.032754;0.003183;-0.010246;0.611737;-0.508588;-0.01733
116;-9.619025;1.944516;-0.677478;-0.056031;0.015463;-0.020021;0.61341;-0.507748;-0.018519
117;-9.596641;1.847;-0.595169;-0.014532;-0.013206;-0.026651;0.612194;-0.507206;-0.020071
118;-9.626562;1.80937;-0.476221;0.03567;-0.019747;-0.005096;0.612724;-0.506943;-0.018421
119;-9.656423;1.884299;-0.49894;0.046372;-0.006891;0.007636;0.612927;-0.507219;-0.01759
120;-9.58168;1.809418;-0.550184;-0.009337;0.030344;-0.001051;0.614208;-0.507076;-0.016868
121;-9.626302;2.003875;-0.550414;-0.016413;0.031007;-0.011872;0.614517;-0.507347;-0.016443
122;-9.551391;2.033613;-0.608845;-0.036904;0.041337;-0.028066;0.615214;-0.506124;-0.016034
123;-9.633975;1.944457;-0.64037;-0.035995;0.042261;-0.028025;0.614312;-0.507087;-0.015499
124;-9.604419;1.76543;-0.759909;0.00525;0.01406;-0.01204;0.615123;-0.504372;-0.015115
125;-9.65658;1.914993;-0.730498;0.068256;-0.016056;-0.006953;0.614364;-0.505213;-0.012667
126;-9.611504;1.974443;-0.699687;0.045829;-0.009167;-0.015917;0.614374;-0.506567;-0.012777
127;-9.506448;2.086063;-0.712555;0.001071;0.006294;-0.039268;0.615021;-0.504948;-0.011149
128;-9.536312;2.138449;-0.697974;-0.093351;0.03423;-0.058738;0.616043;-0.50493;-0.012071
129;-9.476775;1.944182;-0.772214;-0.148244;0.057206;-0.063894;0.616466;-0.502883;-0.013325
130;-9.731669;1.795708;-0.7022;-0.082805;0.002332;-0.045316;0.617703;-0.501638;-0.014809
131;-9.642151;1.5862;-0.731141;-0.026675;-0.013934;-0.060968;0.618705;-0.499589;-0.015634
132;-9.627192;1.556141;-0.70108;-0.000197;-0.032749;-0.021367;0.620462;-0.500095;-0.017751
133;-9.641803;1.712684;-0.58135;0.000138;-0.020699;-0.045707;0.619375;-0.497807;-0.017284
134;-9.581912;1.840399;-0.863937;0.021845;-0.01248;-0.042119;0.621355;-0.497103;-0.018051
135;-9.74686;1.488269;-0.359564;-0.087119;0.001448;0.000837;0.620545;-0.494933;-0.019348
136;-9.807252;1.279784;-0.480702;0.1473;-0.065675;0.005271;0.621498;-0.497508;-0.018039
137;-9.558949;2.026387;-0.66877;0.055051;-0.027461;-0.03508;0.621527;-0.4967;-0.017507
138;-9.731703;1.61536;-0.403799;0.037547;-0.009053;-0.0095;0.621759;-0.496693;-0.018046
139;-9.641785;1.727652;-0.588781;0.028678;-0.009266;-0.017662;0.620795;-0.497122;-0.016432
140;-9.61183;1.704993;-0.558447;0.039131;-0.011373;0.009421;0.621906;-0.496166;-0.016004
141;-9.604041;1.86924;-0.535456;0.04294;-0.016175;-0.00691;0.622213;-0.496302;-0.015582
142;-9.611402;1.959005;-0.557755;0.014028;-0.019825;-0.005055;0.622619;-0.496703;-0.015697
143;-9.656632;1.779837;-0.536586;-0.032812;0.009571;-0.005623;0.621289;-0.4963;-0.016977
144;-9.641856;1.70537;-0.626204;-0.016749;0.018047;0.011576;0.622414;-0.496968;-0.016654
145;-9.626621;1.854718;-0.625543;0.012374;0.005179;-0.009397;0.621674;-0.496173;-0.015465
146;-9.641602;1.832219;-0.581024;-0.032907;-0.005575;-0.00121;0.621392;-0.49616;-0.017386
147;-9.671846;1.69057;-0.62675;-0.021851;0.017557;-0.011919;0.622337;-0.497517;-0.015964
148;-9.626846;1.705194;-0.596062;-0.00463;0.006685;-0.020193;0.621846;-0.496296;-0.016822
149;-9.65656;1.854755;-0.59616;-0.014576;0.03009;-0.013674;0.620808;-0.495906;-0.016045
150;-9.64168;1.809963;-0.625919;-0.032651;0.003059;-0.017433;0.621653;-0.496171;-0.015739
151;-9.64185;1.72039;-0.64858;-0.031164;0.017062;0.009795;0.621179;-0.49671;-0.0167
152;-9.641894;1.69048;-0.641189;-0.002323;0.003723;0.009636;0.622068;-0.496137;-0.019275
153;-9.656712;1.765104;-0.596405;0.004778;0.000315;0.016835;0.620648;-0.497799;-0.016696
154;-9.626685;1.824886;-0.640569;-0.01493;0.00543;0.007858;0.620903;-0.497253;-0.016835
155;-9.656615;1.809851;-0.573866;-0.007721;0.007254;0.007866;0.62084;-0.497398;-0.015879
156;-9.619228;1.779868;-0.595732;-0.016014;0.017386;0.023316;0.620842;-0.498886;-0.016123
157;-9.731817;1.675964;-0.642748;0.009397;-0.003397;0.008693;0.619939;-0.496857;-0.016874
158;-9.626822;1.795342;-0.73779;0.013863;-0.015896;0.011264;0.620052;-0.498747;-0.017517
159;-9.596951;1.735406;-0.729975;-0.006193;-0.033683;0.022038;0.620782;-0.499015;-0.016942
160;-9.626745;1.764962;-0.595899;0.004862;-0.033132;0.003032;0.620378;-0.498749;-0.016824
161;-9.656425;1.914392;-0.558636;-0.007695;-0.023403;-0.001388;0.620249;-0.499142;-0.018595
162;-9.686498;1.839746;-0.536929;-0.023985;-0.019798;0.00231;0.61939;-0.497929;-0.018919
163;-9.701779;1.630422;-0.477974;0.006532;-0.02305;0.013081;0.619443;-0.500099;-0.018603
164;-9.656972;1.578121;-0.537136;0.056867;-0.057645;0.021755;0.617922;-0.499556;-0.020574
165;-9.656597;1.76466;-0.469377;0.092866;-0.053782;0.028921;0.616833;-0.501476;-0.019072
166;-9.566326;1.965819;-0.429948;0.054133;-0.058579;0.021704;0.617288;-0.502424;-0.01863
167;-9.558669;2.04786;-0.399708;-0.036671;0.013461;0.011548;0.617736;-0.502003;-0.019851
168;-9.56648;1.898737;-0.474964;-0.072371;0.028054;-0.013584;0.616899;-0.50228;-0.020147
169;-9.589205;1.741902;-0.460827;-0.086928;0.022775;-0.006332;0.616553;-0.502801;-0.023014
170;-9.731444;1.764753;-0.395919;-0.052631;-0.002305;-0.013761;0.618149;-0.501307;-0.021489
171;-9.709346;1.585631;-0.478223;-0.029596;0.041682;0.029888;0.617782;-0.502653;-0.022977
172;-9.671738;1.614946;-0.365425;0.054831;-0.015053;0.045567;0.617048;-0.502941;-0.021904
173;-9.656348;1.884012;-0.416745;0.101332;-0.028613;0.075193;0.612786;-0.505161;-0.02091
174;-9.596432;1.898827;-0.460526;0.090633;-0.013541;0.069867;0.610912;-0.505184;-0.020425
175;-9.506575;1.958717;-0.615762;0.081748;0.007865;0.067279;0.610253;-0.509282;-0.017229
176;-9.536473;2.018757;-0.653466;0.034094;0.017338;0.056615;0.610233;-0.511444;-0.017871
177;-9.521324;2.153399;-0.720097;0.040661;-0.002798;0.034745;0.609263;-0.512144;-0.016388
178;-9.461198;2.272676;-0.726232;-0.034898;-0.007978;0.014968;0.609393;-0.513089;-0.016639
179;-9.543619;2.167846;-0.548574;-0.074538;-0.009191;0.006052;0.607803;-0.513636;-0.017909
180;-9.566176;2.070517;-0.459552;-0.075966;0.001903;-0.020992;0.607702;-0.512935;-0.020929
181;-9.62623;1.958475;-0.386147;-0.059729;0.013663;-0.019115;0.607976;-0.513608;-0.021043
182;-9.656005;2.048112;-0.341575;-0.038308;-0.005711;-0.006625;0.607415;-0.511839;-0.022733
183;-9.641419;1.823991;-0.364349;-0.023001;0.012413;0.000697;0.609126;-0.513723;-0.022095
184;-9.61134;1.943724;-0.460657;-0.003111;0.019672;0.001583;0.608791;-0.512517;-0.020901
185;-9.596258;2.02599;-0.505013;-0.036355;0.030138;-0.006415;0.60745;-0.513466;-0.022565
186;-9.566262;2.05581;-0.526843;-0.028861;0.029752;-0.026348;0.608179;-0.512381;-0.021742
187;-9.61136;2.003961;-0.594994;-0.029967;0.021993;-0.011906;0.609375;-0.513598;-0.020588
188;-9.588828;2.033712;-0.587061;-0.021791;0.015632;-0.017405;0.60849;-0.512112;-0.021191
189;-9.611141;2.093351;-0.520028;-0.021675;0.015433;-0.027349;0.609579;-0.511544;-0.022941
190;-9.611306;2.003752;-0.535216;-0.044351;0.009223;-0.020096;0.609633;-0.511008;-0.02213
191;-9.626361;1.928905;-0.475895;-0.012776;0.00484;-0.021098;0.609994;-0.510458;-0.022675
192;-9.61134;1.943724;-0.460657;-0.021843;0.00846;-0.01744;0.610392;-0.509641;-0.022677
193;-9.648981;1.85438;-0.498895;-0.00926;0.008611;-0.012929;0.610376;-0.50991;-0.022946
194;-9.641431;1.869156;-0.461366;0.005067;0.001618;-0.006683;0.609818;-0.510591;-0.023224
195;-9.626438;1.899126;-0.505865;0.024678;0.00568;0.013187;0.610917;-0.508822;-0.022812
196;-9.596239;2.033435;-0.497521;0.031957;-0.0151;0.003968;0.61084;-0.510723;-0.022369
197;-9.618762;1.988611;-0.468133;0.008587;0.003567;0.000544;0.611469;-0.5102;-0.019355
198;-9.626356;1.943925;-0.498271;-0.008511;0.001641;-0.00304;0.610988;-0.511008;-0.020448
199;-9.566343;2.003487;-0.519513;-0.014557;0.037214;-0.014573;0.61045;-0.509376;-0.021862
200;-9.596368;1.988818;-0.557421;-0.00119;0.014136;-0.006607;0.610645;-0.50911;-0.021041
201;-9.611485;1.929252;-0.595198;-0.013017;0.012454;0.000655;0.610369;-0.51033;-0.0213
202;-9.611384;1.989019;-0.595035;-0.000316;0.001598;-0.006687;0.610812;-0.510615;-0.019096
203;-9.588858;1.996227;-0.549802;0.020452;-0.01637;-0.012294;0.610974;-0.511413;-0.020713
204;-9.566195;2.063072;-0.467044;-0.001075;0.002215;-0.019365;0.611401;-0.509261;-0.018284
205;-9.59636;1.973745;-0.5201;-0.021979;0.006888;-0.006604;0.611487;-0.509104;-0.020741
206;-9.633949;1.899239;-0.528409;-0.012647;0.015471;-0.027354;0.612908;-0.508705;-0.018108
207;-9.618948;1.914136;-0.535587;-0.022717;0.028255;-0.013684;0.611623;-0.5079;-0.018712
208;-9.626441;1.929218;-0.565562;-0.000255;0.0123;-0.009321;0.612648;-0.507341;-0.019508
209;-9.581466;1.928901;-0.534914;0.017835;-0.00572;-0.01674;0.612204;-0.507357;-0.018157
210;-9.626467;1.914276;-0.565603;0.014148;-0.012798;-0.012237;0.612882;-0.506944;-0.018143
211;-9.679031;1.824769;-0.536843;0.003386;0.005064;-0.013875;0.614472;-0.506922;-0.018773
212;-9.581543;1.899122;-0.564884;-0.01809;0.0227;-0.022792;0.613789;-0.508567;-0.017263
213;-9.611496;1.906734;-0.56537;-0.018024;0.020806;-0.02822;0.613648;-0.50463;-0.018435
214;-9.641296;1.988952;-0.535763;0.003311;0.012372;-0.006611;0.613842;-0.505041;-0.017738
215;-9.566424;2.003801;-0.60918;0.010622;0.003272;-0.013958;0.613815;-0.504106;-0.016119
216;-9.626595;1.86966;-0.625503;0.033884;-0.008916;-0.001404;0.615871;-0.505033;-0.01617
217;-9.596516;1.929233;-0.609889;0.032186;-0.0127;-0.010485;0.615047;-0.504094;-0.016078
218;-9.611329;1.973764;-0.505409;0.007026;-0.007601;-0.019428;0.614211;-0.505859;-0.016618
219;-9.62662;1.787035;-0.498699;-0.018506;-0.012701;-0.001297;0.613962;-0.506811;-0.016472
220;-9.671575;1.779751;-0.492006;0.008929;0.002169;-0.024763;0.615652;-0.504199;-0.018923
221;-9.641696;1.719789;-0.476718;0.012151;0.003658;0.004173;0.61564;-0.504213;-0.017285
222;-9.641685;1.734784;-0.491622;0.030178;-0.001634;0.004997;0.616174;-0.504071;-0.017406
223;-9.619215;1.779816;-0.580787;0.030021;-0.008566;0.016698;0.614677;-0.504778;-0.015668
224;-9.551349;2.01841;-0.534164;0.031812;0.002231;0.019443;0.613699;-0.504786;-0.015973
225;-9.603818;2.033809;-0.594786;0.001162;0.0066;0.018663;0.614244;-0.505998;-0.016205
226;-9.566422;1.988754;-0.579331;0.006476;0.005859;0.025868;0.613513;-0.507909;-0.015373
227;-9.596162;2.123373;-0.579471;-0.02646;0.021253;-0.004694;0.614098;-0.507636;-0.014813
228;-9.521391;2.025818;-0.556054;-0.052553;0.016505;-0.011924;0.614017;-0.507764;-0.015906
229;-9.611281;2.026217;-0.5501;-0.072245;0.024303;-0.022641;0.613965;-0.508435;-0.016713
230;-9.521622;1.876321;-0.534044;-0.043365;0.018985;-0.023683;0.614061;-0.50655;-0.015108
231;-9.738848;1.877245;-0.507824;-0.032416;0.031485;-0.030772;0.615805;-0.50423;-0.015095
232;-9.506741;1.824005;-0.548878;-0.04842;0.04453;-0.044307;0.616176;-0.50368;-0.015503
233;-9.746273;1.944701;-0.560073;-0.035717;0.045432;-0.049665;0.615579;-0.503816;-0.016203
234;-9.58166;1.869499;-0.639688;-0.043644;0.077514;-0.054924;0.617465;-0.500412;-0.015932
235;-9.596533;1.959378;-0.68453;-0.043865;0.077871;-0.037733;0.619693;-0.500409;-0.013539
236;-9.641912;1.735671;-0.745678;-0.003521;0.047855;-0.023534;0.618729;-0.500012;-0.013578
237;-9.717123;1.616856;-0.85188;0.066379;-0.008688;0.002181;0.618391;-0.500024;-0.012634
238;-9.627043;1.668362;-0.745608;0.071307;-0.050308;0.027178;0.61913;-0.501646;-0.012169
239;-9.761687;1.781012;-0.732635;0.087037;-0.080954;0.057738;0.617262;-0.502075;-0.011676
240;-9.709002;1.87005;-0.626894;0.018978;-0.024453;0.029315;0.615492;-0.503312;-0.011847
241;-9.641671;1.734731;-0.476677;-0.026142;-0.019306;0.02763;0.616018;-0.503304;-0.012103
242;-9.641521;1.839429;-0.506281;0.012537;-0.036957;0.033744;0.615417;-0.503845;-0.012932
243;-9.641547;1.824487;-0.506322;0.015596;-0.029378;0.009367;0.614841;-0.504659;-0.013481
244;-9.641338;1.943996;-0.498524;-0.00022;-0.011186;-0.018517;0.6143;-0.505071;-0.013491
245;-9.596519;1.899166;-0.557665;-0.043923;0.007251;0.015163;0.614497;-0.50479;-0.014445
246;-9.641625;1.809754;-0.566141;0.000696;-0.003973;-0.016657;0.615653;-0.504786;-0.013588
247;-9.619052;1.884462;-0.595447;0.026856;-0.007448;-0.015852;0.614882;-0.504513;-0.014711
248;-9.611432;1.929043;-0.53542;0.010682;-0.011245;-0.023078;0.614584;-0.504243;-0.014999
249;-9.596286;2.033617;-0.549826;-0.019733;0.013441;-0.03732;0.616443;-0.504098;-0.013848
250;-9.626601;1.854639;-0.603127;-0.025156;0.047673;-0.028015;0.616354;-0.503683;-0.014951
251;-9.649171;1.809998;-0.626045;-0.014239;0.009782;-0.042756;0.617284;-0.500575;-0.012933
252;-9.596694;1.839686;-0.640023;0.012774;-0.013435;-0.043;0.616958;-0.502601;-0.013996
253;-9.641649;1.839925;-0.648254;-0.001139;-0.000298;-0.012107;0.617081;-0.500975;-0.013887
254;-9.649166;1.825019;-0.648421;-0.011726;0.024502;-0.024574;0.617852;-0.499895;-0.012517
255;-9.649198;1.810103;-0.655934;-0.021522;0.018867;-0.035441;0.618646;-0.499478;-0.012772
256;-9.641728;1.765033;-0.596152;-0.00944;0.005322;0.001521;0.619298;-0.500971;-0.01163
257;-9.671683;1.787692;-0.626486;-0.009131;0.004872;-0.021083;0.619522;-0.500422;-0.012179
258;-9.62669;1.809866;-0.618193;-0.003032;0.005214;-0.004835;0.618677;-0.498805;-0.012238
259;-9.656584;1.824767;-0.566353;-0.012958;0.002458;-0.006625;0.617967;-0.498929;-0.014443
260;-9.626769;1.734974;-0.566091;-0.017632;-0.007225;0.003262;0.618679;-0.499466;-0.014136
261;-9.641658;1.794838;-0.573654;-0.00957;0.012712;0.012424;0.620138;-0.500003;-0.012986
262;-9.619192;1.809804;-0.610595;-0.02665;-5e-05;0.005135;0.618152;-0.500827;-0.014128
263;-9.716773;1.728294;-0.672241;-0.03776;0.012985;0.029713;0.618308;-0.502044;-0.014099
264;-9.656844;1.758103;-0.730926;-0.041165;0.010871;0.015209;0.618565;-0.500808;-0.015889
265;-9.656778;1.765365;-0.671127;-0.029499;-0.023221;0.011335;0.617045;-0.502054;-0.01455
266;-9.641525;1.929681;-0.677899;-0.018731;-0.028487;0.014879;0.618026;-0.501355;-0.015896
267;-9.618773;2.01873;-0.535302;-0.008839;-0.037463;0.012974;0.617485;-0.501767;-0.015906
268;-9.656443;1.884378;-0.521357;-0.000661;-0.033914;0.00938;0.616289;-0.503256;-0.017555
269;-9.656629;1.749744;-0.47689;0.019043;-0.04083;0.018336;0.615988;-0.504203;-0.018093
270;-9.671698;1.674949;-0.432513;0.029748;-0.046916;0.025514;0.616127;-0.505013;-0.018209
271;-9.648862;1.868956;-0.394243;0.031694;-0.029138;0.018376;0.614921;-0.504472;-0.019624
272;-9.596214;1.988217;-0.385559;-0.027776;0.000188;0.017787;0.617602;-0.505807;-0.018691
273;-9.641372;1.876444;-0.40904;-0.031386;0.027204;0.02433;0.61401;-0.506245;-0.019347
274;-9.626317;1.958815;-0.483286;-0.039972;0.033735;-0.005463;0.613357;-0.507607;-0.019206
275;-9.678938;1.831926;-0.447156;-0.008919;0.000448;0.025922;0.612959;-0.506395;-0.018833
276;-9.656639;1.719704;-0.432138;0.01884;0.000874;0.042133;0.611346;-0.508308;-0.01885
277;-9.806446;1.757924;-0.479399;0.033555;0.009567;0.024125;0.611099;-0.50872;-0.018577
278;-9.626589;1.809474;-0.50611;0.027808;0.003721;0.048445;0.610546;-0.511986;-0.017441
279;-9.603952;1.914013;-0.52039;0.045705;-0.004081;0.058285;0.609447;-0.513905;-0.016075
280;-9.588769;2.048524;-0.549659;0.081893;-0.010371;0.050907;0.608061;-0.514338;-0.014611
281;-9.52133;2.145901;-0.712645;0.087202;-0.027243;0.057984;0.605839;-0.515725;-0.013566
282;-9.445976;2.422076;-0.740516;0.026307;-0.008393;0.027466;0.605235;-0.517633;-0.012867
283;-9.490942;2.392275;-0.703995;-0.029337;-0.005481;0.004125;0.605799;-0.517359;-0.012581
284;-9.505964;2.32482;-0.622237;-0.068927;0.017565;-0.001041;0.605285;-0.517353;-0.013963
285;-9.53599;2.257514;-0.563148;-0.086651;0.009781;-0.028169;0.605509;-0.51748;-0.014635
286;-9.611088;2.093143;-0.46025;-0.085059;0.012785;-0.013643;0.605291;-0.517609;-0.015732
287;-9.671446;1.824368;-0.432106;-0.064967;0.004399;-0.033612;0.605788;-0.516095;-0.017929
288;-9.671238;1.9514;-0.439232;-0.028985;0.020924;-0.020932;0.605543;-0.516642;-0.017653
289;-9.61119;2.048421;-0.490261;-0.023806;0.002403;-0.006626;0.607131;-0.514456;-0.017916
290;-9.618681;2.048457;-0.490387;-0.011186;0.005177;-0.004826;0.606258;-0.515962;-0.017097
291;-9.641322;1.97401;-0.535804;0.001209;0.002911;0.01323;0.605976;-0.515423;-0.017116
292;-9.566208;2.108237;-0.564061;-0.025786;0.002683;0.007832;0.605045;-0.515841;-0.016866
293;-9.626206;2.048623;-0.527875;0.000466;-0.012646;-0.002258;0.604811;-0.517591;-0.018478
294;-9.596116;2.078078;-0.445093;-0.014983;-0.008982;0.005028;0.604856;-0.517866;-0.017925
295;-9.611177;2.055892;-0.49024;-0.014877;-0.005519;-0.001274;0.604769;-0.517587;-0.019026
296;-9.611302;1.97366;-0.47552;-0.020409;0.005435;0.00967;0.604282;-0.518139;-0.018349
297;-9.596133;2.108222;-0.519734;-0.000173;0.006748;-0.017517;0.60523;-0.517302;-0.020108
298;-9.58111;2.107995;-0.474647;-0.005755;0.019564;-0.002952;0.60473;-0.516516;-0.017546
299;-9.596154;2.115824;-0.557075;0.004985;0.007175;0.002371;0.605052;-0.516773;-0.018759
300;-9.618927;1.966694;-0.610167;0.012495;0.010389;-0.01751;0.604434;-0.517057;-0.017955
301;-9.5513;2.063341;-0.56393;-0.007326;0.00843;-0.021123;0.605841;-0.516912;-0.017365
302;-9.611016;2.175584;-0.534748;-0.009255;0.003209;-0.013897;0.606958;-0.517039;-0.017053
303;-9.588717;2.063361;-0.519729;-0.025375;0.001146;-0.023826;0.604817;-0.516795;-0.016446
304;-9.641192;2.018627;-0.475904;0.006128;0.004988;-0.017522;0.606805;-0.515956;-0.017079
305;-9.641654;1.995652;-0.504345;0.012232;0.005287;-0.006655;0.607366;-0.515812;-0.016803
306;-9.61923;1.965662;-0.504047;-0.002515;0.000291;0.015047;0.606323;-0.515828;-0.016154
307;-9.596708;2.025532;-0.563282;-0.015794;0.025077;0.002571;0.606576;-0.515147;-0.016295
308;-9.566581;2.137559;-0.59236;-0.023069;0.012533;0.004297;0.605277;-0.517062;-0.015755
309;-9.589154;2.062851;-0.563054;-0.045495;0.012234;-0.006492;0.605769;-0.51678;-0.016427
310;-9.551506;2.152169;-0.517344;-0.018516;-0.009153;-0.00491;0.605786;-0.515835;-0.016035
311;-9.59648;2.144963;-0.533067;0.017361;-0.015864;0.010351;0.605317;-0.517457;-0.017112
312;-9.596777;2.033316;-0.652929;0.008268;-0.019348;0.016686;0.605092;-0.518006;-0.016563
313;-9.641821;1.928622;-0.564306;0.008486;-0.004399;0.002336;0.605698;-0.517435;-0.019284
314;-9.536552;2.122136;-0.494755;0.005094;0.00781;-0.012096;0.605782;-0.51609;-0.017942
315;-9.588961;2.129776;-0.473204;-0.020388;0.005336;0.002443;0.604649;-0.517195;-0.016866
316;-9.656711;1.928328;-0.459947;-0.018496;0.019626;-0.001048;0.606781;-0.515408;-0.017239
317;-9.626771;1.92829;-0.48933;-0.005995;0.012679;0.007907;0.606482;-0.517167;-0.017898
318;-9.589194;2.002849;-0.495966;0.005901;0.00887;-0.004829;0.605566;-0.517707;-0.019283
319;-9.619055;2.077778;-0.518686;0.028179;-0.010405;0.012182;0.60552;-0.518259;-0.018182
320;-9.596659;2.055416;-0.563201;0.008632;0.003472;-0.00668;0.604423;-0.516781;-0.017973
321;-9.589193;2.047961;-0.578039;0.008722;-0.000262;-0.013944;0.605904;-0.516643;-0.016425
322;-9.619245;1.973237;-0.533915;0.012508;-0.01133;-0.030292;0.606725;-0.516635;-0.016399
323;-9.611565;2.092789;-0.548407;0.042275;-0.005788;-0.027623;0.606706;-0.516769;-0.01667
324;-9.589076;2.085107;-0.518159;0.032172;-0.009178;-0.015871;0.606758;-0.516097;-0.015862
325;-9.566752;1.987826;-0.5031;0.041137;-0.012664;-0.012304;0.608004;-0.514327;-0.015308
326;-9.581657;2.017677;-0.473382;0.048522;-0.020099;-0.026838;0.607877;-0.515157;-0.013522
327;-9.604056;2.062609;-0.47364;0.034042;-0.000281;-0.019427;0.607861;-0.514749;-0.013667
328;-9.596668;2.025375;-0.518449;0.005205;0.019368;-0.017418;0.607008;-0.512589;-0.013736
329;-9.521516;2.182015;-0.546645;-0.026228;0.036116;-0.024501;0.607942;-0.513945;-0.012451
330;-9.551494;2.167163;-0.532247;-0.028918;0.047783;-0.023499;0.608263;-0.513677;-0.011763
331;-9.641751;2.02611;-0.668653;-0.038161;0.042753;-0.006283;0.610069;-0.512714;-0.011175
332;-9.552158;1.868951;-0.712396;-0.002117;0.017766;-0.00657;0.61036;-0.512443;-0.010898
333;-9.641635;2.063256;-0.608773;-0.019789;0.016199;-0.03726;0.610279;-0.511893;-0.011867
334;-9.506835;2.002641;-0.546881;-0.10629;0.018307;-0.04794;0.61207;-0.512012;-0.011669
335;-9.746541;1.988651;-0.498664;-0.155677;0.053783;-0.060144;0.611752;-0.50956;-0.013638
336;-9.56696;1.928477;-0.622819;-0.125596;0.075064;-0.07462;0.613121;-0.508719;-0.015247
337;-9.634254;1.973413;-0.564057;-0.11694;0.046838;-0.054905;0.613054;-0.506277;-0.015705
338;-9.611831;1.950945;-0.578683;-0.086822;0.042413;-0.013411;0.616817;-0.506502;-0.016533
339;-9.568101;1.451641;-0.997735;-0.007718;0.018148;0.012461;0.616261;-0.507319;-0.016808
340;-9.40106;2.645378;-0.752582;-0.065669;0.052723;-0.037025;0.617721;-0.505676;-0.017065
341;-10.109108;0.09187;-0.263323;0.10286;-0.109244;0.068599;0.6164;-0.507152;-0.020357
342;-9.536299;2.436986;-0.800263;0.204479;-0.145161;-0.036234;0.615801;-0.507453;-0.017504
343;-9.551224;2.151072;-0.203509;-0.118498;0.030556;-0.016156;0.614242;-0.507854;-0.020141
344;-9.64162;1.927839;-0.340138;-0.065334;0.012052;-0.011843;0.614604;-0.505124;-0.022093
345;-9.747246;1.570278;-0.499804;-0.076251;0.044644;0.004738;0.614624;-0.507832;-0.022314
346;-9.642048;1.794145;-0.564672;0.060804;-0.023066;0.000279;0.616498;-0.507282;-0.020897
347;-9.611866;1.905963;-0.533972;0.124646;-0.068403;0.007039;0.616053;-0.508651;-0.019793
348;-9.551353;2.226774;-0.487251;0.074358;-0.012287;0.000265;0.612965;-0.507591;-0.020735
349;-9.626632;2.002948;-0.474182;-0.056355;0.01401;-0.00553;0.613062;-0.507195;-0.019374
350;-9.649693;1.727099;-0.609816;-0.027326;0.015754;-0.013711;0.614723;-0.507722;-0.019172
351;-9.671938;1.839113;-0.565056;0.026781;0.01241;-0.012053;0.614997;-0.505689;-0.018793
352;-9.596735;2.018113;-0.578247;0.038483;-0.01632;-0.015929;0.61228;-0.507748;-0.018979
353;-9.58919;2.017869;-0.518342;-0.011175;0.006906;-0.010228;0.614017;-0.507877;-0.017691
354;-9.641845;1.898634;-0.534498;-0.016836;0.018079;0.01069;0.613984;-0.507738;-0.018104
355;-9.626902;1.89872;-0.579079;-0.018447;0.009691;-0.004745;0.613609;-0.506663;-0.017454
356;-9.62685;1.913557;-0.549149;-0.015747;0.001596;-0.006615;0.613984;-0.507212;-0.016203
357;-9.626901;1.883673;-0.549231;-0.028529;0.005374;0.005202;0.615392;-0.50827;-0.017638
358;-9.626735;1.965749;-0.519118;-0.011236;0.003404;-0.006615;0.613954;-0.506908;-0.020169
359;-9.626734;1.958226;-0.504193;-0.020198;0.001467;-0.012033;0.613636;-0.506922;-0.01895
360;-9.641918;1.838762;-0.504772;-0.027588;0.009805;0.002523;0.614043;-0.506496;-0.02072
361;-9.63434;1.90607;-0.534351;-0.00392;0.001493;-0.013877;0.613674;-0.506504;-0.020186
362;-9.611829;1.928376;-0.533911;-0.011512;-0.008779;0.011389;0.615237;-0.506225;-0.01932
363;-9.626944;1.853764;-0.54184;-0.018822;-0.006862;0.018664;0.613227;-0.505422;-0.020494
364;-9.656795;1.898574;-0.49739;-0.004238;-0.016041;0.005011;0.613454;-0.507851;-0.021533
365;-9.626801;1.958487;-0.578916;-0.011497;0.009227;0.015132;0.613879;-0.507592;-0.019476
366;-9.611795;1.928245;-0.49655;-0.016892;0.018142;0.014295;0.61465;-0.507038;-0.020007
367;-9.596769;1.965608;-0.518612;-0.027029;0.007624;0.02781;0.612778;-0.50855;-0.019767
368;-9.611641;1.987804;-0.436609;-0.033474;-0.012044;0.031318;0.611108;-0.510864;-0.020597
369;-9.626722;1.97322;-0.519097;-0.015253;-0.026604;0.01671;0.612665;-0.510177;-0.019739
370;-9.62697;1.846345;-0.556805;-0.015346;-0.003938;0.029529;0.610604;-0.511535;-0.021966
371;-9.596822;1.958293;-0.563465;0.00315;-0.010852;-0.004949;0.61052;-0.510038;-0.022816
372;-9.611822;1.92835;-0.526439;-0.01317;-8e-06;0.002407;0.611656;-0.510031;-0.022233
373;-9.596618;2.055259;-0.518367;-0.00055;0.003657;0.004198;0.611305;-0.512612;-0.021922
374;-9.626658;2.003052;-0.504071;-0.009388;0.023147;-0.005585;0.61117;-0.511922;-0.023578
375;-9.611761;1.928115;-0.459188;-0.01688;-0.011602;0.005957;0.61004;-0.512486;-0.022376
376;-9.611644;2.017897;-0.496305;-0.016681;0.003416;-0.004801;0.610061;-0.510985;-0.023632
377;-9.626746;1.943232;-0.48929;-0.002309;0.005375;0.000613;0.609238;-0.512887;-0.024033
378;-9.626632;2.002948;-0.474182;-0.005255;0.000319;0.016865;0.61031;-0.512062;-0.02415
379;-9.61175;1.943109;-0.474092;-0.00947;0.009752;-0.002964;0.609607;-0.512353;-0.022666
380;-9.671757;1.898567;-0.475226;-0.01318;0.018005;0.006171;0.611577;-0.511647;-0.02357
381;-9.656732;1.87577;-0.385367;-0.022186;0.023304;0.004415;0.610328;-0.512755;-0.022224
382;-9.619154;1.942805;-0.377079;0.006529;0.01645;0.015134;0.609947;-0.512477;-0.023608
383;-9.656766;1.943583;-0.549574;0.000899;0.02944;0.036957;0.608173;-0.514404;-0.022127
384;-9.679574;1.80963;-0.669876;0.071401;-0.01902;0.020193;0.607682;-0.514686;-0.021456
385;-9.61181;2.003503;-0.653263;0.095765;-0.032448;0.017295;0.607997;-0.514687;-0.020899
386;-9.521402;2.30189;-0.643459;0.064258;-0.049819;0.007258;0.606593;-0.515254;-0.019706
387;-9.558821;2.256797;-0.517185;0.002813;-0.030176;0.014794;0.60695;-0.514433;-0.020256
388;-9.611379;2.167264;-0.480954;0.019292;-0.046679;-0.007039;0.607484;-0.51632;-0.020748
389;-9.596413;2.137178;-0.443421;0.031939;-0.040365;-0.007032;0.606899;-0.516066;-0.019407
390;-9.603617;2.211297;-0.26401;-0.012146;-0.023707;-0.016761;0.606365;-0.516058;-0.021063
391;-9.521506;2.031578;-0.255634;-0.061474;0.01883;-0.02995;0.607381;-0.51631;-0.022117
392;-9.5364;2.136581;-0.352742;-0.057716;0.036669;-0.035265;0.608211;-0.514137;-0.021585
393;-9.566579;2.002194;-0.33867;-0.086368;0.057822;-0.047699;0.609712;-0.514378;-0.023443
394;-9.64943;1.778716;-0.415394;-0.086616;0.051045;-0.029611;0.609136;-0.513839;-0.023745
395;-9.732115;1.629792;-0.447082;0.021156;0.009071;0.000635;0.609752;-0.512217;-0.022527
396;-9.701825;1.733669;-0.281902;0.100167;-0.018892;0.021946;0.610143;-0.513173;-0.02113
397;-9.611829;1.808057;-0.310069;0.128811;-0.004028;0.043643;0.608895;-0.514281;-0.019785
398;-9.581482;2.12227;-0.473097;0.155783;0.005295;0.056276;0.606675;-0.515412;-0.016833
399;-9.506845;2.03276;-0.61405;0.125103;0.019619;0.061846;0.606444;-0.518561;-0.013231
400;-9.596749;2.15353;-0.846882;0.130658;0.008738;0.052746;0.60427;-0.519968;-0.009726
401;-9.499336;2.175534;-0.860121;0.100082;-0.022169;0.038102;0.604429;-0.520931;-0.007791
402;-9.461158;2.571109;-0.798631;0.016526;-0.019491;0.009351;0.603848;-0.520948;-0.006445
403;-9.498998;2.271978;-0.665577;-0.04033;-0.007151;0.009601;0.602944;-0.521625;-0.00769
404;-9.649177;1.973248;-0.49706;-0.058208;-0.007518;-0.006564;0.602105;-0.521616;-0.009766
405;-9.611697;1.957946;-0.444162;-0.043737;-0.034551;-0.015839;0.602816;-0.522544;-0.011363
406;-9.641533;1.987659;-0.35492;-0.049016;-0.005996;-0.021051;0.602407;-0.522007;-0.01125
407;-9.56664;2.002429;-0.40592;-0.007573;0.000577;-0.013;0.603231;-0.521308;-0.012875
408;-9.641273;2.189688;-0.444037;0.014268;0.01032;-0.023819;0.60274;-0.521439;-0.013981
409;-9.491258;2.323612;-0.485974;-0.001874;0.019092;-0.02831;0.603565;-0.520349;-0.013701
410;-9.506269;2.346357;-0.560889;-0.046783;0.042036;-0.037991;0.604753;-0.520347;-0.012433
411;-9.566682;2.077791;-0.592523;-0.053893;0.040067;-0.046092;0.604936;-0.519268;-0.011629
412;-9.53653;2.152124;-0.524563;-0.050342;0.041935;-0.042486;0.60583;-0.517613;-0.013952
413;-9.596371;2.242294;-0.592581;-0.093628;0.04176;-0.044168;0.607019;-0.516258;-0.012437
414;-9.619415;1.876141;-0.541652;-0.077882;0.03716;-0.008939;0.606486;-0.515709;-0.013967
415;-9.746811;1.824264;-0.491639;-0.036263;-0.000647;-0.026425;0.60767;-0.51461;-0.014358
416;-9.551913;1.837919;-0.383698;-0.046157;0.008182;-0.028231;0.608643;-0.513369;-0.015715
417;-9.746462;2.003384;-0.438845;-0.085083;0.033488;-0.01342;0.609307;-0.51351;-0.014189
418;-9.596832;1.928253;-0.518713;-0.100828;0.065982;-0.041263;0.609119;-0.512003;-0.016408
419;-9.446337;2.270868;-0.418107;-0.066859;0.044025;-0.023478;0.610077;-0.510641;-0.01613
420;-9.566326;2.264408;-0.54718;-0.06627;0.057187;0.004697;0.610025;-0.511988;-0.017061
421;-9.642246;1.772359;-0.744067;-0.006368;0.006151;0.038627;0.609389;-0.510903;-0.018059
422;-9.717436;1.585783;-0.701008;0.067595;-0.025918;0.033747;0.609566;-0.513085;-0.0161
423;-9.67951;1.899621;-0.766771;0.046977;-0.012256;-0.039402;0.608174;-0.514991;-0.016792
424;-9.610785;2.676307;-0.770987;-0.112993;-0.031436;-0.027436;0.607585;-0.512;-0.018643
425;-9.987321;1.136609;-0.079114;0.010596;-0.03152;0.031268;0.608547;-0.512938;-0.01873
426;-9.431374;2.451353;-0.776034;0.067939;-0.094894;-0.005758;0.608213;-0.51307;-0.019558
427;-9.761756;1.718906;-0.253065;-0.027744;-0.012546;0.004239;0.607576;-0.514014;-0.020926
428;-9.649028;2.017787;-0.414743;0.022857;-0.035812;-0.002431;0.607087;-0.514957;-0.022153
429;-9.596863;1.838131;-0.384457;-0.013476;-0.014011;0.019497;0.607302;-0.516723;-0.021429
430;-9.611319;2.167029;-0.413703;0.047707;-0.009879;0.034744;0.606253;-0.516332;-0.020789
431;-9.521418;2.19667;-0.46441;0.009695;0.002747;0.046642;0.605256;-0.515797;-0.021241
432;-9.59644;2.144806;-0.488234;-0.038976;0.020497;0.046008;0.60569;-0.518095;-0.02132
433;-9.64934;1.928762;-0.594321;-0.042543;0.010569;0.042362;0.603372;-0.519337;-0.021509
434;-9.589273;2.048275;-0.667706;0.004077;-0.027479;0.058244;0.60126;-0.521802;-0.020985
435;-9.483599;2.450766;-0.537807;0.002577;-0.042429;0.030051;0.600732;-0.522877;-0.022757
436;-9.506137;2.360881;-0.441292;-0.044153;-0.019537;0.018574;0.601291;-0.523685;-0.022723
437;-9.596347;2.151963;-0.398546;-0.068854;0.004714;-0.019147;0.601752;-0.5234;-0.023806
438;-9.588989;2.024609;-0.309099;-0.05617;0.002849;-0.024615;0.601277;-0.522436;-0.026297
439;-9.603745;2.151634;-0.294061;-0.029111;-0.009631;-0.026572;0.602528;-0.52229;-0.025986
440;-9.566578;1.987147;-0.308821;-0.014613;-0.000663;-0.028366;0.602483;-0.521188;-0.028193
441;-9.581597;2.017442;-0.406132;0.007163;0.005589;-0.0338;0.602415;-0.520249;-0.027121
442;-9.521365;2.151348;-0.322559;0.002617;0.012778;-0.031057;0.602832;-0.518472;-0.028506
443;-9.498498;2.360271;-0.276776;-0.030691;0.033208;-0.033569;0.604453;-0.517927;-0.026825
444;-9.588968;2.077166;-0.383679;-0.036368;0.01564;-0.01644;0.604565;-0.517126;-0.025198
445;-9.649167;1.94313;-0.429891;0.04205;0.022423;-0.006609;0.605023;-0.517533;-0.024629
446;-9.671608;1.943105;-0.392909;0.067868;-0.012063;0.011197;0.604959;-0.518218;-0.023799
447;-9.656643;1.928066;-0.385225;0.067509;-0.013327;0.037414;0.604084;-0.518762;-0.024636
448;-9.581614;1.987427;-0.368852;0.071433;0.005997;0.018506;0.602534;-0.521494;-0.023953
449;-9.581196;2.271559;-0.435329;0.033573;-0.011294;0.012141;0.600841;-0.522618;-0.021257
450;-9.626316;2.182198;-0.458749;0.019345;0.018059;0.003349;0.601772;-0.52235;-0.019729
451;-9.53669;2.024909;-0.465131;0.033606;0.016569;0.01684;0.601011;-0.523582;-0.019185
452;-9.58138;2.174514;-0.45801;0.069596;0.013277;0.023978;0.602149;-0.523184;-0.016697
453;-9.483855;2.278803;-0.500914;0.028089;0.036514;0.029618;0.600992;-0.523189;-0.017554
454;-9.581363;2.257165;-0.592287;-0.022266;0.045102;0.018986;0.599822;-0.52456;-0.017021
455;-9.596547;2.137701;-0.592866;0.002234;0.007183;0.000593;0.598752;-0.524318;-0.014876
456;-9.618834;2.272441;-0.637712;0.016843;0.003404;-0.012127;0.599096;-0.52554;-0.014159
457;-9.491606;2.197129;-0.635765;0.004952;-0.027039;-0.006924;0.598544;-0.525275;-0.014182
458;-9.551584;2.137436;-0.577162;-0.003793;-0.033811;-0.030437;0.599855;-0.525526;-0.014953
459;-9.589;2.12241;-0.503113;-0.00173;-0.022515;-0.04844;0.600956;-0.523742;-0.016316
460;-9.566072;2.323575;-0.375155;-0.001699;-0.010015;-0.050181;0.601744;-0.522918;-0.016579
461;-9.528816;2.271545;-0.501694;-0.036127;0.017111;-0.03184;0.602481;-0.522766;-0.01765
462;-9.566602;2.085001;-0.51778;-0.031465;0.016916;-0.042684;0.603551;-0.521279;-0.015868
463;-9.611432;2.047154;-0.31689;0.021519;-0.006865;-0.032098;0.601687;-0.520477;-0.016901
464;-9.536498;2.174563;-0.531974;0.017684;0.030449;-0.002933;0.603765;-0.519376;-0.016307
465;-9.611526;2.107679;-0.533422;0.0249;0.021497;-0.004786;0.60396;-0.51911;-0.015487
466;-9.626634;2.017994;-0.504031;0.019484;0.019668;-0.00568;0.604484;-0.519117;-0.013968
467;-9.604279;1.943152;-0.496382;0.026556;0.002805;0.00142;0.603876;-0.520079;-0.01315
468;-9.536652;2.047322;-0.46507;0.030063;-0.001554;0.007682;0.60337;-0.520089;-0.01262
469;-9.596578;2.115262;-0.585455;-0.050618;0.018983;-0.026332;0.604262;-0.519952;-0.011638
470;-9.461411;2.256258;-0.493124;-0.08211;0.036659;-0.030719;0.60504;-0.518978;-0.013815
471;-9.551074;2.376088;-0.456955;-0.131462;0.068454;-0.045729;0.604472;-0.518981;-0.014107
472;-9.529132;2.152454;-0.629048;-0.129663;0.055932;-0.044914;0.605367;-0.515973;-0.016183
473;-9.56673;2.032861;-0.562756;-0.075611;0.080575;-0.033104;0.606648;-0.51568;-0.017238
474;-9.612186;1.764328;-0.624026;-0.046834;-0.008257;-0.044593;0.607899;-0.515384;-0.018705
475;-9.641882;1.928857;-0.631556;-0.025166;0.018831;-0.039033;0.608016;-0.513351;-0.018603
476;-9.567049;1.883703;-0.637886;0.006942;0.055535;-0.001812;0.609525;-0.513607;-0.018549
477;-9.38735;2.026106;-1.008075;-0.083656;-0.021165;-0.053739;0.609828;-0.511443;-0.017761
478;-9.672066;1.598972;-0.259345;-0.027414;-0.002258;-0.017433;0.609354;-0.510478;-0.020252
479;-9.627028;1.703692;-0.355441;0.133241;-0.07186;-0.031884;0.609916;-0.510068;-0.019969
480;-9.468769;2.323454;-0.47065;-0.074165;0.011742;-0.023669;0.611556;-0.510593;-0.020041
481;-9.74719;1.494864;-0.298257;-0.032953;0.019549;-0.002768;0.61176;-0.509365;-0.02074
482;-9.641994;1.793936;-0.504894;0.041137;-0.003645;-0.010396;0.612852;-0.509219;-0.020707
483;-9.656697;1.928275;-0.445003;0.067862;-0.010235;0.013012;0.613492;-0.509899;-0.019581
484;-9.559067;2.114876;-0.525044;0.040575;-0.014506;0.029283;0.611067;-0.510333;-0.019243
485;-9.626625;2.002921;-0.46671;-0.00243;-0.025062;0.002216;0.609989;-0.510075;-0.01901
486;-9.604297;1.928184;-0.488951;-0.000656;0.002908;0.011437;0.610299;-0.511159;-0.018706
487;-9.626706;1.943075;-0.444456;-0.009478;0.001651;-0.004821;0.6106;-0.510212;-0.018168
488;-9.596622;2.025192;-0.466143;-0.019581;-0.001719;0.007828;0.610075;-0.511708;-0.018157
489;-9.611802;1.935795;-0.518946;-0.022063;0.01236;-0.004725;0.610514;-0.512248;-0.017859
490;-9.626773;1.943337;-0.519179;0.003103;0.001812;0.000575;0.610335;-0.509403;-0.01792
491;-9.626751;1.988371;-0.578834;-0.013232;0.00011;0.007838;0.611178;-0.511562;-0.017987
492;-9.566784;2.03307;-0.622534;-0.018616;0.014454;0.009729;0.610267;-0.512809;-0.015809
493;-9.604053;2.152835;-0.637785;-0.045772;-0.012522;0.009627;0.609791;-0.512386;-0.018427
494;-9.65674;1.958525;-0.549533;-0.07266;0.005073;-0.001918;0.610319;-0.51319;-0.018803
495;-9.596729;1.972974;-0.488702;-0.03674;-0.007159;0.007836;0.610438;-0.512496;-0.020724
496;-9.701865;1.793985;-0.438656;-0.060082;-0.009234;-0.002924;0.610695;-0.512762;-0.020984
497;-9.672006;1.719055;-0.415937;-0.027809;-0.016;0.011414;0.609963;-0.513711;-0.021809
498;-9.656717;1.868194;-0.355499;0.013671;-0.032024;0.009384;0.608616;-0.5129;-0.023234
499;-9.61157;2.01761;-0.41411;0.049466;-0.042213;0.030911;0.607999;-0.514673;-0.022674
500;-9.588971;2.107259;-0.443376;0.054958;-0.018894;0.031041;0.608011;-0.516162;-0.022782
501;-9.491385;2.256426;-0.501102;0.033251;-0.007197;0.038362;0.606079;-0.51645;-0.023113
502;-9.5215;2.15187;-0.472004;0.027653;-0.000643;0.052908;0.60557;-0.516475;-0.020808
503;-9.603835;2.121906;-0.338976;0.027785;-0.026091;0.034684;0.604601;-0.519189;-0.021471
504;-9.656796;1.845938;-0.400393;0.065241;-0.043236;0.065261;0.603871;-0.520424;-0.020516
505;-9.671416;1.972441;-0.235911;0.059769;-0.048637;0.065241;0.602859;-0.520293;-0.021234
506;-9.626194;2.166682;-0.2944;-0.00087;0.013059;0.025979;0.600289;-0.523855;-0.019749
507;-9.611434;2.0622;-0.346738;0.006241;0.020474;0.036862;0.600878;-0.522501;-0.018937
508;-9.604174;1.965304;-0.421599;0.066871;0.034891;0.029574;0.598116;-0.524435;-0.017899
509;-9.611403;2.197435;-0.563067;0.132285;-0.003703;0.058092;0.598455;-0.525536;-0.015409
510;-9.476149;2.518569;-0.709359;0.107387;0.014576;0.037403;0.596402;-0.527737;-0.014069
511;-9.461042;2.615778;-0.753675;0.030745;0.00789;0.031206;0.59515;-0.529536;-0.011073
512;-9.461126;2.533388;-0.694121;-0.022327;0.011;0.017793;0.594694;-0.530092;-0.009985
513;-9.611264;2.287138;-0.577767;-0.054789;-0.004488;0.009701;0.596071;-0.529117;-0.01146
514;-9.596631;2.047788;-0.518388;-0.052236;-0.003371;0.020559;0.594309;-0.529392;-0.013151
515;-9.596389;2.167167;-0.473228;-0.042128;-0.020733;0.002324;0.594871;-0.530335;-0.013114
516;-9.566382;2.166868;-0.427889;-0.013187;-0.02254;-0.003198;0.594244;-0.530603;-0.014222
517;-9.431018;2.449969;-0.380004;-0.029241;-0.004933;-0.013961;0.593637;-0.530062;-0.014935
518;-9.506071;2.428303;-0.493414;-0.065197;0.019983;-0.017293;0.594713;-0.530861;-0.015294
519;-9.446527;2.241533;-0.575106;-0.072606;0.002256;-0.005653;0.593925;-0.530857;-0.016685
520;-9.528849;2.19647;-0.397286;-0.052538;-0.009751;-0.027453;0.59505;-0.529887;-0.017895
521;-9.566169;2.233715;-0.315622;-0.037244;-0.015047;-0.026607;0.595572;-0.529608;-0.018157
522;-9.506386;2.18137;-0.382002;-0.043619;0.00844;-0.015604;0.595825;-0.529604;-0.018421
523;-9.56613;2.301241;-0.397633;-0.05791;0.026184;-0.022666;0.594022;-0.529348;-0.018759
524;-9.528586;2.37593;-0.441631;-0.059515;0.040289;-0.03344;0.595896;-0.528498;-0.020898
525;-9.446335;2.315981;-0.50018;-0.07227;0.051235;-0.020705;0.595779;-0.527013;-0.020384
526;-9.603857;2.257349;-0.615083;-0.058556;0.025889;-0.038027;0.597408;-0.527537;-0.020593
527;-9.461928;2.017632;-0.620803;-0.057893;0.028029;-0.01907;0.597433;-0.52781;-0.020314
528;-9.671397;2.167887;-0.579105;-0.036019;-0.024405;-0.048336;0.597869;-0.525222;-0.021305
529;-9.461242;2.360878;-0.500311;-0.06985;0.012498;-0.075234;0.598542;-0.524252;-0.023076
530;-9.610774;2.46571;-0.368055;-0.113041;0.061634;-0.07655;0.600813;-0.521923;-0.023319
531;-9.626275;2.174518;-0.398991;-0.114967;0.042919;-0.071227;0.602155;-0.521351;-0.025333
532;-9.611788;1.928219;-0.489077;-0.068196;0.029866;-0.060572;0.603401;-0.520257;-0.024903
533;-9.626781;1.958409;-0.556499;0.014609;0.004445;-0.048278;0.604148;-0.518077;-0.025467
534;-9.581525;2.152519;-0.577628;-0.001375;0.000386;-0.068191;0.605791;-0.516707;-0.025166
535;-9.506788;2.062618;-0.606496;0.015121;0.007264;-0.084494;0.607183;-0.514802;-0.024473
536;-9.566789;1.897731;-0.376316;-0.026577;0.043315;-0.066933;0.60811;-0.512759;-0.024482
537;-9.641926;1.778629;-0.400323;0.088763;-0.020771;-0.067609;0.609279;-0.512215;-0.023362
538;-9.566451;2.174652;-0.517535;-0.026489;0.025234;-0.075206;0.611254;-0.509751;-0.02389
539;-9.679431;1.726353;-0.356265;0.00405;0.005721;-0.071729;0.611598;-0.508943;-0.022802
540;-9.679537;1.719247;-0.460897;0.048895;0.033369;-0.042711;0.613749;-0.506497;-0.021003
541;-9.611852;1.898388;-0.504103;0.034198;0.0085;-0.028404;0.613776;-0.506905;-0.020721
542;-9.656816;1.913699;-0.549655;0.023217;-0.003888;-0.019397;0.613215;-0.507075;-0.017323
543;-9.657082;1.764332;-0.565007;0.012301;-0.009196;-0.013974;0.613514;-0.506519;-0.018689
544;-9.627007;1.808886;-0.527017;0.009446;-0.023409;-0.006839;0.613613;-0.507611;-0.017573
545;-9.641912;1.898895;-0.609221;-0.002141;0.019579;-0.006522;0.614248;-0.506381;-0.017985
546;-9.657196;1.71214;-0.595038;-0.002257;-0.001857;-0.003033;0.613944;-0.505028;-0.018157
547;-9.649512;1.794076;-0.53491;0.024755;-0.018791;-0.003219;0.61538;-0.506104;-0.017407
548;-9.611675;1.995458;-0.488894;-0.000526;-0.014395;-0.002245;0.61356;-0.506117;-0.018013
549;-9.626813;1.943493;-0.564012;-0.02752;0.00342;-0.002957;0.613489;-0.507749;-0.017438
550;-9.657051;1.794294;-0.587342;-0.02925;-0.005688;-0.010231;0.613852;-0.506507;-0.019634
551;-9.626849;1.906034;-0.534225;0.013965;-0.005392;-0.003116;0.614151;-0.506101;-0.019222
552;-9.596611;2.04771;-0.495971;-0.003748;0.00481;-0.026538;0.61389;-0.504887;-0.018844
553;-9.61154;2.047572;-0.436446;-0.025772;-0.005546;-0.00303;0.614737;-0.507317;-0.018906
554;-9.626745;1.935709;-0.474365;-0.042033;0.00254;0.000692;0.615976;-0.506208;-0.020389
555;-9.611763;1.943161;-0.489037;-0.005935;0.008084;0.002443;0.614941;-0.507443;-0.019853
556;-9.626682;1.973064;-0.474264;-0.001232;-0.000294;-0.013901;0.615776;-0.507707;-0.019684
557;-9.641856;1.88364;-0.519594;-0.016792;0.013505;0.006138;0.614393;-0.507448;-0.019871
558;-9.626949;1.838743;-0.519464;0.006763;-0.014456;-0.006774;0.612443;-0.50584;-0.020103
559;-9.619387;1.868513;-0.496839;0.013986;0.012566;-0.001189;0.613527;-0.507181;-0.020451
560;-9.596856;1.898265;-0.488906;-0.011241;0.003394;-0.006625;0.614582;-0.506099;-0.018935
561;-9.641856;1.88364;-0.519594;0.002179;-0.005358;0.000538;0.612766;-0.505707;-0.019412
562;-9.649322;1.883571;-0.489832;-0.011602;-0.010454;0.016822;0.613669;-0.507737;-0.018661
563;-9.626874;1.891092;-0.534266;-0.018671;-0.004394;0.007825;0.613572;-0.50678;-0.019774
564;-9.611665;2.025498;-0.533646;-0.037593;-0.001815;0.006069;0.611901;-0.507605;-0.02036
565;-9.641591;2.033007;-0.504243;-0.031399;-0.007911;0.013261;0.612366;-0.506239;-0.02119
566;-9.582032;1.823615;-0.526218;-0.011722;0.002334;0.029545;0.611474;-0.507728;-0.022419
567;-9.626771;1.92829;-0.48933;0.013607;-0.031877;0.016606;0.611851;-0.509765;-0.021412
568;-9.596295;2.166801;-0.368617;0.008354;-0.024997;0.003981;0.61131;-0.509501;-0.021299
569;-9.596447;2.084673;-0.383785;-0.009514;0.010677;-0.00116;0.610414;-0.510719;-0.022534
570;-9.626635;1.965358;-0.407034;-0.043941;0.014366;0.00982;0.610182;-0.509373;-0.021748
571;-9.62691;1.853633;-0.504478;-0.009649;-0.003467;0.007811;0.609601;-0.509916;-0.022303
572;-9.626811;1.928447;-0.534164;-0.009519;0.021558;0.004357;0.610379;-0.511122;-0.023073
573;-9.604214;1.96546;-0.466432;-0.016657;0.005168;-0.006599;0.609918;-0.510053;-0.021744
574;-9.596729;1.972974;-0.488702;-0.016498;0.015738;-0.015577;0.610039;-0.509644;-0.021884
575;-9.656799;1.883554;-0.475014;-0.000266;0.013124;-0.015607;0.610514;-0.508955;-0.022701
576;-9.619293;1.928307;-0.504148;0.014197;0.01765;-0.015629;0.611246;-0.508833;-0.020221
577;-9.641819;1.906053;-0.519533;0.002706;0.024453;-0.031826;0.609819;-0.508435;-0.020959
578;-9.619333;1.928464;-0.548982;-0.007216;0.015412;-0.033682;0.611865;-0.509511;-0.019369
579;-9.641726;1.97337;-0.541767;0.019879;0.022688;-0.033692;0.610653;-0.508563;-0.020792
580;-9.641911;1.883849;-0.579373;0.005636;0.020549;-0.04814;0.612092;-0.507068;-0.019545
581;-9.611773;1.97328;-0.556205;0.00331;0.006911;-0.012966;0.612937;-0.50816;-0.017584
582;-9.62668;2.018177;-0.556336;-0.016606;-0.012875;-0.013045;0.612398;-0.507354;-0.017345
583;-9.641935;1.868907;-0.579413;-0.001409;-0.018886;-0.003161;0.613657;-0.506247;-0.018553
584;-9.671899;1.846479;-0.535147;0.008348;-0.035707;0.004856;0.613093;-0.507198;-0.018963
585;-9.649294;1.883466;-0.459943;0.001306;-0.039641;-0.010539;0.614347;-0.508526;-0.020671
586;-9.649096;1.972935;-0.407393;-0.016864;-0.026045;0.000447;0.61244;-0.508411;-0.0206
587;-9.641584;1.972821;-0.38485;-0.036759;0.00364;0.009736;0.612981;-0.507999;-0.02059
588;-9.61167;1.950319;-0.399349;-0.024304;-0.001441;0.022323;0.61293;-0.507994;-0.021274
589;-9.656662;1.913098;-0.377793;0.001258;-0.00809;-0.001281;0.612741;-0.50784;-0.023741
590;-9.626678;1.942971;-0.414567;0.017638;0.008882;-0.006648;0.612743;-0.508125;-0.02196
591;-9.611773;1.913121;-0.444285;-0.000508;0.007168;0.000615;0.611984;-0.50814;-0.021166
592;-9.596764;1.912945;-0.414142;-0.009446;0.006085;-0.006612;0.611566;-0.506925;-0.021066
593;-9.649273;1.875865;-0.422602;-0.00482;0.01945;-0.011938;0.612743;-0.508802;-0.022084
594;-9.671933;1.793974;-0.475511;0.010356;0.004481;-0.002114;0.611507;-0.508694;-0.020352
595;-9.64202;1.786518;-0.519859;0.049811;-0.008474;0.014876;0.61109;-0.508441;-0.018596
596;-9.604195;1.972905;-0.45894;0.020818;-0.024651;0.018435;0.611769;-0.510193;-0.018949
597;-9.58156;2.107537;-0.532916;-0.004213;0.009129;0.009662;0.611081;-0.509929;-0.018977
598;-9.566719;2.055378;-0.592584;-0.032092;0.021499;0.006191;0.609219;-0.511442;-0.0186
599;-9.59654;2.085038;-0.488397;-0.050599;0.012612;-0.030895;0.611365;-0.51128;-0.019078
600;-9.566569;2.092394;-0.495343;-0.070675;0.015569;-0.013653;0.610627;-0.51047;-0.019664
601;-9.641714;1.928204;-0.44475;-0.048068;0.026387;-0.015408;0.61029;-0.508978;-0.02025
602;-9.626859;1.86847;-0.474549;-0.040177;0.019575;0.000804;0.611179;-0.509232;-0.021172
603;-9.641955;1.808826;-0.489909;-0.007524;-0.00935;-0.017551;0.609705;-0.509927;-0.020934
604;-9.611865;1.890917;-0.504124;0.008417;0.005577;0.008724;0.610495;-0.509239;-0.021194
605;-9.634301;1.913436;-0.504442;-0.002366;0.00547;0.00514;0.61166;-0.509776;-0.020326
606;-9.611726;1.973097;-0.5039;-0.000542;-0.008961;0.000505;0.610731;-0.510856;-0.021974
607;-9.589072;2.047492;-0.443539;-0.011312;0.016086;0.000687;0.609354;-0.509802;-0.020129
608;-9.596731;1.98802;-0.51855;-0.019677;-0.001551;0.015971;0.61021;-0.51142;-0.019933
609;-9.581799;1.958066;-0.518379;-0.020651;0.003051;0.022331;0.610063;-0.511421;-0.020074
610;-9.596784;1.973183;-0.54848;-0.004239;-0.008829;0.007745;0.608242;-0.512788;-0.020927
611;-9.626724;1.988267;-0.548945;-0.007713;-0.011744;-0.003108;0.609785;-0.511153;-0.020089
612;-9.626657;1.988006;-0.474223;-0.007722;-0.009059;-0.00309;0.609352;-0.511696;-0.020502
613;-9.611562;2.062696;-0.488711;-0.009391;0.006936;-0.00932;0.609412;-0.512769;-0.021708
614;-9.611723;1.943004;-0.444203;-0.020194;0.01944;-0.009205;0.609499;-0.510868;-0.022015
615;-9.626656;1.972959;-0.444375;-0.011293;0.010663;-0.002044;0.6093;-0.51169;-0.021187
616;-9.611685;1.965417;-0.444142;-0.015144;0.00741;0.015123;0.60959;-0.511945;-0.02281
617;-9.626632;2.002948;-0.474182;-0.002822;-0.010058;0.034879;0.607749;-0.512783;-0.022036
618;-9.589213;1.987881;-0.488535;0.013408;-0.000972;0.038503;0.607638;-0.514546;-0.022006
619;-9.611778;1.95826;-0.533829;0.01362;-0.006673;0.022194;0.60724;-0.51604;-0.022127
620;-9.589075;2.077584;-0.503235;0.022873;-0.0016;0.00591;0.606966;-0.515517;-0.020235
621;-9.59644;2.144806;-0.488234;0.001062;-0.001457;0.016819;0.606365;-0.516058;-0.021063
622;-9.596605;2.06273;-0.518347;-0.015778;0.017831;-0.001097;0.60674;-0.51578;-0.021466
623;-9.619243;1.958191;-0.504067;-0.01496;0.023364;0.006187;0.604953;-0.515256;-0.021535
624;-9.6116;2.047807;-0.503696;-0.031152;-0.007391;-0.004839;0.605027;-0.516751;-0.020821
625;-9.566588;2.084949;-0.502835;-0.025776;0.003482;0.000628;0.606777;-0.515513;-0.020924
626;-9.641627;1.995548;-0.474456;-0.007732;0.012566;0.002487;0.6052;-0.515521;-0.021931
627;-9.566657;2.040097;-0.495485;-0.008698;-0.011656;0.002295;0.60555;-0.516322;-0.02286
628;-9.641576;2.017908;-0.45945;-0.002298;0.019756;0.002521;0.606106;-0.516859;-0.022831
629;-9.596563;2.047527;-0.443665;-0.027515;-0.002045;-0.006627;0.604198;-0.516744;-0.02276
630;-9.566625;2.04749;-0.473048;-0.022291;0.012677;0.011536;0.605023;-0.517006;-0.022728
631;-9.626453;2.084971;-0.429125;0.005789;0.001818;0.000564;0.60534;-0.517143;-0.022169
632;-9.611662;1.995406;-0.47395;0.00313;0.014353;0.000651;0.604966;-0.515918;-0.023297
633;-9.596514;2.084934;-0.458508;0.015911;-0.009239;-0.015828;0.604532;-0.516612;-0.021932
634;-9.611728;1.988144;-0.533748;0.003044;-0.007099;0.003222;0.604753;-0.516754;-0.02083
635;-9.581522;2.122427;-0.517931;0.010305;0.003657;0.002354;0.605149;-0.517154;-0.021082
636;-9.521494;2.16689;-0.49438;0.00319;0.00705;-0.004868;0.604888;-0.516617;-0.020828
637;-9.536481;2.136895;-0.442409;-0.003925;-0.002159;-0.015759;0.604256;-0.517832;-0.022191
638;-9.611396;2.137249;-0.443674;-0.018208;0.002966;-0.026512;0.605616;-0.515923;-0.02191
639;-9.581493;2.107276;-0.458194;-0.033815;0.00691;-0.005656;0.605598;-0.516057;-0.022181
640;-9.596733;1.942907;-0.436478;-0.011238;0.008769;-0.006591;0.605583;-0.515785;-0.022323
641;-9.656549;1.98786;-0.392534;0.013923;0.017127;0.002471;0.607175;-0.516049;-0.021173
642;-9.596595;2.025088;-0.436254;0.006826;0.021421;-0.004745;0.605457;-0.515261;-0.020289
643;-9.596347;2.151963;-0.398546;-0.018431;0.02129;-0.006497;0.606546;-0.514167;-0.020138
644;-9.559121;2.062448;-0.487825;-0.03265;0.055142;-0.013484;0.604829;-0.514717;-0.021276
645;-9.626532;2.070238;-0.488943;-0.034508;0.042625;-0.012631;0.607362;-0.514714;-0.018462
646;-9.589238;2.033098;-0.600497;-0.043453;0.047909;-0.015302;0.607557;-0.514974;-0.019543
647;-9.596879;1.988595;-0.68294;-0.035986;0.042196;-0.033444;0.607665;-0.513903;-0.017922
648;-9.529435;1.988197;-0.659385;-0.036326;0.05169;-0.006273;0.607624;-0.513898;-0.018469
649;-9.5593;2.108266;-0.771649;-0.023683;0.021169;-0.011928;0.607667;-0.514038;-0.017919
650;-9.626929;1.966507;-0.735813;0.001379;-0.020737;-0.006809;0.60768;-0.514024;-0.019557
651;-9.701942;2.004843;-0.91631;0.023689;-0.037284;0.011144;0.608306;-0.513756;-0.018449
652;-9.926696;1.720182;-0.397821;-0.106641;0.02474;0.042737;0.608441;-0.512943;-0.018324
653;-9.605067;1.495025;-0.534965;0.215249;-0.116743;0.037258;0.607623;-0.516454;-0.020741
654;-9.536015;2.41332;-0.441655;0.019961;-0.057157;0.007321;0.60668;-0.515383;-0.020383
655;-9.626279;2.084292;-0.234846;0.004366;-0.042493;0.025598;0.606454;-0.51512;-0.019713
656;-9.61146;2.047258;-0.346779;-0.044792;0.016056;0.005302;0.605573;-0.515934;-0.020682
657;-9.611716;1.942978;-0.436731;-0.017787;0.017203;0.012482;0.604969;-0.517016;-0.021637
658;-9.559152;2.092645;-0.577411;-0.004365;-0.013135;0.016741;0.605458;-0.517275;-0.022435
659;-9.596493;2.077332;-0.421167;0.029916;-0.030146;0.011133;0.604793;-0.517299;-0.020409
660;-9.596415;2.152225;-0.473269;-0.000677;-0.010574;0.009527;0.604662;-0.517031;-0.020282
661;-9.581531;2.07734;-0.443331;-0.004337;0.007479;0.016889;0.603963;-0.517968;-0.022471
662;-9.596481;2.092326;-0.436071;-0.001498;-0.008916;0.003211;0.603507;-0.517847;-0.02126
663;-9.551525;2.084564;-0.412915;-0.015887;0.005339;0.002419;0.602412;-0.519888;-0.021667
664;-9.603864;2.137057;-0.398714;-0.017523;0.006882;-0.01021;0.603926;-0.518385;-0.021236
665;-9.611712;1.957999;-0.459107;-0.025773;0.012472;0.001616;0.603764;-0.518114;-0.021519
666;-9.61161;2.017766;-0.458944;-0.009485;0.01427;-0.001128;0.604322;-0.518109;-0.021365
667;-9.596658;1.987733;-0.436356;-0.018596;-0.004554;0.000573;0.604382;-0.518656;-0.020669
668;-9.611508;2.062488;-0.428933;0.008508;0.013512;0.002439;0.603451;-0.518248;-0.022073
669;-9.551477;2.144541;-0.47253;-0.005051;0.010797;0.004235;0.601757;-0.518936;-0.022935
670;-9.641646;2.048262;-0.593869;0.008511;0.001878;0.002373;0.603001;-0.518533;-0.020854
671;-9.536594;2.129815;-0.554513;0.019297;-0.019661;0.000348;0.60293;-0.519338;-0.021933
672;-9.536297;2.294098;-0.531648;-0.015191;-0.015907;0.014923;0.602868;-0.520159;-0.0211
673;-9.551492;2.152116;-0.502399;-0.038589;-0.023309;0.007707;0.602714;-0.520429;-0.021373
674;-9.581494;2.114799;-0.473118;-0.060017;-0.007544;-0.006593;0.60121;-0.519617;-0.023077
675;-9.581579;2.03241;-0.413564;-0.029448;-0.01808;-0.001308;0.602089;-0.520547;-0.024259
676;-9.626372;2.084658;-0.339458;-0.009684;-0.034094;0.000363;0.603383;-0.519714;-0.025051
677;-9.663762;2.077051;-0.250444;-0.002266;-0.02179;-0.013124;0.601965;-0.519708;-0.027555
678;-9.581369;2.076713;-0.263997;0.005877;-0.025404;-0.015012;0.602418;-0.52067;-0.025338
679;-9.641528;1.94252;-0.265375;-0.008745;4.1e-05;0.004218;0.602087;-0.520111;-0.027817
680;-9.596313;2.084151;-0.23434;-0.001518;0.028845;0.009796;0.601772;-0.519583;-0.026472
681;-9.596266;2.144127;-0.293955;-0.00753;0.024781;-0.012831;0.602085;-0.519449;-0.025918
682;-9.551556;2.062125;-0.405504;-0.020109;0.062499;-0.006233;0.602186;-0.520677;-0.024799
683;-9.611648;2.04799;-0.556002;0.015973;0.044731;-0.006416;0.603397;-0.51946;-0.023007
684;-9.56657;2.167599;-0.637112;0.046584;0.016174;-0.005801;0.601404;-0.520704;-0.022503
685;-9.506415;2.271726;-0.583509;0.039481;-0.002073;-0.019501;0.602627;-0.5203;-0.020696
686;-9.506337;2.346618;-0.635611;-0.003876;-0.009362;-0.017637;0.603187;-0.519755;-0.020415
687;-9.596483;2.167532;-0.57784;-0.043493;0.01195;-0.020971;0.603162;-0.519482;-0.020694
688;-9.581483;2.137316;-0.502946;-0.010775;0.011693;-0.039148;0.603416;-0.518124;-0.020711
689;-9.596491;2.114922;-0.488315;-0.02349;0.00276;-0.035551;0.603747;-0.519209;-0.020134
690;-9.551632;2.077459;-0.517547;-0.009326;0.005036;-0.01388;0.604865;-0.518509;-0.021475
691;-9.611588;2.062801;-0.5186;-0.03019;0.019538;-0.002853;0.60477;-0.516335;-0.022339
692;-9.619051;2.047686;-0.458989;-0.051833;-0.002201;-0.010177;0.604266;-0.517156;-0.021931
693;-9.611559;2.040127;-0.443938;-0.043436;0.00911;-0.028214;0.605035;-0.518496;-0.022835
694;-9.611551;2.032578;-0.421542;-0.036398;-0.009503;-0.019311;0.605121;-0.516986;-0.025046
695;-9.581389;2.136951;-0.398334;-0.042059;-0.000164;0.000648;0.605884;-0.515364;-0.023686
696;-9.641517;2.025196;-0.407124;-0.03316;-0.001723;0.009689;0.605569;-0.515362;-0.024243
697;-9.626554;2.032727;-0.444212;-0.016913;-0.008854;0.008691;0.605984;-0.515629;-0.024224
698;-9.61161;2.017766;-0.458944;-0.007673;-0.003741;-0.005775;0.605789;-0.515895;-0.025045
699;-9.581567;2.047404;-0.428468;-0.011296;-0.001953;-0.004863;0.604952;-0.514819;-0.025093
700;-9.581582;2.062502;-0.47326;-0.004084;-9.5e-05;-0.00306;0.605822;-0.517387;-0.024879
701;-9.611573;2.047702;-0.473807;0.02498;0.012347;-0.01389;0.605248;-0.516307;-0.025055
702;-9.611524;2.085109;-0.48865;-0.009408;-0.011045;-0.012154;0.605154;-0.517125;-0.024632
703;-9.611555;2.06267;-0.481239;-0.004867;-0.00117;-0.012098;0.604816;-0.515783;-0.023441
704;-9.611612;2.032813;-0.488792;-0.000131;-0.000588;-0.028386;0.60586;-0.514414;-0.023842
705;-9.626668;1.965488;-0.444395;0.026836;0.003263;-0.020277;0.606068;-0.513457;-0.024536
706;-9.611615;2.002746;-0.436568;0.017596;-0.02346;-0.010491;0.608261;-0.513857;-0.022681
707;-9.626732;1.935657;-0.459421;0.016027;-0.011208;-0.024868;0.607724;-0.513713;-0.02434
708;-9.611662;1.995406;-0.47395;-8.1e-05;0.009233;-0.030128;0.607378;-0.513859;-0.023529
709;-9.596614;2.017643;-0.443746;0.000877;0.013639;-0.033725;0.607436;-0.512918;-0.02259
710;-9.596554;2.077567;-0.488417;0.003483;0.004818;-0.027462;0.608854;-0.51142;-0.021616
711;-9.611562;2.062696;-0.488711;-0.007457;-0.011259;-0.023013;0.607295;-0.513324;-0.022723
712;-9.619204;1.965557;-0.474158;0.005247;0.008487;-0.02381;0.609658;-0.513034;-0.022105
713;-9.596499;2.077358;-0.428639;-0.018483;0.001573;-0.006626;0.608827;-0.512365;-0.022145
714;-9.626543;2.047721;-0.459116;0.00133;0.005333;-0.002114;0.608249;-0.511691;-0.02245
715;-9.619229;1.958139;-0.489122;-0.000218;0.019352;-0.017392;0.608373;-0.511553;-0.022585
716;-9.611752;1.958155;-0.50394;0.003438;0.021102;-0.020106;0.608923;-0.511833;-0.020787
717;-9.626708;1.965645;-0.489229;-0.014683;0.003132;-0.019271;0.609489;-0.511544;-0.022275
718;-9.626797;1.913348;-0.489371;-0.011235;0.014194;-0.004732;0.609205;-0.510869;-0.022298
719;-9.62674;1.943206;-0.481817;-0.014752;0.005034;-0.013831;0.609953;-0.51153;-0.023352
720;-9.656647;1.958159;-0.444921;0.004799;-0.007944;0.005041;0.609792;-0.511409;-0.021858
721;-9.641664;1.958088;-0.444668;0.004776;-0.016015;0.004981;0.608786;-0.511008;-0.022445
722;-9.596653;2.002753;-0.458732;0.019277;-0.017858;0.00039;0.60889;-0.512221;-0.023101
723;-9.611509;2.077534;-0.458781;-0.007907;0.003816;0.013268;0.607851;-0.512508;-0.022447
724;-9.596693;2.00291;-0.503565;-0.020402;0.014375;0.006129;0.607979;-0.512115;-0.020676
725;-9.626618;2.002895;-0.459238;-0.014912;0.010669;-0.001132;0.608982;-0.512907;-0.021993
726;-9.59656;2.077594;-0.495889;-0.020369;0.001717;0.000615;0.608125;-0.511829;-0.022315
727;-9.641754;1.928361;-0.489583;-0.009449;-0.000172;-0.006636;0.60904;-0.512642;-0.021177
728;-9.626796;1.905825;-0.474447;0.009384;-0.00713;0.000502;0.607797;-0.513044;-0.023258
729;-9.589124;2.032654;-0.473468;0.003104;0.005385;0.000581;0.608361;-0.512093;-0.022848
730;-9.566585;2.047333;-0.428215;-0.013011;-0.012903;-0.013983;0.608153;-0.512373;-0.02203
731;-9.566532;2.06217;-0.398285;-0.032787;0.008496;-0.015601;0.608168;-0.511968;-0.021765
732;-9.611568;2.002563;-0.384262;0.003187;0.024134;-0.002901;0.609311;-0.511015;-0.020926
733;-9.656611;1.942982;-0.377712;0.020505;0.008641;-0.019307;0.608866;-0.51291;-0.021724
734;-9.619102;2.017802;-0.459071;0.012102;0.034272;0.008905;0.609069;-0.513186;-0.020893
735;-9.619031;2.047607;-0.436572;0.001471;0.033918;-0.006449;0.608549;-0.512397;-0.018604
736;-9.656625;2.003194;-0.504577;-0.007491;0.050032;-0.006302;0.607365;-0.512144;-0.017965
737;-9.58173;2.002918;-0.525729;-0.007391;0.048072;-0.013582;0.608992;-0.513359;-0.016523
738;-9.626523;2.107802;-0.54862;-0.037879;0.056679;-0.026098;0.609846;-0.512136;-0.015836
739;-9.559559;1.898714;-0.667607;-0.084615;0.058942;-0.037747;0.610238;-0.511739;-0.014192
740;-9.551957;1.988487;-0.71207;-0.084554;0.055266;-0.042301;0.609648;-0.510102;-0.016291
741;-9.656688;2.086158;-0.728521;-0.062059;0.04918;-0.03874;0.609652;-0.511049;-0.016409
742;-9.717054;1.900138;-0.864542;-0.031732;0.040904;-0.011704;0.611172;-0.509953;-0.01597
743;-9.288255;2.974038;-0.884289;0.02131;-0.239566;-0.059149;0.610875;-0.511171;-0.016503
744;-10.258446;0.496742;-0.473977;-0.012516;-0.096278;0.063588;0.611289;-0.509123;-0.017893
745;-9.446198;2.541049;-0.76857;0.268349;-0.169845;-0.026647;0.609412;-0.509687;-0.017535
746;-9.536368;2.091338;-0.233308;-0.087326;-0.026306;0.002378;0.610607;-0.507762;-0.019444
747;-9.656424;2.00241;-0.28041;-0.0332;-0.008914;0.008745;0.610949;-0.510051;-0.020754
748;-9.709257;1.801152;-0.341623;-0.02947;0.014363;0.006207;0.608998;-0.510473;-0.021356
749;-9.566771;1.972858;-0.495668;0.028226;0.002108;0.011344;0.609545;-0.51182;-0.021586
750;-9.581441;2.182273;-0.540185;0.013788;-0.028539;0.004841;0.609706;-0.511415;-0.021178
751;-9.596683;2.032951;-0.548317;0.006659;-0.010692;0.002276;0.609443;-0.510743;-0.020927
752;-9.52934;2.032945;-0.636846;-0.070593;0.006492;-0.019155;0.609624;-0.510731;-0.02215
753;-9.536987;1.868149;-0.50292;-0.095769;0.008002;-0.028118;0.610934;-0.510982;-0.022921
754;-9.686919;1.763978;-0.42354;0.042612;-0.049979;0.001973;0.609214;-0.509908;-0.023817
755;-9.52896;2.181868;-0.494466;0.012324;-0.054302;-0.027006;0.61023;-0.509633;-0.02297
756;-9.581515;2.062241;-0.398538;-0.054341;-0.004348;-0.026481;0.610488;-0.508923;-0.026661
757;-9.626638;1.942814;-0.369734;-0.059937;0.003107;-0.011923;0.611207;-0.508363;-0.027877
758;-9.634195;1.928065;-0.414734;-0.031198;-0.007354;-0.003015;0.611518;-0.50877;-0.027449
759;-9.641701;1.928152;-0.429805;0.001123;-0.008767;0.009562;0.611523;-0.507688;-0.027197
760;-9.61132;2.114393;-0.316707;-0.022418;-0.012395;0.01229;0.610868;-0.508089;-0.028713
761;-9.641818;1.83837;-0.392688;-0.038573;-0.004452;0.008787;0.611616;-0.508223;-0.027866
762;-9.70207;1.644383;-0.386757;-0.009733;-0.005173;0.011457;0.610224;-0.509453;-0.028435
763;-9.656778;1.815793;-0.325752;0.002192;-0.001853;-0.003046;0.610934;-0.508892;-0.029787
764;-9.603883;2.069453;-0.294285;-0.014972;0.003484;-0.001191;0.610104;-0.509711;-0.030072
765;-9.641734;1.868124;-0.355246;-0.036696;0.02694;0.009896;0.611446;-0.508612;-0.030185
766;-9.67183;1.831172;-0.430576;-0.034736;0.015946;-0.002832;0.60975;-0.510518;-0.031297
767;-9.611699;1.972993;-0.474011;-0.011384;0.014411;0.006115;0.609356;-0.509727;-0.029141
768;-9.626504;2.062611;-0.44413;0.004677;-0.012267;0.013136;0.609071;-0.512434;-0.029781
769;-9.611432;2.107313;-0.428811;-0.002307;-0.005459;-0.00309;0.608186;-0.510271;-0.030261
770;-9.58149;2.06966;-0.383573;-0.022148;-0.00558;-0.004861;0.609822;-0.511201;-0.030462
771;-9.656611;1.942982;-0.377712;-0.014744;0.008585;-0.015603;0.610073;-0.510385;-0.030606
772;-9.619094;1.94257;-0.309829;0.004929;0.008902;-0.003001;0.609883;-0.509569;-0.031174
773;-9.656788;1.838389;-0.377997;0.012234;0.016038;-0.006571;0.609024;-0.510671;-0.030089
774;-9.641674;1.928048;-0.399916;0.019492;-0.001992;-0.01305;0.608514;-0.510409;-0.029565
775;-9.649102;1.965438;-0.399941;0.010531;0.015884;-0.013811;0.609969;-0.509998;-0.028296
776;-9.626499;2.017472;-0.354585;-0.004257;-0.007075;0.005959;0.609592;-0.509991;-0.029674
777;-9.619156;1.897692;-0.295007;-0.021933;0.016573;-0.017354;0.610761;-0.510799;-0.028801
778;-9.641892;1.786021;-0.377886;-0.039774;0.023429;-0.029914;0.610494;-0.509855;-0.028555
779;-9.641719;1.853025;-0.310453;-0.037156;0.03165;-0.022632;0.610687;-0.50998;-0.029638
780;-9.62661;1.927664;-0.309996;-0.023755;0.026502;-0.013664;0.609756;-0.509045;-0.029141
781;-9.611721;1.927958;-0.414355;-0.016541;0.048188;-0.006307;0.611682;-0.508501;-0.02704
782;-9.566654;2.070163;-0.547709;0.026777;0.052001;-0.002795;0.611029;-0.508511;-0.026651
783;-9.536719;2.107742;-0.651713;0.03846;0.046756;0.001649;0.609196;-0.509891;-0.025866
784;-9.521598;2.197375;-0.66616;0.023962;0.01438;-0.001255;0.610565;-0.51084;-0.024165
785;-9.551573;2.15243;-0.592066;0.001536;0.001459;-0.015743;0.610999;-0.50962;-0.023628
786;-9.581589;2.122688;-0.592654;0.000649;-0.009365;-0.019418;0.61127;-0.510158;-0.023745
787;-9.634096;2.002878;-0.44442;0.005137;-0.009361;-0.020306;0.610997;-0.508808;-0.023507
788;-9.641813;1.85339;-0.415064;-0.002064;-0.000426;-0.02022;0.612094;-0.508933;-0.023468
789;-9.611736;1.943057;-0.459148;-0.003665;0.002871;-0.033777;0.610906;-0.509611;-0.02486
790;-9.619199;1.927941;-0.399537;-0.021944;0.021134;-0.013708;0.612254;-0.508392;-0.023064
791;-9.626894;1.823488;-0.429837;-0.012143;0.024979;-0.002845;0.611841;-0.507584;-0.022956
792;-9.649561;1.749146;-0.505143;-0.018665;0.008194;0.009733;0.612308;-0.508383;-0.024154
793;-9.596807;1.950718;-0.533597;-0.019199;-0.005872;-0.020237;0.612316;-0.507572;-0.023896
794;-9.611686;1.972941;-0.459066;-0.027296;0.012939;-0.019181;0.613075;-0.507031;-0.022789
795;-9.596698;1.98789;-0.481189;-0.041767;0.017438;-0.015504;0.612752;-0.507841;-0.023604
796;-9.626719;1.943128;-0.459401;-0.040095;0.015843;-0.00646;0.613392;-0.507844;-0.022354
797;-9.656824;1.868612;-0.475055;-0.011165;0.002384;-0.012938;0.614332;-0.506465;-0.024124
798;-9.641836;1.883562;-0.497178;-0.004119;-0.009023;-0.002184;0.611446;-0.506207;-0.026136
799;-9.611741;1.928037;-0.436772;0.01588;0.01061;-0.009352;0.614492;-0.507127;-0.025744
800;-9.649231;1.913298;-0.444917;-0.00065;0.009192;0.011499;0.613148;-0.506888;-0.023609
801;-9.619316;1.890796;-0.459417;0.010369;0.005344;-0.003038;0.611817;-0.506635;-0.023112
802;-9.626808;1.898354;-0.474467;0.037502;0.010769;-0.005779;0.61236;-0.506358;-0.023099
803;-9.634343;1.928639;-0.579124;0.032075;0.002709;-0.004913;0.612718;-0.507176;-0.022116
804;-9.589475;1.92874;-0.668032;0.015977;0.007853;-0.012999;0.613821;-0.50703;-0.021946
805;-9.566759;2.055535;-0.637417;0.032102;-0.001824;-0.006786;0.6122;-0.507049;-0.021726
806;-9.619134;2.063045;-0.578504;-0.025234;-0.016205;-0.042899;0.613506;-0.507179;-0.020725
807;-9.611602;2.062853;-0.533544;-0.052182;-0.002115;-0.049977;0.614693;-0.506065;-0.022891
808;-9.641856;1.823481;-0.407674;-0.07012;-0.003299;-0.060772;0.614556;-0.505239;-0.02455
809;-9.687061;1.651731;-0.37154;-0.052342;-0.001923;-0.040883;0.616025;-0.503311;-0.026449
810;-9.709435;1.704082;-0.356832;-0.026458;-0.00769;-0.021079;0.616645;-0.50196;-0.025226
811;-9.641891;1.778498;-0.362962;-0.026478;-0.007671;-0.019301;0.616727;-0.501683;-0.025911
812;-9.626951;1.79363;-0.437391;-0.025818;0.007133;0.003402;0.616747;-0.502211;-0.027539
813;-9.641851;1.838501;-0.43005;0.024754;0.005475;0.000557;0.616677;-0.50249;-0.026717
814;-9.626756;1.913192;-0.444538;0.009455;-0.00545;-0.004914;0.616871;-0.503576;-0.026143
815;-9.64934;1.868603;-0.4824;0.001235;9e-05;0.004199;0.616221;-0.501692;-0.025382
816;-9.656908;1.838859;-0.512497;0.019327;-0.000792;0.001439;0.615679;-0.504134;-0.025763
817;-9.634338;1.8835;-0.489579;0.028425;-0.011687;-0.006807;0.615961;-0.50332;-0.025496
818;-9.611781;1.928193;-0.481605;0.021157;-0.01075;-0.003176;0.61572;-0.504138;-0.025215
819;-9.611684;1.950371;-0.414294;0.012072;-0.00892;0.000476;0.615225;-0.503472;-0.024425
820;-9.626817;1.853267;-0.399867;-0.005766;0.010495;-0.011099;0.615803;-0.504146;-0.02412
821;-9.641884;1.763426;-0.325642;-0.014959;0.013389;0.000711;0.616437;-0.50427;-0.024779
822;-9.656929;1.726142;-0.325996;0.011919;0.032701;0.019776;0.61604;-0.503057;-0.024406
823;-9.641808;1.808251;-0.32552;0.021019;0.029017;0.013388;0.61475;-0.502808;-0.023361
824;-9.641597;1.957827;-0.369946;-0.011238;0.063672;0.004648;0.616257;-0.503756;-0.021655
825;-9.596744;1.973026;-0.503647;-0.020367;0.079146;0.018322;0.614792;-0.505278;-0.019626
826;-9.626905;1.928813;-0.638775;-0.016635;0.064631;0.008279;0.614512;-0.505025;-0.017866
827;-9.619558;1.899259;-0.743342;0.006679;0.025377;0.01248;0.614493;-0.505158;-0.018137
828;-9.642157;1.869769;-0.825998;-0.007591;0.023302;0.000752;0.614837;-0.505027;-0.017172
829;-9.626892;2.049079;-0.847673;-0.039701;0.002801;-0.03188;0.613585;-0.505864;-0.015832
830;-11.874305;2.646158;-1.945096;0.163807;0.472425;-0.012065;0.615081;-0.505608;-0.012238
831;-9.022371;4.372217;0.588528;-0.184991;-0.08449;-0.14459;0.617157;-0.501981;-0.022069
832;-10.148757;-1.320693;-0.05858;0.384765;-0.09074;0.046393;0.613011;-0.50501;-0.021465
833;-9.166384;4.35685;-1.237167;0.217363;-0.23765;-0.000931;0.613724;-0.505698;-0.01938
834;-9.371808;1.700501;0.216752;-0.240498;0.077847;-0.000218;0.615549;-0.50618;-0.024226
835;-9.889622;1.307902;-0.054585;-0.022779;0.049753;-0.018804;0.616296;-0.504677;-0.024913
836;-9.596575;2.02501;-0.413837;-0.017567;0.023159;-0.002864;0.614988;-0.504561;-0.024139
837;-9.626516;2.047616;-0.429227;-0.016448;0.062461;-0.009829;0.616408;-0.505229;-0.023533
838;-9.671977;1.824223;-0.580041;0.017624;0.016183;-0.001151;0.613714;-0.505396;-0.023073
839;-9.657288;1.629777;-0.542957;0.040521;-0.062114;0.022693;0.614239;-0.505253;-0.023331
840;-9.415856;2.659764;-0.57346;-0.055303;0.017813;-0.080692;0.614757;-0.504854;-0.02182
841;-9.867173;1.480855;-0.404933;-0.069546;0.020229;0.035365;0.614878;-0.503618;-0.023614
842;-9.611923;1.936265;-0.653447;0.118672;-0.060795;-0.014605;0.613882;-0.504721;-0.022534
843;-9.61892;2.077256;-0.369241;-0.043478;0.001042;-0.028266;0.615446;-0.503614;-0.023323
844;-9.649571;1.719105;-0.460391;-0.0256;0.033825;-0.006358;0.615488;-0.503619;-0.022775
845;-9.641959;1.778759;-0.437685;-0.00407;0.016087;-0.001108;0.615643;-0.50416;-0.022623
846;-9.626862;1.898563;-0.534245;-0.007722;0.026978;0.006199;0.616431;-0.504164;-0.021232
847;-9.612017;1.808789;-0.519292;-0.019707;0.029109;0.025234;0.616176;-0.504033;-0.02097
848;-9.657182;1.704565;-0.56517;-0.016996;-0.00147;0.018714;0.614048;-0.504738;-0.020344
849;-9.656993;1.816629;-0.564864;-0.036827;0.015525;0.020681;0.613541;-0.507453;-0.020309
850;-9.611856;1.936004;-0.578724;-0.017024;-0.012235;0.018615;0.613516;-0.50718;-0.020588
851;-9.61923;1.965662;-0.504047;0.004283;-0.035055;0.038311;0.613379;-0.507858;-0.020716
852;-9.589061;2.062486;-0.458442;0.013088;-0.040115;0.052711;0.611605;-0.50732;-0.022423
853;-9.61169;2.003033;-0.518763;0.000751;-0.02618;0.034756;0.611764;-0.508809;-0.022389
854;-9.641756;1.943408;-0.519432;0.01565;-0.019611;0.002217;0.611764;-0.510839;-0.02276
