time index;acc_x;acc_y;acc_z;gyr_x;gyr_y;gyr_z;mag_x;mag_y;mag_z
1;-2.235454;9.324026;-1.936397;-0.006831;0.012822;-0.00792;-0.118963;-0.776757;0.270352
2;-2.215936;9.319098;-1.950687;-0.0196;0.00307;0.006181;-0.118365;-0.77688;0.266885
3;-2.230592;9.333726;-1.941383;-0.003543;0.000481;0.006191;-0.120164;-0.775745;0.267145
4;-2.201373;9.338397;-1.921458;-0.012408;-0.003314;0.003532;-0.120915;-0.776521;0.267647
5;-2.203795;9.323813;-1.909014;-0.032014;-0.005323;0.00262;-0.121711;-0.778354;0.267269
6;-2.206222;9.311659;-1.896612;-0.008659;-0.012587;-0.004435;-0.11887;-0.777129;0.267125
7;-2.220908;9.343287;-1.887604;-0.012409;0.003942;0.002659;-0.12052;-0.778381;0.265258
8;-2.225763;9.333602;-1.889954;-0.018444;-0.010889;-0.006213;-0.120418;-0.777579;0.26472
9;-2.201388;9.331049;-1.88954;-0.016677;0.00185;-0.006178;-0.120276;-0.777054;0.264972
10;-2.213584;9.326211;-1.867633;-0.013996;-0.004493;-0.006192;-0.119583;-0.777599;0.263338
11;-2.203844;9.338333;-1.882368;-0.008568;-0.00454;-0.009715;-0.120257;-0.778368;0.262806
12;-2.196525;9.328563;-1.872306;-0.015904;-0.008902;-1.6e-05;-0.119841;-0.778389;0.263348
13;-2.2063;9.343179;-1.870263;-0.012392;-0.010619;0.002632;-0.121044;-0.777801;0.262618
14;-2.203897;9.360158;-1.865631;-0.006087;-0.003382;-0.000876;-0.120804;-0.778074;0.262249
15;-2.206315;9.35046;-1.867945;-0.005744;-0.007429;-0.016783;-0.119936;-0.7777;0.261506
16;-2.20388;9.343129;-1.850662;-0.008617;-0.00177;-0.007943;-0.120988;-0.77779;0.261193
17;-2.216114;9.362587;-1.834069;-0.01048;-0.00442;-0.004419;-0.120267;-0.776631;0.262625
18;-2.211194;9.343162;-1.848329;-0.005835;0.001756;-0.013233;-0.121521;-0.777766;0.260905
19;-2.201445;9.338236;-1.838314;-0.007028;-0.022405;0.002615;-0.121609;-0.778571;0.261702
20;-2.191702;9.330862;-1.818475;-0.008771;-0.001598;-0.000875;-0.121869;-0.778561;0.261688
21;-2.213675;9.360141;-1.831544;-0.010414;0.001854;-0.007939;-0.121403;-0.778569;0.260675
22;-2.201475;9.352798;-1.833677;-0.017721;-0.007988;0.000867;-0.120071;-0.778895;0.261404
23;-2.201408;9.318816;-1.842866;-0.006153;-0.006935;0.002646;-0.119845;-0.778364;0.260752
24;-2.203912;9.350372;-1.828781;0.008143;-0.003222;0.000906;-0.121416;-0.778833;0.260423
25;-2.196601;9.357649;-1.843469;-0.006886;-0.007148;-0.005299;-0.120662;-0.779925;0.259976
26;-2.201467;9.343064;-1.823726;0.002276;-0.00737;-0.016773;-0.120747;-0.77873;0.260845
27;-2.206326;9.338246;-1.831052;-0.001712;0.002199;0.00267;-0.120622;-0.779801;0.260753
28;-2.194147;9.333294;-1.813663;0.001992;0.009316;-0.004374;-0.121174;-0.78004;0.260082
29;-2.211232;9.35039;-1.819111;-0.006059;-0.003432;-0.002646;-0.119541;-0.779561;0.259117
30;-2.201513;9.367341;-1.819258;0.007304;0.007592;-0.002604;-0.120554;-0.778992;0.259565
31;-2.216108;9.352848;-1.821673;-0.002407;0.003763;-0.007044;-0.120383;-0.779273;0.260361
32;-2.211219;9.343104;-1.818984;0.005836;0.010832;-0.017618;-0.120195;-0.778091;0.261504
33;-2.220927;9.333491;-1.845863;0.002219;0.011787;-0.014974;-0.119948;-0.778365;0.261266
34;-2.230732;9.367547;-1.849049;-0.00156;-0.001609;-0.004407;-0.120179;-0.779428;0.261803
35;-2.206349;9.362576;-1.853484;0.003787;0.003885;-0.004383;-0.118949;-0.77893;0.260557
36;-2.196588;9.357677;-1.858141;-0.017436;0.003474;-0.013238;-0.120051;-0.778499;0.261783
37;-2.225808;9.338378;-1.848467;-0.019094;-0.018475;-0.017711;-0.118977;-0.778524;0.260024
38;-2.225902;9.401556;-1.866685;0.009538;-0.018344;-0.022087;-0.118662;-0.779347;0.261103
39;-2.223286;9.316612;-1.901848;-0.047562;-0.036946;-0.019548;-0.119179;-0.779303;0.258609
40;-2.223415;9.343143;-1.806942;-0.062465;-0.044705;-0.032827;-0.118315;-0.780262;0.257775
41;-2.240509;9.350468;-1.782875;-0.063519;-0.040889;-0.02576;-0.115377;-0.779969;0.257015
42;-2.28928;9.343334;-1.734583;-0.070443;-0.066634;-0.034667;-0.113173;-0.780565;0.254554
43;-2.262484;9.313917;-1.662749;-0.070668;-0.045508;-0.025788;-0.1153;-0.782339;0.253456
44;-2.28934;9.318821;-1.616779;-0.063547;-0.042716;-0.025781;-0.114481;-0.783398;0.249249
45;-2.274762;9.347904;-1.6244;0.000504;-0.009275;-0.01945;-0.112541;-0.783206;0.249216
46;-2.311351;9.387024;-1.664762;0.008055;0.001198;-0.039739;-0.112021;-0.783494;0.249253
47;-2.308864;9.357868;-1.664217;-0.008391;0.003358;-0.021209;-0.112542;-0.782406;0.249193
48;-2.282006;9.309083;-1.623835;-0.001285;-0.012904;-0.018582;-0.1133;-0.782646;0.249549
49;-2.299106;9.318832;-1.597365;0.016496;-0.00179;-0.016777;-0.111782;-0.782966;0.24886
50;-2.284426;9.318886;-1.663168;0.036122;0.009294;-0.016727;-0.110656;-0.783293;0.250616
51;-2.181672;9.177846;-1.835222;0.032774;0.019958;-0.024641;-0.11;-0.783054;0.250774
52;-2.157107;9.041629;-1.786017;-0.039321;0.032579;-0.075046;-0.108691;-0.78204;0.251073
53;-2.122385;8.877014;-2.146986;-0.094985;0.022357;-0.136956;-0.106073;-0.784791;0.249087
54;-2.205436;8.720984;-1.619775;-0.246005;-0.017843;-0.338621;-0.096813;-0.786851;0.245358
55;-2.503068;8.560901;-0.949024;-0.282733;-0.099104;-0.37426;-0.084066;-0.79073;0.236418
56;-2.655381;9.329364;-1.091866;0.006013;0.049292;-0.290572;-0.071617;-0.792662;0.234282
57;-3.177752;9.973771;-1.419117;-0.20142;0.053743;-0.27233;-0.062296;-0.792758;0.234261
58;-3.524577;10.329779;-1.259394;0.0816;0.09673;-0.078563;-0.055732;-0.794474;0.233492
59;-3.153072;9.818304;-1.462499;0.200634;0.157825;0.033917;-0.058897;-0.793613;0.239915
60;-3.025739;9.589838;-1.698684;0.331247;0.196;0.061539;-0.061754;-0.790795;0.2498
61;-2.976701;9.643883;-2.143939;0.284879;0.16396;0.066742;-0.065858;-0.788156;0.255602
62;-2.700478;9.017783;-1.850083;0.098128;0.09238;0.003687;-0.068142;-0.785699;0.259042
63;-2.727566;9.070932;-1.636226;0.168051;0.08792;-0.014793;-0.069213;-0.785166;0.26338
64;-2.829757;9.049879;-1.784131;0.253278;0.120656;-0.080012;-0.068041;-0.783685;0.271053
65;-2.900361;9.279563;-2.32229;0.292224;0.140442;-0.10553;-0.067285;-0.780072;0.280718
66;-2.931839;9.124149;-2.246701;0.212482;0.13022;-0.088003;-0.068204;-0.779525;0.282988
67;-2.903842;8.556171;-2.473593;0.069544;0.062438;-0.235842;-0.064682;-0.776514;0.288536
68;-2.702127;8.822071;-2.36023;-0.116636;0.022407;-0.207797;-0.0576;-0.77785;0.287783
69;-2.946582;9.343369;-2.544184;-0.191619;0.030427;-0.124862;-0.052888;-0.777861;0.283752
70;-2.951938;9.444719;-2.196341;-0.377946;0.026377;-0.008499;-0.052372;-0.781652;0.273642
71;-2.827358;8.937637;-1.518041;-0.348135;0.033409;0.013607;-0.05047;-0.78429;0.262793
72;-2.611793;8.280749;-1.469106;-0.141174;-0.012188;-0.018932;-0.052866;-0.786003;0.256488
73;-2.887928;8.787584;-1.62639;0.317537;-0.040442;-0.069713;-0.048179;-0.784905;0.262024
74;-3.073656;9.114077;-1.693576;0.252305;-0.159975;-0.101846;-0.045981;-0.783729;0.269501
75;-3.386033;9.636423;-2.240493;0.354788;-0.046879;-0.060899;-0.042788;-0.780232;0.281245
76;-3.187512;8.869949;-1.991834;0.212251;0.026505;0.014136;-0.040597;-0.77641;0.291109
77;-3.126689;9.10589;-2.342261;0.330793;0.034785;-0.021879;-0.040461;-0.772887;0.298797
78;-3.175095;9.055686;-2.625784;0.147824;0.039853;-0.015028;-0.040644;-0.770966;0.307812
79;-3.080196;9.149959;-2.64555;0.058953;0.03701;0.010512;-0.042772;-0.77023;0.309234
80;-3.185074;9.064977;-2.38156;-0.02456;-0.014111;-0.004742;-0.043306;-0.769539;0.308926
81;-3.199991;9.198483;-2.310749;0.054631;0.023075;0.000732;-0.04297;-0.767833;0.310451
82;-3.052621;8.556665;-2.341361;0.055341;0.001619;0.017448;-0.04342;-0.768762;0.311752
83;-3.135946;8.921747;-2.537272;0.164267;0.062386;0.007997;-0.044675;-0.767944;0.315034
84;-3.096734;8.883027;-2.709625;0.081967;0.043878;0.022004;-0.04558;-0.765556;0.320105
85;-3.092189;9.009046;-2.58459;0.021468;0.019473;0.013065;-0.049215;-0.765813;0.31992
86;-2.994476;8.857908;-2.546243;0.016716;0.005966;-0.013452;-0.048206;-0.765338;0.321906
87;-3.013837;8.848558;-2.683315;0.074077;-0.000166;-0.024002;-0.048474;-0.762415;0.324271
88;-3.038147;8.865881;-2.78669;-0.005501;-0.017818;-0.013535;-0.046302;-0.762652;0.326209
89;-3.032985;8.649518;-2.685032;-0.065039;-0.036763;-0.022494;-0.045533;-0.765567;0.321016
90;-3.111628;8.943448;-2.520163;-0.045779;-0.03081;-0.01009;-0.046556;-0.765372;0.318751
91;-3.141004;8.974998;-2.433124;0.029051;0.000791;-0.008179;-0.045903;-0.765022;0.32137
92;-3.06986;8.831842;-2.683873;0.059523;0.002804;-0.010781;-0.045408;-0.764261;0.32345
93;-3.116146;8.873564;-2.788007;0.036264;0.018174;-0.008134;-0.045356;-0.763606;0.324471
94;-3.140698;8.929357;-2.691535;-0.001091;-0.006841;-0.01353;-0.045759;-0.763187;0.324178
95;-3.179706;9.014851;-2.845227;0.012617;0.010374;0.013016;-0.045902;-0.763446;0.323919
96;-3.00884;8.792731;-2.711612;-0.022357;-0.007207;-0.018831;-0.04672;-0.764207;0.323119
97;-3.1579;8.963259;-2.597016;-0.043863;-0.03636;-0.015408;-0.045768;-0.764495;0.321491
98;-3.060584;9.01359;-2.505938;-0.043944;-0.026358;-0.013591;-0.043762;-0.766028;0.320216
99;-3.162933;8.9995;-2.487681;-0.015504;-0.004161;-0.01001;-0.0451;-0.765835;0.319361
100;-3.179845;8.921899;-2.501259;0.023789;0.007955;-0.011718;-0.044674;-0.767459;0.32008
101;-3.116321;8.873175;-2.587482;0.039734;0.030044;-0.006342;-0.045227;-0.765054;0.321926
102;-3.052902;8.838842;-2.581032;0.064704;0.041144;-0.006277;-0.044025;-0.765108;0.32264
103;-3.082319;8.928813;-2.563481;0.097934;0.026606;-0.016866;-0.044816;-0.763765;0.324894
104;-3.116089;8.912697;-2.930518;0.03609;0.02661;0.00072;-0.045981;-0.763477;0.327418
105;-2.974445;8.629829;-2.703365;-0.036764;-0.008959;-0.010909;-0.047457;-0.762876;0.326414
106;-3.102008;9.077201;-2.639723;0.007452;-0.006375;0.002402;-0.046353;-0.763974;0.325207
107;-3.141078;9.067476;-2.53255;-0.047594;-0.051684;-0.008365;-0.045536;-0.763214;0.326007
108;-3.099514;8.970044;-2.491098;0.02192;-0.00653;-0.007308;-0.045256;-0.763228;0.326411
109;-3.155397;8.941451;-2.628388;0.027331;-0.008286;-0.008205;-0.044262;-0.76446;0.325592
110;-3.057647;8.741636;-2.535396;0.03034;0.033257;0.016619;-0.045016;-0.763501;0.326043
111;-3.160003;8.907939;-2.867522;0.126165;0.03829;0.000834;-0.046471;-0.762153;0.330467
112;-2.952523;8.663824;-2.757422;0.041185;0.021446;0.013982;-0.048551;-0.760736;0.330315
113;-3.091989;9.075315;-2.94521;0.027249;0.014593;-0.003709;-0.048662;-0.761427;0.333184
114;-3.091975;9.0339;-2.878464;-0.044005;-0.032475;-0.006541;-0.04954;-0.762441;0.331221
115;-2.91376;8.589975;-2.347172;-0.113215;-0.040971;-0.025184;-0.047371;-0.762095;0.328082
116;-3.165484;9.169915;-2.696097;0.024009;-0.02135;-0.02058;-0.047143;-0.763165;0.327477
117;-3.042606;8.610842;-2.752975;0.023519;-0.0043;0.007697;-0.048114;-0.763406;0.32873
118;-3.057652;8.865961;-2.777206;-0.00634;-0.0306;-0.015334;-0.046962;-0.761848;0.328486
119;-3.131146;9.07271;-2.752574;-0.035281;-0.024035;0.000544;-0.047455;-0.763677;0.326438
120;-3.155521;9.063072;-2.728322;-0.092664;-0.034152;0.01458;-0.046912;-0.764479;0.324414
121;-3.106685;8.965518;-2.642741;-0.101596;0.000258;0.012877;-0.047407;-0.76564;0.322346
122;-3.126191;8.93634;-2.574059;-0.101925;-0.010251;0.028743;-0.04788;-0.766249;0.318187
123;-3.021376;8.789578;-2.305815;-0.044616;0.002563;0.016483;-0.04987;-0.767205;0.314737
124;-2.945498;8.663152;-2.429624;0.086682;0.022786;0.052895;-0.052372;-0.767524;0.31643
125;-2.891938;8.638375;-2.315894;0.221343;0.031902;0.01157;-0.053136;-0.765786;0.319192
126;-2.813647;8.64597;-2.6792;0.362196;0.082368;0.01716;-0.055161;-0.762054;0.327667
127;-3.030582;8.927356;-3.198468;0.30608;0.060949;-0.025368;-0.054564;-0.758454;0.33927
128;-2.960083;8.907104;-2.957401;0.048781;-0.004447;-0.006353;-0.05346;-0.756424;0.345626
129;-3.022949;8.984106;-3.678633;-0.151623;-0.156229;-0.047522;-0.052702;-0.756183;0.34527
130;-2.700976;8.207825;-2.452228;-0.624604;-0.233114;-0.041157;-0.048871;-0.759961;0.334167
131;-3.293141;9.777985;-2.845556;-0.371833;-0.219531;-0.06734;-0.043495;-0.76604;0.32036
132;-2.912988;9.646776;-2.548955;-0.933638;-0.308844;0.00964;-0.039033;-0.774035;0.301371
133;-3.799427;9.391872;-2.792713;-1.193472;-0.367093;0.113174;-0.039593;-0.784738;0.265329
134;-2.693151;8.547256;-0.932105;-1.331196;-0.466367;0.039709;-0.03888;-0.798057;0.218793
135;-4.278355;11.872235;-0.723002;-0.741721;-0.299754;0.216366;-0.040711;-0.804167;0.195782
136;-3.365587;10.907511;-0.28889;-0.85144;-0.456785;0.315869;-0.049175;-0.807939;0.164696
137;-2.700998;8.346192;0.078769;-0.382304;-0.45435;0.131758;-0.055436;-0.810694;0.143687
138;-2.096753;6.69041;0.762324;0.137004;-0.07976;0.112807;-0.057894;-0.809082;0.138709
139;-1.765609;7.019628;0.448606;0.918797;0.334991;0.07317;-0.069606;-0.805765;0.160175
140;-2.376472;8.564839;-0.805341;1.225841;0.513557;-0.032098;-0.071349;-0.799113;0.196732
141;-3.187653;10.344049;-1.98081;1.019761;0.435216;0.00986;-0.071704;-0.793661;0.22756
142;-3.199756;10.524702;-2.434086;0.557134;0.258144;0.13263;-0.076988;-0.786875;0.250693
143;-2.68905;9.664536;-2.271988;0.3314;0.142532;0.105693;-0.084361;-0.782307;0.2634
144;-2.400122;8.846929;-2.189799;0.162246;0.056814;0.017005;-0.087182;-0.777631;0.274011
145;-2.40981;8.7179;-2.001852;-0.018682;0.00218;-0.031024;-0.088234;-0.777987;0.273706
146;-2.671411;9.224467;-2.058651;0.006763;-0.011795;-0.056657;-0.086631;-0.779368;0.272145
147;-2.827797;9.487638;-2.109618;-0.017301;-0.019991;-0.016975;-0.084799;-0.779844;0.272516
148;-2.722749;9.290196;-2.006775;-0.037679;-0.028355;0.020086;-0.084236;-0.78025;0.270871
149;-2.595678;9.087966;-1.996438;-0.061768;-0.024928;0.021847;-0.083327;-0.780152;0.270917
150;-2.581081;9.078082;-1.947137;-0.104049;-0.045949;-0.002971;-0.084552;-0.781137;0.267248
151;-2.640017;9.294367;-1.868652;-0.141743;-0.036971;0.004074;-0.084042;-0.781798;0.26457
152;-2.669503;9.364681;-1.733382;-0.133416;-0.042778;-0.011829;-0.08352;-0.784305;0.259611
153;-2.657176;9.233283;-1.633094;-0.049393;-0.023221;-0.020534;-0.082796;-0.78379;0.258597
154;-2.630154;9.111724;-1.635459;0.033502;0.02026;-0.018588;-0.082137;-0.783926;0.256301
155;-2.669112;9.160761;-1.773844;0.103995;0.024528;-0.018503;-0.082378;-0.784478;0.259158
156;-2.688594;9.20965;-1.887477;0.116265;0.033118;-0.007873;-0.083007;-0.782481;0.26205
157;-2.656911;9.248499;-1.965925;0.087187;0.019917;0.018576;-0.083225;-0.781037;0.265369
158;-2.649633;9.28252;-1.995751;0.039515;0.006189;-0.004464;-0.083937;-0.780621;0.266617
159;-2.630124;9.262944;-1.970661;-0.020174;-0.014405;-0.007221;-0.084009;-0.779562;0.267749
160;-2.664311;9.272718;-1.91266;-0.027817;-0.022223;-0.025802;-0.084078;-0.78168;0.266381
161;-2.664245;9.204603;-1.852785;-0.042463;-0.021898;-0.008162;-0.08396;-0.781525;0.263658
162;-2.664258;9.194822;-1.81838;-0.020955;-0.015493;-0.013424;-0.082549;-0.782912;0.263384
163;-2.649646;9.1996;-1.815796;-0.002082;-0.009156;-0.020451;-0.081735;-0.782392;0.261596
164;-2.683838;9.24837;-1.82939;-0.010305;-0.021691;-0.010775;-0.081818;-0.782531;0.262504
165;-2.698473;9.253292;-1.824807;-0.001392;-0.004352;-0.011616;-0.08182;-0.78133;0.262469
166;-2.659379;9.204559;-1.842929;0.011378;-0.008217;-0.023968;-0.082454;-0.782375;0.262725
167;-2.664237;9.194869;-1.842834;-0.004988;0.0002;-0.009841;-0.082161;-0.782126;0.263382
168;-2.678918;9.233821;-1.853516;0.009382;-0.005243;-0.014251;-0.080992;-0.782706;0.263461
169;-2.683733;9.20472;-1.862864;0.024934;0.002785;0.009625;-0.081867;-0.782811;0.264066
170;-2.67152;9.190092;-1.86487;0.009171;0.006829;-0.004514;-0.081199;-0.782308;0.264476
171;-2.654442;9.18761;-1.881685;-0.003113;-0.003512;-0.013377;-0.080659;-0.782199;0.264891
172;-2.600544;9.07338;-1.976695;0.037938;0.018654;-0.013279;-0.07933;-0.780924;0.265573
173;-2.346289;8.688672;-2.122649;0.081184;0.010913;-0.112128;-0.079517;-0.780129;0.266967
174;-2.287331;8.509006;-2.299586;-0.050994;-0.028819;-0.268684;-0.072269;-0.782546;0.266903
175;-2.711745;8.344572;-1.559765;-0.276985;-0.119133;-0.383198;-0.058678;-0.784785;0.264318
176;-3.229426;8.891026;-1.481754;-0.088959;-0.0635;-0.340565;-0.045265;-0.78554;0.26077
177;-3.318272;9.820302;-2.061709;-0.167485;0.008944;-0.262715;-0.036218;-0.787733;0.257942
178;-3.977413;9.986911;-1.103788;-0.177269;0.017739;-0.065049;-0.029504;-0.789119;0.250036
179;-3.626759;10.355068;-1.510811;0.242917;0.111697;0.05764;-0.030694;-0.78976;0.252067
180;-2.639152;8.396683;-1.070497;0.244342;0.113492;0.00473;-0.032917;-0.788408;0.259175
181;-3.183383;9.348546;-2.093025;0.529754;0.210443;-0.081341;-0.034793;-0.782865;0.273054
182;-3.57622;9.958988;-2.774745;0.169177;0.153794;0.015238;-0.036792;-0.779963;0.284539
183;-3.13111;8.785112;-2.221813;-0.205356;0.099473;0.016466;-0.039307;-0.781165;0.280938
184;-3.163232;8.837931;-1.824624;-0.155951;0.104942;0.037722;-0.040814;-0.781066;0.276833
185;-3.175654;8.778956;-1.437417;0.027008;0.209945;0.066396;-0.04566;-0.782177;0.273235
186;-3.029716;8.894599;-1.339402;0.464365;0.237754;0.052874;-0.050303;-0.779646;0.278623
187;-2.863075;8.859232;-2.3193;0.791711;0.23531;0.025035;-0.055602;-0.774033;0.298935
188;-2.755363;8.664719;-2.480567;0.669272;0.128916;-0.038901;-0.058914;-0.764503;0.320145
189;-2.773876;8.657249;-3.588471;0.577028;0.058761;-0.090369;-0.057377;-0.755198;0.344993
190;-3.037661;8.993734;-3.595881;0.213906;0.014184;-0.047641;-0.053512;-0.751973;0.354704
191;-2.700199;8.216864;-3.357162;-0.164169;-0.08026;-0.087996;-0.052011;-0.751246;0.356189
192;-2.49626;8.516411;-3.068284;-0.133625;-0.160622;-0.141036;-0.044405;-0.753379;0.353023
193;-3.575102;9.512886;-3.163115;-0.024862;-0.109468;-0.149835;-0.0376;-0.75441;0.349393
194;-3.460089;9.067204;-2.813708;-0.157089;-0.096434;-0.056358;-0.031224;-0.756083;0.34498
195;-3.217604;8.32754;-2.728689;-0.137441;-0.055199;-0.011214;-0.030416;-0.75834;0.340548
196;-3.130385;8.557554;-2.596874;0.056437;0.016762;-0.03288;-0.030301;-0.757541;0.340272
197;-3.372392;9.078864;-2.793019;0.064763;0.023063;-0.008142;-0.029872;-0.758391;0.343563
198;-3.235354;8.830749;-2.940681;0.008653;-0.009954;0.0359;-0.030336;-0.755848;0.344631
199;-3.257236;8.840726;-3.019439;0.025779;-0.01744;-0.013558;-0.031674;-0.756321;0.343796
200;-3.286236;8.753652;-3.125959;-0.09373;-0.039487;-0.054382;-0.030926;-0.757679;0.343226
201;-3.257583;8.942349;-2.825583;-0.254927;-0.048629;-0.072226;-0.027592;-0.758846;0.340064
202;-3.281966;8.835177;-2.599113;-0.24048;-0.08582;-0.036978;-0.025967;-0.76096;0.331391
203;-3.335852;8.898234;-2.415179;-0.143353;-0.043167;-0.036789;-0.023433;-0.764468;0.325271
204;-3.374339;8.724025;-2.647486;-0.029407;-0.04357;-0.020787;-0.022068;-0.765286;0.321605
205;-3.462624;8.942664;-2.454555;0.021329;0.000671;0.019983;-0.020604;-0.765327;0.319868
206;-3.286363;8.524203;-2.525297;0.055109;0.027497;0.028917;-0.022586;-0.76369;0.324126
207;-3.306616;8.912696;-2.434551;0.18619;0.052882;-0.016775;-0.022953;-0.762636;0.327059
208;-3.432884;8.921672;-2.977048;0.058604;0.053194;0.031626;-0.024803;-0.762339;0.331363
209;-3.130433;8.537946;-2.50361;0.030653;0.021131;0.004191;-0.027066;-0.76253;0.332676
210;-3.296834;9.024865;-2.695564;0.175028;0.058878;0.006203;-0.026963;-0.761511;0.337192
211;-3.335321;8.816523;-2.858807;0.107279;0.025687;0.009562;-0.028469;-0.75815;0.340646
212;-3.335501;8.872197;-2.764409;0.122312;0.030464;0.014009;-0.029491;-0.757337;0.343422
213;-3.30128;8.850307;-2.83687;0.212222;0.065079;0.02214;-0.030307;-0.754945;0.34772
214;-3.320771;8.833354;-2.809972;0.266986;0.082557;0.04696;-0.034521;-0.751905;0.353894
215;-2.943633;7.931029;-3.101558;0.242394;0.067539;0.041621;-0.036459;-0.750036;0.36152
216;-3.110255;8.617373;-3.438818;0.279086;0.070287;-0.009532;-0.038075;-0.745656;0.370387
217;-3.212668;8.798176;-3.734517;-0.043197;-0.013026;-0.034809;-0.038073;-0.744213;0.37294
218;-3.257001;8.860752;-3.327901;-0.222202;-0.071381;-0.051041;-0.036351;-0.745973;0.368672
219;-3.196191;8.748038;-2.970438;-0.285799;-0.088092;-0.040548;-0.033124;-0.749626;0.360907
220;-3.403552;8.924156;-3.081798;-0.121706;-0.055687;-0.040332;-0.030122;-0.751142;0.353845
221;-3.345001;8.743586;-2.791659;-0.092585;-0.03408;0.014499;-0.030058;-0.753776;0.350034
222;-3.164083;8.373379;-2.711558;-0.05088;-0.017123;0.026959;-0.030073;-0.755483;0.347229
223;-3.306143;8.869862;-2.888637;0.048413;0.025164;0.008623;-0.030423;-0.755076;0.347977
224;-3.313189;8.768095;-2.989679;0.067812;0.032939;0.021015;-0.032522;-0.75317;0.35248
225;-3.091175;8.548087;-2.82598;0.026868;0.039645;0.016604;-0.0343;-0.75244;0.353143
226;-3.281633;8.982194;-3.271699;0.154169;0.029216;-0.011539;-0.033148;-0.752507;0.355411
227;-3.217903;8.665751;-3.059814;-0.034882;-0.01428;-0.01186;-0.034335;-0.749789;0.355009
228;-3.235172;8.78727;-3.062191;-0.00263;0.003964;-0.020611;-0.034085;-0.751664;0.354818
229;-3.251993;8.626981;-3.015639;-0.002149;-0.004582;0.000548;-0.034276;-0.752737;0.356137
230;-3.247403;8.704341;-2.84574;0.075506;0.034066;-0.006342;-0.034504;-0.751667;0.356742
231;-3.369377;8.948487;-3.19419;0.135269;0.059421;0.036165;-0.034531;-0.748883;0.358734
232;-3.137533;8.587209;-2.842036;0.094388;0.05147;0.029061;-0.036448;-0.748571;0.361737
233;-3.095918;8.631292;-3.140508;0.197908;0.068743;0.029234;-0.039928;-0.746886;0.367082
234;-3.183589;8.758653;-3.466842;0.161839;0.057968;0.007966;-0.040438;-0.743848;0.372285
235;-3.17637;8.807169;-3.457796;0.020566;0.023556;0.024521;-0.042269;-0.742754;0.376956
236;-3.159489;8.835942;-3.311318;0.003604;0.017906;0.023612;-0.044747;-0.74263;0.374096
237;-3.252357;9.021122;-3.384419;-0.021825;0.003738;0.044744;-0.044226;-0.743451;0.374148
238;-3.227708;8.821703;-3.304769;-0.099382;-0.033301;0.045449;-0.046179;-0.742548;0.371423
239;-3.050703;8.312252;-4.043948;-0.327149;-0.041778;0.071672;-0.047337;-0.748302;0.364005
240;-2.7509;8.495564;-1.675474;-0.64153;-0.05059;0.061653;-0.052654;-0.757479;0.341159
241;-2.911026;8.619879;-2.746247;-0.233743;0.015681;0.02161;-0.052151;-0.759424;0.333329
242;-2.945806;8.901385;-2.551153;-0.001111;-0.010573;-0.013489;-0.050792;-0.760374;0.329537
243;-2.984221;8.668823;-2.748208;0.045821;-0.012509;-0.034666;-0.05073;-0.761456;0.330739
244;-2.906267;8.548898;-2.473503;0.108184;-0.055579;-0.029377;-0.049113;-0.76073;0.331972
245;-3.023336;9.044197;-3.356895;0.084028;-0.071021;-0.062972;-0.046421;-0.759278;0.336483
246;-3.345231;8.843032;-2.727368;-0.230526;-0.165738;-0.037145;-0.041155;-0.761076;0.335648
247;-3.082183;9.063203;-2.986422;-0.348032;-0.17941;0.036975;-0.040514;-0.763562;0.32797
248;-3.082858;9.344508;-2.776135;-0.579806;-0.288157;-0.012064;-0.037217;-0.769159;0.314039
249;-4.175859;10.054407;-2.829513;-1.118268;-0.397469;0.138772;-0.037131;-0.779584;0.288013
250;-2.349587;7.751147;-2.057476;-1.436774;-0.440012;0.072349;-0.035783;-0.79335;0.243729
251;-4.205798;11.115416;-1.366536;-0.54471;-0.190009;0.103724;-0.034504;-0.79929;0.218284
252;-3.471856;11.112542;-1.795527;-1.344109;-0.244803;0.537424;-0.047073;-0.804728;0.182877
253;-2.680339;9.084388;0.066235;-1.170742;-0.496246;0.243892;-0.060005;-0.812327;0.137914
254;-2.229656;7.063634;1.504543;-0.649263;-0.340248;0.004498;-0.063291;-0.813742;0.104309
255;-2.239457;7.226909;1.239898;0.484194;0.13044;0.039456;-0.064685;-0.814093;0.104894
256;-2.337347;8.072469;0.02302;0.971092;0.343072;0.040518;-0.065706;-0.812383;0.125288
257;-2.792068;9.246697;-0.686568;0.849308;0.300845;0.018209;-0.067754;-0.80753;0.155914
258;-3.183448;10.23527;-1.000705;0.705353;0.260506;0.11422;-0.071736;-0.80253;0.179168
259;-2.858528;10.042779;-1.518184;0.643671;0.197824;0.174152;-0.079563;-0.796685;0.21322
260;-2.474581;9.329462;-1.612436;0.420903;0.13266;0.089015;-0.085777;-0.792586;0.228338
261;-2.410575;8.979502;-1.649392;0.269315;0.086498;0.007478;-0.089156;-0.791809;0.230601
262;-2.498618;9.223058;-1.782125;0.187988;0.054962;-0.027124;-0.088291;-0.789082;0.234848
263;-2.691617;9.476538;-1.750336;0.122263;0.042245;-0.043151;-0.088032;-0.78754;0.239877
264;-2.767151;9.520836;-1.854958;0.018759;-0.001937;0.003433;-0.086412;-0.787664;0.246194
265;-2.601038;9.257569;-1.779388;-0.092864;-0.043636;0.012954;-0.086026;-0.788055;0.243631
266;-2.527802;9.089252;-1.584609;-0.142656;-0.06249;0.005794;-0.087846;-0.787801;0.238467
267;-2.581747;9.215567;-1.460466;-0.090432;-0.04636;-0.020612;-0.085966;-0.789839;0.234735
268;-2.63568;9.385792;-1.437347;-0.019443;-0.016268;-0.006336;-0.08509;-0.790268;0.234145
269;-2.650291;9.393205;-1.464596;0.009433;-0.008242;-0.022187;-0.085538;-0.791039;0.232976
270;-2.645253;9.313091;-1.49247;0.033249;-0.010403;-0.008039;-0.086461;-0.791;0.232667
271;-2.593867;9.193832;-1.492061;0.051237;0.009554;-0.015041;-0.086006;-0.790097;0.233962
272;-2.635333;9.22322;-1.510319;0.100243;0.024585;-0.013196;-0.086392;-0.789706;0.236524
273;-2.640218;9.281731;-1.614117;0.121013;0.02558;0.017747;-0.08648;-0.788001;0.239843
274;-2.610904;9.286611;-1.701791;0.097211;0.034134;0.004499;-0.087435;-0.787202;0.24392
275;-2.606049;9.296295;-1.69944;0.050237;0.024274;-0.009704;-0.088856;-0.78904;0.246493
276;-2.640205;9.362212;-1.789139;0.044736;0.002654;-0.000925;-0.087671;-0.786821;0.24688
277;-2.625513;9.311094;-1.766018;-0.019467;-0.015179;-0.001036;-0.0879;-0.785751;0.247486
278;-2.596251;9.267102;-1.698784;-0.017399;-0.009183;-0.015149;-0.087028;-0.787379;0.246801
279;-2.618145;9.242923;-1.696249;-0.011916;-0.019272;-0.020471;-0.08749;-0.788015;0.245368
280;-2.603567;9.250063;-1.659472;-0.010297;-0.014538;-0.01339;-0.086027;-0.787521;0.243615
281;-2.645087;9.306147;-1.668414;-0.003226;-0.00168;-0.011595;-0.086323;-0.787394;0.245412
282;-2.584008;9.184278;-1.599342;0.020795;0.000397;-0.008026;-0.08711;-0.786293;0.245208
283;-2.615712;9.223395;-1.651856;0.105777;0.024461;-0.020248;-0.085411;-0.786387;0.248026
284;-2.478771;9.072582;-1.881911;0.145828;0.045692;-0.055461;-0.084726;-0.785645;0.251284
285;-2.453972;8.985643;-2.19792;0.112357;0.029213;-0.155331;-0.081598;-0.784085;0.256723
286;-2.233782;8.362309;-1.931861;-0.095431;-0.05315;-0.27762;-0.075352;-0.784067;0.257314
287;-2.467275;7.828183;-1.402795;-0.135672;-0.161286;-0.436098;-0.061827;-0.786558;0.253434
288;-2.889555;8.277427;-1.536838;-0.063937;-0.04552;-0.421718;-0.044435;-0.787911;0.254268
289;-3.76313;10.199964;-1.321885;0.065337;-0.016206;-0.398602;-0.028048;-0.78843;0.255672
290;-4.33869;10.782205;-2.013221;0.188565;0.105516;-0.071527;-0.01946;-0.787354;0.261545
291;-3.890312;10.77008;-1.937742;0.150554;0.058832;0.041501;-0.020331;-0.786199;0.269768
292;-3.073139;8.766597;-1.592151;0.100249;0.058661;0.031754;-0.024123;-0.783667;0.271568
293;-3.090152;8.781416;-1.67581;0.292822;0.107312;-0.04918;-0.025183;-0.782069;0.276135
294;-3.468225;9.384782;-2.503905;0.170919;0.120773;-0.062577;-0.026811;-0.778487;0.284766
295;-3.455764;9.190296;-2.431861;-0.0035;0.091538;-0.080516;-0.02827;-0.780982;0.286578
296;-3.228567;8.712525;-2.107095;-0.236756;0.0591;-0.057875;-0.024931;-0.780392;0.28103
297;-3.081909;8.303169;-1.787185;-0.295275;0.075509;-0.033182;-0.024567;-0.784598;0.272999
298;-3.057821;8.36093;-1.579968;-0.007727;0.097445;-0.050461;-0.025394;-0.785174;0.267004
299;-3.477539;8.703169;-1.64364;0.260071;0.12828;-0.147321;-0.026475;-0.782771;0.271157
300;-3.463209;9.068139;-2.036143;0.397819;0.067329;-0.15961;-0.022056;-0.779975;0.281559
301;-3.204171;8.783159;-2.276685;0.311592;-0.017959;-0.120978;-0.017882;-0.775062;0.29474
302;-3.223128;8.699127;-2.725458;0.184928;0.025132;-0.034492;-0.016677;-0.773722;0.303068
303;-3.140033;8.640718;-2.87724;-0.005196;-0.13213;-0.144528;-0.013352;-0.770824;0.307311
304;-3.357783;8.713068;-2.050374;-0.242542;-0.090402;-0.070589;-0.009806;-0.773834;0.300711
305;-3.750981;9.351961;-2.375571;0.093818;-0.03481;-0.07808;-0.006677;-0.77396;0.301141
306;-3.684556;9.021451;-2.429946;-0.015669;-0.058467;-0.042056;-0.00438;-0.772067;0.303023
307;-3.430772;8.547932;-1.862758;0.031077;-0.054006;-0.01813;-0.002465;-0.772269;0.302482
308;-3.510556;8.461994;-2.422462;0.067216;0.002321;-0.036544;-0.001512;-0.772473;0.305912
309;-3.593632;8.676476;-2.603521;0.064512;0.018014;0.005878;-0.001507;-0.770121;0.311033
310;-3.767965;9.379033;-2.515685;0.065915;0.038335;0.014772;-0.001831;-0.76932;0.312289
311;-3.603992;8.828758;-2.207733;0.008574;-0.005492;0.031385;-0.002363;-0.769831;0.312017
312;-3.481859;8.748306;-2.365876;0.172849;0.049349;0.024648;-0.004541;-0.768974;0.31499
313;-3.5943;9.099197;-2.681804;0.173369;0.035188;0.00078;-0.004225;-0.765577;0.321134
314;-3.647866;8.948425;-2.4379;0.076285;0.012338;-0.006475;-0.005152;-0.765853;0.325763
315;-3.325402;8.555993;-2.536224;0.106776;0.026221;0.032499;-0.006655;-0.76396;0.329261
316;-3.466932;8.678209;-2.574732;0.202068;0.026169;-0.002745;-0.00697;-0.762252;0.333216
317;-3.547086;8.65971;-2.844616;0.179056;0.046971;0.032577;-0.009173;-0.759679;0.338213
318;-3.547392;8.849192;-2.872372;0.070696;0.051983;0.050145;-0.011194;-0.758834;0.341713
319;-3.529948;8.740252;-3.095186;0.006973;0.005533;0.03231;-0.012695;-0.757184;0.342753
320;-3.474387;8.846145;-2.744053;-0.049844;-2.1e-05;0.014592;-0.014011;-0.758063;0.342319
321;-3.417905;8.651777;-2.84741;-0.047276;-0.009067;-0.018987;-0.013467;-0.759265;0.340308
322;-3.330331;8.626595;-2.613334;-0.090087;-0.036806;-0.019957;-0.013726;-0.761899;0.337777
323;-3.364322;8.568542;-2.644629;-0.002386;-0.005492;-0.033938;-0.012628;-0.760462;0.336495
324;-3.388585;8.607913;-2.846202;-0.027495;-0.032699;-0.024308;-0.011968;-0.760999;0.334211
325;-3.46946;8.780415;-2.674364;-0.084784;-0.014866;-0.019929;-0.011114;-0.760756;0.333211
326;-3.576873;8.885386;-2.675373;-0.078005;-0.014354;-0.004042;-0.010666;-0.761961;0.331843
327;-3.520667;8.792798;-2.665574;-0.020924;-0.00478;-0.003067;-0.012141;-0.76176;0.330851
328;-3.447351;8.583219;-2.482303;-0.020373;-0.023667;-0.027837;-0.009388;-0.764118;0.32899
329;-3.559836;8.907189;-2.692612;0.094516;0.021178;-0.022311;-0.009945;-0.763179;0.33075
330;-3.466951;8.743991;-2.683473;0.045233;0.011948;-0.010012;-0.009734;-0.763469;0.332326
331;-3.359592;8.658401;-2.658348;0.009257;-0.009818;0.00582;-0.01041;-0.761328;0.334303
332;-3.452296;8.690354;-2.613847;-0.005694;-0.002936;-0.005687;-0.011823;-0.761808;0.334502
333;-3.496144;8.775949;-2.80674;-0.007019;0.018547;0.014667;-0.010293;-0.761597;0.334058
334;-3.564828;8.972778;-2.688939;-0.005101;0.007432;0.005813;-0.010943;-0.761171;0.334011
335;-3.535407;8.868189;-2.681782;0.018725;-0.00384;0.019946;-0.012376;-0.76178;0.333823
336;-3.344866;8.648807;-2.758218;0.083992;0.032867;0.013946;-0.012543;-0.761391;0.335619
337;-3.410691;8.671027;-2.774275;0.020532;-0.001278;-0.020657;-0.013487;-0.758169;0.33742
338;-3.476611;8.778369;-2.852948;-0.026435;0.008148;0.005797;-0.014295;-0.760667;0.336802
339;-3.410842;8.695072;-2.649981;-0.006973;-0.000657;0.012875;-0.012844;-0.760704;0.334804
340;-3.457111;8.744145;-2.788478;0.050549;0.015712;-0.007345;-0.013764;-0.759756;0.337063
341;-3.452301;8.807364;-2.840858;-0.02092;-0.007462;-0.001285;-0.013635;-0.759094;0.33705
342;-3.305771;8.534249;-2.64559;-0.090329;-0.018325;-0.00844;-0.014245;-0.760787;0.335251
343;-3.442545;8.763448;-2.761694;-0.061648;-0.022741;-0.015496;-0.014182;-0.760777;0.333957
344;-3.535613;8.984754;-2.678923;-0.013169;-0.020754;0.009288;-0.014751;-0.76288;0.332951
345;-3.408491;8.675365;-2.512662;0.012734;0.002988;0.007603;-0.014328;-0.761811;0.331125
346;-3.364449;8.595078;-2.552168;0.059479;0.007505;-0.008227;-0.013996;-0.761171;0.332551
347;-3.486569;8.887659;-2.830548;0.093158;0.03358;0.000695;-0.015687;-0.760861;0.334918
348;-3.520709;8.8951;-2.821413;0.002339;-0.002808;-0.005675;-0.015333;-0.760893;0.336754
349;-3.428035;8.802133;-2.710794;-0.001276;0.012595;-0.004749;-0.016082;-0.759001;0.337307
350;-3.491452;8.887665;-2.82084;0.035462;0.034737;0.028892;-0.017839;-0.75921;0.338387
351;-3.515755;8.93426;-2.99075;-0.038067;0.030109;0.048227;-0.017864;-0.760138;0.337894
352;-3.432787;8.736603;-2.719507;-0.142704;-0.011413;0.062154;-0.021943;-0.76181;0.334094
353;-3.083849;8.316477;-2.381671;-0.082584;0.015013;0.087057;-0.025557;-0.763757;0.329289
354;-3.056618;8.329469;-2.890122;-0.033458;0.00065;0.005846;-0.026195;-0.764911;0.326954
355;-3.333703;8.99754;-2.284825;-0.021772;-0.007652;0.031437;-0.027812;-0.765503;0.325718
356;-3.150028;8.70848;-2.729403;0.05661;-0.015732;0.045668;-0.02818;-0.763782;0.328632
357;-3.091144;8.560345;-2.884882;0.049955;-0.046455;-0.014456;-0.029129;-0.763737;0.327801
358;-3.22328;8.810935;-2.773868;-0.149617;-0.116803;-0.068716;-0.026148;-0.764654;0.327857
359;-3.369664;8.896652;-2.762907;-0.296416;-0.153006;-0.086654;-0.020412;-0.767505;0.323575
360;-3.482071;8.928244;-2.481498;-0.562685;-0.199123;-0.025262;-0.016472;-0.773393;0.309556
361;-2.805653;9.483119;-2.341514;-0.934946;-0.313504;0.113856;-0.013707;-0.781137;0.28528
362;-4.657097;9.769631;-3.751312;-1.521289;-0.381241;0.18147;-0.014571;-0.79262;0.248337
363;-2.210134;7.604815;0.399893;-1.327491;-0.332643;0.019702;-0.013576;-0.805857;0.192213
364;-5.167218;12.691963;-0.337475;-1.325071;-0.114437;0.525023;-0.024409;-0.812307;0.157836
365;-3.833991;12.366154;0.14569;-1.342793;-0.485434;0.627018;-0.044627;-0.818475;0.10466
366;-2.596107;7.748578;1.156942;-0.44179;-0.634245;0.166608;-0.057997;-0.817437;0.078881
367;-1.584012;5.500213;2.040395;0.229623;-0.147902;-0.003795;-0.060738;-0.81672;0.07093
368;-1.840834;6.35273;1.405431;1.168185;0.3853;0.043436;-0.063888;-0.814831;0.095227
369;-2.190784;7.911573;-0.042874;1.731609;0.603194;0.006622;-0.073427;-0.810103;0.141287
370;-3.128747;10.081379;-1.933775;1.591284;0.581375;0.061147;-0.075442;-0.799897;0.197705
371;-3.466133;11.10465;-2.748998;0.878077;0.339679;0.220587;-0.079749;-0.791464;0.239783
372;-2.763049;10.382133;-2.68664;0.312039;0.123768;0.261126;-0.090973;-0.785686;0.253159
373;-2.166699;9.051777;-1.984415;0.002496;-0.029649;0.105927;-0.097292;-0.785069;0.256178
374;-2.102807;8.591854;-1.672216;0.013323;-0.003991;-0.027399;-0.101438;-0.783391;0.251109
375;-2.420388;9.10862;-1.832746;0.105314;0.017416;-0.079392;-0.098248;-0.783264;0.252701
376;-2.718359;9.574336;-2.018989;0.091271;0.010927;-0.050311;-0.095537;-0.782907;0.2601
377;-2.703608;9.545294;-2.108739;0.008874;-0.006394;0.009617;-0.094478;-0.782953;0.260547
378;-2.449491;9.116395;-2.009389;-0.109827;-0.056402;0.018237;-0.097375;-0.782697;0.259607
379;-2.417848;9.045448;-1.824272;-0.131867;-0.076959;0.005805;-0.095824;-0.783376;0.25452
380;-2.498643;9.223001;-1.75278;-0.146025;-0.065459;-0.003025;-0.095245;-0.784162;0.250682
381;-2.562441;9.417396;-1.644643;-0.140628;-0.037387;-0.010026;-0.09478;-0.786147;0.247132
382;-2.494212;9.339015;-1.478405;-0.04803;-0.001048;-0.004537;-0.094583;-0.787319;0.243415
383;-2.493948;9.246959;-1.596622;0.092374;0.027025;-0.020223;-0.094982;-0.787059;0.245721
384;-2.508392;9.198668;-1.703597;0.125367;0.036464;-0.018407;-0.095965;-0.785721;0.249262
385;-2.547325;9.225819;-1.826928;0.134073;0.019609;-0.006074;-0.094768;-0.784197;0.252395
386;-2.518079;9.250051;-1.875814;0.108499;0.023762;0.022178;-0.09627;-0.782971;0.255911
387;-2.513259;9.29379;-1.900956;0.109006;0.044025;-0.003387;-0.096446;-0.782471;0.260039
388;-2.498614;9.359591;-2.058383;0.051884;0.011843;0.00091;-0.096382;-0.781151;0.261301
389;-2.496173;9.335208;-2.013905;-0.042149;-0.025936;-0.02224;-0.098457;-0.782137;0.26122
390;-2.525431;9.310946;-1.950346;-0.088608;-0.03715;-0.018795;-0.097977;-0.782682;0.260483
391;-2.503449;9.232929;-1.850841;-0.095906;-0.046126;-0.010876;-0.096578;-0.783909;0.25748
392;-2.508322;9.203702;-1.794162;-0.044146;-0.023026;-0.013423;-0.095722;-0.784333;0.256499
393;-2.542523;9.247576;-1.788108;-0.036869;-0.024045;-0.020488;-0.09479;-0.78475;0.254485
394;-2.547456;9.276726;-1.778909;-0.00949;-0.018035;-0.008078;-0.095158;-0.783914;0.252366
395;-2.53284;9.274199;-1.766416;-0.015789;-0.008044;-0.006295;-0.094949;-0.785514;0.251386
396;-2.518249;9.291121;-1.764044;0.014456;-0.001336;-0.002708;-0.094637;-0.784736;0.252417
397;-2.527971;9.310732;-1.833003;0.009567;-0.005551;-0.023919;-0.095176;-0.784844;0.252003
398;-2.557182;9.284137;-1.818311;-0.018859;-0.011377;-0.029273;-0.093346;-0.784786;0.252358
399;-2.566947;9.286587;-1.80383;-0.035196;-0.027519;-0.015196;-0.093484;-0.786088;0.249664
400;-2.52788;9.215854;-1.748208;-0.029785;-0.027567;-0.017837;-0.092906;-0.785055;0.250832
401;-2.547439;9.262135;-1.768873;-0.040189;-0.020756;-0.032849;-0.092479;-0.785855;0.249062
402;-2.601147;9.313399;-1.765689;-0.033429;-0.025677;-0.015198;-0.091378;-0.785886;0.247824
403;-2.56214;9.276663;-1.708214;-0.044866;-0.024184;-0.02315;-0.090263;-0.785653;0.246838
404;-2.57679;9.271799;-1.66678;-0.031376;-0.027847;-0.028446;-0.090369;-0.786696;0.244788
405;-2.586493;9.232943;-1.641798;-0.027664;-0.022543;-0.035503;-0.089354;-0.788333;0.244371
406;-2.576761;9.247484;-1.651685;-0.001286;-5.7e-05;-0.018642;-0.088207;-0.787573;0.24402
407;-2.601167;9.281661;-1.679549;0.014699;-0.001636;-0.015097;-0.088569;-0.787965;0.244531
408;-2.601121;9.247632;-1.664283;0.00936;-0.008961;-0.015122;-0.087896;-0.786528;0.245044
409;-2.601093;9.247693;-1.696074;0.026288;-0.000605;-0.014202;-0.087793;-0.78626;0.244522
410;-2.625535;9.311047;-1.741564;0.007634;-0.007203;-0.017769;-0.087049;-0.787108;0.246403
411;-2.630409;9.306195;-1.731772;-0.001648;-0.003207;-0.000993;-0.086508;-0.787533;0.246833
412;-2.61817;9.247742;-1.676771;-0.030862;-0.005562;-0.011633;-0.0863;-0.788599;0.245838
413;-2.625452;9.233216;-1.681519;-0.012238;-0.003445;-0.006311;-0.085544;-0.787024;0.245442
414;-2.62546;9.245388;-1.696403;-0.019486;-0.003366;-0.001019;-0.086424;-0.787237;0.243456
415;-2.537468;9.130929;-1.761548;0.013725;0.013031;-0.009765;-0.085344;-0.787688;0.244305
416;-2.268278;8.683456;-2.140939;0.125483;0.047963;-0.099616;-0.085791;-0.787017;0.245689
417;-1.752604;7.728391;-1.896417;-0.144115;-0.089675;-0.329788;-0.078179;-0.787466;0.247663
418;-2.833953;8.334652;-1.13595;-0.209522;-0.193493;-0.536102;-0.059013;-0.790008;0.240192
419;-3.161706;9.045559;-1.197308;-0.289486;-0.089941;-0.31079;-0.043884;-0.79353;0.239801
420;-3.450214;9.659311;-1.354195;-0.161286;-0.019876;-0.39177;-0.030701;-0.797168;0.231786
421;-4.12696;10.536676;-1.186538;0.162309;0.177848;-0.106711;-0.020184;-0.797717;0.23236
422;-3.940636;11.498199;-1.579481;0.251593;0.152812;0.055993;-0.021996;-0.794808;0.242428
423;-3.004131;8.433963;-1.81029;0.084927;0.00401;-0.036391;-0.024173;-0.794486;0.245417
424;-3.445158;9.598742;-1.441097;0.213594;0.117893;-0.111093;-0.023065;-0.791122;0.251864
425;-3.732545;9.722515;-1.902447;-0.011976;0.086323;-0.069968;-0.023537;-0.791113;0.252746
426;-3.223214;8.043128;-1.322626;0.105876;0.047205;-0.06111;-0.021183;-0.792118;0.250695
427;-3.04773;8.122723;-1.497418;0.285393;0.055347;-0.154448;-0.017963;-0.789379;0.257921
428;-3.682053;8.753411;-1.972849;0.539742;0.141914;-0.20796;-0.014977;-0.785082;0.270668
429;-3.74834;9.040344;-1.988629;0.341303;0.02136;-0.269364;-0.008808;-0.78039;0.284869
430;-3.482486;9.210127;-2.569552;0.142989;0.115123;-0.131528;-0.007287;-0.776405;0.294304
431;-3.434264;9.642679;-2.835559;-0.200891;0.040848;0.060516;-0.006216;-0.775786;0.294991
432;-3.149447;8.041773;-2.067323;-0.605787;-0.093906;-0.014496;-0.005566;-0.781027;0.282466
433;-3.307666;8.905488;-1.221537;-0.310607;-0.064353;0.014196;-0.006518;-0.785772;0.266467
434;-3.428305;8.413898;-1.630523;0.001123;-0.01083;0.044615;-0.00819;-0.78697;0.259148
435;-3.21453;8.774539;-1.562643;0.272512;0.047334;0.028358;-0.010686;-0.785871;0.265989
436;-3.520653;8.558786;-2.216443;0.514485;-0.002392;-0.011307;-0.008113;-0.781045;0.280774
437;-3.343177;8.747089;-2.099652;0.448024;-0.023636;-0.034325;-0.007146;-0.775345;0.29454
438;-3.931338;9.738043;-3.128417;0.27216;-0.019104;-0.028389;-0.005084;-0.771301;0.30945
439;-3.691822;9.063035;-2.565275;-0.109023;-0.033794;0.026779;-0.006706;-0.770849;0.310648
440;-3.626409;9.015519;-2.02792;-0.150789;-0.042947;-0.028038;-0.006697;-0.77307;0.305784
441;-3.706264;8.968431;-2.583411;-0.053598;0.007617;0.062242;-0.007077;-0.773433;0.303439
442;-2.993672;7.943025;-1.645084;-0.121948;-0.047374;0.049772;-0.008756;-0.775054;0.298468
443;-3.33564;8.730488;-2.324223;0.009837;-0.062449;-0.022539;-0.008404;-0.774418;0.300284
444;-3.655549;9.210935;-2.535509;-0.052667;-0.009959;0.016318;-0.006773;-0.77423;0.301792
445;-3.618608;9.021443;-2.597677;-0.192349;-0.084186;0.0054;-0.006557;-0.776716;0.295909
446;-3.389589;8.64713;-1.778272;-0.377667;-0.186268;-0.004719;-0.003698;-0.780201;0.286043
447;-3.580505;9.250876;-2.038656;-0.240859;-0.100829;0.014168;-0.00264;-0.783508;0.278931
448;-3.570974;9.111381;-1.512774;-0.191668;-0.093497;0.003625;-0.00235;-0.784787;0.271978
449;-3.717477;9.491825;-1.952002;-0.251503;-0.076331;0.048635;-0.003671;-0.789169;0.261399
450;-3.536404;9.058573;-1.922154;-0.421602;-0.160733;0.043859;-0.00384;-0.791726;0.250567
451;-3.405499;9.024664;-1.058808;-0.621708;-0.155756;0.131981;-0.004022;-0.797057;0.236961
452;-3.864955;10.221169;-1.971822;-0.587752;-0.176297;0.298015;-0.011992;-0.800031;0.217944
453;-2.892943;8.577633;-1.048149;-0.798977;-0.330521;0.262227;-0.019189;-0.805388;0.193847
454;-3.226476;9.125649;0.247977;-0.370703;-0.31229;0.197348;-0.027059;-0.809136;0.171744
455;-3.513607;10.448916;-0.109531;-0.307757;-0.224876;0.243578;-0.034735;-0.81191;0.158444
456;-2.848474;9.275453;-0.34068;0.058714;-0.151174;0.135589;-0.041204;-0.81081;0.153527
457;-2.648813;7.748431;0.119308;0.202547;-0.073703;-0.038172;-0.041357;-0.810691;0.155592
458;-2.526833;7.687143;0.09777;0.780903;0.241734;0.015274;-0.043219;-0.80862;0.169703
459;-2.736603;8.309482;-0.933516;1.06761;0.405007;0.036264;-0.048682;-0.801915;0.20191
460;-3.0935;9.401082;-1.867602;0.871347;0.335525;0.039447;-0.051312;-0.793983;0.233842
461;-3.308734;10.053828;-2.285712;0.436631;0.19264;0.100487;-0.05487;-0.788181;0.255278
462;-3.02065;9.780451;-2.323049;0.09071;0.055046;0.101627;-0.060134;-0.786432;0.261175
463;-2.707767;9.039811;-1.919047;-0.096762;-0.033128;0.031469;-0.062682;-0.785783;0.259464
464;-2.712343;8.757696;-1.699014;-0.113058;-0.028837;-0.041875;-0.062184;-0.786417;0.25406
465;-2.873756;9.064437;-1.662783;-0.042638;-0.026385;-0.042688;-0.061536;-0.787752;0.251539
466;-3.079015;9.388515;-1.686207;-0.035137;-0.025661;-0.020623;-0.059657;-0.788505;0.252828
467;-2.974012;9.251921;-1.652893;-0.002991;-0.018904;0.020953;-0.059892;-0.789543;0.25077
468;-2.854211;9.054694;-1.698997;0.021282;0.004701;0.013095;-0.059249;-0.787724;0.253216
469;-2.839598;9.083854;-1.745746;-0.010366;-0.007938;-0.008157;-0.060348;-0.787803;0.251992
470;-2.800221;9.004056;-2.024978;-0.048636;-0.016422;-0.008212;-0.061681;-0.787076;0.251252
471;-2.614754;8.723305;-1.750734;-0.121148;0.001658;-0.124817;-0.059059;-0.788361;0.249353
472;-2.502193;8.431194;-1.690146;-0.047531;-0.027006;-0.269632;-0.051043;-0.788805;0.249143
473;-2.779557;7.960668;-1.282676;-0.48857;-0.106923;-0.334016;-0.039459;-0.791838;0.240246
474;-3.572412;9.537267;-0.718126;-0.261207;0.080445;-0.276917;-0.025694;-0.795888;0.230976
475;-3.903894;9.902116;-1.399533;0.036247;0.117691;-0.208543;-0.017771;-0.797535;0.231445
476;-3.842732;9.475685;-0.818967;0.53327;0.208394;-0.093887;-0.01279;-0.794345;0.240179
477;-3.714;10.298099;-1.961091;0.569518;0.264927;-0.035313;-0.013627;-0.788359;0.25916
478;-3.556343;9.550158;-2.395632;0.399643;0.180717;-0.000378;-0.016259;-0.784125;0.273426
479;-3.458343;9.150987;-2.19157;0.234174;0.139677;-0.018329;-0.019232;-0.781706;0.283576
480;-3.512127;9.358109;-2.411183;-0.016959;0.130007;0.00345;-0.021824;-0.779919;0.288576
481;-3.32598;8.625409;-2.014131;-0.048712;0.089084;-0.050568;-0.021138;-0.781347;0.281778
482;-3.365116;8.695991;-1.991499;-0.029409;0.094174;-0.036409;-0.0221;-0.7817;0.280699
483;-3.262698;8.590774;-1.851174;0.111377;0.102038;0.013243;-0.024286;-0.781884;0.280978
484;-3.228383;8.676366;-2.245849;0.287463;0.072367;0.002808;-0.025224;-0.779756;0.285406
485;-3.110789;8.389458;-2.376014;0.223786;0.071227;-0.019341;-0.027083;-0.776837;0.294563
486;-3.098902;8.613025;-2.479985;0.226318;0.09139;-0.014855;-0.027848;-0.773947;0.302352
487;-3.331294;9.182749;-2.620582;0.005318;-0.013552;-0.066556;-0.026263;-0.771905;0.305489
488;-3.185311;9.257048;-2.492503;-0.141283;-0.074478;-0.050906;-0.025292;-0.774041;0.301712
489;-3.340126;8.636293;-2.579416;-0.196088;-0.144334;-0.063577;-0.021456;-0.775733;0.295738
490;-3.429297;9.057754;-1.778684;-0.050822;-0.069593;-0.031455;-0.018612;-0.777129;0.29061
491;-3.476616;8.451671;-2.196794;-0.021619;-0.036754;0.030402;-0.017821;-0.776362;0.290889
492;-3.404447;8.810022;-1.832685;0.153837;0.033826;0.032564;-0.018952;-0.776482;0.294076
493;-3.521879;9.311831;-2.315156;0.366836;0.11229;0.03829;-0.021338;-0.77314;0.303063
494;-3.330338;8.743601;-2.837899;0.243436;0.061758;0.023917;-0.024737;-0.770455;0.314999
495;-3.218646;8.9274;-2.731808;0.034;0.050715;0.053729;-0.02706;-0.768523;0.317673
496;-3.208346;8.538503;-2.587943;-0.080954;-0.007591;0.053442;-0.028683;-0.769647;0.316322
497;-3.238149;8.849469;-2.569353;-0.05759;0.008674;0.041159;-0.029357;-0.769592;0.313301
498;-3.340682;8.976374;-2.622024;-0.042141;-0.017846;0.028742;-0.029155;-0.770656;0.312175
499;-3.160103;8.576156;-2.093902;-0.001954;-0.018664;0.025259;-0.03089;-0.773223;0.308656
500;-3.121042;8.780897;-2.578611;0.055306;-0.033864;-0.020596;-0.031783;-0.77188;0.311423
501;-3.374831;8.961852;-2.558709;-0.057987;-0.043864;-0.022565;-0.028656;-0.770939;0.311821
502;-3.389664;9.049225;-2.491984;-0.161344;-0.119391;-0.025484;-0.026891;-0.773642;0.308361
503;-3.375405;9.18487;-2.347406;-0.347572;-0.178158;0.049267;-0.025159;-0.775781;0.30177
504;-3.41906;9.200191;-2.619771;-0.453377;-0.180988;0.077395;-0.025781;-0.779775;0.289659
505;-3.842344;10.059219;-2.4235;-0.550769;-0.207892;0.117819;-0.026108;-0.786274;0.273226
506;-2.781982;9.686229;-1.946095;-0.850939;-0.275747;0.35251;-0.030983;-0.791744;0.251462
507;-3.262641;8.512887;-1.761785;-0.785564;-0.412469;0.104768;-0.038423;-0.798561;0.227655
508;-2.714479;9.389259;-0.516696;-0.917071;-0.399905;0.014779;-0.035286;-0.802691;0.200568
509;-4.164981;10.718894;0.122879;-1.019737;-0.402885;0.124779;-0.037017;-0.810521;0.161915
510;-3.35007;10.195102;0.107668;-0.296701;-0.284515;0.188729;-0.044839;-0.813722;0.138241
511;-2.414432;7.684794;-0.235501;0.317576;-0.022082;0.092838;-0.046363;-0.811692;0.141344
512;-2.11603;6.898222;0.098164;0.308521;0.122839;0.009225;-0.048248;-0.809701;0.150007
513;-2.358569;7.688964;-0.026871;0.614667;0.250495;-0.01223;-0.051324;-0.808641;0.163176
514;-2.984508;9.428281;-1.14993;0.802959;0.292269;-0.022518;-0.053968;-0.801397;0.197333
515;-3.549051;10.602725;-1.685119;0.44819;0.16234;0.050077;-0.055382;-0.797536;0.217643
516;-3.251246;10.314607;-1.660918;0.136233;0.037109;0.131652;-0.057145;-0.796034;0.221138
517;-2.659778;9.228054;-1.434967;0.101119;-0.003371;0.0309;-0.05937;-0.795033;0.223196
518;-2.580873;8.629962;-1.293757;0.133376;0.016374;-0.057378;-0.060591;-0.79449;0.227137
519;-2.873611;8.855095;-1.412155;0.122929;0.06783;-0.074122;-0.060684;-0.794118;0.230364
520;-3.118042;9.335003;-1.54159;0.059505;0.035841;-0.029237;-0.059241;-0.792601;0.233251
521;-3.103736;9.509757;-1.527297;0.037148;0.019513;0.014884;-0.057964;-0.792805;0.2354
522;-2.879128;9.273022;-1.50999;0.072626;0.014582;0.027317;-0.059272;-0.792509;0.237657
523;-2.773913;9.078387;-1.602823;0.025006;0.008098;0.004297;-0.060181;-0.792339;0.237604
524;-2.834838;9.110393;-1.667883;-0.017224;-0.023815;-0.021442;-0.061564;-0.791626;0.238418
525;-2.693074;8.903368;-1.728156;-0.035907;-0.019663;-0.063828;-0.058957;-0.79224;0.236239
526;-2.585319;8.679696;-1.881579;-0.228428;-0.021802;-0.153245;-0.055265;-0.792773;0.235023
527;-3.020149;8.862456;-1.069707;-0.262951;-0.000517;-0.305258;-0.044489;-0.794969;0.225541
528;-2.970251;8.272352;-1.215184;-0.004777;0.098028;-0.235913;-0.036912;-0.79712;0.224319
529;-3.005384;8.757865;-1.023646;0.232909;0.278443;-0.229936;-0.030767;-0.796328;0.227995
530;-3.552818;9.525195;-0.805652;0.242909;0.155839;-0.198459;-0.024558;-0.793064;0.23796
531;-4.163317;10.56656;-1.473718;0.508169;0.287318;0.072309;-0.02212;-0.788765;0.252623
532;-3.273326;9.142285;-1.944076;0.492463;0.245564;0.1624;-0.029581;-0.784518;0.271174
533;-3.081029;9.343145;-2.079153;0.685045;0.243978;0.040812;-0.035418;-0.778322;0.288585
534;-3.482957;9.716175;-3.038096;0.519986;0.193856;0.008662;-0.040492;-0.772311;0.308249
535;-3.363174;9.392133;-2.810558;0.212405;0.088351;0.006325;-0.042236;-0.768726;0.317133
536;-3.111212;8.810285;-2.730587;0.056868;0.038019;-0.055767;-0.043263;-0.767136;0.322351
537;-3.040036;8.503856;-2.692385;0.003122;0.034232;-0.042599;-0.042297;-0.767694;0.320991
538;-2.974224;8.367021;-2.432242;-0.112636;0.029255;-0.054222;-0.042224;-0.768196;0.317377
539;-3.057716;8.787805;-2.548427;0.164518;0.117286;-0.048405;-0.041897;-0.769507;0.313671
540;-3.098632;8.650193;-2.862105;0.016377;0.089758;-0.082214;-0.041766;-0.767668;0.316218
541;-3.238611;8.980095;-2.302643;-0.043684;0.050491;-0.032917;-0.040487;-0.767982;0.315906
542;-3.160514;9.084775;-2.635851;0.010031;0.034456;-0.038153;-0.042061;-0.76685;0.31553
543;-3.047682;8.725003;-2.750148;0.030996;0.000767;-0.009939;-0.040147;-0.768011;0.317482
544;-3.023235;8.425181;-2.240813;-0.114837;-0.082919;-0.029735;-0.038842;-0.768815;0.312645
545;-3.116383;8.997372;-2.763266;0.148107;0.027943;0.016755;-0.038873;-0.768166;0.31457
546;-3.301529;8.888763;-2.629687;-0.073217;-0.055508;0.025099;-0.039396;-0.767635;0.316992
547;-3.170126;8.865711;-2.355857;0.124735;0.02803;0.064388;-0.040265;-0.767341;0.317716
548;-3.176792;8.696526;-2.7565;0.381862;0.084454;0.015327;-0.042224;-0.764666;0.324928
549;-3.223546;9.073645;-2.993637;0.315594;0.086052;0.025878;-0.044039;-0.760824;0.334968
550;-3.23533;9.059969;-3.423963;0.037776;0.007895;0.010385;-0.044827;-0.758438;0.339786
551;-3.057022;8.543114;-2.85472;-0.244403;-0.093308;0.028394;-0.046527;-0.757944;0.336957
552;-2.976963;8.619909;-2.590743;-0.128317;-0.039961;0.016298;-0.046252;-0.763112;0.332193
553;-3.057509;8.659053;-2.529066;0.050121;-0.024862;0.013865;-0.046555;-0.761892;0.331363
554;-3.03299;8.639756;-2.660408;0.085552;0.007579;0.02546;-0.047357;-0.763456;0.330847
555;-3.072597;8.984778;-2.645005;0.205014;0.013874;-0.01676;-0.0472;-0.761491;0.333912
556;-3.176442;8.831389;-3.423983;0.083786;-0.017021;-0.052325;-0.046965;-0.75719;0.343528
557;-3.11626;8.914756;-2.739818;-0.107306;-0.065767;-0.006701;-0.042913;-0.759466;0.341734
558;-2.971813;8.788716;-3.241627;-0.230771;-0.178057;-0.018522;-0.042575;-0.762914;0.338221
559;-3.189527;9.297542;-3.324698;-0.413677;-0.238781;-0.060375;-0.038064;-0.765657;0.327773
560;-3.946691;10.150948;-3.116273;-0.799954;-0.344469;-0.023185;-0.031671;-0.772124;0.308582
561;-3.502228;9.838673;-3.539376;-1.13707;-0.426496;0.153875;-0.031609;-0.782652;0.279574
562;-2.779361;8.282911;-2.146606;-1.807249;-0.700097;0.011269;-0.028932;-0.796161;0.230942
563;-2.871037;9.283918;0.360652;-1.876108;-0.747129;-0.014473;-0.023788;-0.807378;0.16992
564;-4.619373;10.835781;1.141013;-1.575611;-0.568811;0.253506;-0.029073;-0.81786;0.102484
565;-3.057881;9.627438;1.532956;-0.436527;-0.345923;0.29885;-0.041664;-0.820248;0.069192
566;-2.278303;7.27863;0.969418;0.393758;-0.137844;0.032618;-0.042264;-0.817699;0.070123
567;-2.19963;6.836051;1.066346;0.493552;0.156463;0.022715;-0.045681;-0.816477;0.081712
568;-2.351639;7.412591;0.958639;0.810782;0.373837;0.021774;-0.049026;-0.814411;0.102231
569;-2.807051;8.982673;0.249487;1.346045;0.501039;0.006786;-0.052093;-0.811026;0.15075
570;-3.661666;10.804511;-1.50449;1.521714;0.577363;0.133399;-0.056832;-0.802241;0.199541
571;-3.187448;10.442024;-2.410452;0.949601;0.367238;0.214552;-0.064561;-0.794744;0.227971
572;-2.554416;9.316549;-2.259;0.492762;0.14114;0.072318;-0.071447;-0.788395;0.247658
573;-2.478006;8.689084;-1.992603;0.296867;0.085997;-0.023446;-0.07442;-0.785843;0.257804
574;-2.673294;8.894147;-2.033368;0.261845;0.079481;-0.05621;-0.076316;-0.780696;0.271305
575;-2.91278;9.396129;-2.287826;0.14913;0.039038;-0.041423;-0.074395;-0.780707;0.278413
576;-2.993325;9.527916;-2.411164;-0.062058;-0.029991;-0.006487;-0.07364;-0.780974;0.275477
577;-2.790645;9.169405;-2.157315;-0.194561;-0.080569;0.019771;-0.072308;-0.782319;0.271176
578;-2.712511;8.986491;-1.962208;-0.203029;-0.089438;-0.001452;-0.072898;-0.785169;0.264742
579;-2.732263;9.083541;-1.863936;-0.243876;-0.096429;-0.012108;-0.074498;-0.784782;0.258807
580;-2.8059;9.272905;-1.640929;-0.236813;-0.107285;-0.012127;-0.072172;-0.787225;0.253683
581;-2.813373;9.304278;-1.519319;-0.142212;-0.064822;-0.018114;-0.069768;-0.789236;0.245048
582;-2.801071;9.204519;-1.453817;-0.009367;-0.015489;-0.016984;-0.070472;-0.788664;0.243956
583;-2.771538;9.073361;-1.522002;0.09778;0.028931;-0.022073;-0.067672;-0.788522;0.245527
584;-2.825027;9.086103;-1.691766;0.164233;0.047391;0.000109;-0.070336;-0.787385;0.249115
585;-2.829992;9.190759;-1.796368;0.13983;0.048504;0.015107;-0.071003;-0.788763;0.256255
586;-2.815361;9.237023;-1.897212;0.106761;0.047418;0.01861;-0.071672;-0.786756;0.258366
587;-2.781256;9.273389;-1.953571;0.071379;0.021328;0.006164;-0.072853;-0.784863;0.260583
588;-2.795841;9.268672;-1.987945;0.007436;-0.006786;-0.005452;-0.072151;-0.784367;0.261644
589;-2.795825;9.212633;-1.894045;-0.059064;-0.026943;-0.024123;-0.072608;-0.784203;0.260318
590;-2.776323;9.180853;-1.836953;-0.049294;-0.026831;-0.022343;-0.072867;-0.786704;0.257782
591;-2.78607;9.151649;-1.780349;-0.053257;-0.015497;-0.004667;-0.071795;-0.785794;0.255996
592;-2.781228;9.153992;-1.748527;-0.026417;-0.022646;-0.008183;-0.071334;-0.786468;0.254873
593;-2.800802;9.209992;-1.771806;0.000435;-0.01072;-0.013426;-0.071491;-0.786457;0.254345
594;-2.798403;9.217209;-1.742551;-0.005194;-0.004995;-0.001055;-0.070986;-0.786208;0.254105
595;-2.79593;9.195334;-1.739688;0.01107;0.010328;-0.011605;-0.07173;-0.786985;0.254737
596;-2.786139;9.185627;-1.768715;0.030423;0.025366;0.000815;-0.07132;-0.786872;0.255145
597;-2.788545;9.188148;-1.810366;0.041153;0.014548;0.000805;-0.071296;-0.785543;0.255626
598;-2.80799;9.1908;-1.874287;0.025152;0.009836;-0.000994;-0.07229;-0.784312;0.256445
599;-2.812893;9.212701;-1.884524;-0.012338;-0.003164;0.000704;-0.071749;-0.785271;0.256892
600;-2.769018;9.190554;-1.849238;-0.030349;-0.00495;0.008638;-0.073055;-0.784684;0.256675
601;-2.761791;9.229337;-1.830241;-0.044336;-0.01906;-0.00465;-0.071735;-0.785274;0.257152
602;-2.788625;9.22454;-1.791438;-0.085251;-0.032272;-0.010031;-0.071135;-0.786598;0.25372
603;-2.781334;9.180574;-1.680521;-0.077069;-0.033339;-0.017976;-0.070865;-0.78712;0.251414
604;-2.82038;9.200159;-1.659445;-0.04588;-0.014873;-0.017911;-0.070349;-0.787649;0.248862
605;-2.80577;9.19518;-1.634683;0.011393;0.001721;-0.027523;-0.071851;-0.788801;0.249854
606;-2.81304;9.173368;-1.639304;0.06379;0.029704;-0.017695;-0.07076;-0.78832;0.250936
607;-2.80083;9.205054;-1.73015;0.123297;0.04327;-0.005227;-0.069694;-0.786391;0.25405
608;-2.786102;9.224717;-1.889218;0.091254;0.026623;-0.006173;-0.071966;-0.786071;0.257682
609;-2.800728;9.249164;-1.933882;0.040688;0.012245;-0.018626;-0.0724;-0.785403;0.259326
610;-2.788506;9.200424;-1.87905;0.005658;0.020398;-0.008054;-0.072592;-0.785541;0.260617
611;-2.771382;9.151722;-1.855934;-0.005978;-0.00145;-0.004579;-0.071734;-0.783564;0.259696
612;-2.766505;9.151702;-1.858305;0.030488;-0.001007;0.000764;-0.071964;-0.785028;0.260246
613;-2.737087;9.108056;-1.969587;0.023745;0.007579;-0.016885;-0.070341;-0.783904;0.261597
614;-2.595433;8.912976;-1.927364;0.007033;-0.006689;-0.068139;-0.06982;-0.784725;0.261648
615;-2.580627;8.854799;-2.021497;-0.073301;-0.03125;-0.147768;-0.066054;-0.785408;0.261868
616;-2.65354;8.606942;-1.756633;-0.112492;-0.053854;-0.234458;-0.060932;-0.785706;0.258257
617;-2.96114;8.953516;-1.843135;-0.153529;-0.014179;-0.239772;-0.049814;-0.787713;0.255403
618;-3.054127;8.919014;-1.342642;-0.161271;0.03627;-0.219398;-0.043833;-0.789769;0.250851
619;-3.473927;9.521932;-1.831456;-0.009918;0.096633;-0.124652;-0.037175;-0.790549;0.249411
620;-3.444749;9.433868;-1.580053;-0.159469;0.074371;-0.055984;-0.032607;-0.790976;0.24759
621;-3.45489;9.550066;-1.362146;-0.061585;0.04126;0.03945;-0.033356;-0.791461;0.245619
622;-3.191187;9.296293;-1.427093;0.13077;0.083242;0.056586;-0.037042;-0.791889;0.249458
623;-3.286425;9.576714;-1.765987;0.293574;0.089635;0.036477;-0.038045;-0.788436;0.255141
624;-3.092989;9.153546;-1.958656;0.218889;0.056116;0.032804;-0.042224;-0.786204;0.261989
625;-2.968417;8.953629;-1.882373;0.141097;0.041839;0.000905;-0.043563;-0.785392;0.266176
626;-3.102515;9.09314;-2.092245;0.130587;0.047063;-0.007949;-0.043372;-0.784392;0.272384
627;-3.107421;9.032146;-1.934754;0.071219;0.047113;0.014053;-0.045024;-0.782466;0.273018
628;-3.024314;8.878682;-1.91126;0.155353;0.082171;0.042491;-0.046508;-0.783513;0.276862
629;-2.994942;8.895881;-2.089627;0.213594;0.100571;0.031126;-0.049558;-0.780494;0.280504
630;-3.002306;9.056705;-2.349301;0.209827;0.074527;0.043449;-0.052302;-0.778588;0.287567
631;-3.053677;9.210131;-2.435893;0.016037;0.022125;0.013093;-0.053821;-0.77725;0.293285
632;-2.963447;9.095219;-2.273576;-0.10421;-0.041846;0.007536;-0.054569;-0.777735;0.291314
633;-2.863239;8.866182;-2.145802;-0.047417;-0.023971;-0.02062;-0.054558;-0.779048;0.289018
634;-2.968203;8.956541;-2.131848;0.011766;-0.016569;-0.036454;-0.0532;-0.779464;0.28521
635;-3.041528;9.122221;-2.218986;0.00263;-0.007277;-0.027617;-0.05211;-0.778583;0.28628
636;-3.031568;9.054378;-2.32525;-0.060335;-0.02346;-0.000346;-0.052179;-0.778725;0.287448
637;-2.941384;8.929614;-2.091847;-0.106583;-0.024126;-0.008339;-0.051416;-0.779395;0.284654
638;-3.022044;9.066021;-2.092998;-0.013805;-0.01608;-0.009992;-0.051005;-0.779124;0.282592
639;-3.063622;9.16342;-2.117332;0.014585;0.006148;-0.004616;-0.050482;-0.780746;0.282667
640;-3.083127;9.183005;-2.147313;-0.013857;-0.026894;-0.007369;-0.050092;-0.781028;0.282696
641;-3.068396;9.112472;-2.13119;-0.017305;-0.012539;-0.013529;-0.049984;-0.780228;0.282289
642;-2.887674;8.800339;-1.942061;0.006671;0.00407;-0.008151;-0.051439;-0.780165;0.281691
643;-2.965653;8.895831;-2.140534;0.073509;0.019338;-0.00452;-0.051279;-0.779668;0.284799
644;-3.022162;9.163276;-2.150936;0.075052;0.03323;0.003469;-0.053277;-0.77907;0.286232
645;-3.007328;9.114913;-2.296592;0.040929;0.010585;0.017515;-0.053496;-0.779203;0.287003
646;-2.904663;8.856654;-2.134037;0.002126;-0.019398;-0.001136;-0.052509;-0.778189;0.288582
647;-3.063456;9.154037;-2.288342;0.034657;0.009476;-0.024015;-0.051402;-0.778779;0.289956
648;-3.048834;9.158839;-2.297986;-0.021275;-0.011118;0.006794;-0.053175;-0.777784;0.290741
649;-3.004821;9.022413;-2.192239;-0.023395;-0.020022;-0.018841;-0.051769;-0.778611;0.287856
650;-3.034245;9.158689;-2.258636;0.016767;-0.001536;-0.021401;-0.052125;-0.778604;0.288485
651;-3.002253;8.978808;-2.25502;-0.040409;-0.01097;-0.015312;-0.051871;-0.779146;0.288385
652;-2.951115;8.929701;-2.111559;-0.045377;-0.009738;-0.034737;-0.049951;-0.77895;0.287962
653;-3.034293;9.083008;-2.054354;0.03386;-0.005269;-0.029347;-0.048891;-0.779796;0.288432
654;-3.126788;9.169059;-2.355589;0.059547;0.00258;-0.018717;-0.049406;-0.778443;0.288495
655;-3.038976;9.042011;-2.190652;0.012327;-0.009771;-0.021436;-0.049892;-0.77843;0.289118
656;-3.080454;9.085999;-2.223836;0.027567;0.002089;-0.025817;-0.048764;-0.778333;0.288396
657;-3.090172;9.090991;-2.268087;0.012834;0.004367;-0.003751;-0.048677;-0.777953;0.290076
658;-3.034107;9.02491;-2.151155;0.004646;-0.010089;0.004166;-0.047911;-0.778248;0.289866
659;-3.063285;9.022767;-2.222476;0.067923;0.006906;0.006916;-0.049727;-0.778977;0.289791
660;-2.963232;8.920162;-2.170266;0.076644;0.010823;0.016666;-0.050947;-0.778143;0.291259
661;-2.955848;8.930038;-2.273031;0.090742;0.019179;-0.016858;-0.050756;-0.776318;0.294978
662;-2.98994;8.974154;-2.391694;0.080713;0.000345;-0.004547;-0.052708;-0.77493;0.297298
663;-2.994733;8.976798;-2.489627;-0.002268;-0.00211;-0.002881;-0.051875;-0.775107;0.298386
664;-3.024176;9.04233;-2.393399;-0.090628;-0.02555;-0.001267;-0.049643;-0.776243;0.296462
665;-2.955887;8.925077;-2.219147;-0.10966;-0.035593;-0.029566;-0.050644;-0.777253;0.294622
666;-3.03903;9.093088;-2.230668;-0.06176;-0.022144;-0.018891;-0.049233;-0.777682;0.291855
667;-3.004809;9.017566;-2.197045;-0.058569;-0.038005;0.000511;-0.048488;-0.777438;0.291239
668;-3.034119;9.037072;-2.161148;-0.040521;-0.034483;-0.010065;-0.048841;-0.77794;0.289419
669;-3.097753;9.207451;-2.191977;-0.015494;-0.02253;-0.014429;-0.047556;-0.777988;0.289229
670;-3.107476;9.190491;-2.186939;-0.017471;-0.015948;-0.00559;-0.049699;-0.778692;0.287838
671;-3.053575;9.034823;-2.202975;0.019096;-0.02287;-0.002913;-0.048407;-0.778742;0.287778
672;-2.982806;8.9079;-2.057862;0.042345;0.013521;-0.008105;-0.049384;-0.779515;0.288917
673;-2.9851;8.910668;-2.226676;0.112859;0.041382;-0.009732;-0.048657;-0.778224;0.290475
674;-3.024203;9.015454;-2.309789;0.028535;0.024925;0.013101;-0.049497;-0.776894;0.294283
675;-2.965669;8.929927;-2.190036;-5.7e-05;-0.002553;0.016551;-0.051608;-0.776671;0.293516
676;-2.975381;8.978815;-2.327974;0.055438;0.014082;0.00782;-0.051152;-0.776168;0.294822
677;-3.014515;9.051839;-2.312721;0.026812;0.003032;0.011294;-0.053197;-0.77556;0.295345
678;-3.034121;9.129711;-2.343718;0.000797;-0.006995;0.018311;-0.052904;-0.775444;0.296006
679;-3.063468;9.212523;-2.392066;-0.003352;-0.02193;0.004145;-0.052176;-0.776797;0.295046
680;-3.151464;9.446431;-2.558865;-0.060226;-0.05532;-0.00482;-0.051854;-0.776531;0.293758
681;-3.16569;9.132889;-2.387339;-0.418865;-0.139137;0.001626;-0.051585;-0.777671;0.286411
682;-3.307706;9.212582;-1.786872;-0.509422;-0.112665;0.141082;-0.052408;-0.782687;0.270427
683;-2.680648;8.460133;-1.121138;-0.206493;-0.116857;0.245728;-0.058372;-0.787267;0.25766
684;-1.922615;8.69056;-1.695655;0.308993;0.032871;0.248627;-0.06786;-0.786648;0.259474
685;-2.893159;7.2325;-3.690198;0.327976;0.201293;0.049012;-0.074176;-0.781726;0.272616
686;-2.110697;9.789533;-0.612325;0.183445;-0.020763;-0.163146;-0.072531;-0.780522;0.279415
687;-4.221181;12.620454;-3.491092;-0.305529;-0.137082;0.019484;-0.069656;-0.779087;0.284974
688;-3.423536;11.564817;-2.213489;-1.17495;-0.534062;0.234154;-0.073429;-0.78785;0.254413
689;-1.977196;7.372741;-0.754088;-0.19442;-0.344915;-0.051392;-0.072448;-0.792328;0.230725
690;-2.181169;6.985355;-0.831136;0.24239;0.089375;-0.143709;-0.067094;-0.79217;0.234118
691;-2.49134;7.702212;-1.501228;0.334897;0.229115;-0.055007;-0.068106;-0.790849;0.239604
692;-2.600572;8.702749;-1.207289;0.543124;0.200521;0.00176;-0.069262;-0.78735;0.254879
693;-3.426106;10.419245;-2.565287;0.803002;0.285861;0.065777;-0.072799;-0.779576;0.279243
694;-3.133099;10.409248;-3.181796;0.14554;0.109401;0.208705;-0.076939;-0.77294;0.299456
695;-2.419999;9.253322;-2.563979;-0.197822;-0.087844;0.094053;-0.082941;-0.773473;0.29604
696;-2.238713;8.401216;-1.94484;-0.160423;-0.087421;-0.070214;-0.084244;-0.776392;0.285807
697;-2.624336;8.731038;-1.956426;0.045907;0.004688;-0.133451;-0.081067;-0.775704;0.284658
698;-2.944267;9.269948;-2.259208;0.092505;0.035287;-0.062713;-0.078296;-0.775713;0.288179
699;-2.946818;9.396482;-2.381272;0.030153;0.01961;0.018449;-0.075593;-0.777416;0.287853
700;-2.73686;9.137815;-2.288;-0.043489;-0.006799;0.044837;-0.07631;-0.776975;0.286505
701;-2.609908;8.942635;-2.155519;-0.060078;-0.017428;0.028914;-0.07931;-0.776587;0.286075
702;-2.658842;9.0546;-2.15821;-0.037265;-0.012422;0.003335;-0.081175;-0.776504;0.285065
703;-2.742093;9.256503;-2.114078;-0.009458;-0.0115;-0.00635;-0.080688;-0.777184;0.284462
704;-2.739652;9.258938;-2.123865;0.018209;0.007789;-0.008044;-0.078905;-0.778691;0.281358
705;-2.707696;9.127735;-2.174895;0.07009;0.017176;-0.013267;-0.079813;-0.776812;0.283849
706;-2.678257;9.050002;-2.241566;0.050659;0.005911;-0.020377;-0.079491;-0.775527;0.287591
707;-2.719683;9.050222;-2.247089;0.022128;-0.005228;-0.020444;-0.078884;-0.775834;0.289319
708;-2.722226;9.084131;-2.193919;0.062777;0.006459;-0.003591;-0.079146;-0.774756;0.289273
709;-2.717295;9.12324;-2.336357;0.091171;0.039623;0.002699;-0.07953;-0.775567;0.291871
710;-2.629065;8.943487;-2.544639;0.031208;0.011114;-0.024798;-0.078989;-0.772924;0.292341
711;-2.460592;8.840938;-2.699249;-0.148064;-0.045998;-0.06306;-0.078589;-0.774676;0.292544
712;-2.416013;8.535114;-2.903553;-0.554823;-0.161591;-0.180359;-0.073408;-0.777182;0.282513
713;-2.751609;8.537872;-0.949945;-0.897199;-0.168334;-0.253298;-0.061124;-0.785711;0.259544
714;-3.206519;9.392309;-0.807872;-0.070558;0.120827;-0.179379;-0.053502;-0.791486;0.246626
715;-3.200953;9.552288;-1.91588;0.337318;0.228361;-0.099176;-0.05074;-0.789274;0.255011
716;-3.278959;9.464874;-1.719911;0.053059;0.082258;-0.064506;-0.050025;-0.787629;0.261357
717;-3.217971;9.372058;-1.604884;0.115295;0.069751;0.03093;-0.049453;-0.78686;0.262403
718;-3.042317;9.352075;-1.775495;0.379211;0.130283;0.036704;-0.050726;-0.784244;0.272897
719;-3.046746;9.453043;-2.484032;0.370726;0.129954;0.022578;-0.055552;-0.777683;0.289833
720;-3.012173;9.232024;-2.562804;0.14492;0.059957;-0.007864;-0.056748;-0.77757;0.296772
721;-2.934122;9.119626;-2.412942;-0.012056;0.013125;-0.007248;-0.05718;-0.776477;0.295939
722;-2.965553;8.954564;-2.37142;-0.070728;0.001512;-0.015312;-0.057845;-0.777358;0.293075
723;-2.865567;8.866436;-2.270556;-0.083842;0.005741;0.013844;-0.05666;-0.777784;0.290945
724;-2.985344;9.092973;-2.310549;-0.080702;-0.020217;-0.008296;-0.058212;-0.778342;0.285949
725;-2.975704;9.1195;-2.239949;-0.167439;0.001052;-0.001281;-0.059182;-0.780269;0.282192
726;-2.85845;8.81721;-1.951693;-0.190524;-0.025515;0.037497;-0.060021;-0.781643;0.27596
727;-2.746416;8.796979;-1.829819;-0.038867;0.001821;-0.007288;-0.059056;-0.781668;0.274585
728;-2.905072;9.104418;-2.160364;0.029566;-0.003701;-0.036376;-0.060092;-0.782961;0.274568
729;-2.824381;8.860809;-1.981279;-0.033213;-0.025664;-0.018832;-0.059401;-0.782705;0.27291
730;-2.853739;8.933846;-1.997668;0.108945;-0.003057;-0.035404;-0.058747;-0.782756;0.275541
731;-2.961039;9.041506;-2.133218;0.130955;0.012088;-0.022118;-0.057211;-0.780727;0.280234
732;-2.966042;9.168019;-2.238202;0.119039;0.025109;-0.007962;-0.057477;-0.779697;0.285119
733;-3.093074;9.387402;-2.327088;0.031482;-0.007405;-0.043469;-0.05649;-0.77895;0.286707
734;-3.127142;9.390126;-2.391232;-0.025766;-0.022189;-0.034741;-0.05329;-0.780426;0.288477
735;-3.029214;9.073686;-2.269307;-0.088372;-0.027984;-0.025115;-0.054874;-0.779667;0.285387
736;-3.000119;9.124401;-2.198833;-0.096865;-0.034083;-0.046321;-0.05144;-0.781124;0.284185
737;-3.117074;9.093356;-2.16583;-0.161038;-0.051003;-0.048231;-0.049813;-0.781928;0.278067
738;-3.039187;9.061047;-1.988021;-0.192537;-0.051746;0.005621;-0.051405;-0.782744;0.272298
739;-2.934232;8.865835;-1.782512;-0.128813;-0.037045;0.028695;-0.050735;-0.786304;0.265173
740;-2.85367;8.729209;-1.668871;0.061271;0.014372;0.022844;-0.054359;-0.785095;0.265205
741;-2.846628;8.923611;-1.747954;0.251538;0.075586;0.006429;-0.053998;-0.783419;0.269715
742;-3.053887;9.226728;-2.228328;0.323321;0.077707;-0.011171;-0.052324;-0.780911;0.279591
743;-3.019644;9.190263;-2.29809;0.17741;0.048965;0.015105;-0.055419;-0.777931;0.287382
744;-2.970494;9.066586;-2.517721;0.071366;0.018066;0.014924;-0.055762;-0.77664;0.293294
745;-2.943805;9.024741;-2.29895;0.014658;0.004308;-0.004598;-0.056893;-0.775536;0.29398
746;-3.041581;9.202556;-2.3182;-0.021294;-0.001111;0.006821;-0.056533;-0.777546;0.29341
747;-2.970863;9.153533;-2.269812;-0.046461;-0.01384;0.016495;-0.057126;-0.777375;0.291946
748;-2.877815;8.934623;-2.335508;-0.059797;-0.0294;0.018219;-0.057738;-0.778134;0.290119
749;-2.890297;8.98766;-2.101864;-0.02259;-0.01998;-0.01528;-0.059363;-0.778324;0.288741
750;-2.975704;9.170696;-2.3411;-0.047652;-0.003655;-0.011746;-0.058571;-0.777824;0.289028
751;-2.944091;9.094807;-2.111881;-0.106223;-0.050019;-0.025157;-0.056836;-0.779187;0.285009
752;-2.897567;8.953658;-2.08182;-0.052195;-0.032735;-0.006514;-0.0568;-0.779438;0.283202
753;-2.96596;9.041427;-2.079493;0.059808;0.003931;-0.032816;-0.056422;-0.779984;0.282978
754;-3.017234;9.182875;-2.251463;0.04055;0.011735;-0.008092;-0.056185;-0.780013;0.285068
755;-2.960916;9.014961;-2.220788;-0.013173;-0.013895;0.004158;-0.055679;-0.780298;0.284843
756;-2.96351;9.036566;-2.084262;0.015113;-0.011581;0.014793;-0.057459;-0.779034;0.28549
757;-2.963614;9.148482;-2.188917;0.062298;0.01801;0.017569;-0.057871;-0.778637;0.287532
758;-2.922057;9.080289;-2.196882;0.04085;0.016063;0.020195;-0.05937;-0.777922;0.2886
759;-2.846305;8.968212;-2.20601;0.050045;0.024886;0.007869;-0.060348;-0.778429;0.28973
760;-2.872947;8.919955;-2.298498;0.062959;0.010005;-0.009821;-0.060378;-0.777779;0.291656
761;-2.887794;9.046305;-2.293586;-0.012947;-0.008726;-0.006406;-0.059675;-0.77795;0.292736
762;-2.875483;8.983136;-2.311863;-0.019876;-0.012655;-0.015256;-0.060352;-0.777118;0.292156
763;-2.973289;9.160884;-2.296876;0.014698;-0.004842;-0.007262;-0.059301;-0.776895;0.292465
764;-2.951301;9.1292;-2.295991;0.000221;-0.014704;0.003303;-0.059166;-0.778478;0.290054
765;-3.024825;9.318816;-2.202591;-0.035096;-0.01551;-0.017056;-0.060485;-0.777888;0.289577
766;-2.936602;9.041529;-2.208655;-0.00274;-0.023669;-0.024986;-0.059296;-0.778072;0.290035
767;-2.93179;9.041367;-2.137663;0.022152;-0.012488;-0.022285;-0.058485;-0.777577;0.290712
768;-2.960899;9.019876;-2.250217;0.056081;0.014157;-0.023966;-0.057371;-0.778435;0.292224
769;-2.985409;9.13915;-2.328471;0.069775;0.024989;0.002573;-0.05858;-0.778247;0.291375
770;-2.980493;9.114839;-2.327974;0.064219;0.014299;0.013141;-0.060749;-0.776967;0.292001
771;-3.02458;9.231593;-2.308666;-0.001369;0.005217;0.034243;-0.06117;-0.775902;0.293894
772;-2.995225;9.275573;-2.521734;-0.072114;-0.014955;0.050032;-0.062556;-0.775297;0.292116
773;-2.902708;9.162754;-2.193133;-0.153578;-0.061939;0.021592;-0.064331;-0.777855;0.287815
774;-2.756068;8.875257;-2.095428;-0.128424;-0.052891;0.014585;-0.063844;-0.77942;0.282179
775;-2.655615;8.49805;-1.952845;0.016437;-0.033937;-0.000235;-0.065262;-0.779875;0.279781
776;-2.585228;8.575066;-1.777051;0.211106;0.020019;-0.01489;-0.064874;-0.780582;0.282288
777;-3.206073;10.171006;-2.865748;0.347612;0.091955;0.102873;-0.066984;-0.775119;0.291616
778;-2.037604;5.780878;-3.744889;-0.575605;-0.082126;-0.052312;-0.068673;-0.77703;0.288988
779;-3.91676;11.384831;-0.789736;0.336913;-0.04017;-0.007907;-0.065267;-0.778297;0.2822
780;-3.865956;11.847499;-4.064035;-0.66162;-0.077844;0.247086;-0.068991;-0.778825;0.282796
781;-2.217407;10.23738;-2.098741;-1.320814;-0.627196;0.146561;-0.074289;-0.789838;0.242749
782;-2.301521;7.217926;-0.225665;-0.749599;-0.499888;-0.202596;-0.06816;-0.797907;0.210878
783;-2.467959;7.412211;0.206153;0.002199;-0.044291;-0.098381;-0.061729;-0.79992;0.199991
784;-2.590128;7.9241;-0.452632;0.836268;0.32224;0.011098;-0.065258;-0.80185;0.206866
785;-2.908213;9.258897;-1.664244;1.224448;0.401249;0.043554;-0.070664;-0.79118;0.242722
786;-3.347568;10.307927;-2.972982;0.735399;0.278332;0.146951;-0.073673;-0.779391;0.277375
787;-2.869421;10.087155;-3.081714;0.06097;0.039393;0.206738;-0.081749;-0.775186;0.289018
788;-2.341887;9.048417;-2.30002;-0.132733;-0.073005;0.051764;-0.084707;-0.776627;0.284362
789;-2.370777;8.698287;-2.008255;-0.082987;-0.034788;-0.067375;-0.087942;-0.777277;0.281874
790;-2.658852;9.005818;-2.049764;-0.014306;-0.012351;-0.070831;-0.083429;-0.777292;0.279001
791;-2.817672;9.269011;-2.10566;0.035007;0.006131;-0.043376;-0.079764;-0.779043;0.279766
792;-2.781039;9.254367;-2.163539;0.062362;0.019646;0.013216;-0.081009;-0.779004;0.280736
793;-2.658786;9.064475;-2.241523;0.021898;-0.003879;0.032568;-0.081503;-0.778322;0.281209
794;-2.590494;9.030118;-2.234999;-0.041248;-0.019197;0.02453;-0.084008;-0.777039;0.282855
795;-2.678548;9.181006;-2.17049;-0.08907;-0.025511;0.005906;-0.08332;-0.778651;0.281122
796;-2.722688;9.278143;-2.053026;-0.09257;-0.027496;0.000594;-0.083541;-0.778867;0.276835
797;-2.693454;9.273094;-2.030487;-0.044099;-0.002955;-0.01519;-0.082307;-0.779971;0.275636
798;-2.634742;9.131889;-2.002686;-0.021015;0.01281;-0.00983;-0.083373;-0.779924;0.275059
799;-2.641917;9.059091;-2.013754;0.014959;0.005518;-0.022177;-0.083608;-0.780695;0.272993
800;-2.66876;9.083528;-2.021922;0.05041;0.010651;-0.011532;-0.083168;-0.779388;0.274016
801;-2.683449;9.149279;-2.077088;0.059117;0.03007;-0.002648;-0.082768;-0.778763;0.276744
802;-2.66885;9.200349;-2.151116;0.080562;0.010246;-0.002654;-0.083673;-0.778619;0.279286
803;-2.683447;9.210232;-2.200417;0.007695;-0.002499;-0.015131;-0.084141;-0.777676;0.280272
804;-2.683434;9.195632;-2.185491;-0.023672;-0.007131;-0.008112;-0.084218;-0.777283;0.281294
805;-2.678486;9.12751;-2.135323;-0.008516;-0.011539;-0.007227;-0.084269;-0.778472;0.280288
806;-2.654128;9.122482;-2.110412;0.039629;0.007045;-0.007127;-0.083484;-0.778104;0.280449
807;-2.661433;9.132286;-2.137593;0.055839;0.020626;-0.01503;-0.0829;-0.776805;0.281739
808;-2.671136;9.132435;-2.189095;0.050486;0.002446;-0.013309;-0.082791;-0.777497;0.283841
809;-2.693009;9.149746;-2.292434;0.036028;0.015312;-0.004471;-0.083312;-0.776675;0.283789
810;-2.506986;8.78734;-2.491163;-0.018826;-0.012853;-0.018705;-0.082465;-0.777122;0.285144
811;-2.2774;8.489859;-2.470279;-0.139139;-0.045291;-0.104544;-0.079967;-0.774667;0.283389
812;-2.455789;8.470187;-1.88086;-0.396599;-0.091327;-0.252482;-0.072065;-0.779706;0.275912
813;-3.15164;8.977953;-1.425844;-0.287417;-0.009885;-0.241737;-0.061737;-0.784032;0.267766
814;-3.108285;9.537321;-1.95334;-0.029478;0.14624;-0.129769;-0.056741;-0.786327;0.264206
815;-3.227921;9.605702;-1.838966;-0.070084;0.087613;-0.063724;-0.053572;-0.785662;0.265393
816;-3.254965;9.568746;-1.496381;0.17982;0.106176;0.011656;-0.055098;-0.785074;0.265943
817;-3.069212;9.352016;-1.675641;0.336206;0.111954;0.04544;-0.056664;-0.782173;0.275765
818;-3.031993;9.406938;-2.541695;0.518319;0.144551;0.046623;-0.060075;-0.778175;0.289997
819;-2.907229;9.251328;-2.771851;0.251613;0.084046;0.010004;-0.062896;-0.773632;0.300611
820;-2.946456;9.343649;-2.688464;-0.023437;-0.010775;-0.015237;-0.064848;-0.772511;0.30294
821;-2.911829;8.937467;-2.460787;-0.222291;-0.064329;-0.014724;-0.062707;-0.77496;0.299233
822;-2.750748;8.569039;-1.994648;-0.115047;-0.020248;-0.027755;-0.062861;-0.77621;0.291218
823;-2.692421;8.685402;-2.039806;0.122844;0.042748;-0.060003;-0.061522;-0.776404;0.292073
824;-2.904752;9.017362;-2.352028;0.170831;0.031712;-0.050278;-0.06003;-0.774741;0.293401
825;-2.916757;8.934935;-2.394793;0.112408;0.015452;-0.027426;-0.059619;-0.774543;0.298866
826;-2.875261;8.983628;-2.566187;0.087257;0.012774;-0.017728;-0.061043;-0.772001;0.303905
827;-2.923957;8.930342;-2.5122;-0.051034;-0.020148;-0.015324;-0.059218;-0.770365;0.306679
828;-2.970592;9.080997;-2.434831;-0.095663;-0.038706;-0.015412;-0.058083;-0.77278;0.303566
829;-2.994986;9.095696;-2.437902;-0.087721;-0.031261;-0.01186;-0.057642;-0.774869;0.297035
830;-2.951029;8.954271;-2.258708;-0.047847;-0.017939;-0.000309;-0.057361;-0.775151;0.297447
831;-2.929314;9.114578;-2.327193;0.014428;0.000943;0.006005;-0.058101;-0.774462;0.298166
832;-2.960711;8.964221;-2.354397;-0.009239;-0.006979;-0.011724;-0.057362;-0.775017;0.297443
833;-2.970459;8.954517;-2.334813;-0.001377;0.004186;-0.004631;-0.056322;-0.775859;0.297523
834;-2.911939;8.905529;-2.271939;0.005688;0.026089;-0.002801;-0.058166;-0.776048;0.296912
835;-2.904592;8.947016;-2.394818;0.064629;0.022918;-0.004499;-0.056904;-0.775582;0.298781
836;-2.985468;9.217031;-2.415416;0.033965;0.010332;0.009575;-0.058666;-0.772988;0.299779
837;-3.014776;9.256048;-2.42143;0.012844;-0.015622;-0.002871;-0.058341;-0.772346;0.301075
838;-2.956021;9.12469;-2.46227;0.019001;-0.019068;0.003315;-0.059137;-0.773645;0.300682
839;-2.975532;9.085751;-2.368964;-0.025949;-0.034671;-0.022391;-0.059117;-0.773783;0.301076
840;-2.985296;9.11502;-2.408747;-0.023471;-0.024406;-0.013534;-0.057651;-0.774758;0.299366
841;-2.955894;8.966506;-2.29323;-0.049599;-0.023427;-0.001205;-0.056802;-0.775047;0.298252
842;-2.865371;8.735223;-2.234034;-0.013617;0.00193;-0.015241;-0.057138;-0.773819;0.296771
843;-2.867911;8.844714;-2.333793;0.023548;0.018977;-0.001905;-0.05738;-0.77608;0.297084
844;-2.916903;9.032127;-2.42094;0.023465;0.024538;0.000762;-0.059363;-0.776153;0.298797
845;-2.90234;9.041673;-2.371978;6e-06;0.004661;0.013946;-0.059988;-0.774665;0.299239
846;-2.892508;8.985737;-2.356183;-0.017366;-0.019669;-0.00644;-0.057871;-0.77449;0.300125
847;-2.94139;9.071001;-2.365744;-0.007575;-0.015017;-0.006424;-0.058705;-0.773913;0.299026
848;-2.990256;9.114855;-2.311004;-0.015826;-0.00484;0.002409;-0.059106;-0.774962;0.298776
849;-2.955977;9.022393;-2.308876;-0.001231;-0.007828;-0.01171;-0.058018;-0.774723;0.29727
850;-2.933883;8.964128;-2.375997;0.026239;0.010824;-0.002808;-0.058431;-0.774193;0.299308
851;-2.990095;9.0567;-2.37846;0.010976;0.01354;0.000707;-0.058376;-0.774873;0.300369
852;-2.951078;9.083373;-2.45903;-0.026308;-0.003332;-0.006422;-0.05782;-0.773167;0.301127
853;-2.946248;9.097878;-2.437201;-0.087095;-0.027314;0.000527;-0.057669;-0.774596;0.296506
854;-2.875199;8.900875;-2.471822;-0.242002;-0.089816;-0.00861;-0.058632;-0.776658;0.292883
855;-2.846556;8.992034;-1.966782;-0.342315;-0.062272;0.001941;-0.059708;-0.77998;0.282025
856;-2.951593;9.118798;-1.941236;-0.042279;0.005279;-0.017023;-0.057201;-0.781239;0.277914
857;-2.995394;9.131359;-2.042379;0.019922;0.010703;-0.004586;-0.057174;-0.781111;0.278431
858;-2.909991;9.087276;-2.074552;0.050325;0.011772;-0.007179;-0.057693;-0.781758;0.278422
859;-3.029494;9.207151;-2.215391;0.060943;0.025665;-0.003625;-0.058065;-0.781504;0.281249
860;-2.963608;9.20213;-2.302338;-0.005188;0.002563;0.004219;-0.058571;-0.78122;0.281473
861;-2.975991;9.284643;-2.240382;-0.094246;-0.023841;-0.002999;-0.058359;-0.780685;0.280561
862;-3.088191;9.402024;-2.366394;-0.194522;-0.083385;-0.024451;-0.057923;-0.781997;0.276471
863;-3.073454;9.092584;-1.881493;-0.439303;-0.113126;0.033467;-0.055609;-0.784631;0.263568
864;-2.812746;8.786386;-1.204625;-0.271465;-0.075474;0.106192;-0.059341;-0.788637;0.251422
865;-2.553598;8.418761;-1.407046;0.19881;-0.009134;0.060096;-0.062702;-0.78904;0.251515
866;-2.651451;8.593967;-1.333326;0.496187;0.084483;-0.004737;-0.06353;-0.786294;0.260601
867;-2.178093;10.108682;-2.208392;0.551225;0.155614;0.125584;-0.065828;-0.781202;0.281347
868;-3.146637;7.587238;-4.370246;0.051929;0.104928;-0.008054;-0.072627;-0.775019;0.290146
869;-2.206884;9.317504;-1.153331;-0.110773;-0.075755;-0.158363;-0.06516;-0.777436;0.289316
870;-4.125876;12.30849;-3.166319;-0.349189;-0.052229;0.222732;-0.065766;-0.776644;0.292634
871;-3.227512;11.371142;-3.036127;-1.232763;-0.512462;0.277452;-0.07265;-0.784485;0.26201
872;-1.920984;7.309425;-0.810823;-0.808709;-0.547383;-0.013642;-0.073287;-0.794661;0.226987
873;-2.07448;6.827577;0.102469;-0.189714;-0.076612;-0.084485;-0.070156;-0.797419;0.209849
874;-2.428819;7.680513;-0.494855;0.63041;0.260132;-0.03517;-0.074747;-0.796477;0.213729
875;-2.605597;8.807272;-1.24342;1.038493;0.311719;0.025528;-0.076716;-0.789216;0.243381
876;-3.250339;10.265425;-2.599072;1.025839;0.307936;0.075826;-0.077014;-0.779532;0.27785
877;-3.118575;10.608867;-3.466267;0.398903;0.166082;0.206488;-0.085223;-0.771817;0.299503
878;-2.390642;9.287553;-2.75976;-0.031859;-0.041017;0.091703;-0.090816;-0.770951;0.301515
879;-2.282374;8.428713;-2.234534;0.015538;-0.064089;-0.03641;-0.091546;-0.768797;0.302451
880;-2.956959;9.678462;-2.49393;0.296724;0.054022;0.06566;-0.091486;-0.767525;0.308645
881;-3.552353;11.902682;-3.282613;0.394202;-0.068483;0.345549;-0.098039;-0.763459;0.314664
882;-2.590873;9.760662;-3.255212;-0.460629;-0.164239;0.803682;-0.118186;-0.7605;0.310654
883;-2.181113;8.886533;-1.893724;-0.528469;-0.458039;0.734127;-0.139943;-0.762416;0.292949
884;-1.479876;8.092201;-2.363235;-0.644885;-0.478176;0.599828;-0.161326;-0.761239;0.285033
885;-0.636199;5.934317;-1.364086;-0.552203;-0.216645;0.047611;-0.169085;-0.763945;0.26511
886;-0.358829;5.746609;-0.468944;-0.421497;0.008568;-0.419815;-0.159446;-0.771499;0.248588
887;-0.991249;7.426311;0.360343;-0.381267;0.177111;-0.883996;-0.13547;-0.781922;0.236415
888;-4.067288;12.323039;-3.307516;0.569873;0.226104;-0.775385;-0.106531;-0.78607;0.245208
889;-4.439182;13.179839;-3.347628;0.078767;0.012827;-0.114019;-0.08925;-0.78581;0.258962
890;-2.919197;9.680407;-1.092193;-0.072993;-0.035303;0.116273;-0.09277;-0.787244;0.255963
891;-2.049237;8.357438;-1.153796;0.655018;0.186172;0.157415;-0.100398;-0.78302;0.263737
892;-1.902033;8.297922;-2.153131;0.701863;0.244124;0.058717;-0.106556;-0.775648;0.28499
893;-2.244029;9.014623;-2.659863;0.483417;0.156578;-0.028284;-0.10876;-0.76826;0.30256
894;-2.527524;9.609153;-2.936162;0.278452;0.059323;-0.035801;-0.111368;-0.765342;0.31479
895;-2.57634;9.633616;-2.900647;0.224919;0.052709;0.006505;-0.112728;-0.761214;0.321084
896;-2.341699;9.190235;-2.79645;0.192443;0.041047;0.027661;-0.112284;-0.76049;0.327184
897;-2.190016;8.898211;-2.881992;0.064387;0.017721;0.013349;-0.112087;-0.7584;0.331025
898;-2.272958;8.956963;-2.906281;-0.095088;-0.060318;-0.034702;-0.110854;-0.75897;0.32981
899;-2.390361;9.132148;-2.771723;-0.18899;-0.077224;-0.02603;-0.11339;-0.760567;0.32583
900;-2.395543;9.170496;-2.496142;-0.119177;-0.051428;0.000598;-0.111631;-0.762044;0.319739
901;-2.356448;9.09251;-2.457511;-0.020052;-0.010777;-0.006267;-0.110365;-0.762889;0.319183
902;-2.366119;9.102483;-2.565428;0.041871;0.009317;-0.023819;-0.109164;-0.762275;0.319877
903;-2.385552;9.088096;-2.609489;0.051047;0.022011;0.006239;-0.109764;-0.763728;0.320796
