time index;acc_x;acc_y;acc_z;gyr_x;gyr_y;gyr_z;mag_x;mag_y;mag_z
1;2.881097;3.334318;-8.737714;-0.000515;-0.019833;0.001208;0.077266;-0.424243;0.449515
2;2.90059;3.361013;-8.742334;0.004993;-0.00484;-0.002308;0.076528;-0.423413;0.448387
3;2.861543;3.368114;-8.706079;-0.000397;-0.005731;-0.002272;0.077353;-0.42475;0.448593
4;2.881092;3.353657;-8.725471;0.015795;0.004867;-0.001459;0.077626;-0.42382;0.448858
5;2.861368;3.365917;-8.752275;-0.003901;-0.003114;-0.007566;0.077119;-0.425035;0.44912
6;2.871341;3.341522;-8.723156;0.017555;-0.018248;-0.016717;0.076719;-0.42384;0.449343
7;2.866323;3.351343;-8.74745;-0.016601;-0.019843;-0.002217;0.076891;-0.422592;0.447856
8;2.85676;3.358307;-8.684275;0.009381;-0.017254;-0.004194;0.077873;-0.42261;0.448715
9;2.84655;3.378164;-8.77662;0.004238;-0.003201;-0.016527;0.078666;-0.425794;0.448018
10;2.854207;3.351188;-8.715924;-0.013031;-0.018072;-0.000459;0.078795;-0.424726;0.448139
11;2.827221;3.368179;-8.718443;-0.021928;-0.016344;-0.005714;0.080093;-0.424432;0.447537
12;2.841692;3.385368;-8.762032;-0.007592;-0.003002;0.004913;0.081858;-0.425366;0.447923
13;2.841651;3.383003;-8.774197;0.003273;0.000428;-0.005829;0.080084;-0.424959;0.447279
14;2.836818;3.380507;-8.759652;0.012125;-0.00572;0.000289;0.079763;-0.425599;0.446202
15;2.841817;3.377961;-8.735325;0.005036;0.003108;-0.001383;0.080043;-0.425338;0.446481
16;2.822189;3.3901;-8.737821;0.015828;-0.00408;-0.013071;0.080412;-0.425052;0.445961
17;2.827151;3.373101;-8.733006;-0.00225;-0.007445;0.003953;0.078433;-0.424945;0.446382
18;2.831976;3.378022;-8.74754;0.006968;0.008307;-0.012933;0.080612;-0.424953;0.447175
19;2.792733;3.411953;-8.742764;0.013212;0.008307;-0.011207;0.080314;-0.424273;0.446744
20;2.841819;3.387625;-8.727988;-0.001993;0.01366;-0.008381;0.080322;-0.424277;0.446878
21;2.810108;3.387485;-8.699013;0.013879;-0.003048;0.004733;0.080469;-0.424816;0.447031
22;2.829391;3.414445;-8.757113;0.019285;0.001387;0.005607;0.080383;-0.425107;0.447835
23;2.816715;3.427076;-8.859228;0.00511;0.013755;0.00134;0.081171;-0.425095;0.447611
24;2.83948;3.382655;-8.703716;0.013907;-0.003956;0.001175;0.079535;-0.425754;0.446862
25;2.822182;3.399776;-8.732915;0.013989;0.004868;-0.000558;0.08057;-0.424532;0.446495
26;2.827206;3.363365;-8.725758;0.026418;0.001399;0.009098;0.079487;-0.424798;0.446171
27;2.844194;3.382882;-8.749873;0.006885;0.011954;-0.000461;0.080466;-0.424548;0.447025
28;2.836882;3.37801;-8.745078;0.012336;0.010084;-0.011188;0.07955;-0.425096;0.447252
29;2.827081;3.363522;-8.757359;0.004929;-0.003009;0.006583;0.078987;-0.425351;0.446689
30;2.817455;3.358481;-8.718547;0.01048;0.010138;-0.004064;0.080828;-0.423727;0.446495
31;2.839347;3.368321;-8.747539;0.005013;-0.003984;-0.00409;0.079955;-0.424031;0.447522
32;2.820017;3.365587;-8.684466;-0.00305;0.004012;0.001352;0.081568;-0.424691;0.447626
33;2.827157;3.377927;-8.728123;0.003295;0.009285;-0.002227;0.080711;-0.424535;0.446637
34;2.817344;3.385203;-8.728149;0.008768;0.008283;-0.014727;0.079284;-0.424566;0.44736
35;2.82476;3.373029;-8.718436;0.005148;0.022567;0.001384;0.078977;-0.423749;0.446792
36;2.817265;3.382886;-8.750038;0.010493;0.019037;0.00221;0.078935;-0.425324;0.445748
37;2.856478;3.363493;-8.752316;0.012264;0.014616;0.001286;0.079867;-0.424854;0.448202
38;2.875932;3.411988;-8.751976;0.016779;0.029703;0.008453;0.078686;-0.424271;0.44625
39;2.866193;3.378089;-8.761914;0.008646;0.013773;0.004871;0.0787;-0.425609;0.446276
40;2.890858;3.402022;-8.698451;0.018562;0.036811;0.013814;0.076339;-0.425913;0.446951
41;2.905337;3.402284;-8.75184;0.031022;0.024434;0.013646;0.07637;-0.423933;0.447852
42;2.881021;3.397246;-8.713119;0.034679;0.029673;0.008305;0.077181;-0.423204;0.450562
43;2.891261;3.316933;-8.655082;0.021091;0.016484;0.015452;0.076198;-0.424516;0.44946
44;2.88104;3.288472;-8.78411;0.033732;0.026206;0.01539;0.074857;-0.423591;0.4495
45;2.954115;3.330009;-8.849106;-0.002119;0.00319;0.00224;0.073815;-0.423479;0.449974
46;2.925484;3.321826;-8.664573;0.024959;0.027775;-0.007633;0.074293;-0.424378;0.448814
47;2.954451;3.353754;-8.746899;0.021376;0.038501;0.003131;0.07345;-0.423366;0.450621
48;2.959663;3.353357;-8.66665;0.014019;0.01197;0.001274;0.073614;-0.423381;0.451166
49;2.959803;3.319348;-8.65465;0.010361;0.00404;0.003925;0.073186;-0.422305;0.450853
50;2.969483;3.329154;-8.676424;0.015683;-0.011039;-0.002421;0.072871;-0.422815;0.449908
51;2.969078;3.334496;-8.776067;0.008576;0.003198;0.005714;0.072962;-0.422196;0.451642
52;2.930096;3.324599;-8.735027;0.028115;-0.005597;0.015281;0.072394;-0.421916;0.451068
53;2.896742;3.255781;-8.548369;0.055175;0.031472;0.018803;0.073355;-0.421391;0.451649
54;2.906528;3.265455;-8.543403;0.092926;0.088239;0.048141;0.07106;-0.420931;0.453652
55;3.089441;3.249389;-8.731962;0.156073;0.032627;0.056237;0.067916;-0.419653;0.454921
56;3.017225;3.248513;-9.04356;0.116234;-0.058441;0.040944;0.067354;-0.416385;0.457371
57;2.982674;3.137042;-8.567831;0.037669;-0.019593;0.036455;0.068175;-0.41466;0.458054
58;2.986691;3.064989;-8.218091;-0.07159;-0.067621;-0.007361;0.068177;-0.416923;0.457695
59;2.859563;3.08412;-8.160442;-0.117733;-0.152584;-0.024344;0.070747;-0.418051;0.455721
60;2.8514;3.201804;-8.911093;-0.151482;-0.157854;-0.040994;0.073553;-0.420555;0.450573
61;2.830118;3.433521;-9.182423;-0.244813;-0.200155;-0.047542;0.07572;-0.42441;0.445682
62;2.783942;3.31227;-9.180828;-0.294509;-0.170267;-0.071006;0.080829;-0.42798;0.440953
63;2.549595;3.565206;-8.833497;-0.314114;-0.109147;-0.046501;0.084402;-0.433991;0.436987
64;2.714176;3.508903;-8.730648;-0.254496;-0.053675;-0.062682;0.084861;-0.439398;0.429887
65;2.633416;3.687711;-8.59906;-0.186962;-0.009738;-0.078103;0.088196;-0.444026;0.424274
66;2.655389;3.847285;-8.503392;-0.154988;0.018908;-0.031058;0.088768;-0.444771;0.422446
67;2.462208;4.074201;-8.289625;-0.080878;-0.020312;-0.051431;0.088995;-0.447809;0.421178
68;2.399823;4.066025;-8.596334;0.020188;-0.022006;-0.03273;0.088417;-0.447455;0.418059
69;2.87332;4.048438;-8.975156;0.033398;-0.03933;-0.009751;0.089581;-0.446432;0.41998
70;2.549592;4.099952;-9.086295;0.014084;0.017239;-0.00578;0.090335;-0.448798;0.41873
71;2.617716;4.05939;-9.222191;0.025068;0.058006;0.005018;0.089164;-0.447757;0.419446
72;2.496199;3.861883;-8.509164;0.052693;0.039993;-0.011338;0.089511;-0.446731;0.421053
73;2.509095;3.764392;-8.409864;0.052775;0.085277;0.015569;0.08756;-0.446506;0.422009
74;2.592832;3.717837;-8.31476;0.019687;0.086158;0.01052;0.087054;-0.44506;0.422756
75;2.728194;3.872244;-8.648684;-0.104026;0.051031;0.00694;0.085079;-0.44735;0.422821
76;2.808377;3.892327;-8.78909;-0.043316;0.001355;-0.010708;0.085432;-0.448388;0.42179
77;2.742857;3.927859;-8.616738;0.047722;-0.010143;0.006264;0.086192;-0.447163;0.421274
78;2.723913;3.958473;-8.431969;0.083479;-0.002209;0.013132;0.085494;-0.447222;0.42311
79;2.60225;3.856056;-8.314071;0.05665;-0.011172;0.000826;0.085437;-0.446128;0.422283
80;2.601638;3.76499;-8.533269;0.006355;-0.049121;-0.004316;0.084851;-0.445573;0.421436
81;2.723246;3.722475;-8.76608;-0.018644;-0.056148;-0.010366;0.086279;-0.444147;0.423364
82;2.61676;3.689526;-8.47518;-0.024132;-0.069519;-0.01574;0.089561;-0.445825;0.42211
83;2.673821;3.836647;-8.804755;-0.029148;-0.019889;-0.009189;0.088738;-0.446086;0.421666
84;2.556958;3.843099;-8.635283;-0.000485;-0.007578;-0.005815;0.089066;-0.446781;0.422635
85;2.630148;3.930409;-8.639297;-0.032725;-0.010187;-0.008207;0.088413;-0.44699;0.42046
86;2.599568;3.965756;-8.921303;-0.019321;-0.012743;-0.000336;0.089629;-0.447388;0.420671
87;2.554911;3.903014;-8.4916;-0.014883;-0.000433;0.003246;0.090375;-0.446955;0.419768
88;2.518178;3.910282;-8.489361;0.02275;0.01906;0.015484;0.089694;-0.446553;0.419587
89;2.562052;3.925017;-8.527919;0.063125;0.038528;0.022376;0.089083;-0.44845;0.420258
90;2.652436;3.857586;-8.624907;0.045978;0.020954;0.027761;0.088428;-0.445667;0.420971
91;2.66234;3.739027;-8.678866;0.037213;0.016365;0.006451;0.087176;-0.444654;0.422621
92;2.63059;3.82352;-8.600887;-0.016442;0.026112;0.003397;0.08835;-0.445297;0.422031
93;2.516216;3.769505;-8.463277;0.004755;-0.002186;0.010164;0.088744;-0.446621;0.421677
94;2.700621;3.940722;-8.765222;0.022786;-0.000402;0.002956;0.087118;-0.446221;0.421309
95;2.557509;3.823075;-8.508965;0.01934;0.0118;-0.007653;0.08712;-0.44569;0.421433
96;2.70323;3.923603;-8.736114;0.040926;0.034934;0.004772;0.087313;-0.445586;0.422513
97;2.650116;3.891259;-8.568857;0.028218;0.013683;0.002977;0.087123;-0.445894;0.423847
98;2.650213;3.83072;-8.586149;0.040548;-0.013708;0.005388;0.086767;-0.445318;0.422343
99;2.58213;3.750395;-8.523731;0.00657;-0.014631;-0.000582;0.086546;-0.444811;0.423258
100;2.704422;3.779523;-8.532572;-0.029255;-0.031453;-0.012802;0.086705;-0.444488;0.421386
101;2.605668;3.824076;-8.712858;-0.030085;-0.021679;-0.008312;0.087573;-0.445581;0.422394
102;2.54462;3.78764;-8.698813;-0.012014;0.006597;-0.003878;0.089562;-0.446624;0.421991
103;2.654551;3.920838;-8.66593;0.014008;0.030536;0.005853;0.08775;-0.4468;0.422963
104;2.591442;3.941915;-8.513076;-0.003949;0.020738;-0.001167;0.087917;-0.447146;0.421104
105;2.603106;3.978888;-8.634378;0.040796;0.02075;0.003803;0.086875;-0.447097;0.41917
106;2.653131;3.82288;-8.471916;0.073787;0.006562;0.006114;0.086762;-0.446247;0.422093
107;2.669285;3.833778;-8.714854;0.019155;0.009426;0.017247;0.086236;-0.445057;0.422442
108;2.684499;3.731616;-8.652025;0.002007;-0.019799;0.009219;0.087125;-0.446028;0.423849
109;2.64607;3.711358;-8.477331;-0.048047;-0.030578;-0.013549;0.088028;-0.445739;0.42336
110;2.567355;3.757756;-8.540805;-0.034467;-0.009382;-0.012667;0.086951;-0.447269;0.420516
111;2.68397;3.923198;-8.653584;-0.01464;0.017222;-0.005536;0.08787;-0.447654;0.420174
112;2.586452;3.920284;-8.552099;0.003997;-0.002285;-0.005806;0.087885;-0.447662;0.420443
113;2.689281;3.925094;-8.546584;0.00831;-0.020797;-0.002367;0.089223;-0.447654;0.420519
114;2.532347;3.985849;-8.569148;0.033488;-0.006732;-0.004294;0.086017;-0.449538;0.420105
115;2.67152;3.901712;-8.721823;0.024514;0.006758;0.01542;0.088218;-0.448226;0.421544
116;2.600566;3.921002;-8.697862;0.028048;-0.0137;0.002825;0.088082;-0.447294;0.421652
117;2.641697;3.669619;-8.373021;0.008278;-0.01993;0.002045;0.088841;-0.446735;0.421015
118;2.644911;3.804647;-8.707844;0.028285;0.007452;-0.004188;0.087738;-0.445127;0.420654
119;2.640382;3.823865;-8.647251;-0.018325;0.008443;0.004952;0.087737;-0.446751;0.421152
120;2.664393;3.916285;-8.702592;-0.002047;0.02252;-0.002205;0.086659;-0.447418;0.420836
121;2.740171;3.969586;-8.694591;-0.008563;-0.002136;0.004851;0.08743;-0.446599;0.420462
122;2.678853;3.916571;-8.760842;0.002183;-0.027056;-0.013174;0.087183;-0.447144;0.420727
123;2.65987;3.877151;-8.634734;-0.016805;-0.023337;0.008338;0.088783;-0.44793;0.420565
124;2.567109;3.862327;-8.57703;-0.015111;-0.03931;0.004667;0.089557;-0.448043;0.420075
125;2.532601;3.881613;-8.576915;-0.031081;-0.050141;-0.025349;0.09084;-0.447315;0.418462
126;2.463531;3.940279;-8.669444;0.020063;-0.01025;-0.004222;0.092095;-0.447866;0.419347
127;2.600661;3.85805;-8.717595;0.022939;0.049255;0.026312;0.090814;-0.447637;0.420341
128;2.633719;3.990072;-8.935568;0.056408;0.160213;0.081776;0.089035;-0.448096;0.421855
129;2.671626;3.842924;-8.111943;0.161213;0.23091;0.113309;0.084421;-0.446295;0.423165
130;2.945796;3.739341;-8.234947;0.218785;0.212017;0.077045;0.078802;-0.443832;0.428887
131;2.96992;3.667286;-8.376119;0.270399;0.139349;0.058438;0.074531;-0.439275;0.432038
132;2.843357;3.477873;-8.31942;0.212954;0.093251;0.039058;0.071946;-0.435282;0.436634
133;3.008402;3.498976;-8.668355;0.253236;0.056005;0.018984;0.070589;-0.432758;0.441461
134;2.818201;3.304724;-8.612068;0.211214;0.038152;-0.000383;0.068885;-0.427001;0.445403
135;2.946232;3.240959;-8.470584;0.114305;0.017111;0.004764;0.067713;-0.425099;0.448647
136;2.973973;3.288926;-8.854271;0.040772;-0.064401;-0.038635;0.067709;-0.424697;0.448639
137;3.05901;3.4813;-9.509204;-0.063058;-0.112974;-0.06647;0.070307;-0.423046;0.447684
138;2.977471;3.375263;-9.15042;-0.075957;-0.147463;-0.061231;0.074502;-0.425372;0.445959
139;2.7593;3.35083;-8.617081;-0.016584;-0.057307;-0.034586;0.078788;-0.427079;0.445967
140;2.706884;3.293444;-8.289498;0.003141;-0.0041;-0.002461;0.079795;-0.425445;0.44519
141;2.667943;3.293161;-8.231398;-0.004772;0.017094;-0.003176;0.080338;-0.42478;0.445476
142;2.778852;3.377454;-8.607116;-0.040469;0.02788;0.00164;0.079496;-0.426627;0.444392
143;2.879634;3.602333;-8.970099;-0.068113;0.015496;-0.015055;0.077547;-0.427929;0.4427
144;2.923135;3.632038;-9.093671;-0.044847;0.011086;-0.014374;0.079364;-0.428954;0.441619
145;2.909241;3.616541;-8.901789;-0.02178;-0.014626;-0.016478;0.079723;-0.430527;0.440598
146;2.847065;3.547031;-8.574322;0.026467;-0.014734;-0.01333;0.07951;-0.429359;0.441768
147;2.770011;3.43426;-8.324931;0.037245;-0.014893;-0.022332;0.082158;-0.428797;0.441506
148;2.740368;3.405598;-8.412755;0.044322;0.006578;0.007945;0.081649;-0.429213;0.441887
149;2.812855;3.421289;-8.645601;0.013931;0.010242;0.011779;0.0808;-0.428997;0.443441
150;2.8485;3.487885;-8.873579;0.022964;0.008467;0.006368;0.080581;-0.428023;0.442071
151;2.857858;3.500513;-8.97556;0.023866;0.013843;0.012614;0.080056;-0.428962;0.44206
152;2.839091;3.480156;-8.7813;0.010485;0.008388;-0.002421;0.080378;-0.428456;0.443139
153;2.79985;3.523751;-8.769187;0.028261;0.000464;0.004504;0.08011;-0.427128;0.443366
154;2.798354;3.418638;-8.599516;0.003106;-0.023508;-0.007876;0.079892;-0.428884;0.443923
155;2.829865;3.450446;-8.657517;0.002264;-0.007511;0.000227;0.080129;-0.428867;0.4434
156;2.812589;3.469956;-8.679413;0.016658;0.013766;0.010003;0.080776;-0.428186;0.443156
157;2.846746;3.460431;-8.71571;0.033748;0.029711;0.015285;0.080265;-0.42767;0.443653
158;2.836872;3.479868;-8.722974;0.014045;0.01728;0.005601;0.080275;-0.429271;0.44355
159;2.837019;3.47485;-8.688964;0.012192;0.008431;0.00468;0.079479;-0.427151;0.444
160;2.836866;3.475042;-8.727858;0.017767;0.022477;-0.005962;0.078622;-0.427659;0.44289
161;2.844553;3.426278;-8.674554;0.033735;0.020809;0.009009;0.079242;-0.426503;0.444643
162;2.84169;3.470299;-8.749727;0.010556;0.027887;0.004796;0.079407;-0.426651;0.445191
163;2.876469;3.421327;-8.654934;-0.00015;0.024277;-0.004026;0.077801;-0.42799;0.444858
164;2.866374;3.455542;-8.708319;0.002322;0.031624;0.027116;0.078054;-0.427316;0.444725
165;2.866518;3.448111;-8.67675;0.008676;0.017276;0.004757;0.077158;-0.427672;0.442941
166;2.890792;3.443534;-8.732533;0.023937;0.025255;0.008232;0.07713;-0.426396;0.445057
167;2.900716;3.440951;-8.700882;0.014095;0.021691;0.003851;0.077386;-0.427454;0.44469
168;2.915448;3.421561;-8.703311;0.008714;0.015483;0.000305;0.076051;-0.427729;0.444619
169;2.900764;3.43364;-8.693623;0.005106;0.004824;-0.005947;0.07585;-0.426966;0.445932
170;2.890911;3.438552;-8.705814;0.009486;0.008478;0.008262;0.075292;-0.426957;0.445498
171;2.910827;3.41155;-8.640182;0.01576;-0.002237;-0.002516;0.077184;-0.426557;0.446
172;2.895913;3.431168;-8.68394;0.010395;-0.002225;-0.002472;0.075376;-0.427134;0.446979
173;2.837721;3.399052;-8.562901;0.023053;0.020716;-0.000686;0.075435;-0.425764;0.445885
174;2.714136;3.288725;-8.316215;0.041073;0.066742;0.018945;0.075031;-0.426829;0.445615
175;3.029064;3.400955;-8.462052;0.078276;0.013814;0.023753;0.071104;-0.42663;0.446994
176;2.757757;3.427685;-8.95706;0.039431;-0.034606;0.036211;0.071719;-0.425072;0.44874
177;2.984776;3.338406;-8.562276;0.005339;-0.0248;0.043691;0.071705;-0.423069;0.448834
178;3.117115;3.318878;-8.539675;-0.070536;-0.032023;0.012285;0.071557;-0.425856;0.448076
179;2.862975;3.240996;-8.475957;-0.158328;-0.080003;-0.021975;0.070903;-0.425931;0.445899
180;2.769288;3.391668;-8.539045;-0.166569;-0.113644;-0.030084;0.07309;-0.430328;0.441289
181;2.924474;3.580262;-9.412342;-0.15634;-0.123447;-0.060427;0.075223;-0.431706;0.438625
182;2.753295;3.576974;-8.74249;-0.161785;-0.120127;-0.068375;0.079287;-0.435029;0.434369
183;2.752764;3.836225;-8.697554;-0.087033;-0.120707;-0.023606;0.081415;-0.436607;0.433984
184;2.812649;3.777454;-9.074238;-0.166028;-0.159382;-0.019615;0.08455;-0.439274;0.42993
185;2.752879;3.298923;-8.418027;-0.225329;-0.205615;-0.042551;0.088704;-0.444037;0.424635
186;2.528927;3.662925;-8.463924;-0.187169;-0.12441;-0.045973;0.091349;-0.44673;0.421357
187;2.35159;3.724055;-8.070933;-0.151184;-0.092799;-0.052334;0.09594;-0.447918;0.417357
188;2.426952;4.04195;-8.60867;-0.145299;-0.059289;-0.074391;0.096631;-0.451314;0.414784
189;2.320583;4.169012;-8.800781;-0.120216;-0.062856;-0.076399;0.099194;-0.45197;0.410391
190;2.272979;4.296052;-8.9901;-0.093127;-0.022124;-0.066619;0.10075;-0.455059;0.406657
191;2.291119;4.207791;-8.795923;-0.078788;0.002699;-0.051493;0.099895;-0.455037;0.405671
192;2.491588;4.328946;-8.781985;0.012879;0.061899;-0.04477;0.100825;-0.455827;0.405471
193;2.531692;4.269768;-8.58511;0.035867;0.02204;-0.048725;0.102097;-0.455854;0.406749
194;2.652659;4.123485;-8.429461;0.064794;0.00658;0.007865;0.101426;-0.455724;0.406708
195;2.194473;3.845458;-8.098083;0.058323;-0.000548;0.020228;0.100586;-0.454981;0.40852
196;2.443559;3.970112;-8.793642;0.038905;0.0476;0.045579;0.101298;-0.453403;0.409601
197;2.494516;3.938603;-8.307302;0.031753;0.03317;0.019791;0.099226;-0.454248;0.410571
198;2.380677;4.027155;-8.557974;-0.015307;0.06139;0.003422;0.098117;-0.453436;0.409957
199;2.51616;4.154828;-8.879865;-0.03611;0.022618;0.002528;0.096709;-0.455872;0.410592
200;2.561324;4.196944;-8.570675;0.042761;0.094405;0.042297;0.094129;-0.454537;0.410019
201;2.527169;4.184717;-8.549063;0.096495;0.079173;0.027539;0.093804;-0.453248;0.411582
202;2.55297;3.996972;-8.343139;0.094996;0.010293;0.037838;0.091247;-0.452526;0.413698
203;2.60657;3.89579;-8.479401;0.085349;0.022645;0.03086;0.091291;-0.451085;0.414744
204;2.503156;3.867548;-8.650325;0.049549;0.003147;0.018577;0.0919;-0.450987;0.416115
205;2.723615;3.835941;-8.639393;0.00999;-0.033966;0.008065;0.090918;-0.449575;0.417907
206;2.450465;3.812922;-8.390795;-0.044288;-0.014818;-0.021658;0.09216;-0.450981;0.415996
207;2.680662;4.004373;-8.862526;-0.05128;-0.003177;-0.021488;0.091597;-0.451236;0.415434
208;2.488524;4.145395;-8.442522;-0.034539;0.001285;-0.002038;0.091892;-0.451711;0.413452
209;2.541095;4.149422;-8.767917;-0.008427;0.008372;-0.003994;0.091985;-0.452025;0.415069
210;2.556673;4.08547;-8.585798;-0.041834;-0.026973;-0.004798;0.091879;-0.453301;0.412946
211;2.552535;4.016852;-8.440286;-0.016728;-0.030657;-0.014812;0.094637;-0.453259;0.412165
212;2.528857;3.899847;-8.316991;-0.0473;-0.042991;-0.011086;0.09486;-0.454033;0.411255
213;2.635626;3.983191;-8.500701;-0.095908;-0.101318;-0.0252;0.094458;-0.456094;0.408461
214;2.434234;4.107277;-8.579157;-0.070761;-0.048055;0.00865;0.097287;-0.457881;0.406247
215;2.302211;4.196492;-8.472602;-0.043841;-0.059807;-0.012979;0.097888;-0.458571;0.402546
216;2.389506;4.270031;-8.634598;-0.007895;-0.027865;0.001141;0.099586;-0.460206;0.404012
217;2.368721;4.353707;-8.882291;0.071595;0.080899;0.015295;0.098195;-0.459388;0.403115
218;2.571346;4.211155;-8.502484;0.128544;0.077521;0.045062;0.097542;-0.458139;0.405998
219;2.483001;4.12685;-8.615232;0.161676;0.081068;0.051893;0.093849;-0.456857;0.406969
220;2.547199;4.010155;-8.55703;0.11086;0.0649;0.014874;0.09425;-0.453997;0.409882
221;2.528996;3.803006;-8.349033;0.067626;0.036663;0.019499;0.093312;-0.452475;0.412476
222;2.470551;3.776041;-8.288744;0.016685;0.024141;-0.002389;0.09205;-0.452521;0.413744
223;2.537695;3.91071;-8.552681;-0.057741;-0.004018;-0.007239;0.091982;-0.452486;0.412535
224;2.52212;4.061659;-8.67363;-0.073822;-0.009342;-0.015122;0.091727;-0.454421;0.410014
225;2.521626;4.173446;-8.72174;-0.031829;-0.002181;-0.000299;0.092403;-0.455086;0.410065
226;2.514505;4.245666;-8.614495;0.010256;-0.004966;-0.007762;0.093298;-0.45599;0.409196
227;2.54734;4.162229;-8.415344;0.037878;-0.020067;-0.00896;0.093559;-0.455453;0.409201
228;2.573697;4.148444;-8.570821;0.070239;-0.030847;-0.02796;0.093636;-0.455626;0.410547
229;2.453943;3.998369;-8.623289;0.060407;0.010102;0.007866;0.094543;-0.454275;0.410305
230;2.547615;3.920216;-8.513682;0.015668;0.009229;0.002901;0.093377;-0.452907;0.413559
231;2.474769;3.885642;-8.385452;-0.04178;-0.018208;-0.005676;0.094056;-0.452573;0.41145
232;2.576209;3.984029;-8.668791;-0.037013;-0.000571;-0.018049;0.094917;-0.453796;0.412325
233;2.492996;4.066177;-8.605724;-0.050649;-0.031554;-0.023436;0.095087;-0.454409;0.410472
234;2.485835;4.136032;-8.510645;-0.03619;0.002957;-0.014468;0.094979;-0.455418;0.408344
235;2.502427;4.206797;-8.600162;-0.019324;-0.011128;-0.008447;0.096225;-0.456561;0.406563
236;2.51185;4.202426;-8.697359;0.017465;0.017268;0.008294;0.095971;-0.455707;0.409343
237;2.508406;4.074937;-8.415982;0.03158;-0.011127;0.00357;0.097339;-0.455715;0.409956
238;2.508435;4.028984;-8.4405;0.024407;-0.039574;-0.016982;0.096981;-0.457001;0.408086
239;2.497661;4.018134;-8.698288;-0.012969;-0.011164;-0.012087;0.097736;-0.455375;0.407563
240;2.472642;4.110645;-8.770945;-0.039806;-0.000456;-0.005577;0.098113;-0.457223;0.406816
241;2.470658;4.168063;-8.612688;-0.032482;0.008201;-0.022474;0.099318;-0.45735;0.406887
242;2.370543;4.19192;-8.530544;-0.0095;0.022648;0.020086;0.099007;-0.458792;0.405826
243;2.482366;4.333065;-8.63374;0.057006;0.075767;0.034972;0.0984;-0.45763;0.407108
244;2.504419;4.241202;-8.692366;0.125162;0.152153;0.088158;0.095403;-0.458222;0.408288
245;2.524793;3.983387;-8.046808;0.180686;0.150049;0.071668;0.091384;-0.454256;0.413472
246;2.711882;3.951306;-8.429884;0.236389;0.201616;0.103509;0.089465;-0.452051;0.415328
247;2.773098;3.890866;-8.468678;0.281434;0.215557;0.085428;0.081937;-0.447228;0.422304
248;2.899964;3.707729;-8.706961;0.225945;0.173036;0.058969;0.079116;-0.444051;0.427303
249;3.088521;3.487066;-8.22307;0.164714;0.100346;0.030643;0.074743;-0.441709;0.433033
250;2.738295;3.286055;-7.776427;0.228149;0.084125;0.02285;0.073493;-0.438835;0.435049
251;2.866121;3.518036;-8.105181;0.27481;0.0663;0.001074;0.070777;-0.433647;0.439882
252;3.002374;3.568064;-8.908731;0.078702;-0.013153;-0.037742;0.070574;-0.43275;0.441192
253;3.134618;3.91247;-9.905432;-0.026345;-0.133362;-0.081046;0.071292;-0.43044;0.440118
254;3.053046;3.741225;-9.600426;-0.074382;-0.189807;-0.065864;0.076951;-0.43129;0.438581
255;2.778101;3.506479;-8.708628;-0.015039;-0.099762;-0.041916;0.08166;-0.432342;0.439137
256;2.60503;3.263243;-8.064191;0.02833;0.004532;-0.015085;0.082664;-0.43443;0.437627
257;2.591048;3.276858;-7.874608;0.030178;0.034651;-0.002486;0.083283;-0.433938;0.439259
258;2.691905;3.44606;-8.257292;0.004993;0.033187;0.017306;0.082952;-0.432178;0.438404
259;2.816554;3.630625;-8.805059;-0.046542;0.04556;-0.005293;0.079739;-0.432062;0.438219
260;2.956646;3.797324;-9.172929;-0.059165;0.020912;-0.007952;0.078121;-0.433661;0.437622
261;2.944717;3.801767;-9.090333;-0.045204;-0.030404;-0.011007;0.079139;-0.434293;0.436621
262;2.87519;3.734683;-8.762899;-0.003366;-0.048165;-0.006122;0.08179;-0.436128;0.436004
263;2.764278;3.609312;-8.416539;0.028028;-0.043081;-0.016161;0.083812;-0.436124;0.436386
264;2.66248;3.477541;-8.247605;0.056773;-0.023713;-0.013657;0.083348;-0.434498;0.435526
265;2.695907;3.543849;-8.417257;0.04612;0.016336;0.012441;0.084298;-0.434303;0.438253
266;2.743506;3.603554;-8.722981;0.023867;0.024378;0.011785;0.082983;-0.43372;0.436293
267;2.838701;3.606312;-8.79288;0.035375;0.021876;0.026807;0.081696;-0.434286;0.437034
268;2.816402;3.654982;-8.826826;0.046198;0.029796;0.024095;0.082598;-0.432471;0.439192
269;2.836384;3.596481;-8.766199;0.039056;0.009299;0.004479;0.080225;-0.431634;0.437435
270;2.829597;3.566782;-8.644834;0.017412;-0.000355;0.011717;0.081322;-0.431376;0.438028
271;2.7638;3.525328;-8.596809;0.01026;-0.011069;0.001034;0.08123;-0.433128;0.438458
272;2.810078;3.542536;-8.645064;0.004861;-0.007445;0.00822;0.080978;-0.431807;0.438954
273;2.802798;3.532789;-8.63543;0.001351;0.010285;0.014565;0.082365;-0.432889;0.439723
274;2.824539;3.552485;-8.695978;0.001502;0.015503;0.003036;0.08106;-0.433179;0.440189
275;2.82954;3.566854;-8.659419;-0.000333;0.006633;-0.000549;0.080985;-0.431811;0.439088
276;2.848885;3.62032;-8.683365;0.001464;0.015534;0.005718;0.080041;-0.431812;0.438901
277;2.829291;3.605833;-8.695705;0.010433;0.013728;0.002962;0.080157;-0.432866;0.438392
278;2.851445;3.571845;-8.688432;0.016682;0.023535;0.013632;0.078963;-0.432479;0.438585
279;2.861534;3.547306;-8.630141;0.021095;0.018233;0.015345;0.080065;-0.433288;0.439064
280;2.849448;3.518112;-8.610902;0.015652;-0.000388;0.008172;0.079539;-0.433428;0.439171
281;2.856357;3.537991;-8.708003;0.02313;0.03315;0.002066;0.079436;-0.431449;0.440064
282;2.881023;3.547423;-8.65433;0.044644;0.041978;0.00461;0.079297;-0.43298;0.442093
283;2.87861;3.552213;-8.642169;0.005073;0.019059;0.005704;0.077979;-0.4308;0.440371
284;2.866552;3.537485;-8.605847;0.017331;0.004172;0.024193;0.07872;-0.431898;0.441504
285;2.822804;3.532258;-8.528352;0.040714;-0.000457;0.006187;0.077739;-0.43055;0.440887
286;2.733791;3.414301;-8.210994;0.076586;0.04202;0.027437;0.07852;-0.430604;0.442941
287;3.062368;3.445668;-8.677991;0.10334;0.007649;0.024408;0.075922;-0.428796;0.444499
288;2.739805;3.55921;-9.073251;0.100893;-0.079735;0.035477;0.07625;-0.42816;0.44571
289;3.003447;3.520801;-8.668285;0.172818;-0.039286;0.024476;0.076874;-0.425409;0.447834
290;2.820506;3.270412;-8.048251;0.048162;-0.051654;0.025391;0.075345;-0.42286;0.447163
291;2.754975;3.277615;-8.522638;-0.143648;-0.052794;-0.039748;0.077427;-0.422951;0.446212
292;2.690478;3.436424;-9.251568;-0.170699;-0.110151;-0.047841;0.078339;-0.427653;0.442606
293;2.907508;3.509966;-9.417629;-0.095483;-0.094124;-0.03233;0.08112;-0.43048;0.439338
294;2.718263;3.515096;-8.978781;-0.122299;-0.07656;-0.035589;0.083639;-0.432513;0.436308
295;2.826795;3.605894;-8.707874;-0.131014;-0.04306;-0.044193;0.08522;-0.434353;0.435629
296;2.690184;3.619804;-8.574952;-0.111436;-0.055519;-0.045325;0.088695;-0.43679;0.432929
297;2.690388;3.706548;-8.462734;-0.16992;-0.110394;-0.062015;0.091767;-0.437765;0.430445
298;2.5439;3.737483;-8.339519;-0.228538;-0.166951;-0.064516;0.091638;-0.441089;0.425147
299;2.515359;3.867594;-8.659973;-0.213988;-0.166192;-0.0833;0.096331;-0.448911;0.419406
300;2.368541;3.872358;-8.638974;-0.172501;-0.108738;-0.071797;0.101382;-0.448726;0.414335
301;2.281756;4.091252;-8.767343;-0.093195;-0.006102;-0.047881;0.102694;-0.4511;0.413518
302;2.351067;4.218369;-8.484356;-0.041253;0.036425;-0.024926;0.102767;-0.453063;0.412087
303;2.326072;4.25285;-8.591311;0.051848;0.077293;0.011869;0.102925;-0.450547;0.412985
304;2.419456;4.143642;-8.576651;0.045236;0.01359;0.000913;0.101577;-0.450885;0.415057
305;2.536242;4.052701;-8.824298;0.050625;0.013707;0.007981;0.10073;-0.451;0.414208
306;2.496892;3.996693;-8.285144;0.066438;-0.009381;0.009507;0.100269;-0.451573;0.415397
307;2.531552;3.941276;-8.849144;0.045045;-0.018989;0.007835;0.099914;-0.449801;0.414139
308;2.422232;3.809072;-8.101713;0.03152;-0.00941;0.007983;0.101813;-0.449341;0.417182
309;2.339751;3.828125;-8.520241;0.055055;0.056322;0.043685;0.099658;-0.44735;0.417156
310;2.60068;3.959872;-8.688198;0.041775;0.045627;0.020673;0.09763;-0.447483;0.416642
311;2.570379;4.089118;-8.833646;-0.000291;0.039477;0.015661;0.098401;-0.447266;0.418555
312;2.593015;4.011024;-8.734198;-0.015554;0.01548;-0.000351;0.097078;-0.447946;0.418627
313;2.541066;4.033458;-8.855957;-0.019336;-0.027002;-0.009447;0.095942;-0.448051;0.41736
314;2.560979;3.93396;-8.841704;-0.016587;-0.009258;-0.000494;0.098909;-0.44951;0.41769
315;2.420641;3.84732;-8.480762;-0.040548;0.007297;-0.019795;0.098064;-0.449759;0.416843
316;2.445112;3.86183;-8.473253;-0.096989;-0.007723;-0.028295;0.099937;-0.451079;0.416707
317;2.406379;4.044953;-8.23443;-0.10542;-0.03417;-0.017669;0.100363;-0.452084;0.414609
318;2.515291;4.075513;-8.532619;-0.036385;-0.014626;-0.004783;0.101844;-0.453608;0.412179
319;2.50266;4.163004;-8.57119;-0.023769;0.00308;-0.000337;0.100602;-0.453595;0.411439
320;2.541183;4.204895;-8.706891;0.004977;-0.000552;-0.011256;0.100725;-0.454653;0.411065
321;2.42952;4.099799;-8.537895;0.00121;-0.031601;-0.018531;0.101072;-0.45316;0.410387
322;2.426413;4.124794;-8.688514;0.011863;-0.007432;0.015298;0.100821;-0.453968;0.410522
323;2.385352;4.08785;-8.572253;0.03449;0.010042;-0.000809;0.101609;-0.453956;0.410299
324;2.446549;4.090265;-8.571867;0.033758;0.063299;0.024388;0.100349;-0.454269;0.411572
325;2.464129;4.067957;-8.474627;0.011486;0.063183;0.009457;0.099892;-0.453248;0.413132
326;2.516056;3.997218;-8.391981;0.017387;0.017243;0.01272;0.099301;-0.453622;0.412035
327;2.52275;4.075367;-8.503403;-0.016634;-0.009377;-0.007584;0.099364;-0.45392;0.413115
328;2.510624;4.036559;-8.501224;-0.040315;-0.073028;-0.01307;0.098165;-0.453727;0.410768
329;2.436361;4.095597;-8.66914;-0.031152;-0.069644;-0.03092;0.099389;-0.455657;0.408465
330;2.4094;4.163307;-8.630102;-0.018534;-0.02883;-0.009459;0.101103;-0.455368;0.408155
331;2.410356;4.02194;-8.48489;0.006391;-0.023424;0.009911;0.102665;-0.456736;0.409609
332;2.404851;4.087955;-8.594011;0.022929;0.022453;0.001133;0.101941;-0.45578;0.408746
333;2.429657;4.147962;-8.46961;0.013799;0.02081;0.015443;0.101559;-0.456191;0.409
334;2.545954;4.096301;-8.814316;0.021088;0.00661;0.000191;0.100824;-0.455629;0.407877
335;2.482264;4.096359;-8.82443;-0.025947;0.07923;0.012515;0.101198;-0.454549;0.40761
336;2.449781;3.949115;-8.470395;-0.072271;0.082478;-0.018224;0.100619;-0.455929;0.408942
337;2.492687;4.303399;-8.519562;-0.088035;0.02963;-0.004982;0.098248;-0.456691;0.406948
338;2.469193;4.20308;-8.33785;-0.056097;0.00311;0.003493;0.099712;-0.458674;0.406533
339;2.50292;4.264178;-8.434598;-0.007733;-0.00761;-0.005843;0.098421;-0.460366;0.404618
340;2.542592;4.220043;-8.337322;0.039254;-0.030375;0.026551;0.099989;-0.460939;0.406325
341;2.541788;4.259719;-8.514599;0.045706;-0.030498;0.009603;0.099949;-0.459322;0.40589
342;2.409632;4.211349;-8.537508;0.056514;-0.025254;0.007736;0.100572;-0.457831;0.405361
343;2.446151;4.124599;-8.6495;0.031487;-0.019857;0.012407;0.099483;-0.458163;0.407314
344;2.44442;4.099533;-8.484326;0.006578;-0.012931;-0.004245;0.100025;-0.45803;0.407476
345;2.488231;4.109514;-8.542353;-0.00518;-0.027004;-0.00066;0.100964;-0.457628;0.407655
346;2.468635;4.155447;-8.513093;-0.002366;-0.020037;-0.011312;0.101373;-0.458358;0.405283
347;2.483348;4.181998;-8.488573;-0.020385;-0.02347;-0.002283;0.101351;-0.457681;0.405001
348;2.473593;4.181952;-8.478909;-0.02951;-0.067797;-0.01934;0.102807;-0.457665;0.404816
349;2.453151;4.279696;-8.629302;-0.038399;-0.04288;-0.004011;0.103873;-0.459982;0.401976
350;2.387552;4.242828;-8.527777;-0.002482;-0.027954;-0.006019;0.105805;-0.461332;0.402915
351;2.34188;4.18136;-8.355746;0.015545;0.006538;0.004676;0.104833;-0.459457;0.402556
352;2.436382;4.235738;-8.566403;0.001017;-0.012717;0.017159;0.106186;-0.460787;0.402658
353;2.418914;4.255489;-8.636915;0.026202;-0.013733;0.004495;0.106392;-0.459956;0.401717
354;2.333742;4.167856;-8.567343;0.010146;-0.00046;0.008231;0.104339;-0.459747;0.403203
355;2.330992;4.279403;-8.56685;0.006669;0.019009;0.010157;0.104333;-0.458546;0.403313
356;2.304098;4.231029;-8.591545;0.055015;0.034087;0.024055;0.104692;-0.458725;0.404943
357;2.423624;4.236389;-8.697744;0.083923;0.09884;0.050854;0.103701;-0.459171;0.406234
358;2.501768;4.231791;-8.750765;0.066146;0.123697;0.058256;0.10269;-0.457744;0.407488
359;2.573166;4.20711;-8.665359;0.111189;0.183871;0.074222;0.09753;-0.454813;0.411154
360;2.656637;4.020064;-8.111465;0.204388;0.217295;0.079858;0.092687;-0.453635;0.415408
361;2.55646;3.894164;-8.149118;0.263594;0.256271;0.101773;0.089342;-0.45093;0.418111
362;2.736429;3.713731;-7.954369;0.338567;0.211884;0.090256;0.082245;-0.445454;0.425768
363;2.600073;3.577487;-7.861024;0.33303;0.178177;0.081192;0.078823;-0.438857;0.432541
364;2.948568;3.436849;-8.362718;0.238608;0.156766;0.026746;0.073039;-0.434559;0.439626
365;3.068428;3.735519;-9.427766;0.056854;0.053311;-0.032743;0.070419;-0.432937;0.438376
366;3.280855;3.864934;-10.104082;-0.054348;-0.143634;-0.054184;0.071556;-0.432832;0.439643
367;3.005788;3.640008;-9.236548;-0.047599;-0.187248;-0.063415;0.076786;-0.433271;0.437673
368;2.672386;3.375896;-8.289333;0.020801;-0.091122;-0.047523;0.082624;-0.433415;0.43948
369;2.547265;3.305508;-7.782372;0.040738;-0.013295;-0.024169;0.083682;-0.434397;0.436748
370;2.586189;3.368646;-7.801292;0.010244;0.00639;-0.002457;0.086922;-0.433596;0.437585
371;2.701222;3.565072;-8.295585;-0.020108;0.007445;-0.00128;0.083842;-0.43268;0.437527
372;2.830388;3.791196;-8.911199;-0.069119;0.020892;-0.003437;0.083525;-0.433721;0.436458
373;2.931784;3.923472;-9.182229;-0.098777;-0.005535;-0.006864;0.083899;-0.435301;0.435706
374;2.882763;4.000885;-9.143282;-0.023724;-0.03934;-0.020106;0.083656;-0.438971;0.433086
375;2.781721;3.829498;-8.809226;0.013022;-0.048472;-0.038273;0.086107;-0.436781;0.431978
376;2.720611;3.637817;-8.295134;0.058366;-0.039522;-0.005721;0.087657;-0.437744;0.433289
377;2.598848;3.533108;-8.203986;0.083703;0.006405;0.000508;0.08791;-0.435676;0.435807
378;2.65459;3.516893;-8.359294;0.078449;0.045536;0.023881;0.087634;-0.434875;0.435776
379;2.763212;3.615483;-8.683912;0.044692;0.050807;0.005536;0.086479;-0.434641;0.436643
380;2.830658;3.684524;-8.916546;0.034852;0.031336;-0.006032;0.086349;-0.433579;0.436883
381;2.850103;3.679863;-8.955341;0.01226;0.013795;0.004732;0.084348;-0.433461;0.436901
382;2.801964;3.664336;-8.756377;0.037225;0.001312;0.000899;0.083813;-0.433464;0.436871
383;2.77332;3.583669;-8.625655;0.02624;-0.034089;-0.002768;0.084631;-0.433467;0.437185
384;2.734613;3.563759;-8.521457;-0.007679;-0.031528;-0.01493;0.085755;-0.434287;0.438068
385;2.736837;3.576124;-8.570004;-0.007688;-0.014587;0.001167;0.086648;-0.434392;0.437317
386;2.68486;3.630009;-8.677034;-0.016451;-0.003169;-0.009374;0.085844;-0.433598;0.43739
387;2.790129;3.620329;-8.683725;0.006006;0.017228;-0.000544;0.086162;-0.435485;0.43798
388;2.780046;3.664195;-8.727342;0.008834;0.032225;-0.00404;0.086051;-0.433565;0.436331
389;2.777632;3.668985;-8.71518;0.0389;0.008523;0.018706;0.086639;-0.43492;0.437059
390;2.753337;3.610755;-8.708303;0.051503;-0.000466;0.004315;0.085491;-0.433289;0.435892
391;2.778106;3.610391;-8.635227;0.062488;0.031296;0.000843;0.086118;-0.432801;0.437658
392;2.775782;3.571568;-8.630557;0.035474;-0.004115;-0.0098;0.084156;-0.432171;0.438472
393;2.788041;3.540126;-8.647641;0.031907;0.01191;0.002761;0.084574;-0.43098;0.439008
394;2.780655;3.537763;-8.659852;0.038107;0.017313;0.015185;0.083483;-0.430379;0.441077
395;2.811836;3.557902;-8.810282;0.035603;0.031444;0.00995;0.084275;-0.430768;0.440861
396;2.829476;3.484767;-8.73272;0.051774;0.022447;-0.004464;0.082032;-0.430931;0.441272
397;2.816911;3.548009;-8.771402;0.044579;0.022495;-0.000842;0.084439;-0.430118;0.441527
398;2.807732;3.53274;-8.625676;0.068704;0.02245;0.000738;0.083217;-0.430451;0.443472
399;2.807577;3.484602;-8.698823;0.055285;0.022493;0.002618;0.082299;-0.428736;0.444056
400;2.822548;3.464912;-8.64048;0.019398;0.008355;-0.001606;0.082702;-0.426873;0.444445
401;2.827363;3.44568;-8.674571;0.023153;0.037566;0.003851;0.082736;-0.426491;0.445109
402;2.822134;3.494432;-8.725429;0.031873;0.01199;0.009872;0.081694;-0.426378;0.445583
403;2.837021;3.460348;-8.698753;0.020932;-0.000263;0.022343;0.081734;-0.42733;0.446139
404;2.866244;3.436371;-8.754593;0.02476;0.006638;0.001897;0.080875;-0.424911;0.445509
405;2.827249;3.438574;-8.708636;0.038217;0.006565;-0.002665;0.082026;-0.425479;0.446923
406;2.861619;3.438448;-8.684117;0.012107;-0.017289;-0.006128;0.082046;-0.425223;0.447321
407;2.829704;3.436148;-8.708632;0.021157;-0.011164;-0.011511;0.081261;-0.424838;0.447671
408;2.846822;3.43617;-8.713388;0.020987;0.004143;0.020586;0.082744;-0.425101;0.447894
409;2.871383;3.431232;-8.696244;0.012213;0.001305;-0.002473;0.080682;-0.425616;0.446716
410;2.851786;3.421583;-8.706132;0.007937;0.013571;-0.014826;0.080478;-0.425916;0.447781
411;2.856641;3.426468;-8.713373;0.021202;0.001261;-0.006107;0.081255;-0.424967;0.447539
412;2.837029;3.436171;-8.713449;0.012244;0.007502;-0.000667;0.081541;-0.425241;0.447828
413;2.87135;3.411941;-8.71821;0.003142;-0.002115;0.00914;0.081779;-0.423894;0.447548
414;2.846813;3.460347;-8.698693;0.021199;0.006592;-0.002518;0.081017;-0.426315;0.447819
415;2.820214;3.440603;-8.628451;0.009466;-0.016474;-0.012331;0.08017;-0.424966;0.44721
416;2.730571;3.37177;-8.437278;-0.016314;0.033126;0.003244;0.082362;-0.424245;0.445982
417;2.753592;3.317361;-8.22347;0.073148;0.061484;0.029336;0.080654;-0.424341;0.448831
418;2.964134;3.383235;-8.800422;0.018141;-0.024995;0.018684;0.07834;-0.424866;0.447907
419;2.619304;3.474668;-8.646544;0.133099;-0.044347;0.056722;0.078596;-0.423794;0.447901
420;2.960219;3.154837;-8.709116;0.106822;0.031795;0.061796;0.075671;-0.422027;0.45078
421;3.090682;3.514666;-8.901141;0.020736;-0.003487;0.047267;0.075571;-0.420981;0.451557
422;2.817797;3.281063;-8.731292;-0.253201;-0.090498;-0.027482;0.075426;-0.423434;0.448517
423;2.650404;3.461074;-8.840885;-0.26585;-0.140226;-0.056101;0.077625;-0.428235;0.444049
424;2.921463;3.667969;-9.49461;-0.136247;-0.106044;-0.090722;0.080934;-0.432583;0.438029
425;2.71992;3.382517;-8.648779;-0.106112;-0.108818;-0.076807;0.084987;-0.434107;0.436281
426;2.803616;3.512429;-8.441049;-0.095579;-0.001007;-0.074503;0.086737;-0.435896;0.433871
427;2.765795;3.472074;-8.125453;-0.132786;-0.082483;-0.092417;0.08938;-0.438258;0.432996
428;2.647073;3.671777;-8.29543;-0.102796;-0.121215;-0.072414;0.09187;-0.440409;0.42943
429;2.4741;3.833315;-8.592319;-0.140465;-0.156639;-0.089199;0.094612;-0.440422;0.425972
430;2.490963;4.165396;-9.054993;-0.19899;-0.055498;-0.064133;0.097661;-0.444046;0.422601
431;2.482113;4.144881;-8.82907;-0.082167;-0.002772;-0.076372;0.098423;-0.445814;0.419198
432;2.279327;4.227218;-9.291802;-0.044068;0.109857;-0.02988;0.097527;-0.446834;0.417293
433;2.492605;4.090835;-8.688263;-0.054899;0.01543;-0.008922;0.097789;-0.447762;0.417057
434;2.469286;3.915379;-8.514186;-0.123925;0.006647;-0.007535;0.09728;-0.450236;0.414667
435;2.573305;4.044363;-8.119159;-0.033244;-0.045498;0.00927;0.098926;-0.451243;0.412905
436;2.375745;3.920868;-8.641139;-0.030762;0.052789;0.027494;0.097974;-0.452571;0.412341
437;2.474701;4.209561;-8.177349;0.007974;-0.022461;0.022398;0.098559;-0.452992;0.413186
438;2.623645;4.174438;-8.925302;0.033324;0.024751;0.050892;0.097827;-0.452032;0.412189
439;2.644221;4.231192;-8.633213;0.013545;0.005153;0.034964;0.094288;-0.451293;0.413446
440;2.669108;4.109846;-8.614167;0.074233;-0.007182;0.048613;0.09407;-0.451719;0.414245
441;2.626781;3.897419;-8.318832;0.095769;-0.002028;0.043099;0.095454;-0.451069;0.415248
442;2.458797;4.003254;-8.630529;0.1066;0.011299;0.050175;0.095514;-0.44977;0.416565
443;2.503798;3.890908;-8.47033;0.083498;0.01467;0.030816;0.094151;-0.44877;0.41861
444;2.665975;3.905289;-8.931133;0.103334;0.053008;0.059325;0.09227;-0.448048;0.420899
445;2.572805;3.788822;-8.424187;0.141928;0.106046;0.079725;0.089048;-0.445602;0.423346
446;2.63209;3.720482;-8.336624;0.108909;0.100626;0.062186;0.0885;-0.444337;0.4257
447;2.78949;3.785464;-8.731592;0.116953;0.083023;0.059381;0.086733;-0.441076;0.428081
448;2.656158;3.672665;-8.475254;0.081972;0.054523;0.038147;0.08458;-0.440619;0.430225
449;2.820754;3.795831;-8.867481;0.166387;0.086391;0.043878;0.083266;-0.437978;0.431037
450;2.758344;3.654114;-8.649734;0.193304;0.099559;0.044591;0.08096;-0.435054;0.435669
451;2.996742;3.631822;-9.051896;0.19905;0.141239;0.048345;0.077948;-0.43278;0.43947
452;2.907799;3.407445;-8.790934;0.191954;0.130394;0.028745;0.076196;-0.430857;0.441877
453;2.762116;3.240962;-7.975818;0.153308;0.140916;0.034431;0.0732;-0.42726;0.446189
454;2.85482;3.224442;-8.070128;0.150603;0.098278;0.004892;0.070105;-0.422948;0.448875
455;2.97685;3.145493;-8.266879;0.052841;0.031068;-0.018812;0.068632;-0.423455;0.451804
456;3.183254;3.433405;-9.11996;0.010261;-0.133556;-0.077976;0.070925;-0.421121;0.450284
457;3.042181;3.54651;-9.431458;-0.003449;-0.175898;-0.074547;0.075327;-0.421356;0.450271
458;2.855881;3.449517;-8.937149;0.042249;-0.1166;-0.042625;0.07906;-0.421595;0.45022
459;2.745332;3.292274;-8.520438;0.047742;-0.062617;-0.02107;0.08424;-0.421546;0.449844
460;2.717018;3.230526;-8.292394;0.020947;0.003124;0.020398;0.083234;-0.421319;0.450986
461;2.69619;3.256256;-8.591399;0.00354;0.033027;-0.004205;0.083209;-0.420375;0.450699
462;2.822394;3.373617;-8.789419;-0.041243;0.024303;-0.00563;0.081554;-0.420625;0.449673
463;2.86504;3.479311;-9.077947;-0.035854;0.008376;-0.014638;0.081546;-0.421951;0.449297
464;2.894571;3.479115;-9.038873;-0.019865;-0.009329;-0.015747;0.083228;-0.423507;0.448084
465;2.817627;3.431456;-8.716259;0.011318;-0.036067;-0.028605;0.082024;-0.422184;0.448258
466;2.742492;3.3701;-8.566287;0.04256;-0.004045;0.005081;0.084289;-0.42197;0.450657
467;2.735569;3.316404;-8.496079;0.019386;0.017218;0.009825;0.083684;-0.421671;0.449413
468;2.78388;3.338966;-8.646394;0.007828;0.026124;0.011752;0.082304;-0.420593;0.448779
469;2.841779;3.373866;-8.840347;0.003284;0.008488;0.009926;0.082666;-0.421704;0.450292
470;2.805024;3.378746;-8.845412;-0.014455;0.019017;-0.000547;0.081611;-0.421718;0.4505
471;2.744387;3.38771;-8.69503;0.041362;0.117357;0.040416;0.081028;-0.42143;0.449659
472;2.770852;3.31755;-8.238187;0.103533;0.065086;0.043189;0.078337;-0.422039;0.451525
473;2.97473;3.266225;-8.676917;0.080011;-0.010964;0.018237;0.077494;-0.420064;0.45272
474;2.668595;3.511155;-9.161418;-0.027134;-0.047504;0.065137;0.076886;-0.420961;0.45123
475;2.863286;3.259939;-8.383495;0.039295;-0.018644;0.052311;0.077542;-0.420419;0.451123
476;2.916273;3.282776;-8.589689;0.031557;0.019417;0.052584;0.075563;-0.420977;0.451423
477;2.953042;3.355868;-9.150659;-0.129315;-0.024927;-0.001457;0.075712;-0.422314;0.451457
478;2.809702;3.41009;-8.832848;-0.258492;-0.110127;-0.052426;0.077397;-0.426996;0.447359
479;2.822367;3.429234;-8.757565;-0.294329;-0.143894;-0.075568;0.080096;-0.430939;0.440822
480;2.816718;3.50993;-8.893358;-0.315797;-0.158971;-0.087914;0.083911;-0.434736;0.43442
481;2.691057;3.49822;-8.483368;-0.267237;-0.117613;-0.089882;0.089046;-0.441644;0.429625
482;2.727186;3.602221;-7.938159;-0.258558;-0.103339;-0.064054;0.092209;-0.444256;0.423699
483;2.5878;3.684209;-7.841405;-0.201049;-0.089465;-0.081356;0.094921;-0.449042;0.418859
484;2.54146;4.158975;-8.71463;-0.255118;-0.024662;-0.075194;0.093932;-0.453872;0.414613
485;2.472835;4.275082;-8.653749;-0.177381;-0.050475;-0.083078;0.096132;-0.455348;0.410751
486;2.32876;4.451716;-9.06221;-0.14887;-0.066279;-0.072735;0.097816;-0.457299;0.404729
487;2.494904;4.60919;-9.036163;-0.052221;-0.011162;-0.026061;0.099121;-0.458338;0.40402
488;2.382853;4.485249;-8.979076;-0.005375;0.057875;-0.002104;0.098552;-0.459388;0.403205
489;2.375678;4.423965;-8.35467;0.052666;0.080841;0.017999;0.099601;-0.459504;0.402865
490;2.571361;4.286398;-8.492657;0.008637;0.043793;0.012836;0.096352;-0.459971;0.404295
491;2.37957;3.996818;-8.283671;0.014123;0.070272;0.020869;0.09586;-0.458533;0.40531
492;2.710641;4.095793;-8.692002;-0.00749;0.031503;0.013781;0.09575;-0.460009;0.405466
493;2.738379;4.114107;-8.472972;-0.018431;0.007594;0.010201;0.094407;-0.460147;0.405259
494;2.636566;4.170856;-8.176772;-0.056455;-0.058846;-0.005845;0.094594;-0.461035;0.40368
495;2.514368;4.42985;-8.567707;-0.029557;-0.075725;-0.018598;0.096216;-0.461833;0.403921
496;2.474136;4.365283;-8.25953;-0.004957;-0.127935;-0.015529;0.10017;-0.462578;0.402956
497;2.370871;4.264353;-8.442939;0.061519;-0.092578;-0.005254;0.102539;-0.461081;0.40266
498;2.447985;4.256215;-8.760945;0.094024;-0.014415;0.036689;0.102224;-0.458734;0.404605
499;2.433958;4.279553;-8.57618;0.103289;0.054604;0.052103;0.100791;-0.457432;0.405435
500;2.455024;4.028774;-8.373004;0.185779;0.102387;0.076549;0.100519;-0.45624;0.410348
501;2.496286;4.019548;-8.470027;0.167331;0.134152;0.065313;0.097182;-0.45407;0.413061
502;2.582807;3.912154;-8.331429;0.153051;0.159912;0.079797;0.094051;-0.451805;0.417123
503;2.700524;3.938461;-8.260091;0.232646;0.151882;0.080901;0.090224;-0.448997;0.420732
504;2.801437;3.928759;-8.75298;0.156388;0.074932;0.049998;0.086815;-0.444998;0.424879
505;2.821521;3.79763;-8.716993;0.064169;0.010082;-0.001176;0.086002;-0.444003;0.427222
506;2.645394;3.795065;-8.684053;0.085608;0.004706;-0.001409;0.08589;-0.441887;0.427978
507;2.806781;3.581957;-8.256206;0.153893;0.027401;-0.017849;0.086242;-0.441396;0.429595
508;2.462962;3.498122;-7.966995;0.188124;0.069677;-0.014407;0.084256;-0.437764;0.432892
509;2.692183;3.417057;-8.2528;0.128423;0.091015;-0.01912;0.083574;-0.4365;0.435238
510;2.974288;3.835698;-9.063495;0.145316;0.041628;-0.031001;0.083977;-0.435238;0.437913
511;3.014518;3.813268;-9.43284;0.151979;-0.064524;-0.050302;0.081959;-0.429992;0.44091
512;2.827812;3.612868;-9.114028;0.135594;-0.076851;-0.035165;0.085949;-0.42923;0.443263
513;2.62738;3.447511;-8.525315;0.131951;-0.017426;0.006935;0.087988;-0.426708;0.444401
514;2.570117;3.29098;-8.254126;0.117902;0.040062;0.018004;0.087147;-0.424501;0.446452
515;2.657596;3.342538;-8.384619;0.026937;0.091518;0.022602;0.085432;-0.425321;0.446638
516;2.773582;3.402436;-8.731247;-0.003448;0.071196;0.008534;0.084286;-0.424426;0.44776
517;2.918888;3.501067;-9.065363;-0.051967;0.022642;-0.003747;0.082092;-0.425076;0.446577
518;2.94787;3.590977;-9.103668;-0.054097;-0.039309;-0.016492;0.082106;-0.425615;0.446722
519;2.84631;3.54349;-8.815236;-0.019293;-0.037601;-0.00967;0.08378;-0.427168;0.445375
520;2.794054;3.44482;-8.475687;0.013956;-0.005867;-0.005342;0.084336;-0.426378;0.445927
521;2.699107;3.417584;-8.359714;0.008705;0.042015;0.017171;0.085379;-0.425959;0.445577
522;2.744694;3.457408;-8.568305;0.017939;0.073858;0.016382;0.082995;-0.426783;0.445725
523;2.856664;3.470284;-8.723134;-0.004605;0.058118;0.02628;0.081719;-0.426955;0.446726
524;2.904599;3.568235;-8.916862;0.009901;0.033077;-0.011303;0.081226;-0.426777;0.445089
525;2.797806;3.465588;-8.752687;0.005487;0.06053;0.001302;0.081122;-0.424665;0.445979
526;2.834093;3.39539;-8.288491;0.061668;0.080085;0.031185;0.078999;-0.425617;0.446011
527;2.901863;3.401191;-8.482518;0.132215;0.041999;0.02596;0.078266;-0.42446;0.447419
528;2.869838;3.365194;-8.558235;0.059017;-0.052439;0.028716;0.076765;-0.42173;0.44969
529;2.758747;3.276955;-8.855885;0.091622;-0.014475;0.026832;0.076015;-0.422426;0.450464
530;2.966732;3.127226;-8.986559;-0.016317;0.028118;0.024399;0.074673;-0.422032;0.45038
531;2.974244;3.417014;-8.742104;-0.037821;0.060963;0.040807;0.073858;-0.423627;0.449829
532;2.995024;3.391344;-8.455252;-0.061874;0.089245;0.042942;0.070197;-0.425953;0.450736
533;3.077694;3.474211;-8.541877;-0.12242;-0.078294;-0.029455;0.072065;-0.425604;0.448427
534;2.941705;3.437247;-8.90994;-0.154626;-0.147579;-0.078502;0.074129;-0.429607;0.444071
535;2.850259;3.370023;-8.553472;-0.237015;-0.122693;-0.064366;0.078156;-0.433709;0.439025
536;2.741665;3.324565;-8.184855;-0.364191;-0.1191;-0.06598;0.080423;-0.437277;0.433602
537;2.760323;3.62781;-8.210095;-0.419772;-0.094051;-0.042224;0.08363;-0.445295;0.425105
538;2.621669;3.948786;-8.384501;-0.371212;-0.05249;-0.03438;0.085411;-0.450685;0.417815
539;2.874166;4.309064;-8.670578;-0.244167;-0.062216;-0.03095;0.084919;-0.456221;0.410399
540;2.744347;4.333334;-8.671264;-0.111449;-0.041273;-0.039062;0.086217;-0.458119;0.40703
541;2.722562;4.255692;-8.662029;-0.053928;-0.016647;-0.042976;0.086026;-0.459686;0.405711
542;2.881763;4.671902;-8.977593;-0.125328;0.016279;-0.040358;0.086925;-0.46179;0.404731
543;2.623959;4.382223;-8.747136;-0.111496;0.100289;-0.018759;0.085827;-0.461978;0.401729
544;2.710449;4.335284;-8.574228;-0.010779;0.056061;-0.007364;0.084479;-0.463843;0.401153
545;2.58946;4.219938;-8.293518;-0.021711;0.082832;0.030188;0.084428;-0.463886;0.402622
546;2.737478;4.376239;-8.520397;-0.043348;0.031498;0.008791;0.084014;-0.465478;0.402094
547;2.840499;4.250307;-8.556803;-0.053325;0.026354;0.02307;0.083401;-0.466505;0.400473
548;2.870405;4.312473;-8.378883;0.010049;-0.010993;0.00814;0.083741;-0.465673;0.39954
549;2.899372;4.467652;-8.375566;0.05093;-0.030335;0.023733;0.082798;-0.467075;0.40152
550;2.894848;4.389851;-8.334624;0.084913;-0.071295;-0.00523;0.084484;-0.464909;0.401039
551;2.634792;4.281177;-7.928332;0.060962;-0.193642;-0.03863;0.088214;-0.464817;0.40339
552;2.590941;4.428985;-8.39465;0.075026;-0.211923;-0.013945;0.092133;-0.463682;0.402119
553;2.587042;3.920233;-8.494233;0.08835;-0.142318;-0.034212;0.095667;-0.462627;0.403504
554;2.482464;4.166535;-8.770867;0.156858;0.008505;0.038953;0.097433;-0.461035;0.404377
555;2.566335;4.066644;-8.678436;0.176917;0.089997;0.064121;0.095656;-0.45877;0.408782
556;2.470557;3.967296;-8.200599;0.112614;0.10306;0.045142;0.093906;-0.456316;0.411313
557;2.61668;4.021402;-8.357461;0.134399;0.146444;0.050555;0.090915;-0.454585;0.415392
558;2.626725;3.977584;-8.323567;0.213495;0.215451;0.071609;0.08723;-0.453244;0.418904
559;2.913646;4.025919;-8.788311;0.275538;0.242065;0.075724;0.081436;-0.44927;0.423317
560;3.031903;3.814716;-8.744795;0.294407;0.193942;0.03173;0.077136;-0.443305;0.428579
561;2.833816;3.627738;-8.19749;0.283589;0.129688;-0.024585;0.075566;-0.439614;0.434575
562;2.951229;3.373438;-7.774962;0.343883;0.026827;-0.048755;0.074897;-0.434702;0.440197
563;2.674591;3.560214;-8.26927;0.31118;-0.018824;-0.022972;0.075222;-0.426819;0.445016
564;2.881009;3.344785;-8.845101;0.195066;-0.011515;-0.027327;0.077032;-0.423723;0.449342
565;3.053837;3.561743;-9.569876;0.005166;-0.050016;-0.031265;0.077354;-0.421887;0.450664
566;3.092042;3.664448;-9.744194;-0.108873;-0.117108;-0.044895;0.078014;-0.423139;0.447915
567;2.821527;3.331206;-9.039997;-0.083241;-0.116243;-0.020274;0.082566;-0.425573;0.445409
568;2.687136;3.23358;-8.418967;0.003052;-0.038652;-0.011696;0.083383;-0.423448;0.446084
569;2.571639;3.211736;-7.92145;0.028394;0.029344;-0.00088;0.083741;-0.42635;0.444822
570;2.724432;3.317437;-8.214164;-0.019761;0.074757;0.021131;0.08095;-0.425311;0.445179
571;2.885647;3.545693;-8.771229;-0.077028;0.029652;-0.007939;0.080673;-0.426505;0.444785
572;2.952416;3.695332;-9.120179;-0.096714;-0.002232;-0.028377;0.082141;-0.428889;0.444378
573;2.964293;3.77312;-9.158645;-0.073595;-0.025234;-0.029567;0.08172;-0.428546;0.441671
574;2.899956;3.671834;-8.780289;-0.014748;-0.03591;-0.019452;0.081665;-0.43038;0.440365
575;2.767002;3.570644;-8.419369;0.028126;-0.018235;-0.001952;0.083587;-0.431458;0.441164
576;2.697276;3.436143;-8.18948;0.067509;0.005658;0.014722;0.084867;-0.42883;0.44306
577;2.755684;3.395487;-8.305988;0.053334;0.031406;0.022978;0.083533;-0.429106;0.442989
578;2.847036;3.479745;-8.674533;0.037481;0.046462;0.014313;0.083201;-0.428611;0.444299
579;2.90469;3.548787;-8.907227;0.016861;0.015467;-0.002565;0.08004;-0.427788;0.442766
580;2.914488;3.553612;-8.902283;0.034671;-0.002261;-0.00636;0.080942;-0.427967;0.44456
581;2.861265;3.533488;-8.754418;0.028157;-0.014539;0.007848;0.080709;-0.42772;0.445211
582;2.817753;3.494131;-8.640615;0.026255;-0.031391;0.004208;0.082628;-0.427867;0.446126
583;2.808135;3.464914;-8.616499;0.006603;-0.026969;0.00261;0.082308;-0.427176;0.445292
584;2.802998;3.479716;-8.667511;-0.008477;-0.021731;-0.007908;0.084115;-0.42793;0.44407
585;2.817572;3.479858;-8.696591;-0.000244;0.003911;-0.00606;0.082876;-0.42752;0.443457
586;2.827463;3.4894;-8.664886;-0.000441;-0.009255;0.004546;0.083955;-0.428316;0.443533
587;2.846462;3.557799;-8.766553;0.021213;-0.00763;-0.011619;0.08425;-0.427398;0.444202
588;2.807097;3.562884;-8.812957;-0.004031;-0.018093;0.000975;0.0847;-0.42642;0.44287
589;2.810221;3.520951;-8.669709;0.006589;-0.030499;0.001709;0.084998;-0.427897;0.443183
590;2.768571;3.51858;-8.679699;0.021097;-0.003114;0.003507;0.083219;-0.426892;0.444936
591;2.758882;3.494285;-8.670146;0.028337;0.017268;0.011554;0.084208;-0.426312;0.443643
592;2.798013;3.470161;-8.696755;0.006739;0.015649;0.024174;0.084501;-0.42659;0.444067
593;2.802778;3.479992;-8.723421;0.014065;0.013708;0.004542;0.08359;-0.426874;0.444422
594;2.824712;3.484947;-8.745141;0.02835;0.003061;0.000814;0.08335;-0.425959;0.44506
595;2.792882;3.497041;-8.737988;-0.001065;0.010078;-0.00869;0.083983;-0.426069;0.444429
596;2.807484;3.504397;-8.754882;0.017614;0.006625;0.0027;0.084107;-0.427261;0.444057
597;2.778631;3.486827;-8.633595;-0.000389;0.00135;0.006374;0.08441;-0.427011;0.444739
598;2.785902;3.489335;-8.650556;-0.002069;0.011931;0.002888;0.083765;-0.426495;0.445227
599;2.793037;3.506512;-8.691758;0.001527;0.017269;0.006446;0.083912;-0.426432;0.443094
600;2.819804;3.513963;-8.728023;0.014025;0.026211;0.018844;0.083643;-0.426236;0.445483
601;2.807544;3.52124;-8.728065;0.013915;0.006735;0.015183;0.083156;-0.425928;0.443978
602;2.80781;3.496738;-8.677127;0.010387;0.006668;0.008096;0.083051;-0.426476;0.444384
603;2.824746;3.504238;-8.723175;-0.002137;0.006696;0.008202;0.083039;-0.426071;0.444241
604;2.824917;3.479857;-8.696546;-0.002114;0.010225;0.008218;0.083499;-0.427295;0.445094
605;2.822281;3.47526;-8.747631;0.004996;0.003169;0.009898;0.083081;-0.426491;0.444921
606;2.830002;3.469952;-8.655235;0.003171;0.00139;0.009906;0.082687;-0.427827;0.44479
607;2.841987;3.518605;-8.686541;-0.01817;0.015523;0.00483;0.082887;-0.427126;0.443718
608;2.822614;3.457925;-8.674783;0.015637;-0.009231;0.009743;0.082995;-0.428778;0.445361
609;2.836711;3.514248;-8.786259;0.008635;0.003122;0.00365;0.08297;-0.426504;0.445316
610;2.829854;3.520888;-8.657434;0.019587;0.031326;-0.000733;0.081563;-0.425013;0.444271
611;2.846907;3.499241;-8.693892;0.019421;0.017272;0.008084;0.082201;-0.425461;0.446056
612;2.842378;3.455281;-8.630918;0.012275;0.026144;0.012631;0.081649;-0.425988;0.445633
613;2.857132;3.445531;-8.621148;0.01858;0.017198;0.000973;0.081642;-0.426783;0.44538
614;2.83031;3.455066;-8.587237;0.035488;0.017257;0.011503;0.08094;-0.427105;0.447086
615;2.891712;3.445141;-8.543151;0.060537;0.015461;0.011296;0.080377;-0.425896;0.446763
616;2.905547;3.436544;-8.766744;0.060511;-0.000437;0.007649;0.079517;-0.423945;0.448417
617;2.929683;3.451474;-8.844316;0.047736;-0.042867;0.002197;0.080578;-0.423137;0.448462
618;2.840955;3.459484;-8.990674;0.027069;-0.019584;0.033597;0.081492;-0.422391;0.45064
619;2.808333;3.307582;-8.675557;0.036922;-0.001923;0.041594;0.079984;-0.423179;0.449767
620;2.860534;3.318666;-8.466132;0.017726;0.04381;0.016225;0.078522;-0.42266;0.449942
621;2.872242;3.367666;-8.567933;0.020438;0.052721;0.022481;0.078803;-0.421868;0.450344
622;2.869928;3.321581;-8.565726;-0.00381;0.030578;0.013664;0.077351;-0.422285;0.450537
623;2.934949;3.37851;-8.80086;-0.054024;-0.021686;-0.014644;0.076769;-0.425456;0.449093
624;2.939561;3.427199;-8.839503;-0.077388;-0.0358;-0.016299;0.076928;-0.424468;0.447343
625;2.909271;3.534682;-8.997205;-0.033548;-0.051801;-0.023852;0.078217;-0.426829;0.446123
626;2.85921;3.448412;-8.713495;-0.039932;-0.062478;-0.025647;0.07961;-0.426515;0.444858
627;2.81756;3.508873;-8.679442;-0.061596;-0.066755;-0.011261;0.08099;-0.427656;0.443085
628;2.80808;3.435983;-8.650663;-0.006097;-0.041011;0.011527;0.081707;-0.427943;0.443934
629;2.764046;3.462532;-8.624073;-0.016437;-0.011163;-0.01135;0.081639;-0.428573;0.442604
630;2.83023;3.498667;-8.577315;0.021212;0.027898;0.013462;0.081182;-0.428883;0.443922
631;2.876285;3.506487;-8.688817;0.035586;0.029668;0.012469;0.081029;-0.427809;0.443759
632;2.837291;3.494188;-8.652649;0.017515;-0.012891;-0.004511;0.079992;-0.428098;0.444241
633;2.831773;3.557802;-8.766643;-0.002302;-0.014486;0.009876;0.080468;-0.429528;0.442957
634;2.802706;3.506667;-8.723299;0.07466;-0.007451;0.01905;0.080772;-0.428082;0.443884
635;2.810224;3.44603;-8.721099;0.085577;0.026193;0.028024;0.081103;-0.427049;0.445221
636;2.778714;3.438388;-8.645971;0.050022;0.046415;0.013305;0.079388;-0.426539;0.445649
637;2.849208;3.426925;-8.781719;0.040932;0.043969;0.031156;0.078865;-0.424953;0.446124
638;2.876845;3.3632;-8.645712;0.023026;0.029707;0.016999;0.078204;-0.424232;0.448749
639;2.937516;3.404943;-8.752107;0.007045;0.040329;0.012754;0.076444;-0.423699;0.448372
640;2.95977;3.358746;-8.727873;0.006897;-0.005807;-0.007945;0.075508;-0.423704;0.448319
641;2.869119;3.387847;-8.725865;-0.041523;-0.028839;-0.019238;0.077456;-0.424461;0.447239
642;2.878668;3.446152;-8.747418;-0.032678;-0.031407;-0.009534;0.077673;-0.426695;0.445956
643;2.864036;3.446082;-8.732924;0.012178;-0.007534;-0.000886;0.077934;-0.424694;0.4462
644;2.812842;3.43615;-8.684666;-0.011046;-0.000468;-0.002444;0.078192;-0.42655;0.445715
645;2.849306;3.482386;-8.718263;-0.018087;0.001217;-0.014814;0.07846;-0.428012;0.445491
646;2.852354;3.401883;-8.621377;0.016796;0.017196;0.000981;0.078258;-0.427116;0.4468
647;2.886022;3.477555;-8.722921;0.02295;-0.000458;0.000849;0.077775;-0.42588;0.445545
648;2.875887;3.494903;-8.798261;0.008523;-0.014551;0.00267;0.077751;-0.425734;0.445139
649;2.863915;3.441401;-8.766977;0.005306;0.029583;-0.002412;0.07777;-0.428138;0.445052
650;2.859982;3.360442;-8.577765;0.007061;0.011743;-0.016756;0.076884;-0.425908;0.446298
651;2.88603;3.460628;-8.732721;0.033692;0.013777;0.013283;0.076668;-0.426468;0.447099
652;2.888635;3.416931;-8.723182;0.014006;-0.009348;-0.006246;0.077664;-0.427222;0.445698
653;2.866484;3.446082;-8.732908;-0.003981;-0.014589;-0.00168;0.077345;-0.426665;0.444866
654;2.837406;3.440876;-8.660185;-0.009377;-0.005694;0.006412;0.076927;-0.427792;0.446737
655;2.861715;3.45559;-8.694;-0.003931;-0.009317;-0.004318;0.075859;-0.426666;0.444514
656;2.825271;3.402079;-8.660437;-0.003077;-0.017305;-0.006158;0.079499;-0.426527;0.445254
657;2.866301;3.468062;-8.76441;-0.014585;-0.017375;-0.019389;0.07889;-0.426625;0.443883
658;2.827524;3.445823;-8.679669;-0.021809;-0.009335;-0.007734;0.079776;-0.426663;0.445406
659;2.83672;3.490071;-8.800954;-0.034256;-0.002238;-0.009367;0.080524;-0.427828;0.444266
660;2.798151;3.465155;-8.665176;-0.032591;-0.014638;-0.008564;0.080701;-0.42778;0.442669
661;2.824879;3.518572;-8.679354;-0.014624;-0.002255;-0.005967;0.080412;-0.428569;0.442133
662;2.832211;3.51617;-8.684181;0.023048;0.004751;-0.008017;0.081293;-0.42887;0.443527
663;2.831998;3.545437;-8.718081;0.024836;0.027905;0.011657;0.081546;-0.428861;0.443273
664;2.846946;3.499193;-8.684168;0.022875;0.00849;0.015123;0.080008;-0.429633;0.441863
665;2.832193;3.494441;-8.703728;0.04077;0.019164;0.025699;0.078708;-0.428995;0.442579
666;2.861937;3.464977;-8.630754;0.035325;0.004093;0.020331;0.079067;-0.429839;0.444088
667;2.851825;3.470213;-8.708579;0.026679;0.026079;0.0054;0.079084;-0.42865;0.444601
668;2.842427;3.440719;-8.628553;0.023821;0.008421;0.008883;0.079519;-0.427;0.443123
669;2.842116;3.460443;-8.694098;0.013987;-0.007578;-0.004458;0.078181;-0.426944;0.445454
670;2.855835;3.459241;-8.941967;-0.021772;-0.012818;-0.007754;0.078824;-0.427326;0.444963
671;2.87164;3.469922;-8.650119;-0.036058;-0.025419;-0.03081;0.079122;-0.427403;0.443108
672;2.863499;3.499923;-8.832346;-0.025215;0.000351;-0.016537;0.079931;-0.428732;0.443045
673;2.793471;3.469718;-8.606844;-0.012921;-0.021784;-0.013208;0.080214;-0.428739;0.443329
674;2.786207;3.503452;-8.562979;-0.043373;-0.020867;-0.012948;0.080646;-0.430279;0.441242
675;2.758956;3.523191;-8.63112;-0.032665;-0.014595;-0.002335;0.082369;-0.430128;0.441069
676;2.783034;3.591362;-8.68657;-0.015644;-0.009265;0.001122;0.081574;-0.43293;0.440676
677;2.828769;3.611667;-8.870942;-0.014549;0.003971;-0.005926;0.082286;-0.43075;0.439471
678;2.789927;3.575011;-8.813007;0.014001;0.008455;0.008081;0.082288;-0.430219;0.439594
679;2.797985;3.547531;-8.650216;0.005134;0.004756;-0.008759;0.080721;-0.431046;0.440057
680;2.793148;3.525707;-8.650345;-0.018119;-0.004138;-0.0184;0.082585;-0.432893;0.439662
681;2.913913;3.646167;-8.984512;-0.059157;-0.007635;-0.030503;0.083085;-0.431808;0.439269
682;2.84975;3.728985;-9.057453;-0.016369;-0.014619;-0.014887;0.083817;-0.434161;0.437615
683;2.714434;3.634937;-8.669776;0.020133;-0.003964;0.007965;0.084645;-0.433106;0.438311
684;2.705501;3.571026;-8.495101;0.055209;0.017125;0.003337;0.084379;-0.432576;0.43842
685;2.947071;3.370751;-8.212554;0.035306;0.006639;0.015021;0.084845;-0.431676;0.439767
686;2.348123;3.691847;-8.399508;0.00165;0.072081;0.024487;0.083023;-0.430781;0.440717
687;2.726669;3.332203;-8.257838;0.016114;0.075555;0.015505;0.082513;-0.431063;0.441095
688;2.863492;3.710182;-8.687964;0.005732;0.08962;-0.009168;0.080466;-0.430788;0.440305
689;3.112938;3.754634;-9.347425;0.006948;-0.069691;-0.056239;0.082337;-0.432638;0.440045
690;2.898194;3.719962;-9.195756;0.00904;-0.136857;-0.047756;0.084613;-0.430764;0.44054
691;2.72916;3.526138;-8.735816;0.031457;-0.094409;-0.026415;0.087369;-0.430721;0.439759
692;2.565822;3.350642;-8.05941;0.049458;-0.037865;-0.006731;0.089561;-0.430603;0.440818
693;2.529152;3.331249;-8.059724;0.050009;0.059486;0.010669;0.089324;-0.42929;0.441582
694;2.66171;3.43777;-8.517857;0.014435;0.086207;0.016463;0.086618;-0.429289;0.440893
695;2.844819;3.685529;-9.096576;-0.041079;0.042039;-0.007276;0.085221;-0.431395;0.439382
696;2.970942;3.783659;-9.328716;-0.0404;-0.012813;-0.022663;0.084072;-0.429567;0.44062
697;2.874386;3.714287;-9.028199;-0.014911;-0.060577;-0.015141;0.086735;-0.432472;0.440024
698;2.7299;3.573543;-8.514387;0.010162;-0.041266;-0.011716;0.088328;-0.431393;0.440094
699;2.633622;3.457905;-8.175185;0.036998;-0.028969;-0.006559;0.089335;-0.431088;0.439074
700;2.603732;3.439219;-8.318875;0.013746;-0.017339;0.004354;0.088805;-0.430163;0.439294
701;2.699658;3.557714;-8.745576;-0.001849;0.054445;0.013777;0.087941;-0.429939;0.440579
702;2.808566;3.639029;-9.0095;0.008818;0.029714;0.008243;0.087143;-0.430345;0.440542
703;2.82119;3.631296;-8.917085;0.00326;-0.00217;0.001009;0.087413;-0.430611;0.440562
704;2.777942;3.596441;-8.732764;0.024836;0.0092;-0.00445;0.088596;-0.430061;0.440351
705;2.719873;3.547255;-8.592356;0.031911;-0.00592;-0.009936;0.087944;-0.430207;0.440584
706;2.724763;3.549679;-8.592315;0.008561;-0.000476;0.002735;0.088186;-0.429926;0.440191
707;2.734317;3.542727;-8.657921;0.004956;0.005813;0.012578;0.088139;-0.431035;0.441548
708;2.758608;3.567128;-8.689261;-0.000164;0.015376;-0.007774;0.087823;-0.432076;0.440479
709;2.778093;3.547918;-8.728124;0.009806;0.034846;-0.004196;0.085817;-0.430758;0.440608
710;2.759062;3.561726;-8.577464;0.023807;0.038643;0.03128;0.085419;-0.429697;0.440833
711;2.758721;3.595987;-8.640512;0.064234;0.050935;0.026569;0.084371;-0.429715;0.441175
712;2.778615;3.52793;-8.609099;0.067603;0.036902;0.039799;0.084207;-0.430302;0.442917
713;2.864056;3.431557;-8.737851;0.074554;-0.007315;0.033278;0.082511;-0.428737;0.443861
714;2.762341;3.525089;-9.015165;0.042518;0.012194;0.032746;0.081049;-0.426888;0.444278
715;2.878866;3.513569;-8.649875;0.033679;0.046681;0.038365;0.080556;-0.426647;0.445048
716;2.872622;3.364773;-8.47314;0.067704;0.067936;0.053297;0.078901;-0.425503;0.446672
717;2.868443;3.363873;-8.290855;-0.003848;0.06076;0.03429;0.077293;-0.426575;0.446334
718;2.947737;3.401988;-8.6451;0.001712;0.028684;-0.004155;0.076939;-0.426868;0.447122
719;2.937248;3.451197;-8.788361;-0.041559;-0.051019;-0.032676;0.075659;-0.427367;0.445587
720;2.900016;3.480842;-8.897841;-0.089946;-0.057113;-0.030536;0.078066;-0.428082;0.443195
721;2.899872;3.519689;-8.907389;-0.066742;-0.065969;-0.02988;0.079875;-0.429768;0.441858
722;2.788188;3.513703;-8.674739;-0.057594;-0.036037;-0.034253;0.083144;-0.430375;0.440583
723;2.798261;3.523017;-8.596848;-0.03804;-0.027051;-0.013021;0.081636;-0.431828;0.439588
724;2.797781;3.615453;-8.654769;-0.030658;-0.024595;-0.036176;0.083371;-0.43281;0.437029
725;2.748265;3.671738;-8.756911;-0.025482;-0.043073;-0.027428;0.083746;-0.433194;0.436522
726;2.772475;3.715575;-8.795456;-0.016525;-0.014589;-0.004222;0.085772;-0.434256;0.436792
727;2.675659;3.629613;-8.572803;0.017484;-0.012947;-0.006293;0.085085;-0.433985;0.43648
728;2.679712;3.683837;-8.749984;-0.025294;0.004781;-0.010288;0.085658;-0.434666;0.43706
729;2.738575;3.669194;-8.732674;0.039203;0.037605;0.012482;0.083173;-0.434507;0.435578
730;2.743562;3.649746;-8.723008;0.062411;0.049216;0.030135;0.083129;-0.433091;0.437422
731;2.741898;3.571428;-8.577525;0.103686;0.061479;0.027185;0.082109;-0.430862;0.43866
732;2.789242;3.427798;-8.466071;0.110634;0.068786;0.05739;0.079649;-0.431583;0.439872
733;2.849387;3.508868;-8.679247;0.071261;0.031527;0.029076;0.077753;-0.42939;0.442131
734;2.905892;3.428861;-8.684128;0.008646;0.004874;0.002771;0.077139;-0.42889;0.443157
735;2.953999;3.449262;-8.887932;-0.005797;-0.026937;-0.004388;0.076825;-0.428734;0.442334
736;2.881315;3.421734;-8.713482;-0.018217;-0.027123;-0.022081;0.078673;-0.428578;0.442034
737;2.786355;3.483932;-8.538758;-0.007471;-0.029021;-0.030184;0.079992;-0.428827;0.441712
738;2.783541;3.513392;-8.611567;0.00691;-0.021949;-0.029374;0.080761;-0.428539;0.441215
739;2.768737;3.513538;-8.640827;-0.028963;-0.028954;-0.02734;0.08157;-0.42907;0.441271
740;2.738698;3.56754;-8.772031;-0.041487;-0.007545;-0.00845;0.08208;-0.430916;0.440533
741;2.79692;3.616534;-8.873546;-0.002161;0.003204;0.009969;0.082351;-0.430517;0.440674
742;2.751413;3.533108;-8.674876;-0.002182;0.00403;0.009071;0.081669;-0.429982;0.440491
743;2.800098;3.586617;-8.708364;-0.004747;0.015504;0.004722;0.080481;-0.430194;0.438287
744;2.798289;3.537483;-8.579765;0.00762;-0.000415;0.008088;0.080908;-0.430471;0.438718
745;2.8198;3.526051;-8.720675;-0.007573;0.004983;0.013575;0.08192;-0.431968;0.439875
746;2.808265;3.50825;-8.553098;0.006782;0.001303;0.002767;0.081378;-0.429972;0.440073
747;2.798064;3.518432;-8.650349;0.002258;-0.003947;0.006331;0.081937;-0.432774;0.440025
748;2.800322;3.542837;-8.681824;0.012058;-0.014582;0.003529;0.083085;-0.431808;0.439269
749;2.768714;3.525651;-8.638341;0.047875;-0.007536;0.007711;0.08076;-0.431263;0.438323
750;2.777819;3.582095;-8.774156;0.028132;-0.017202;0.007828;0.08157;-0.431262;0.438503
751;2.772709;3.587198;-8.825212;0.015851;0.005722;-0.000843;0.081895;-0.431689;0.439466
752;2.809574;3.562847;-8.80565;0.031121;-0.000574;-0.011669;0.080826;-0.431164;0.43953
753;2.734359;3.537841;-8.65065;-0.000262;-0.004127;-0.013219;0.082231;-0.429727;0.441054
754;2.754103;3.503805;-8.633669;-0.018257;-0.005794;-0.004189;0.081384;-0.432502;0.439721
755;2.822094;3.533494;-8.754659;-0.016413;-0.012906;-0.013123;0.081625;-0.431423;0.439446
756;2.778496;3.532912;-8.635817;0.014063;0.00476;-0.00617;0.081775;-0.432228;0.439604
757;2.768623;3.545098;-8.647976;-0.003893;0.006614;0.001102;0.080973;-0.433032;0.43944
758;2.782968;3.576944;-8.713376;0.001534;0.00836;-0.002486;0.082881;-0.432171;0.437926
759;2.744097;3.533074;-8.667628;-0.020161;-0.019911;-0.002469;0.084369;-0.43164;0.438402
760;2.770687;3.605997;-8.703595;0.004991;-0.005772;-0.000808;0.082487;-0.432178;0.438037
761;2.763745;3.552326;-8.638249;0.019402;-0.0148;-0.018766;0.082306;-0.433953;0.439265
762;2.783083;3.5768;-8.684206;0.04061;-0.04301;-0.009305;0.083315;-0.431787;0.438612
763;2.724627;3.532933;-8.638578;0.034399;-0.013714;0.007783;0.083857;-0.430989;0.438895
764;2.704929;3.542743;-8.660532;0.034449;-0.01376;0.002445;0.084438;-0.431207;0.437327
765;2.789931;3.562922;-8.820354;0.005798;-0.014527;0.006245;0.083618;-0.430872;0.439415
766;2.728451;3.534277;-8.910805;0.014252;-0.004228;-0.027575;0.084121;-0.431385;0.438784
767;2.724269;3.506799;-8.748089;-0.02375;-0.014526;0.005583;0.084773;-0.431905;0.43843
768;2.680659;3.527982;-8.616993;-0.014723;-0.030701;-0.020364;0.0854;-0.431481;0.437788
769;2.724132;3.543221;-8.757647;-0.050343;0.013725;-0.002045;0.086417;-0.432714;0.439074
770;2.71417;3.577267;-8.776999;-0.052883;0.003793;-0.026972;0.085741;-0.432777;0.436494
771;2.731053;3.650084;-8.791148;-0.062702;0.01891;-0.018795;0.086133;-0.434632;0.436016
772;2.787562;3.68849;-8.712838;-0.0897;-0.002301;-0.023115;0.085736;-0.435099;0.433594
773;2.714468;3.639727;-8.657599;-0.11304;-0.021826;-0.032825;0.087486;-0.436223;0.431306
774;2.694109;3.780868;-8.756745;-0.100482;-0.021845;-0.035581;0.0885;-0.439247;0.429816
775;2.688514;3.912247;-8.84369;-0.002038;0.019031;0.002076;0.089828;-0.440432;0.429512
776;2.592438;3.813271;-8.441209;0.067716;0.041982;0.020279;0.090237;-0.439769;0.42979
777;2.538942;3.61949;-8.483747;0.155601;0.072012;0.033016;0.087452;-0.439201;0.432565
778;2.931427;3.536285;-8.34073;0.107327;0.090738;0.038902;0.086469;-0.436858;0.434472
779;2.760758;3.576514;-8.13497;0.107246;0.107599;0.054983;0.082289;-0.43454;0.436465
780;2.846821;3.615349;-8.635021;0.062911;0.100331;0.013522;0.080569;-0.432766;0.439412
781;3.040965;3.927799;-9.522333;0.007394;0.020703;-0.027443;0.078072;-0.4317;0.438642
782;3.078542;3.77447;-9.410984;-0.038267;-0.159939;-0.073392;0.081233;-0.433386;0.437649
783;2.748899;3.581871;-8.704078;0.049372;-0.124702;-0.049977;0.086902;-0.433247;0.438905
784;2.60059;3.270614;-8.035494;0.095202;-0.030864;-0.005443;0.089251;-0.432007;0.438212
785;2.49406;3.232888;-7.759202;0.065647;0.031353;0.039578;0.088041;-0.43075;0.440661
786;2.64416;3.341314;-8.112691;0.030484;0.075425;0.009898;0.088308;-0.428621;0.441037
787;2.777323;3.624147;-8.917625;-0.010715;0.043788;0.002994;0.087176;-0.429064;0.442185
788;2.936538;3.827672;-9.377581;-0.060931;0.017438;-0.000248;0.085505;-0.429836;0.440767
789;2.912471;3.822322;-9.275657;-0.047651;-0.039442;-0.032674;0.08547;-0.430749;0.43998
790;2.785083;3.688874;-8.766569;-0.013075;-0.074978;-0.034951;0.086945;-0.432535;0.437422
791;2.633172;3.521649;-8.291818;0.019063;-0.049332;-0.013772;0.089832;-0.431496;0.439172
792;2.550522;3.438758;-8.200331;0.044414;-0.004302;-0.010207;0.090955;-0.432846;0.43993
793;2.644968;3.464206;-8.445151;0.012288;0.03314;0.015167;0.088605;-0.430693;0.438819
794;2.743472;3.601871;-8.825562;-0.001088;0.039502;0.022449;0.088581;-0.430484;0.44082
795;2.811263;3.655978;-8.980474;0.005353;0.042066;0.008196;0.088184;-0.431616;0.438278
796;2.799571;3.650457;-8.844442;0.010486;0.006636;0.002631;0.088153;-0.430073;0.440387
797;2.751211;3.611041;-8.718515;0.028263;-0.01023;0.000607;0.088402;-0.429797;0.440128
798;2.690179;3.610835;-8.675136;0.023786;-0.007586;0.001538;0.088455;-0.430552;0.43854
799;2.686126;3.525194;-8.519977;0.010375;-0.005864;-0.001907;0.088694;-0.430605;0.440428
800;2.685421;3.552661;-8.680292;0.035613;0.031381;0.013199;0.08947;-0.430986;0.439944
801;2.736775;3.552726;-8.694562;0.016751;0.033265;0.022264;0.088195;-0.430494;0.441066
802;2.778394;3.552719;-8.694306;0.026677;0.043866;0.022245;0.08713;-0.429572;0.441256
803;2.770741;3.582108;-8.75256;0.024058;0.017119;-0.006329;0.087248;-0.429563;0.440995
804;2.775445;3.596848;-8.791357;0.028744;0.045401;-0.006215;0.08499;-0.429584;0.441135
805;2.785495;3.572357;-8.74279;0.028407;0.038603;0.025762;0.085301;-0.430136;0.441832
806;2.786236;3.513427;-8.594772;-0.000394;0.014705;0.020533;0.084103;-0.428684;0.442137
807;2.791164;3.523053;-8.580113;-0.002987;0.006598;0.00273;0.085732;-0.429485;0.442513
808;2.798223;3.533076;-8.645658;-0.001147;0.013695;0.004531;0.085173;-0.430007;0.441956
809;2.817536;3.552749;-8.701359;0.021192;0.004835;0.003415;0.08484;-0.428778;0.440977
810;2.783322;3.562346;-8.679646;0.027519;0.035011;0.020415;0.08427;-0.430295;0.442445
811;2.735228;3.537095;-8.475865;0.05186;0.089902;0.040953;0.082842;-0.429528;0.443286
812;2.939033;3.439634;-8.387549;0.12489;0.047493;0.049927;0.080785;-0.429583;0.444642
813;2.863122;3.452409;-9.007825;0.090682;-0.009893;0.040984;0.079452;-0.426534;0.445177
814;2.944572;3.475732;-8.822474;0.061217;0.015817;0.047609;0.076904;-0.424487;0.447669
815;2.928708;3.481388;-8.49438;0.017226;-0.014409;0.027367;0.075671;-0.424548;0.449473
816;2.941852;3.274836;-8.407732;-0.032856;-0.041112;0.000936;0.078184;-0.424652;0.449083
817;2.819069;3.289824;-8.493497;-0.034636;-0.057137;-0.011603;0.077297;-0.426475;0.447194
818;2.812871;3.407459;-8.743375;-0.047899;-0.053636;-0.023026;0.079851;-0.426398;0.445197
819;2.90735;3.466699;-8.95644;-0.124765;-0.046441;-0.026783;0.079714;-0.428854;0.442293
820;2.893921;3.637358;-9.140488;-0.120187;-0.056284;-0.04464;0.080947;-0.430256;0.440249
821;2.855298;3.660845;-8.985043;-0.116511;-0.04133;-0.048146;0.083006;-0.431664;0.438654
822;2.773389;3.603607;-8.686811;-0.057306;0.007296;-0.028825;0.08215;-0.434301;0.437184
823;2.707545;3.663712;-8.579984;-0.041339;0.003795;-0.019192;0.083675;-0.434517;0.435803
824;2.694749;3.78041;-8.640301;-0.059375;-0.010282;-0.016438;0.083581;-0.435533;0.433944
825;2.753708;3.751146;-8.608472;-0.008425;-0.002252;-0.000803;0.085397;-0.435759;0.432981
826;2.737071;3.682854;-8.528667;0.013918;0.00841;0.011508;0.085311;-0.43605;0.433784
827;2.812549;3.688197;-8.630276;0.026494;0.027994;0.025746;0.083324;-0.4378;0.433705
828;2.753901;3.690487;-8.601455;0.04807;0.02073;0.008626;0.082887;-0.435922;0.433377
829;2.81793;3.615088;-8.557651;0.016571;0.003138;0.013238;0.084342;-0.435044;0.435717
830;2.793013;3.634972;-8.654947;0.047875;-0.002179;0.014727;0.084013;-0.435546;0.434504
831;2.777916;3.630653;-8.762017;0.010424;0.000429;0.002594;0.083464;-0.435611;0.436614
832;2.803164;3.583771;-8.599209;0.004863;-0.021683;0.002524;0.084976;-0.435289;0.435089
833;2.743699;3.669253;-8.720726;0.003374;0.001186;-0.011569;0.083236;-0.4345;0.435109
834;2.802303;3.693601;-8.742133;0.033881;0.039374;0.012403;0.082573;-0.436368;0.434839
835;2.768828;3.67327;-8.552825;0.008681;0.026103;0.011648;0.08275;-0.43632;0.433243
836;2.753866;3.654281;-8.635653;0.028314;0.032404;0.026629;0.083227;-0.435027;0.434851
837;2.788508;3.641731;-8.550417;0.004937;0.004915;0.013343;0.081927;-0.435719;0.435325
838;2.827377;3.63002;-8.635312;-0.001177;-0.003194;-0.007988;0.081565;-0.435209;0.436098
839;2.813042;3.590912;-8.572376;-0.011384;-0.041121;0.00078;0.0814;-0.435061;0.43555
840;2.802372;3.625847;-8.771612;-0.007626;-0.037666;-0.011684;0.082988;-0.43624;0.435128
841;2.801941;3.710972;-8.822274;-0.019234;-0.03945;-0.016922;0.084185;-0.437028;0.434943
842;2.74214;3.598053;-8.543609;0.016765;0.006482;-0.006322;0.085425;-0.436305;0.433394
843;2.719629;3.66874;-8.616349;0.03742;0.01887;-0.002864;0.083874;-0.43581;0.434367
844;2.756286;3.692983;-8.616014;0.032914;0.034933;0.013273;0.083561;-0.437118;0.433304
845;2.768924;3.67315;-8.528516;0.015921;0.022446;-0.000879;0.083369;-0.437158;0.434632
846;2.831839;3.712731;-8.688386;0.006834;0.020889;0.016983;0.083603;-0.434746;0.434465
847;2.802763;3.654358;-8.652368;0.035486;0.005702;0.004205;0.082825;-0.436359;0.434586
848;2.788028;3.625417;-8.684192;0.01566;-0.007481;0.009626;0.082318;-0.435445;0.435208
849;2.778333;3.603546;-8.674627;-0.003987;-0.014631;-0.001814;0.082361;-0.435335;0.436011
850;2.771803;3.542108;-8.50965;-0.00391;-0.013881;-0.013376;0.082374;-0.434474;0.433989
851;2.797761;3.65449;-8.679137;-0.004858;-0.004861;0.002701;0.083362;-0.43516;0.434861
852;2.75383;3.663993;-8.638039;0.009522;-0.012974;-0.011692;0.083142;-0.436782;0.435414
853;2.817475;3.634992;-8.659658;0.006065;-0.005946;-0.018735;0.081856;-0.435417;0.434111
854;2.778127;3.700471;-8.659601;0.019359;-0.005844;-0.004613;0.081966;-0.435935;0.433592
855;2.739102;3.639878;-8.664979;0.017439;-0.005714;0.011394;0.083296;-0.435924;0.433534
856;2.770697;3.654663;-8.713335;0.004032;-0.013703;0.003465;0.083458;-0.43647;0.433955
857;2.748863;3.630249;-8.679548;-0.005524;0.022493;-0.000716;0.085315;-0.436451;0.433792
858;2.712366;3.642055;-8.614085;0.010457;0.008329;0.000854;0.082953;-0.436488;0.434462
859;2.837129;3.65907;-8.625396;-0.019872;0.017191;-0.004163;0.08358;-0.436064;0.43382
860;2.768714;3.658912;-8.591784;-0.018137;-0.007709;-0.019436;0.08341;-0.437509;0.432902
861;2.836178;3.74243;-8.809766;-0.001976;0.009234;-0.006125;0.083312;-0.437395;0.433563
862;2.798037;3.668643;-8.598853;-0.030801;-0.018235;-0.013158;0.084529;-0.437326;0.43149
863;2.782981;3.751273;-8.635031;-0.044121;0.001257;-0.010268;0.084867;-0.439684;0.429949
864;2.714128;3.807249;-8.674091;-0.035922;0.013559;-0.016498;0.084548;-0.440394;0.431282
865;2.704086;3.814814;-8.732458;0.001479;0.018184;0.011671;0.08502;-0.439427;0.430354
866;2.748745;3.75123;-8.625518;0.061577;0.041999;0.016638;0.084333;-0.438491;0.430163
867;2.55643;3.830299;-8.918038;0.06337;0.045622;0.025508;0.084507;-0.440708;0.432891
868;2.95555;3.696577;-8.366828;0.081013;0.029722;0.030672;0.084009;-0.438602;0.433893
869;2.579385;3.6569;-8.17971;0.091192;0.073717;0.02365;0.081068;-0.436758;0.434092
870;2.795925;3.355816;-8.106832;0.096746;0.080703;0.012963;0.079562;-0.435488;0.435989
871;2.908051;3.707485;-8.610155;0.064584;0.039932;-0.020725;0.078192;-0.43382;0.43802
872;3.122089;3.850032;-9.49059;0.04468;-0.075142;-0.069162;0.078752;-0.434096;0.438459
873;2.848963;3.768984;-9.27629;0.004551;-0.147488;-0.049703;0.083016;-0.431936;0.438793
874;2.73067;3.454504;-8.447101;0.027802;-0.085526;-0.013147;0.086812;-0.432473;0.439821
875;2.605304;3.316759;-8.049839;0.070942;0.0102;0.037664;0.085144;-0.432183;0.438651
876;2.604847;3.397081;-8.110247;0.050111;0.079014;0.019539;0.087766;-0.432078;0.440269
877;2.732512;3.498765;-8.570861;0.02866;0.073876;0.022377;0.084421;-0.430633;0.44032
878;2.945302;3.705056;-9.100969;-0.007172;0.03681;0.005628;0.080824;-0.431192;0.44026
879;3.003174;3.749656;-9.294879;-0.034175;-0.027007;-0.025602;0.081448;-0.429836;0.439734
880;2.840457;3.71662;-8.984879;-0.021991;-0.0571;-0.01877;0.083048;-0.43142;0.439454
881;2.603652;3.468665;-8.365167;-0.007449;0.010911;-0.000798;0.085269;-0.429386;0.439006
882;2.67917;3.354885;-7.915515;0.005513;0.098427;0.012018;0.083205;-0.431565;0.439867
883;2.839519;3.407153;-8.191409;-0.00522;0.102139;0.021043;0.081632;-0.431723;0.440316
884;3.017533;3.672079;-8.808974;0.000184;0.073889;0.006669;0.078634;-0.432775;0.438962
885;3.060903;3.72853;-8.947009;0.006144;-0.012977;-0.026732;0.079378;-0.432809;0.440343
886;3.006914;3.709368;-8.993614;0.055172;-0.02884;-0.013895;0.078152;-0.43214;0.439993
887;2.807553;3.577156;-8.732909;0.09059;-0.076699;-0.013596;0.080608;-0.429758;0.441424
888;2.778703;3.523332;-8.636098;0.088543;-0.104964;-0.009293;0.081291;-0.429762;0.441731
889;2.75231;3.430829;-8.563757;0.04063;-0.050177;-0.013957;0.082937;-0.42871;0.442741
890;2.75019;3.401417;-8.500702;0.012345;0.000206;-0.015236;0.083597;-0.427239;0.442884
891;2.781372;3.477138;-8.611984;-0.018844;0.04732;0.008403;0.08335;-0.429112;0.442906
892;2.900548;3.548187;-8.761642;-0.03797;-0.003872;0.006534;0.084113;-0.428156;0.442395
893;2.909387;3.660548;-8.926372;-0.029076;-0.030468;-0.006117;0.083517;-0.430788;0.440806
894;2.807085;3.655078;-8.798189;-0.020042;-0.038649;-0.02581;0.083506;-0.429852;0.440788
895;2.744541;3.590862;-8.560643;0.019144;-0.030589;-0.001205;0.084313;-0.431578;0.440599
896;2.688641;3.556526;-8.480925;0.010336;-0.000504;0.005241;0.086698;-0.429558;0.440696
897;2.712687;3.544986;-8.599941;0.008744;0.006477;-0.008048;0.086534;-0.42808;0.440391
898;2.763541;3.567427;-8.725931;0.013197;0.010118;0.000835;0.086411;-0.429816;0.440283
899;2.79759;3.562872;-8.786514;0.026596;0.020847;0.015011;0.085642;-0.428774;0.441022
900;2.810055;3.543255;-8.742772;0.009694;0.015406;-0.002662;0.08379;-0.430656;0.440953
901;2.790665;3.53818;-8.696728;0.016588;0.012082;0.023937;0.086296;-0.428699;0.443199
902;2.798097;3.523569;-8.684595;0.015862;0.003011;-0.002782;0.085824;-0.428399;0.441962
903;2.79085;3.533113;-8.652995;0.006736;-0.006611;0.007914;0.08585;-0.428678;0.44237
