time index;acc_x;acc_y;acc_z;gyr_x;gyr_y;gyr_z;mag_x;mag_y;mag_z
1;-1.520599;-9.618158;-0.762931;-0.014795;0.001324;-0.009377;0.444135;0.596895;0.250526
2;-1.573038;-9.632957;-0.733968;-0.011291;0.001498;-0.002126;0.444083;0.5969;0.24984
3;-1.543041;-9.618183;-0.725949;-0.013184;-0.007388;0.002329;0.444087;0.596629;0.249846
4;-1.573052;-9.632904;-0.748913;-0.00503;0.001614;0.002381;0.442439;0.596883;0.249786
5;-1.543099;-9.632994;-0.763352;-0.003087;0.00141;-0.007586;0.443643;0.596914;0.247638
6;-1.543124;-9.647936;-0.763392;0.00575;0.00353;0.006878;0.443956;0.59622;0.249849
7;-1.588064;-9.67032;-0.711906;-0.011221;-0.005817;-0.009403;0.445621;0.596912;0.250301
8;-1.543048;-9.610634;-0.748346;-0.001332;0.010489;-0.002104;0.443315;0.597579;0.248845
9;-1.558094;-9.647918;-0.748701;-0.007701;0.001544;-0.000332;0.442989;0.597431;0.249931
10;-1.550596;-9.647979;-0.741102;-0.014835;-0.005821;-0.008507;0.443921;0.597172;0.249556
11;-1.520611;-9.633153;-0.748027;-0.007414;-0.000701;-0.022071;0.443228;0.59703;0.249399
12;-1.580543;-9.632869;-0.749039;-0.005792;0.004099;-0.007546;0.442658;0.59635;0.248984
13;-1.573027;-9.610439;-0.763797;-0.009393;-0.002226;-0.009393;0.443566;0.597569;0.250357
14;-1.543124;-9.647936;-0.763392;-0.003955;0.004955;-0.009369;0.443097;0.597299;0.249527
15;-1.543074;-9.618052;-0.763311;-0.014883;0.005063;-0.002107;0.442177;0.597421;0.250041
16;-1.543099;-9.632994;-0.763352;-0.008474;0.00675;-0.008442;0.444124;0.596896;0.250389
17;-1.543054;-9.618131;-0.740894;-0.011105;0.013817;-0.012911;0.444588;0.599078;0.249679
18;-1.558062;-9.633001;-0.741188;-0.007768;0.004343;0.005114;0.442553;0.5977;0.249638
19;-1.633004;-9.692702;-0.66042;-0.013047;-0.004003;-0.008463;0.444172;0.596635;0.249165
20;-1.543079;-9.633073;-0.740935;-0.018431;0.003145;-0.007537;0.443209;0.596897;0.249128
21;-1.558114;-9.64784;-0.771118;-0.02046;0.003494;0.009662;0.444245;0.596628;0.250124
22;-1.528148;-9.647981;-0.770612;0.003236;-0.005778;-0.009465;0.438763;0.600397;0.247
23;-1.543048;-9.610634;-0.748346;-0.00762;0.012222;-0.003886;0.443693;0.596894;0.250101
24;-1.550527;-9.603127;-0.748452;-0.012093;0.001342;-0.009372;0.442984;0.59567;0.249554
25;-1.573078;-9.640324;-0.763878;-0.012944;0.001272;-0.012977;0.442295;0.597289;0.249774
26;-1.528166;-9.670472;-0.748256;0.012284;0.003217;-0.009426;0.44331;0.595667;0.250249
27;-1.550571;-9.633037;-0.741061;0.012317;0.003168;-0.012132;0.442426;0.59702;0.249647
28;-1.535594;-9.633081;-0.74828;-0.012103;0.005855;-0.007538;0.443294;0.596753;0.250227
29;-1.393177;-9.498703;-0.909902;-0.016447;0.006521;-0.016632;0.451347;0.590529;0.257996
30;-1.573065;-9.632853;-0.763858;-0.0122;-0.002985;-0.002154;0.442243;0.596466;0.250745
31;-1.543061;-9.618104;-0.748366;-0.003915;0.003088;-0.013001;0.443873;0.595927;0.252313
32;-1.543049;-9.60311;-0.76327;-0.000652;3.3e-05;0.012296;0.444305;0.596757;0.250944
33;-1.558094;-9.647918;-0.748701;-0.023031;0.005969;-0.000264;0.44418;0.596469;0.25286
34;-1.543099;-9.632994;-0.763352;-0.011069;0.01197;-0.015637;0.442752;0.596491;0.248437
35;-1.543111;-9.647988;-0.748448;-0.002177;0.004998;-0.007564;0.442105;0.597579;0.247301
36;-1.528091;-9.618123;-0.763058;0.001305;0.001607;0.001442;0.444702;0.597184;0.249035
37;-1.558082;-9.632923;-0.763605;0.002255;0.001545;-0.002166;0.443505;0.596084;0.24929
38;-1.573077;-9.647846;-0.748954;-0.011467;-0.005433;0.009587;0.444909;0.597992;0.25012
39;-1.573087;-9.677887;-0.704201;-0.00397;0.00496;-0.009355;0.443537;0.596759;0.249825
40;-1.558081;-9.640447;-0.74868;-0.008608;-0.003855;-0.00127;0.443145;0.597716;0.248427
41;-1.543086;-9.633046;-0.748407;-0.020312;-0.01475;-0.005843;0.444879;0.594999;0.250997
42;-1.633054;-9.722587;-0.660501;0.003208;0.003245;-0.007549;0.443026;0.597849;0.248694
43;-1.528052;-9.603233;-0.748073;-0.002349;0.004355;0.005087;0.444436;0.596639;0.249037
44;-1.640502;-9.69264;-0.668019;-0.013241;-0.016309;0.003217;0.445557;0.596376;0.249352
45;-1.573052;-9.632904;-0.748913;-0.024064;0.003465;0.008772;0.448854;0.59272;0.252539
46;-1.573013;-9.618014;-0.733928;-0.038341;-0.005845;-0.005727;0.445513;0.595011;0.250334
47;-1.550566;-9.618016;-0.763437;-0.033985;0.012423;0.010655;0.446422;0.596094;0.251711
48;-1.543128;-9.617844;-0.823089;-0.018662;-0.007274;0.008674;0.445629;0.596369;0.250312
49;-1.550606;-9.61786;-0.808271;-0.000593;-3.7e-05;0.008681;0.445475;0.594743;0.249791
50;-1.498001;-9.528508;-0.792197;-0.016698;0.006875;-0.000303;0.447343;0.592299;0.25236
51;-1.588032;-9.662927;-0.689469;-0.03838;0.0014;-0.002053;0.447073;0.59353;0.250824
52;-1.580609;-9.647655;-0.793914;-0.065612;-0.002023;0.01065;0.447304;0.593522;0.252062
53;-1.670524;-9.617084;-0.870074;-0.029398;-0.010112;0.001497;0.447432;0.593238;0.253713
54;-1.647995;-9.617399;-0.809916;0.015881;-0.003903;-0.009435;0.445739;0.594597;0.251443
55;-1.617929;-9.557773;-0.809247;0.012285;0.000558;-0.009411;0.446075;0.595421;0.250618
56;-1.520719;-9.625212;-0.882509;0.059271;0.010565;-0.009498;0.446179;0.594884;0.250085
57;-1.498046;-9.603532;-0.702733;0.071733;0.007195;-0.000515;0.443104;0.598548;0.246222
58;-1.602899;-9.678346;-0.532844;0.016432;0.005514;0.014128;0.442282;0.600196;0.242882
59;-1.557784;-9.543846;-0.598969;-0.105428;0.003303;0.016198;0.448095;0.593006;0.249774
60;-1.602884;-9.573125;-0.711894;-0.191647;0.027602;-0.00783;0.446652;0.594054;0.252577
61;-1.618097;-9.609756;-0.899058;-0.231176;0.054266;-0.01207;0.446993;0.591159;0.258387
62;-1.633328;-9.676402;-1.04894;-0.164279;0.029206;-0.023248;0.446729;0.589349;0.263608
63;-1.618477;-9.690997;-1.168285;-0.045197;0.017172;-0.02001;0.447029;0.588641;0.26746
64;-1.51346;-9.586743;-1.211063;0.05462;0.003688;0.004933;0.445468;0.588616;0.268503
65;-1.603349;-9.669073;-1.048414;0.127707;-0.017667;-0.00168;0.442738;0.592713;0.262045
66;-1.543208;-9.61753;-0.912757;0.167308;-0.024623;0.002673;0.443445;0.595202;0.257372
67;-1.392997;-9.424202;-0.849919;0.124275;-0.006372;-0.015258;0.44347;0.59523;0.254091
68;-1.557882;-9.566024;-0.666281;0.049913;0.002851;0.009482;0.442225;0.597838;0.248941
69;-1.542995;-9.603319;-0.703492;-0.059139;-0.00048;-0.002035;0.444379;0.595937;0.251783
70;-1.587948;-9.56549;-0.778872;-0.119356;0.006154;-0.018107;0.443923;0.596058;0.252996
71;-1.543068;-9.550395;-0.882685;-0.13193;0.009648;-0.019881;0.445854;0.591815;0.259704
72;-1.573335;-9.676921;-0.980677;-0.101223;0.033187;-0.014356;0.444892;0.590962;0.263106
73;-1.618395;-9.706357;-1.048769;-0.039994;0.008462;-0.008321;0.443525;0.592845;0.263435
74;-1.603316;-9.669204;-1.011052;0.029495;0.008711;-0.008498;0.441502;0.592836;0.262002
75;-1.528252;-9.617496;-0.942394;0.061168;-0.003948;-0.018642;0.443138;0.592041;0.261797
76;-1.55066;-9.617651;-0.86805;0.060992;-0.003706;-0.006872;0.444492;0.593291;0.260041
77;-1.573144;-9.647585;-0.823677;0.052067;-0.011108;-0.016838;0.444901;0.593581;0.258271
78;-1.490565;-9.505765;-0.896622;-0.004987;0.003392;0.002354;0.442144;0.597109;0.254968
79;-1.557997;-9.558057;-0.808235;-0.025684;-0.000403;-0.004827;0.443741;0.593863;0.25563
80;-1.618105;-9.662367;-0.809532;-0.047249;0.011989;-0.009184;0.445499;0.591685;0.258601
81;-1.588219;-9.662195;-0.898694;-0.039906;0.004658;-0.018309;0.445339;0.591671;0.2601
82;-1.580805;-9.69201;-0.928538;-0.013039;-0.011119;-0.00582;0.444905;0.592331;0.261713
83;-1.543267;-9.632341;-0.95016;0.001532;0.013948;-0.009324;0.443709;0.592737;0.260436
84;-1.558128;-9.587627;-0.897984;0.023035;-0.001957;-0.002243;0.441211;0.594507;0.256628
85;-1.550673;-9.617599;-0.882995;0.023083;-0.00924;-0.00772;0.441327;0.595037;0.258262
86;-1.558151;-9.617616;-0.868177;0.001366;-0.002038;-0.002189;0.444318;0.59385;0.257837
87;-1.573107;-9.617649;-0.83854;-0.000331;0.004085;-0.009373;0.444995;0.593722;0.257725
88;-1.633085;-9.692389;-0.750088;-0.025629;0.003107;-0.009289;0.445337;0.591957;0.258317
89;-1.558176;-9.632558;-0.868217;-0.032735;0.014644;-0.012847;0.443305;0.593981;0.257117
90;-1.528219;-9.610104;-0.919956;-0.029347;0.005106;0.002444;0.443301;0.59478;0.259016
91;-1.528161;-9.587769;-0.897478;0.008566;-0.003774;-0.000423;0.444767;0.593971;0.260173
92;-1.543208;-9.61753;-0.912757;0.005077;0.003241;-0.007596;0.44415;0.594379;0.259325
93;-1.558216;-9.639924;-0.898127;0.010471;0.00149;-0.006709;0.443354;0.592606;0.259333
94;-1.648095;-9.692213;-0.78023;-0.0039;0.0031;-0.013859;0.44475;0.593702;0.259905
95;-1.550624;-9.572668;-0.912762;-0.003851;0.015666;-0.012012;0.445323;0.593434;0.260202
96;-1.55819;-9.632505;-0.883162;-0.019284;0.008531;-0.007494;0.444646;0.593562;0.260314
97;-1.528212;-9.617653;-0.89756;-0.01652;-0.00685;-0.014852;0.445484;0.592484;0.260362
98;-1.618144;-9.677257;-0.824517;-0.007554;0.004966;-0.009328;0.442122;0.594626;0.259663
99;-1.513204;-9.602782;-0.897266;-0.023684;0.011941;-0.014716;0.443688;0.595735;0.258873
100;-1.573238;-9.64722;-0.92829;-0.020228;0.007712;-0.003872;0.442867;0.593408;0.260258
101;-1.573213;-9.632277;-0.928249;-0.00236;0.003554;0.008718;0.444527;0.592339;0.260333
102;-1.550649;-9.58761;-0.912803;-0.012936;0.012121;-0.008395;0.44378;0.59422;0.26164
103;-1.438144;-9.453299;-1.015151;-0.033563;0.018165;-0.014687;0.44021;0.596383;0.258199
104;-1.543183;-9.602588;-0.912717;-0.032818;0.015686;-0.005611;0.442003;0.593404;0.259683
105;-1.498273;-9.61769;-0.926943;-0.023746;0.021048;-0.007425;0.441222;0.592563;0.261861
106;-1.468298;-9.572745;-1.001038;-0.030264;0.005146;0.005134;0.439876;0.596778;0.259275
107;-1.483231;-9.54279;-1.00121;-0.01122;0.006883;-0.001228;0.442923;0.595164;0.26132
108;-1.580678;-9.632347;-0.898486;-0.016568;0.002238;-0.009342;0.443566;0.592164;0.26386
109;-1.543246;-9.639943;-0.912819;-0.003962;0.006829;-0.00574;0.441167;0.594345;0.259637
110;-1.543196;-9.602535;-0.927661;-0.014892;0.005145;0.00151;0.441729;0.59325;0.261454
111;-1.543249;-9.617373;-0.957591;-0.031237;0.010649;0.010632;0.443637;0.593798;0.263284
112;-1.528254;-9.602449;-0.972242;-0.025481;0.004754;-0.015658;0.442985;0.59433;0.263799
113;-1.468359;-9.57251;-1.068289;0.001434;0.003325;-0.002193;0.441229;0.593511;0.262116
114;-1.543235;-9.617425;-0.942647;0.007029;0.001235;-0.018468;0.442046;0.592963;0.263794
115;-1.543165;-9.58762;-0.920148;-0.01113;0.007626;-0.009337;0.442042;0.593234;0.263789
116;-1.528156;-9.580272;-0.90493;-0.043661;-0.00415;-0.009342;0.443143;0.592974;0.26383
117;-1.610808;-9.721805;-0.914181;-0.040059;0.0013;-0.007466;0.441702;0.592681;0.264609
118;-1.513425;-9.66208;-1.031931;-0.012104;0.006871;-0.002114;0.442433;0.59309;0.265309
119;-1.520845;-9.639762;-0.994635;0.026665;-0.003742;-0.002277;0.441814;0.593633;0.264458
120;-1.498276;-9.587598;-0.98664;0.039331;-0.005549;-0.005045;0.443238;0.593807;0.26163
121;-1.513207;-9.572689;-0.956963;0.078846;-0.015917;0.006552;0.442956;0.594347;0.26161
122;-1.483107;-9.513193;-0.918933;0.078011;0.001062;0.004844;0.44025;0.596816;0.255184
123;-1.535507;-9.573261;-0.763062;0.03554;-0.002673;0.004949;0.444304;0.594123;0.257694
124;-1.595426;-9.57303;-0.74913;-0.016688;0.006863;-0.00207;0.442127;0.596011;0.256356
125;-1.57305;-9.647951;-0.719064;-0.101156;0.027575;-0.025247;0.442512;0.594633;0.259403
126;-1.618144;-9.669733;-0.839442;-0.180561;0.02551;-0.025047;0.442572;0.594612;0.262003
127;-1.573468;-9.691445;-1.100275;-0.14884;0.023723;-0.030583;0.441942;0.592521;0.267765
128;-1.513616;-9.691416;-1.188931;-0.066016;0.00997;-0.016432;0.441234;0.591824;0.269122
129;-1.588547;-9.736122;-1.123067;0.044877;-0.008353;-0.013176;0.44145;0.592239;0.268437
130;-1.468444;-9.587217;-1.135581;0.204484;-0.035472;-0.008378;0.444983;0.59011;0.267774
131;-1.49819;-9.57289;-0.919349;0.229763;-0.035474;-0.012949;0.443527;0.594366;0.260125
132;-1.520675;-9.662985;-0.763054;0.197851;-0.028859;0.009799;0.441437;0.595749;0.254424
133;-1.520391;-9.566332;-0.628287;0.154279;-0.027797;0.026191;0.443685;0.598265;0.248434
134;-1.550198;-9.544247;-0.49423;0.056167;-0.008806;0.008482;0.442215;0.599119;0.241806
135;-1.5502;-9.529201;-0.524078;-0.0744;0.017272;-0.007305;0.442456;0.599787;0.243305
136;-1.542904;-9.581115;-0.643652;-0.159162;0.033993;-0.006986;0.442229;0.598395;0.24729
137;-1.528266;-9.67008;-0.860341;-0.17526;0.045499;-0.011396;0.443815;0.596189;0.2534
138;-1.528417;-9.707096;-0.957583;-0.111958;0.025779;-0.023441;0.443507;0.595346;0.256414
139;-1.513371;-9.662289;-0.972152;-0.036491;0.013985;-0.000197;0.440654;0.595571;0.258503
140;-1.528289;-9.647432;-0.927531;-0.000489;-0.003751;0.002315;0.439375;0.595006;0.259565
141;-1.528274;-9.662531;-0.882737;0.068037;-0.007013;0.005744;0.441767;0.595324;0.256904
142;-1.520704;-9.64031;-0.837716;0.084419;-0.002679;-0.00422;0.442008;0.596143;0.256623
143;-1.513096;-9.6032;-0.777709;0.059026;-0.014317;0.001187;0.441342;0.595894;0.253187
144;-1.513011;-9.588492;-0.710417;0.020329;0.000644;-0.004949;0.441993;0.598358;0.251384
145;-1.535531;-9.603251;-0.733254;-0.011144;-0.006837;-0.014862;0.442161;0.597679;0.251676
146;-1.528103;-9.633118;-0.748154;-0.026799;0.001687;0.010557;0.442245;0.597008;0.250871
147;-1.528123;-9.633039;-0.770571;-0.029108;0.010985;-0.01651;0.442181;0.596171;0.253483
148;-1.52815;-9.632935;-0.80046;-0.045339;-0.002591;-0.020179;0.442277;0.598059;0.255091
149;-1.513162;-9.617985;-0.822583;-0.030141;0.012098;-0.005653;0.441896;0.595492;0.253213
150;-1.513202;-9.617828;-0.867417;-0.011215;0.003225;-0.004854;0.444237;0.592895;0.258399
151;-1.520756;-9.662671;-0.852721;0.004797;0.003636;0.012299;0.441616;0.596424;0.2551
152;-1.528169;-9.640379;-0.807953;0.017638;-0.005649;-0.005882;0.439802;0.59805;0.253095
153;-1.543126;-9.63289;-0.793241;0.012283;-0.000361;-0.009445;0.443023;0.59535;0.255441
154;-1.468126;-9.550855;-0.851531;0.021336;0.00324;-0.009478;0.443909;0.594538;0.256169
155;-1.528104;-9.618071;-0.778003;0.00316;0.000644;-0.002187;0.440338;0.597515;0.25285
156;-1.498164;-9.633155;-0.777537;-0.009575;-0.00016;0.005063;0.443723;0.59659;0.254073
157;-1.513095;-9.610723;-0.762784;-0.007759;-0.007375;0.002302;0.44113;0.595885;0.254001
158;-1.513135;-9.61809;-0.792694;-0.016679;0.005049;-0.002115;0.441884;0.596833;0.255101
159;-1.520667;-9.617897;-0.837655;-0.023047;0.017726;0.005224;0.440933;0.597109;0.253424
160;-1.520692;-9.632839;-0.837695;-0.007691;-0.011046;-0.002241;0.441477;0.597386;0.253437
161;-1.513168;-9.617959;-0.830056;-0.00054;0.007087;0.006904;0.443233;0.596172;0.254748
162;-1.498184;-9.633077;-0.799954;-0.001301;-0.00035;-0.005812;0.443127;0.596318;0.253375
163;-1.550624;-9.632828;-0.80084;0.012246;0.0033;-0.0058;0.443362;0.595511;0.252714
164;-1.543126;-9.63289;-0.793241;0.009409;-0.002821;0.002304;0.442023;0.595495;0.253081
165;-1.528092;-9.6106;-0.777982;-0.00235;-0.014539;0.001343;0.443896;0.597144;0.252838
166;-1.528067;-9.588135;-0.792866;0.008616;-0.011097;-0.007707;0.443323;0.596735;0.252416
167;-1.520663;-9.64799;-0.777957;0.003271;0.004976;-0.009396;0.443566;0.597418;0.252138
168;-1.558121;-9.647813;-0.77859;0.003247;0.014023;-0.005702;0.444463;0.597284;0.253127
169;-1.543068;-9.610555;-0.770763;-0.011254;-0.005752;-0.005806;0.443059;0.596355;0.24886
170;-1.528067;-9.588135;-0.792866;-0.000419;-0.002112;-0.004911;0.443622;0.595937;0.250801
171;-1.468216;-9.588105;-0.881522;-0.009366;0.012165;-0.005724;0.442339;0.5973;0.248545
172;-1.543126;-9.63289;-0.793241;0.008365;-0.013414;0.010376;0.44512;0.59514;0.250592
173;-1.580532;-9.610352;-0.778868;0.02105;-0.003535;0.008616;0.44571;0.595142;0.251158
174;-1.543062;-9.603058;-0.778215;0.005775;0.010702;0.006924;0.443723;0.596364;0.248608
175;-1.572963;-9.588131;-0.733846;0.012163;0.001603;-0.00128;0.443693;0.597044;0.248321
176;-1.587998;-9.602898;-0.764029;-0.004067;0.000634;-0.002145;0.446474;0.59639;0.248835
177;-1.632907;-9.602841;-0.719954;-0.020251;0.017577;-0.003782;0.445089;0.594616;0.248277
178;-1.602968;-9.602879;-0.749338;-0.041664;0.008123;-0.023704;0.445004;0.595137;0.250862
179;-1.498106;-9.603297;-0.769983;-0.048887;0.024293;-0.019099;0.444775;0.594858;0.251406
180;-1.513313;-9.707637;-0.822828;-0.047251;0.008375;-0.00925;0.44299;0.595639;0.253247
181;-1.52826;-9.670107;-0.852868;-0.036732;-0.0001;0.01238;0.443744;0.59591;0.254223
182;-1.543077;-9.587959;-0.823008;-0.040351;-0.00011;0.012392;0.443596;0.594555;0.253834
183;-1.633013;-9.609947;-0.824587;-0.065718;0.001762;0.01974;0.444269;0.594548;0.255497
184;-1.678079;-9.64688;-0.885227;-0.06709;0.011938;-0.009112;0.446171;0.591828;0.258483
185;-1.618075;-9.572245;-0.94379;-0.057688;0.00601;-0.037242;0.444851;0.592472;0.261025
186;-1.588161;-9.587224;-0.973214;-0.02864;0.022076;-0.045358;0.443581;0.593547;0.260689
187;-1.520747;-9.617584;-0.927323;0.0182;-0.006454;-0.045691;0.442022;0.593236;0.263515
188;-1.423401;-9.647955;-0.918287;0.020746;0.003681;-0.031196;0.442431;0.594882;0.261993
189;-1.438364;-9.647963;-0.896123;0.024762;0.010747;0.006836;0.439978;0.595699;0.258615
190;-1.46822;-9.610648;-0.844221;-0.015038;0.010718;0.012372;0.440297;0.595426;0.259178
191;-1.49818;-9.603009;-0.852179;-0.074764;0.007144;0.02336;0.440143;0.595005;0.260685
192;-1.550707;-9.617468;-0.920356;-0.085317;0.013925;0.005364;0.442026;0.592965;0.26352
193;-1.588103;-9.56489;-0.950736;-0.076348;0.017666;0.010807;0.442106;0.592415;0.264491
194;-1.588212;-9.609585;-0.988219;-0.047087;0.019014;-0.016389;0.441649;0.59103;0.267236
195;-1.558324;-9.631983;-1.032609;-0.051612;0.019028;-0.014581;0.441234;0.590469;0.268874
196;-1.588429;-9.706499;-1.048263;-0.016541;-0.000442;-0.009355;0.441574;0.591549;0.269959
197;-1.528473;-9.676794;-1.077059;-0.014634;-0.00239;-0.016635;0.440989;0.592632;0.269645
198;-1.558429;-9.646612;-1.122317;0.064575;-0.012548;-0.002415;0.44021;0.591279;0.268141
199;-1.498241;-9.542615;-1.031352;0.084232;-0.023927;0.008287;0.442094;0.593756;0.266379
200;-1.520683;-9.587752;-0.912297;0.115008;-0.008688;0.002898;0.44226;0.593514;0.263107
201;-1.490612;-9.565742;-0.837006;0.079118;-0.005579;-0.013287;0.44279;0.594891;0.261321
202;-1.543101;-9.617948;-0.7932;0.006805;0.019521;-0.000255;0.441364;0.594476;0.260462
203;-1.543064;-9.588012;-0.808063;-0.041087;-0.000372;-0.000271;0.44377;0.594372;0.259723
204;-1.513114;-9.565532;-0.867275;-0.080494;0.015242;-0.018173;0.444212;0.594373;0.260147
205;-1.565671;-9.602429;-0.928041;-0.09058;0.007378;-0.007324;0.443396;0.593807;0.261909
206;-1.528351;-9.632151;-1.02463;-0.059826;0.017325;-0.008253;0.443018;0.592158;0.263842
207;-1.550871;-9.646909;-1.047467;-0.007508;0.001374;-0.009383;0.441978;0.592398;0.266401
208;-1.528364;-9.632099;-1.039575;0.009446;-0.006379;0.003177;0.44276;0.592952;0.266006
209;-1.528407;-9.677055;-1.002335;0.050099;-0.007202;-0.000545;0.441637;0.592145;0.26366
210;-1.543196;-9.602535;-0.927661;0.058966;-0.021361;0.006579;0.441378;0.593376;0.262261
211;-1.528123;-9.572879;-0.882493;0.035592;-0.023411;-0.001525;0.443369;0.594216;0.261627
212;-1.50561;-9.550572;-0.882052;0.013873;-0.006302;0.006773;0.441296;0.595567;0.259755
213;-1.558126;-9.602674;-0.868136;-0.01679;-0.012749;0.003211;0.442083;0.595172;0.259241
214;-1.543169;-9.610164;-0.882848;-0.027536;-0.002111;-0.000316;0.442628;0.593959;0.259009
215;-1.543202;-9.617556;-0.905285;-0.043611;0.00028;-0.012018;0.443795;0.593421;0.259878
216;-1.543198;-9.587489;-0.95751;-0.056069;0.018893;-0.020005;0.442478;0.593266;0.260522
217;-1.528259;-9.61747;-0.949866;-0.025709;0.007791;0.001549;0.443726;0.593533;0.262608
218;-1.513303;-9.617436;-0.979502;-0.008492;-0.000344;-0.004886;0.443215;0.593117;0.26301
219;-1.528265;-9.624968;-0.942414;0.009374;0.001793;0.008659;0.441523;0.593512;0.262399
220;-1.528175;-9.587717;-0.912423;-0.000335;-0.00399;-0.009447;0.44203;0.593522;0.261869
221;-1.543151;-9.587672;-0.905204;-0.007729;-0.008255;0.002307;0.442015;0.593116;0.261603
222;-1.573173;-9.632435;-0.883415;-0.009174;0.000193;-0.022944;0.442341;0.593265;0.260517
223;-1.558216;-9.632401;-0.913051;-0.020118;0.004834;-0.012943;0.443456;0.593409;0.260825
224;-1.543158;-9.587646;-0.912676;-0.008514;-0.002131;-0.004886;0.441849;0.59366;0.261314
225;-1.513243;-9.610148;-0.927176;-0.016545;0.006702;-0.009341;0.442289;0.593119;0.261612
226;-1.513308;-9.632457;-0.957126;-0.014881;-0.002069;-0.000358;0.442337;0.594063;0.262416
227;-1.513307;-9.63998;-0.942202;0.013122;0.006996;-0.000366;0.441814;0.593106;0.262554
228;-1.528213;-9.610129;-0.912484;0.017751;0.007727;-0.009412;0.443882;0.595173;0.261352
229;-1.543156;-9.602693;-0.882827;-0.002067;0.006687;-0.012983;0.442356;0.59367;0.260783
230;-1.543208;-9.61753;-0.912757;-0.017601;0.014134;0.003387;0.443494;0.593677;0.261368
231;-1.543208;-9.61753;-0.912757;-0.036215;0.013549;-0.021897;0.441814;0.593257;0.260773
232;-1.528214;-9.602607;-0.927408;-0.027387;0.003081;-0.009333;0.441442;0.593384;0.261305
233;-1.51327;-9.610044;-0.957065;-0.036268;0.008239;-0.018327;0.442022;0.594064;0.261858
234;-1.528226;-9.610078;-0.927429;-0.021978;0.017515;-0.005631;0.44073;0.593636;0.262781
235;-1.498293;-9.617612;-0.94936;-0.011091;0.001267;-0.013015;0.440423;0.593772;0.262358
236;-1.55827;-9.632192;-0.97283;0.005104;-0.000374;-0.009423;0.440049;0.593358;0.262764
237;-1.520735;-9.60259;-0.942227;-0.008518;-0.002118;-0.00399;0.441583;0.592964;0.263096
238;-1.513244;-9.602625;-0.9421;0.005139;-0.00315;-0.013079;0.440892;0.593364;0.263065
239;-1.513244;-9.602625;-0.9421;0.00227;-0.000214;-0.000389;0.440587;0.593364;0.262645
240;-1.528289;-9.647432;-0.927531;0.008666;0.00689;-0.004872;0.44297;0.593397;0.261629
241;-1.54317;-9.60264;-0.897772;-0.000415;0.00333;-0.002155;0.44299;0.594886;0.262148
242;-1.54317;-9.60264;-0.897772;-0.007441;0.003009;-0.016612;0.442728;0.594069;0.262155
243;-1.498284;-9.632685;-0.912039;-0.014721;-0.002333;-0.013029;0.441933;0.594329;0.262534
244;-1.528316;-9.647328;-0.95742;-0.00408;-0.003781;0.001419;0.442404;0.593258;0.26134
245;-1.483337;-9.617579;-0.978996;0.01943;-0.003761;-0.001372;0.44181;0.593528;0.260768
246;-1.498254;-9.602722;-0.934375;0.032048;-0.010005;-0.002343;0.443489;0.59327;0.261238
247;-1.550597;-9.572773;-0.882872;0.02842;-0.002799;-0.000456;0.443008;0.593815;0.260392
248;-1.528139;-9.610417;-0.830288;0.00221;0.005236;0.003272;0.443768;0.59383;0.259596
249;-1.528172;-9.610287;-0.86765;-0.029183;0.011138;-0.009274;0.442851;0.594644;0.258457
250;-1.528161;-9.587769;-0.897478;-0.029066;0.002871;-0.01928;0.44242;0.593678;0.259828
251;-1.468229;-9.588053;-0.896466;-0.059968;0.007572;-0.002012;0.442973;0.594617;0.261879
252;-1.573277;-9.662109;-0.943275;-0.059881;0.018285;-0.005513;0.443175;0.592158;0.264121
253;-1.58075;-9.647106;-0.950833;-0.065076;0.009833;-0.023644;0.441797;0.592009;0.263941
254;-1.543379;-9.646944;-1.047341;-0.05514;0.004487;-0.02372;0.440838;0.593204;0.265938
255;-1.550949;-9.669165;-1.092362;0.021301;-0.001993;-0.004049;0.440956;0.592921;0.267451
256;-1.54336;-9.639499;-1.039848;0.079109;-0.00367;-0.008728;0.44117;0.593622;0.264983
257;-1.573262;-9.677208;-0.898482;0.131465;-0.017946;-0.015269;0.44241;0.594206;0.261595
258;-1.49813;-9.573126;-0.852098;0.124385;-0.009216;-0.024273;0.442564;0.594778;0.258308
259;-1.483079;-9.580981;-0.762197;0.069816;-0.010628;0.00479;0.442534;0.596437;0.254583
260;-1.498023;-9.573544;-0.73254;0.044671;-0.014524;-0.006022;0.442488;0.596863;0.25225
261;-1.520502;-9.588457;-0.710544;0.001217;0.000816;0.00686;0.442783;0.596187;0.252409
262;-1.527988;-9.580925;-0.718122;-0.055518;0.005822;-0.001105;0.442951;0.597013;0.251168
263;-1.505617;-9.61823;-0.762678;-0.096008;0.015399;-0.007281;0.443545;0.597119;0.255424
264;-1.543252;-9.64744;-0.905367;-0.08883;0.014657;-0.001861;0.441722;0.596277;0.256474
265;-1.520868;-9.677274;-0.949902;-0.050894;0.012066;-0.003788;0.441269;0.595449;0.257569
266;-1.543299;-9.647257;-0.957673;0.002179;0.005338;0.007802;0.441414;0.595435;0.259488
267;-1.528224;-9.632648;-0.882656;0.032138;-0.003855;-0.00862;0.442556;0.594643;0.258173
268;-1.513214;-9.632823;-0.852514;0.048412;0.003351;-0.009522;0.443256;0.595206;0.256682
269;-1.513212;-9.647869;-0.822665;0.030327;-0.00568;-0.009537;0.442336;0.595478;0.255416
270;-1.498152;-9.61816;-0.792441;0.034674;-0.001826;0.003134;0.44248;0.597256;0.254019
271;-1.513083;-9.603252;-0.762764;0.023886;-0.009143;-0.00231;0.442893;0.595769;0.253788
272;-1.528015;-9.573298;-0.762936;-0.022139;0.005088;0.000617;0.442798;0.596592;0.252675
273;-1.528106;-9.603024;-0.807851;-0.040127;-0.013964;-0.007606;0.442697;0.595352;0.254746
274;-1.528209;-9.640223;-0.852787;-0.032904;0.015789;-0.000188;0.44249;0.595222;0.253785
275;-1.528229;-9.647668;-0.86028;-0.038253;0.004867;-0.007483;0.444076;0.5955;0.254926
276;-1.520692;-9.632839;-0.837695;-0.023728;0.002081;-0.014777;0.443082;0.595765;0.254478
277;-1.513227;-9.632771;-0.867458;-0.004965;0.005151;0.000571;0.442897;0.596025;0.255697
278;-1.520757;-9.647625;-0.88257;0.008498;-0.009081;0.003159;0.443636;0.596041;0.254627
279;-1.528145;-9.617914;-0.822837;0.017574;-0.003745;-0.000443;0.44408;0.595229;0.254931
280;-1.55056;-9.602997;-0.785814;0.014072;0.003269;-0.007614;0.443161;0.595652;0.251885
281;-1.528118;-9.618018;-0.792947;-0.007595;0.008598;-0.005725;0.44372;0.594015;0.253575
282;-1.550599;-9.617887;-0.800799;0.002369;0.01219;-0.007526;0.443246;0.596186;0.253108
283;-1.558111;-9.617772;-0.823343;-0.023165;0.004402;0.010578;0.443628;0.59538;0.252589
284;-1.558091;-9.61785;-0.800926;-0.022095;-0.003061;-0.003946;0.443661;0.59509;0.254783
285;-1.543147;-9.625288;-0.830582;-0.016685;0.008681;-0.000269;0.442344;0.593731;0.253399
286;-1.55062;-9.610285;-0.83814;-0.000411;0.0015;-0.003973;0.443555;0.596591;0.253657
287;-1.558124;-9.61772;-0.838287;0.003218;-0.000314;-0.005799;0.444945;0.593893;0.253481
288;-1.543108;-9.617922;-0.800673;-0.002291;-0.012814;-0.002257;0.444094;0.59443;0.253169
289;-1.543076;-9.603005;-0.793159;0.003049;0.003522;0.006883;0.44233;0.595509;0.251723
290;-1.550574;-9.602944;-0.800758;0.00956;0.002357;-0.00761;0.445431;0.593905;0.252677
291;-1.550656;-9.647744;-0.808353;-0.009524;-0.001113;0.001461;0.444981;0.595124;0.252365
292;-1.573074;-9.61778;-0.801179;0.002964;-0.008943;0.010431;0.444682;0.596072;0.2522
293;-1.520553;-9.558182;-0.822547;0.002313;-0.000328;-0.005815;0.444555;0.594037;0.251962
294;-1.543082;-9.60298;-0.800632;-0.013265;-0.003634;0.010493;0.444852;0.59473;0.250591
295;-1.588089;-9.632625;-0.808945;-0.018627;-0.010025;0.005056;0.44523;0.5954;0.252095
296;-1.573035;-9.60289;-0.786193;-0.013253;-0.001852;0.009613;0.447196;0.595159;0.250934
297;-1.61792;-9.572845;-0.771926;-0.000508;-0.000166;0.00147;0.445763;0.593796;0.249819
298;-1.602983;-9.58778;-0.794131;-0.009535;-0.010995;-0.000395;0.446685;0.594066;0.251211
299;-1.595554;-9.625171;-0.794106;-0.018535;0.001536;0.000614;0.446685;0.594066;0.251211
300;-1.558065;-9.602909;-0.800885;-0.001212;0.013934;-0.009312;0.44551;0.594318;0.251988
301;-1.573028;-9.602916;-0.778721;-0.018081;0.01164;-0.030987;0.445977;0.594723;0.252816
302;-1.573067;-9.617805;-0.793706;-0.022212;0.003419;0.006053;0.445203;0.594304;0.253345
303;-1.573094;-9.617702;-0.823596;-0.030041;0.01376;-0.012853;0.446337;0.594582;0.253924
304;-1.580622;-9.647602;-0.808859;-0.054441;0.020915;-0.009123;0.44504;0.59307;0.254594
305;-1.588148;-9.639913;-0.861271;-0.051067;0.003302;0.005225;0.445033;0.594291;0.254707
306;-1.603151;-9.639764;-0.883941;-0.036525;0.006817;-0.001112;0.445325;0.592922;0.25652
307;-1.573147;-9.617493;-0.883374;-0.009348;0.003158;-0.009357;0.444733;0.593733;0.256075
308;-1.565656;-9.617528;-0.883248;0.008806;0.004867;-0.01663;0.444216;0.593725;0.256468
309;-1.595673;-9.639747;-0.898759;0.001402;-0.00027;-0.00397;0.445794;0.594019;0.255695
310;-1.618071;-9.602338;-0.884093;0.0141;-0.002121;-0.009432;0.444748;0.594816;0.256465
311;-1.543066;-9.572965;-0.837912;0.021452;-0.000528;-0.019421;0.445367;0.595101;0.25566
312;-1.543111;-9.587829;-0.86037;0.025005;-0.009421;-0.016775;0.444744;0.59456;0.254556
313;-1.520603;-9.588065;-0.822629;0.033814;0.010727;0.003228;0.444586;0.594561;0.254277
314;-1.542985;-9.573278;-0.748244;0.016582;-0.002741;0.004998;0.445101;0.594179;0.251977
315;-1.54292;-9.558493;-0.703369;-0.058269;0.013078;0.003478;0.444618;0.595386;0.253032
316;-1.580495;-9.587938;-0.778807;-0.115814;0.027877;-0.008023;0.445258;0.592522;0.255569
317;-1.603151;-9.639764;-0.883941;-0.160725;0.043635;-0.018651;0.443573;0.593563;0.258775
318;-1.618303;-9.691676;-0.974005;-0.142773;0.027687;-0.013367;0.444494;0.592176;0.26348
319;-1.573413;-9.646541;-1.12257;-0.070497;0.01079;-0.02001;0.443875;0.591064;0.265942
320;-1.558443;-9.64656;-1.137262;0.004211;-0.002125;-0.007624;0.443746;0.591047;0.267852
321;-1.558384;-9.631748;-1.099859;0.097084;-0.021466;-0.006172;0.443491;0.592834;0.264802
322;-1.558297;-9.632088;-1.002719;0.158394;-0.031087;-0.005482;0.444197;0.59329;0.259757
323;-1.528024;-9.558225;-0.800257;0.169216;-0.005914;-0.002641;0.444057;0.594539;0.256311
324;-1.527883;-9.558773;-0.643338;0.096957;-0.019669;-0.004364;0.44325;0.595387;0.251209
325;-1.520368;-9.52882;-0.673019;-0.020545;-0.005428;0.012297;0.44461;0.595402;0.251117
326;-1.587932;-9.588112;-0.719154;-0.076195;0.013737;-0.005498;0.444886;0.595269;0.251129
327;-1.543034;-9.558049;-0.830399;-0.119703;-0.000511;0.007156;0.444543;0.594701;0.253726
328;-1.550853;-9.6921;-0.942977;-0.090379;0.024182;-0.018069;0.444312;0.594257;0.257829
329;-1.573348;-9.684392;-0.980698;-0.056448;0.01318;0.007108;0.44291;0.592591;0.260685
330;-1.573303;-9.662005;-0.973164;-0.011148;-0.002222;-0.009388;0.444065;0.593544;0.261662
331;-1.558225;-9.617329;-0.950372;0.041024;-0.010777;0.001273;0.444997;0.593436;0.259508
332;-1.573212;-9.639801;-0.913325;0.062769;-0.008135;-0.005087;0.444761;0.594529;0.258385
333;-1.528057;-9.565618;-0.822694;0.054579;-0.003609;-0.000535;0.444179;0.594813;0.256173
334;-1.543076;-9.603005;-0.793159;0.016653;-0.007331;-0.000459;0.44322;0.594276;0.254237
335;-1.543025;-9.580645;-0.778154;-0.007494;-0.013166;-0.018529;0.443125;0.59427;0.254781
336;-1.543141;-9.617791;-0.838034;-0.043646;0.010209;-0.008333;0.444258;0.594549;0.25536
337;-1.573147;-9.617493;-0.883374;-0.05616;0.015404;-0.015492;0.444515;0.593454;0.256757
338;-1.588157;-9.617317;-0.913517;-0.033677;0.022829;-0.007351;0.444303;0.593445;0.25757
339;-1.550681;-9.602527;-0.920316;0.005027;0.002421;-0.003981;0.443959;0.593163;0.258385
340;-1.528249;-9.64759;-0.882697;-0.002174;0.003245;-0.005774;0.445715;0.593455;0.258164
341;-1.528249;-9.64759;-0.882697;0.005009;-0.009277;-0.005875;0.443745;0.594118;0.257539
342;-1.580594;-9.602593;-0.861043;0.019391;-0.001929;-0.000414;0.443166;0.593438;0.256986
343;-1.528096;-9.572984;-0.852604;-0.012986;-0.00404;-0.009417;0.444433;0.59414;0.255784
344;-1.57307;-9.587713;-0.853403;-0.04174;0.006475;-0.016492;0.443953;0.593721;0.256596
345;-1.543181;-9.617635;-0.882868;-0.048225;0.00491;-0.003835;0.443494;0.5933;0.257683
346;-1.573147;-9.617493;-0.883374;-0.036604;0.00873;0.005219;0.443942;0.593572;0.25824
347;-1.535723;-9.617539;-0.920103;-0.050927;0.012107;-0.001975;0.443863;0.59248;0.258805
348;-1.573174;-9.617388;-0.913263;-0.031154;0.001508;0.001539;0.443201;0.59354;0.261087
349;-1.55074;-9.617338;-0.957718;-0.008605;-0.007376;0.001415;0.443823;0.592048;0.26182
350;-1.565705;-9.602299;-0.965403;0.014184;-0.005827;-0.014906;0.443055;0.592049;0.260701
351;-1.520683;-9.587752;-0.912297;0.024013;-0.011073;-0.009557;0.443633;0.593542;0.261375
352;-1.528173;-9.602763;-0.882574;0.013285;0.001325;-0.014871;0.442829;0.592313;0.261372
353;-1.528236;-9.640119;-0.882676;-0.009353;0.004956;-0.008458;0.442659;0.593956;0.259421
354;-1.558216;-9.632401;-0.913051;0.012275;-0.003899;-0.007654;0.443245;0.594228;0.259982
355;-1.543113;-9.572783;-0.890218;-0.007612;-0.000336;-0.004877;0.443764;0.594779;0.259715
356;-1.543144;-9.587698;-0.897731;-0.012941;0.007618;-0.009332;0.443751;0.59341;0.261108
357;-1.580654;-9.602359;-0.928294;-0.017451;0.006718;-0.009311;0.442655;0.594754;0.261319
358;-1.513331;-9.662445;-0.927318;-0.001285;0.003283;-0.003973;0.444229;0.593965;0.260293
359;-1.543196;-9.602535;-0.927661;0.010434;-0.001146;-0.004021;0.44176;0.594075;0.260209
360;-1.528193;-9.602685;-0.904991;0.010408;-0.000219;-0.002212;0.442123;0.593136;0.259419
361;-1.54317;-9.60264;-0.897772;-0.012186;0.006946;0.001516;0.442956;0.593821;0.259706
362;-1.55819;-9.632505;-0.883162;-0.003908;0.019343;-0.007459;0.442977;0.593818;0.259981
363;-1.558165;-9.610041;-0.898045;-0.014619;0.001121;-0.020218;0.443232;0.592333;0.25947
364;-1.543169;-9.610164;-0.882848;-0.01649;0.004805;-0.014768;0.444034;0.593698;0.259471
365;-1.550738;-9.632384;-0.927869;-0.023769;-0.010417;-0.013039;0.443236;0.593416;0.259723
366;-1.528309;-9.647354;-0.949948;0.011447;-0.011208;-0.014045;0.443641;0.593827;0.259729
367;-1.513371;-9.669812;-0.957228;0.050062;-0.016171;-0.000611;0.443604;0.592883;0.259062
368;-1.603077;-9.587415;-0.898743;0.069684;-0.022951;0.013802;0.442537;0.593983;0.255998
369;-1.572892;-9.498165;-0.82327;0.086199;-0.017034;-0.006113;0.44453;0.59416;0.253462
370;-1.542823;-9.521269;-0.665906;0.045068;0.018169;-0.029304;0.445633;0.59527;0.251974
371;-1.58053;-9.632921;-0.734095;-0.049006;0.017273;-0.012779;0.444493;0.59442;0.254824
372;-1.573179;-9.692568;-0.778965;-0.074229;0.013521;-0.016361;0.443939;0.594822;0.254798
373;-1.513113;-9.573054;-0.852351;-0.101346;0.026105;-0.009004;0.444555;0.593586;0.257303
374;-1.603231;-9.646974;-0.958685;-0.080859;0.001447;0.007101;0.44242;0.593001;0.259704
375;-1.603296;-9.669282;-0.988635;-0.02896;0.011766;-0.02371;0.441801;0.592716;0.26051
376;-1.543363;-9.669566;-0.987623;0.012635;0.008188;-0.030192;0.443112;0.593127;0.261639
377;-1.528349;-9.647198;-0.994781;0.091853;-0.025417;-0.022478;0.441179;0.594886;0.259901
378;-1.520707;-9.617741;-0.882489;0.136756;-0.014154;-0.005331;0.442899;0.595211;0.255576
379;-1.528091;-9.618123;-0.763058;0.145425;-0.026231;0.016278;0.442303;0.596596;0.251565
380;-1.483008;-9.558699;-0.724774;0.104075;-0.01226;0.006503;0.444191;0.596919;0.247656
381;-1.520396;-9.573829;-0.620835;0.010241;-0.009088;0.003154;0.443625;0.598286;0.245834
382;-1.520449;-9.588666;-0.650765;-0.019437;-0.000343;-0.002141;0.442763;0.598823;0.245385
383;-1.528026;-9.603337;-0.718183;-0.052628;0.013659;-0.012817;0.443467;0.598136;0.247335
384;-1.528071;-9.618201;-0.740641;-0.054331;0.029713;-0.016323;0.443751;0.59746;0.247358
385;-1.550584;-9.632985;-0.756006;-0.047154;0.022613;-0.014569;0.442699;0.598514;0.249901
386;-1.550694;-9.670157;-0.808414;-0.046179;0.009923;-0.021891;0.442339;0.598504;0.250572
387;-1.513199;-9.647922;-0.80772;-0.034587;0.019177;-0.009211;0.443655;0.597831;0.251586
388;-1.520701;-9.670403;-0.778019;-0.03467;0.010288;-0.005648;0.442082;0.597943;0.252489
389;-1.498191;-9.625527;-0.822351;-0.027524;0.00594;-0.000279;0.442479;0.595223;0.253648
390;-1.528108;-9.587978;-0.8377;0.000378;0.007974;0.006008;0.441944;0.597113;0.254141
391;-1.543065;-9.580488;-0.822988;0.008576;-0.014621;-0.005011;0.442523;0.595761;0.254323
392;-1.528162;-9.640406;-0.800481;0.00157;0.005722;-0.01662;0.444647;0.596196;0.253564
393;-1.558146;-9.662755;-0.778631;-0.011153;-0.013102;-0.014892;0.443217;0.59673;0.252823
394;-1.543051;-9.588063;-0.793119;-0.011193;0.004967;-0.007545;0.443597;0.596738;0.252425
395;-1.528054;-9.588187;-0.777921;-0.005718;0.001287;-0.013016;0.442698;0.596857;0.253214
396;-1.520633;-9.618028;-0.800293;-0.007427;0.002943;-0.019334;0.444004;0.596336;0.25231
397;-1.513212;-9.647869;-0.822665;-0.027597;-0.002049;0.003292;0.442663;0.596455;0.252673
398;-1.528131;-9.617967;-0.807892;0.006736;0.003421;0.001441;0.443194;0.595513;0.252299
399;-1.543082;-9.60298;-0.800632;-0.003078;0.001412;-0.007588;0.441915;0.594948;0.253361
400;-1.558085;-9.610353;-0.808378;0.010626;0.015623;-0.016565;0.443138;0.595112;0.251484
401;-1.543113;-9.632942;-0.778296;0.006737;0.006113;0.001466;0.44403;0.595927;0.252592
402;-1.520631;-9.633075;-0.770444;0.017807;0.004881;-0.016669;0.443417;0.597554;0.251993
403;-1.513133;-9.633136;-0.762846;0.005067;0.003187;-0.009416;0.442766;0.596745;0.250484
404;-1.520537;-9.580804;-0.76283;0.005918;0.010474;-0.003941;0.443281;0.596212;0.249964
405;-1.528052;-9.603233;-0.748073;-0.007619;0.012218;-0.003892;0.442161;0.59783;0.249896
406;-1.543067;-9.625602;-0.740914;-0.016515;0.015589;-0.012886;0.443481;0.596885;0.250915
407;-1.520637;-9.640572;-0.762992;-0.024862;0.007801;0.00245;0.442692;0.598243;0.249769
408;-1.528142;-9.640484;-0.778064;-0.032939;0.005907;-0.001158;0.442326;0.597135;0.251965
409;-1.543113;-9.632942;-0.778296;-0.020394;-0.003809;0.003275;0.440385;0.597254;0.251626
410;-1.528119;-9.610496;-0.807871;-0.011145;0.011201;-0.009318;0.442789;0.59593;0.250637
411;-1.520663;-9.64799;-0.777957;0.003257;0.000495;-0.009426;0.442161;0.597679;0.251676
412;-1.543099;-9.632994;-0.763352;0.012297;0.014911;-0.007534;0.441604;0.598216;0.251648
413;-1.528091;-9.618123;-0.763058;0.008634;-0.011135;-0.009515;0.441841;0.597274;0.25099
414;-1.543098;-9.640517;-0.748427;-0.001263;0.004983;-0.008471;0.442277;0.597005;0.251283
415;-1.535583;-9.610564;-0.778109;-0.016614;0.004048;-0.00754;0.443327;0.596614;0.250641
416;-1.513133;-9.633136;-0.762846;-0.013019;-0.000427;-0.007587;0.442088;0.597686;0.250717
417;-1.513147;-9.633083;-0.77779;-0.007633;0.005045;-0.003946;0.4422;0.597284;0.250318
418;-1.543074;-9.618052;-0.763311;-0.009535;0.006986;0.00332;0.442713;0.597413;0.2517
419;-1.543074;-9.618052;-0.763311;-0.002271;-0.002957;-0.002191;0.442418;0.597412;0.251416
420;-1.513071;-9.588258;-0.777668;-0.002058;-0.014984;-0.020375;0.442289;0.597696;0.249766
421;-1.520694;-9.670429;-0.770546;0.008571;-0.000235;-0.002207;0.44221;0.597283;0.250455
422;-1.520714;-9.677875;-0.778039;-0.014872;0.006849;-0.002102;0.444008;0.59757;0.250782
423;-1.513108;-9.618194;-0.762805;0.009496;0.007833;-0.002161;0.442736;0.597426;0.250196
424;-1.528066;-9.603181;-0.763017;-0.007796;-0.007315;0.005022;0.44243;0.596749;0.249652
425;-1.543087;-9.618;-0.778256;0.000481;-0.005709;-0.005835;0.443493;0.596221;0.24915
426;-1.543112;-9.640465;-0.763372;-0.002238;-0.008409;-0.005845;0.443645;0.596627;0.249421
427;-1.543124;-9.647936;-0.763392;0.006731;-0.010991;-0.002266;0.44504;0.596368;0.249745
428;-1.520611;-9.633153;-0.748027;0.00682;-0.012938;-0.009525;0.444334;0.596363;0.249449
429;-1.520587;-9.610687;-0.762911;-0.009423;-0.012996;-0.009486;0.445536;0.597733;0.249326
430;-1.513133;-9.633136;-0.762846;-0.007933;-0.012514;0.014028;0.444477;0.595957;0.249461
431;-1.602967;-9.610402;-0.734413;-0.013368;0.001008;0.017786;0.444959;0.596918;0.248775
432;-1.602858;-9.558184;-0.711854;-0.036529;0.00315;-0.004757;0.446391;0.594742;0.251052
433;-1.527927;-9.528523;-0.747869;-0.036044;0.01862;-0.036344;0.445438;0.595154;0.249372
434;-1.528193;-9.662845;-0.793069;-0.047095;0.006328;-0.021922;0.443312;0.596209;0.250375
435;-1.558237;-9.692482;-0.823546;-0.018317;0.010213;-0.012909;0.443395;0.596201;0.251472
436;-1.543138;-9.647884;-0.778337;0.005851;0.003384;-0.000359;0.44374;0.596332;0.252438
437;-1.528108;-9.648138;-0.725778;-0.026875;-0.005411;0.014129;0.444362;0.595517;0.253294
438;-1.543161;-9.617713;-0.860451;-0.072798;-0.000283;0.009758;0.444138;0.594967;0.253844
439;-1.633013;-9.609947;-0.824587;-0.070935;-0.009362;0.002494;0.445419;0.594568;0.254441
440;-1.640679;-9.609232;-1.018994;-0.07237;0.01356;-0.016342;0.444818;0.593063;0.25527
441;-1.595534;-9.565089;-0.883611;-0.015994;0.016669;-0.049041;0.445028;0.593734;0.256358
442;-1.438441;-9.617582;-1.038016;0.007181;-0.00618;-0.029416;0.443206;0.595075;0.255999
443;-1.528418;-9.69205;-0.987431;0.161328;0.012684;-0.012443;0.44528;0.596058;0.254681
444;-1.370573;-9.574512;-0.625777;0.203566;-0.001471;-0.008186;0.441991;0.598118;0.247697
445;-1.482712;-9.499688;-0.507914;0.049766;0.018298;0.021312;0.443213;0.597604;0.245696
446;-1.520153;-9.529655;-0.433905;-0.096328;0.012151;0.009888;0.443604;0.598288;0.24556
447;-1.602746;-9.543581;-0.614673;-0.274803;0.040043;0.002407;0.44357;0.596469;0.252019
448;-1.588085;-9.602558;-0.861169;-0.334162;0.041404;-0.008298;0.443238;0.59328;0.259726
449;-1.573505;-9.661222;-1.197334;-0.254601;0.035324;-0.013967;0.443002;0.590624;0.268793
450;-1.543757;-9.750754;-1.271796;-0.12637;0.018613;-0.021639;0.443816;0.589519;0.272122
451;-1.588612;-9.690747;-1.279864;0.033991;0.001659;-0.00404;0.442838;0.589903;0.273723
452;-1.5285;-9.61653;-1.21887;0.160245;-0.021163;-0.002721;0.443154;0.59103;0.269064
453;-1.573273;-9.632043;-0.9955;0.231533;-0.023663;-0.006511;0.442582;0.5916;0.265206
454;-1.498138;-9.618213;-0.777497;0.19171;-0.028249;-0.002856;0.443037;0.594249;0.25724
455;-1.542943;-9.588482;-0.673561;0.127441;-0.024634;0.010007;0.443509;0.594157;0.252608
456;-1.550408;-9.588551;-0.643799;0.023805;-0.018065;-0.000545;0.445229;0.596364;0.250435
457;-1.48289;-9.468916;-0.761892;-0.050957;-0.002329;-0.005716;0.44444;0.596217;0.250822
458;-1.57291;-9.520657;-0.800914;-0.073505;-0.006903;-0.007461;0.444232;0.595937;0.251641
459;-1.528135;-9.587873;-0.867589;-0.074216;0.022532;-0.01361;0.4448;0.594284;0.255246
460;-1.543246;-9.639943;-0.912819;-0.039871;0.014505;-0.018263;0.442888;0.593857;0.255191
461;-1.58079;-9.707109;-0.883745;-0.018246;0.017337;-0.015566;0.44431;0.593715;0.257702
462;-1.580636;-9.64755;-0.823803;0.006921;-0.000443;-0.013035;0.444063;0.594659;0.258223
463;-1.573134;-9.617545;-0.868429;-0.015811;-0.007456;-0.001272;0.443708;0.594528;0.25712
464;-1.573122;-9.602551;-0.883333;-0.018308;-0.003278;-0.01571;0.44557;0.594147;0.256368
465;-1.558139;-9.602621;-0.88308;0.019402;-0.000141;-0.000412;0.444485;0.594812;0.256593
466;-1.543202;-9.610033;-0.920209;0.038229;-0.013371;0.006683;0.444405;0.593872;0.255378
467;-1.543141;-9.617791;-0.838034;0.041238;-0.003948;-0.014968;0.443573;0.594542;0.255338
468;-1.543113;-9.632942;-0.778296;0.048266;-0.006356;-0.002338;0.444699;0.595664;0.252345
469;-1.52822;-9.66274;-0.822959;0.057368;-0.009124;-0.007811;0.442669;0.596198;0.250901
470;-1.498126;-9.610742;-0.777476;0.051962;-0.010984;-0.009633;0.444446;0.597315;0.249298
471;-1.513006;-9.573472;-0.732793;0.055483;-0.012651;-0.004221;0.444303;0.597872;0.247505
472;-1.527947;-9.588605;-0.658364;0.035764;-0.009359;-0.014997;0.44441;0.599382;0.245565
473;-1.557913;-9.588463;-0.65887;-0.009757;-0.00172;0.015931;0.444352;0.599116;0.244748
474;-1.587904;-9.603263;-0.659417;-0.029138;0.0191;-0.014622;0.443969;0.597212;0.244772
475;-1.572928;-9.603308;-0.666636;-0.059858;0.015435;-0.012768;0.443373;0.59679;0.245854
476;-1.543111;-9.647988;-0.748448;-0.059713;0.024246;-0.019957;0.443942;0.598149;0.246394
477;-1.528195;-9.647799;-0.822918;-0.040062;0.014754;-0.005603;0.443618;0.597037;0.249139
478;-1.52825;-9.692702;-0.800623;-0.009223;0.010126;-0.018371;0.443867;0.597313;0.248868
479;-1.543081;-9.618026;-0.770783;0.008624;0.001491;-0.005806;0.443834;0.598129;0.248578
480;-1.535594;-9.633081;-0.74828;0.030345;0.006871;-0.009444;0.442489;0.597842;0.248813
481;-1.528096;-9.633143;-0.740682;0.021318;0.006835;-0.009425;0.442732;0.597848;0.24841
482;-1.528089;-9.633169;-0.733209;0.0068;-0.002107;-0.005831;0.443259;0.598533;0.248278
483;-1.520533;-9.610896;-0.703132;-0.003874;0.003902;-0.016623;0.444287;0.598807;0.249264
484;-1.543054;-9.618131;-0.740894;-0.018416;0.004023;-0.008436;0.444527;0.597744;0.246831
485;-1.543059;-9.633151;-0.718518;-0.029269;-0.005895;-0.00938;0.444066;0.596932;0.246011
486;-1.543061;-9.618104;-0.748366;-0.020299;-0.010268;-0.005814;0.443205;0.597319;0.247342
487;-1.513081;-9.618299;-0.732916;-0.029252;0.014785;-0.005637;0.444091;0.597185;0.248195
488;-1.513108;-9.618194;-0.762805;-0.033713;0.017404;-0.008322;0.443603;0.597309;0.248996
489;-1.543087;-9.625524;-0.763331;-0.048154;0.013756;-0.009202;0.443494;0.598103;0.251302
490;-1.558071;-9.610406;-0.793433;-0.025383;-0.000864;-0.02744;0.443263;0.597283;0.25172
491;-1.543101;-9.617948;-0.7932;-0.027452;0.008529;-0.005671;0.443423;0.597824;0.252125
492;-1.47578;-9.662989;-0.822073;0.005034;0.011356;-0.003949;0.442366;0.597267;0.252511
493;-1.483295;-9.692942;-0.792392;0.019312;-5.8e-05;0.004989;0.443527;0.597964;0.251716
494;-1.528262;-9.707697;-0.785719;0.031794;-0.017777;0.012095;0.442532;0.597702;0.249364
495;-1.557914;-9.573417;-0.688718;0.002776;-0.01411;0.021243;0.445125;0.59788;0.247532
496;-1.572872;-9.558403;-0.688931;-0.050975;0.006691;-0.003806;0.443902;0.597038;0.249285
497;-1.603058;-9.632606;-0.794253;-0.079688;0.006377;-0.014576;0.444311;0.595823;0.249048
498;-1.633153;-9.677081;-0.85466;-0.049055;0.008404;-0.009198;0.443906;0.596616;0.251071
499;-1.543128;-9.617844;-0.823089;-0.003656;-0.009879;-0.033892;0.443966;0.595391;0.251643
500;-1.513068;-9.558191;-0.829893;0.005307;-0.011554;-0.029417;0.441778;0.596452;0.251824
501;-1.408393;-9.633084;-0.917993;0.077398;-0.017404;-0.020629;0.44385;0.597571;0.250504
502;-1.468248;-9.66318;-0.777113;0.137024;0.017797;-0.01961;0.442838;0.599358;0.246471
503;-1.437948;-9.589422;-0.544761;0.095961;0.000218;0.005686;0.443262;0.599376;0.244844
504;-1.482852;-9.574346;-0.523062;-0.051304;0.014305;0.019727;0.441946;0.600049;0.24383
505;-1.482998;-9.581294;-0.672529;-0.171978;0.031519;0.006571;0.444183;0.59814;0.247769
506;-1.640496;-9.632507;-0.772469;-0.197063;0.031217;-0.005966;0.442312;0.596053;0.251576
507;-1.528304;-9.632334;-0.972324;-0.191559;0.031161;-0.008741;0.443306;0.595336;0.257365
508;-1.588377;-9.691662;-1.018333;-0.083185;0.026089;-0.014441;0.442481;0.595163;0.260895
509;-1.543584;-9.736387;-1.107364;0.025028;-0.001251;-0.012194;0.440993;0.595131;0.262898
510;-1.498466;-9.69214;-1.00187;0.106111;-0.014286;-0.006168;0.440991;0.595567;0.259335
511;-1.498128;-9.588172;-0.822249;0.142074;-0.030221;-0.002748;0.442345;0.596968;0.255798
512;-1.49048;-9.551218;-0.717408;0.112971;-0.01023;0.016447;0.442119;0.597006;0.251004
513;-1.520423;-9.573724;-0.650724;0.049947;-0.005319;0.00489;0.442767;0.597573;0.248827
514;-1.520519;-9.618472;-0.673263;-0.02053;0.003552;0.013265;0.444351;0.59746;0.248061
515;-1.513069;-9.610827;-0.732895;-0.066079;0.01708;-0.018194;0.442773;0.597844;0.248959
516;-1.573054;-9.610334;-0.793686;-0.098698;0.011788;-0.00908;0.444481;0.59689;0.251494
517;-1.558215;-9.647448;-0.883203;-0.061611;0.015435;-0.01277;0.443499;0.59604;0.254623
518;-1.498347;-9.670039;-0.912141;-0.024549;0.006482;-0.018372;0.441492;0.596963;0.255359
519;-1.51338;-9.707376;-0.897551;0.017692;-0.002997;-0.007677;0.443057;0.596039;0.254198
520;-1.550678;-9.632619;-0.860618;0.060695;-0.000558;0.015763;0.441795;0.596571;0.253873
521;-1.513032;-9.573368;-0.762683;0.044579;-0.010767;0.00215;0.442625;0.596338;0.25035
522;-1.497952;-9.543737;-0.710042;0.034578;0.005488;0.010416;0.443711;0.597705;0.250496
523;-1.558002;-9.633237;-0.673937;-0.029162;0.00113;-0.016562;0.444058;0.596345;0.251217
524;-1.550636;-9.647822;-0.785936;-0.087025;0.011916;-0.004593;0.443478;0.596343;0.250788
525;-1.558161;-9.647656;-0.823424;-0.068992;0.003023;-0.004694;0.442195;0.595221;0.253502
526;-1.543182;-9.610111;-0.897792;-0.04713;0.002827;-0.018324;0.443733;0.595083;0.255743
527;-1.550787;-9.677315;-0.898102;0.001488;-0.013015;-0.013117;0.443003;0.596556;0.257194
528;-1.57328;-9.692177;-0.89105;0.057347;-0.012657;-0.006006;0.44444;0.596593;0.254507
529;-1.543178;-9.647727;-0.823171;0.106106;-0.008941;-0.007924;0.443368;0.595932;0.251066
530;-1.528052;-9.603233;-0.748073;0.111561;-0.014417;-0.013408;0.443668;0.597318;0.248041
531;-1.498071;-9.618474;-0.702773;0.084327;-0.023306;-0.004367;0.443847;0.597616;0.245034
532;-1.520492;-9.618576;-0.643374;0.075299;-0.010751;-0.002443;0.443631;0.598857;0.242405
533;-1.527893;-9.588814;-0.598585;0.028089;-0.014122;0.016647;0.444827;0.599957;0.24215
534;-1.572778;-9.558769;-0.584318;-0.012346;0.003464;0.006932;0.445157;0.597802;0.240698
535;-1.587825;-9.58853;-0.599597;-0.084125;0.006163;-0.023618;0.444194;0.59859;0.242565
536;-1.572986;-9.618119;-0.704038;-0.11584;0.004476;-0.012704;0.444887;0.597904;0.244379
537;-1.558134;-9.64776;-0.793535;-0.083183;0.011582;-0.021787;0.444608;0.596516;0.247677
538;-1.543242;-9.677559;-0.838197;-0.018205;0.013648;-0.020129;0.444126;0.596233;0.248487
539;-1.543178;-9.647727;-0.823171;0.008458;0.007165;0.008705;0.444321;0.5965;0.249309
540;-1.573129;-9.662684;-0.778884;0.037208;-0.008745;0.013968;0.445048;0.597331;0.248223
541;-1.558049;-9.633054;-0.726243;0.058174;-0.025214;-0.0061;0.445983;0.597764;0.246195
542;-1.542967;-9.61847;-0.643754;0.060737;-0.014218;0.00572;0.444584;0.598446;0.244085
543;-1.542967;-9.61847;-0.643754;0.002103;-0.007281;0.005006;0.445192;0.597376;0.242895
544;-1.572933;-9.618328;-0.64426;-0.015047;-0.007336;0.00506;0.446022;0.59767;0.241276
545;-1.550441;-9.58842;-0.68116;-0.036513;-0.002299;-0.007527;0.445788;0.597799;0.241813
546;-1.512985;-9.573551;-0.710376;-0.040229;0.004155;0.002458;0.447108;0.596703;0.244612
547;-1.543021;-9.610738;-0.718457;-0.057961;0.017118;-0.018201;0.445524;0.597644;0.243721
548;-1.588041;-9.64033;-0.741714;-0.040065;0.004834;-0.009263;0.44597;0.596546;0.245808
549;-1.602909;-9.588067;-0.711935;-0.041813;0.002031;-0.0147;0.446707;0.59572;0.248172
550;-1.542978;-9.573304;-0.740772;-0.051495;0.032232;-0.025353;0.446175;0.595983;0.248423
551;-1.543113;-9.632942;-0.778296;-0.065146;0.040471;-0.014409;0.444797;0.596362;0.250148
552;-1.52825;-9.692702;-0.800623;-0.054433;0.002882;-0.013786;0.443806;0.596205;0.251485
553;-1.580711;-9.692376;-0.823926;-0.031251;0.000719;0.006967;0.445295;0.595936;0.253044
554;-1.543076;-9.603005;-0.793159;-0.023034;0.001486;-0.000302;0.44255;0.595502;0.252825
555;-1.550452;-9.550777;-0.763254;-0.07177;0.004894;-0.000159;0.443247;0.593867;0.25452
556;-1.55824;-9.66239;-0.883243;-0.079797;0.019175;-0.001846;0.444482;0.59427;0.256467
557;-1.648197;-9.676775;-0.922164;-0.049095;0.010297;-0.004657;0.443747;0.592627;0.257294
558;-1.520846;-9.632238;-1.009559;-0.011754;0.011734;-0.027406;0.443745;0.594118;0.257539
559;-1.588287;-9.661934;-0.973417;0.031149;-0.027084;-0.006034;0.443783;0.594385;0.258082
560;-1.535762;-9.572269;-1.047011;0.11782;-0.008777;-0.002532;0.443579;0.594135;0.255346
561;-1.550722;-9.662529;-0.853227;0.246885;-0.010176;-0.006466;0.444147;0.596081;0.250542
562;-1.460332;-9.559588;-0.500225;0.250395;-0.012876;-0.005627;0.44463;0.598998;0.242982
563;-1.467609;-9.500229;-0.373159;0.062287;-0.001348;0.022953;0.443559;0.599015;0.239665
564;-1.580029;-9.552151;-0.330365;-0.137487;0.031231;-0.014278;0.44556;0.599026;0.240825
565;-1.497804;-9.491675;-0.642648;-0.334277;0.039667;-0.003827;0.446128;0.596395;0.247867
566;-1.535862;-9.69972;-0.920327;-0.369941;0.070504;-0.024314;0.443528;0.595344;0.256688
567;-1.573503;-9.676269;-1.167486;-0.238378;0.038108;-0.012178;0.443008;0.592837;0.263829
568;-1.528672;-9.698581;-1.256456;-0.126549;0.03328;-0.005268;0.4415;0.591692;0.268996
569;-1.588591;-9.698349;-1.242523;0.030384;0.001625;-0.004936;0.442342;0.589516;0.270706
570;-1.60357;-9.735894;-1.168154;0.151263;-0.001461;-0.002532;0.440146;0.591948;0.26922
571;-1.498454;-9.677145;-1.016774;0.234306;-0.021058;-0.010147;0.442252;0.592701;0.262849
572;-1.498152;-9.61816;-0.792441;0.235762;-0.03862;0.00782;0.442253;0.596014;0.256223
573;-1.497917;-9.558915;-0.642832;0.153532;-0.034337;0.013477;0.443728;0.596619;0.250518
574;-1.527651;-9.469435;-0.553425;0.040964;-0.003653;0.000401;0.443664;0.59774;0.246256
575;-1.557745;-9.528956;-0.583984;-0.058177;0.004789;-0.007425;0.443444;0.597596;0.246935
576;-1.542908;-9.543499;-0.718273;-0.138173;0.02745;-0.024269;0.445091;0.595836;0.248527
577;-1.580687;-9.66991;-0.838809;-0.157141;0.017556;-0.023364;0.44275;0.596852;0.253899
578;-1.558369;-9.707006;-0.943144;-0.139282;0.026055;-0.00527;0.441446;0.59626;0.258243
579;-1.528457;-9.70694;-1.002417;-0.070679;0.007406;-0.009194;0.441422;0.592709;0.260907
580;-1.558334;-9.662024;-0.987856;-0.000284;0.007673;-0.009355;0.441727;0.593236;0.263232
581;-1.513348;-9.6323;-1.00196;0.03031;-0.009181;-0.005944;0.442423;0.594069;0.261735
582;-1.543195;-9.617582;-0.897813;0.077007;-0.014089;0.008392;0.441926;0.593005;0.258594
583;-1.558047;-9.58794;-0.808316;0.066257;0.008222;0.00586;0.442955;0.595462;0.258171
584;-1.558071;-9.610406;-0.793433;0.032981;-0.008292;-0.00683;0.442102;0.595758;0.254172
585;-1.543101;-9.617948;-0.7932;0.017596;-0.01009;-0.004097;0.441249;0.597108;0.253981
586;-1.498153;-9.603114;-0.82229;0.001399;-0.012923;-0.007713;0.442523;0.595761;0.254323
587;-1.528177;-9.63283;-0.83035;0.017318;0.003849;0.020412;0.442104;0.597128;0.252642
588;-1.498058;-9.558367;-0.799751;0.037513;0.00519;-0.004969;0.443204;0.59634;0.250779
589;-1.498059;-9.611003;-0.702753;0.00131;0.003369;0.000537;0.442407;0.596058;0.251032
590;-1.617962;-9.677961;-0.622765;-0.02391;0.000488;-0.005699;0.442617;0.596053;0.251996
591;-1.603068;-9.662646;-0.7495;-0.041857;-0.00779;-0.012954;0.443443;0.595789;0.252028
592;-1.505595;-9.573195;-0.822335;-0.088908;0.011131;0.001716;0.441508;0.596028;0.2536
593;-1.580678;-9.632347;-0.898486;-0.074367;0.002977;-0.006482;0.442765;0.594261;0.255453
594;-1.588205;-9.669771;-0.868825;-0.033565;0.006435;-0.020121;0.442784;0.594395;0.255725
595;-1.513204;-9.602782;-0.897266;-0.018222;0.002888;-0.020216;0.443143;0.594931;0.256957
596;-1.535792;-9.662392;-0.912753;0.027509;-0.012683;-0.001427;0.441761;0.595054;0.256772
597;-1.573211;-9.647325;-0.8984;0.091787;0.001663;-0.013233;0.441612;0.596695;0.255095
598;-1.483212;-9.587982;-0.896719;0.118552;-0.01399;0.006456;0.441511;0.598075;0.252194
599;-1.528009;-9.633483;-0.643541;0.124792;-0.027449;0.004564;0.443184;0.596643;0.246944
600;-1.542891;-9.573644;-0.643631;0.078711;-0.019436;0.010161;0.443953;0.598298;0.244751
601;-1.49794;-9.588903;-0.613024;0.025574;-2e-05;0.005881;0.443141;0.599117;0.243204
602;-1.520376;-9.573907;-0.598418;-0.013084;0.01581;-0.002049;0.44245;0.598162;0.242926
603;-1.520517;-9.633518;-0.643415;-0.040252;-0.002139;0.001517;0.44332;0.599114;0.243757
604;-1.550537;-9.633167;-0.703699;-0.067143;0.011014;-0.008266;0.443419;0.598698;0.244999
605;-1.543098;-9.648041;-0.733503;-0.050805;0.006445;-0.015575;0.442831;0.597582;0.247872
606;-1.543111;-9.647988;-0.748448;-0.025693;0.004985;-0.003888;0.442645;0.598128;0.247308
607;-1.535671;-9.662861;-0.778251;-0.020224;-0.004069;-0.009392;0.442943;0.597857;0.247597
608;-1.520694;-9.670429;-0.770546;0.024707;0.003594;0.006824;0.444162;0.597991;0.249275
609;-1.528108;-9.648138;-0.725778;0.032057;0.001607;-0.004059;0.441511;0.597849;0.246729
610;-1.520571;-9.633309;-0.703193;0.025777;-0.000286;-0.007678;0.441157;0.599902;0.244217
611;-1.52801;-9.618437;-0.67339;0.024669;-0.00539;0.005861;0.442751;0.598433;0.243341
612;-1.52797;-9.618593;-0.628556;-0.000578;-0.00554;0.003209;0.442284;0.599383;0.242761
613;-1.543005;-9.63336;-0.658739;-0.020286;0.004982;-0.004806;0.443471;0.598843;0.243904
614;-1.528063;-9.633274;-0.70332;-0.03466;0.007542;-0.008378;0.443583;0.59829;0.245285
615;-1.528103;-9.633118;-0.748154;-0.022162;-0.005687;-0.000357;0.443396;0.596652;0.246131
616;-1.550577;-9.633011;-0.748533;-0.026612;0.00771;-0.002056;0.444208;0.598017;0.246268
617;-1.558067;-9.648022;-0.718811;-0.005189;0.00364;0.014148;0.443398;0.597872;0.246381
618;-1.528089;-9.633169;-0.733209;0.001357;0.005116;-0.002152;0.443423;0.597598;0.246661
619;-1.543046;-9.633204;-0.703573;0.028408;-0.009159;-0.004116;0.442915;0.59923;0.245655
620;-1.543071;-9.648145;-0.703614;0.004709;-0.005292;0.014058;0.442562;0.598964;0.244555
621;-1.55792;-9.588437;-0.666342;-0.004154;0.00342;0.003288;0.443936;0.598706;0.244605
622;-1.542968;-9.610947;-0.658678;0.002301;0.008632;-0.005743;0.44463;0.600203;0.24501
623;-1.55046;-9.603388;-0.673729;-0.019474;0.010532;0.003371;0.444833;0.598722;0.243814
624;-1.558029;-9.633132;-0.703826;-0.005931;0.001585;0.001473;0.4447;0.597772;0.243691
625;-1.573013;-9.618014;-0.733928;-0.011283;0.004187;-0.002109;0.444008;0.596667;0.245194
626;-1.543047;-9.618156;-0.733422;-0.002309;0.006992;0.002398;0.444546;0.596673;0.245075
627;-1.543034;-9.618209;-0.718477;-0.00944;0.001422;-0.005762;0.44426;0.597485;0.24505
628;-1.572991;-9.63314;-0.681662;0.001505;-0.005923;-0.016679;0.445354;0.597631;0.245083
629;-1.572961;-9.603177;-0.703998;0.009517;-0.003915;-0.007641;0.445537;0.598185;0.243985
630;-1.527974;-9.5885;-0.688253;0.008648;-0.000384;-0.009444;0.445232;0.598185;0.243564
631;-1.558027;-9.648179;-0.673977;-0.000571;-0.014529;0.001353;0.445356;0.598324;0.243429
632;-1.558014;-9.640708;-0.673957;-0.016903;-0.010857;0.008653;0.444271;0.599667;0.243778
633;-1.57296;-9.618224;-0.674149;-0.007902;0.001821;0.013244;0.444818;0.596962;0.243301
634;-1.572928;-9.603308;-0.666636;-0.00767;-0.005736;-0.005802;0.4448;0.598183;0.243277
635;-1.572966;-9.618197;-0.681621;-0.004133;-0.011008;-0.001323;0.444965;0.596962;0.243442
636;-1.550576;-9.648057;-0.718685;-0.016785;0.000685;0.0033;0.446249;0.598611;0.242633
637;-1.580515;-9.64802;-0.689302;-0.01201;-0.006904;-0.018457;0.445939;0.5967;0.243616
638;-1.55797;-9.61832;-0.666424;0.002084;0.000864;0.008684;0.447854;0.597818;0.242017
639;-1.580476;-9.63313;-0.674316;-0.015001;-0.006491;0.002355;0.447776;0.596591;0.242585
640;-1.602926;-9.618082;-0.674655;-0.000481;-0.00025;-0.002152;0.447249;0.596734;0.241061
641;-1.587929;-9.618205;-0.659457;-0.001519;-0.003659;0.006866;0.446388;0.597799;0.242516
642;-1.580438;-9.61824;-0.659331;-0.005924;-0.00024;-0.000339;0.447588;0.598101;0.240362
643;-1.587904;-9.603263;-0.659417;0.001277;-0.010985;-0.001331;0.446859;0.596728;0.241322
644;-1.57292;-9.610857;-0.644239;-0.025656;0.013896;-0.006531;0.446635;0.597534;0.242119
645;-1.617946;-9.647947;-0.660045;-0.021905;0.007409;-0.018322;0.446815;0.596868;0.240771
646;-1.602939;-9.61803;-0.6896;-0.016433;-0.00075;-0.023824;0.445835;0.597387;0.242369
647;-1.550472;-9.610859;-0.673749;-0.016707;0.014053;-0.00023;0.446029;0.59779;0.243188
648;-1.573011;-9.640584;-0.689155;-0.01111;0.000304;-0.016606;0.446328;0.59767;0.241696
649;-1.588006;-9.647985;-0.689428;-0.012936;-0.002368;-0.015708;0.446282;0.597795;0.242923
650;-1.580465;-9.610613;-0.704144;-0.000346;-0.006749;-0.01306;0.446481;0.597112;0.243626
651;-1.572973;-9.618172;-0.689094;-0.002263;0.00601;-0.002119;0.446418;0.59629;0.24446
652;-1.572973;-9.618172;-0.689094;-0.004098;-0.003856;-0.00218;0.446547;0.596985;0.242674
653;-1.580508;-9.648046;-0.681829;0.004886;-0.009162;-0.000424;0.446265;0.596848;0.24253
654;-1.580462;-9.640706;-0.644447;0.003104;0.001585;-0.000348;0.444746;0.59712;0.240561
655;-1.602835;-9.588354;-0.62974;-0.009323;0.00392;-0.015671;0.44696;0.594821;0.242319
656;-1.580387;-9.588356;-0.659249;-0.023886;0.004961;-0.005688;0.447664;0.596994;0.242984
657;-1.587981;-9.633042;-0.689387;-0.041764;0.011848;-0.016448;0.446014;0.598062;0.243046
658;-1.603003;-9.647861;-0.704626;-0.03103;0.011143;-0.009236;0.445524;0.598322;0.243845
659;-1.60306;-9.677719;-0.712179;-0.015882;-0.002005;0.002398;0.44696;0.595348;0.244223
660;-1.565545;-9.648039;-0.703993;-0.014752;0.004845;-0.012952;0.445891;0.595078;0.242689
661;-1.550486;-9.610806;-0.688694;0.001286;0.001609;0.001452;0.446035;0.596705;0.243072
662;-1.572986;-9.618119;-0.704038;0.0141;0.019404;-0.007496;0.446274;0.59766;0.242788
663;-1.57301;-9.648108;-0.67423;0.012133;0.012428;0.002412;0.446348;0.596162;0.243503
664;-1.587954;-9.64067;-0.644574;0.003133;0.003343;-0.002142;0.447652;0.596453;0.24272
665;-1.557931;-9.603431;-0.651438;-0.002174;0.005857;-0.009362;0.44548;0.597107;0.243046
666;-1.587865;-9.588373;-0.644431;-0.009589;0.007029;0.005147;0.446425;0.598066;0.243059
667;-1.587935;-9.625702;-0.652005;-0.02297;0.010344;-0.00565;0.446495;0.596162;0.243645
668;-1.580533;-9.670511;-0.666946;-0.019156;0.011853;-0.020123;0.445364;0.597103;0.243316
669;-1.58049;-9.633078;-0.689261;-0.015732;0.004956;-0.007516;0.44651;0.596567;0.243911
670;-1.580527;-9.663014;-0.674398;-0.020313;0.01584;-0.000195;0.445375;0.59778;0.243577
671;-1.587964;-9.610551;-0.711743;-0.011224;-0.006713;-0.009412;0.446753;0.596573;0.243509
672;-1.580505;-9.617979;-0.734054;-0.00045;0.005125;-0.002126;0.445676;0.597373;0.243868
673;-1.587981;-9.633042;-0.689387;0.003136;0.000656;-0.002161;0.445644;0.596548;0.245113
674;-1.55799;-9.618242;-0.688841;0.001386;-0.013846;-0.009502;0.44537;0.596019;0.2432
675;-1.542994;-9.610843;-0.688567;-0.000494;0.001564;-0.000356;0.446545;0.596293;0.244328
676;-1.572984;-9.640689;-0.659265;-0.01313;-0.003891;-0.002157;0.447486;0.597524;0.244335
677;-1.572896;-9.588392;-0.659123;-0.005713;0.004841;-0.014782;0.4459;0.597246;0.243194
678;-1.572941;-9.603255;-0.681581;-0.023959;0.003278;-0.000275;0.446531;0.597243;0.244309
679;-1.587969;-9.618049;-0.704291;-0.033622;0.004653;-0.01923;0.446529;0.597228;0.246087
680;-1.60303;-9.647757;-0.734515;-0.023796;-0.003243;-0.012968;0.446232;0.596685;0.245677
681;-1.572986;-9.618119;-0.704038;-0.007537;0.003081;-0.012979;0.446678;0.596566;0.244327
682;-1.572973;-9.618172;-0.689094;-0.011237;0.006799;-0.005709;0.446525;0.59765;0.244301
683;-1.558067;-9.648022;-0.718811;-0.018423;-0.000474;-0.009363;0.446533;0.596956;0.246092
684;-1.58049;-9.633078;-0.689261;0.012203;-0.018282;-0.009549;0.445316;0.596009;0.244292
685;-1.527976;-9.56593;-0.733026;-0.01309;0.003272;-0.002131;0.447273;0.594805;0.244654
686;-1.572966;-9.618197;-0.681621;-0.009412;-0.002231;-0.009392;0.446113;0.595613;0.243916
687;-1.602952;-9.617977;-0.704544;-0.011302;0.000608;-0.00212;0.446113;0.596968;0.244164
688;-1.55804;-9.648127;-0.688922;-0.020314;0.014042;-0.000217;0.445702;0.596964;0.24415
689;-1.572973;-9.618172;-0.689094;-0.011286;0.006873;-0.002091;0.446377;0.596972;0.244036
690;-1.572954;-9.610726;-0.681601;-0.027545;0.019435;0.001651;0.445129;0.597232;0.243853
691;-1.572986;-9.618119;-0.704038;-0.033044;-0.010161;0.001467;0.445887;0.597909;0.244959
692;-1.580555;-9.647863;-0.734136;-0.01655;-0.003259;-0.014804;0.446383;0.595737;0.2457
693;-1.573038;-9.632957;-0.733968;-0.008522;0.005915;-0.005722;0.446242;0.597362;0.245938
694;-1.573;-9.618067;-0.718983;-0.00225;-0.016506;-0.007696;0.445275;0.59654;0.245648
695;-1.580491;-9.618032;-0.719109;-0.009453;0.014054;-0.002044;0.445117;0.597218;0.245493
696;-1.558017;-9.618138;-0.71873;-0.016675;0.005021;-0.003905;0.445968;0.597359;0.245929
697;-1.558042;-9.63308;-0.718771;-0.007611;0.001395;-0.007569;0.446238;0.596956;0.245809
698;-1.573031;-9.640506;-0.711572;-0.003935;0.004009;-0.012077;0.446445;0.595881;0.244742
699;-1.58048;-9.603037;-0.734013;-0.007506;0.003048;-0.014786;0.444905;0.59736;0.244526
700;-1.572987;-9.610596;-0.718963;-0.007588;0.001363;-0.009373;0.445004;0.595588;0.245521
701;-1.580522;-9.640471;-0.711698;0.003187;-0.000315;-0.005788;0.445407;0.596813;0.245647
702;-1.580517;-9.632974;-0.71915;-0.020318;-0.005741;-0.003958;0.445009;0.595994;0.24565
703;-1.580479;-9.61056;-0.719089;-0.014892;-0.002136;-0.003948;0.444917;0.596546;0.244542
704;-1.573052;-9.632904;-0.748913;-0.014596;0.004629;-0.023805;0.445619;0.596822;0.244834
705;-1.580498;-9.618006;-0.726582;0.002367;-0.014841;-0.014929;0.444635;0.596258;0.246179
706;-1.573064;-9.647899;-0.734009;0.008598;0.004222;-0.003965;0.444722;0.596128;0.245501
707;-1.572986;-9.618119;-0.704038;0.001416;0.003225;-0.007573;0.445499;0.596412;0.244974
708;-1.542964;-9.58088;-0.710903;-0.002233;0.014069;-0.002079;0.446676;0.596701;0.244324
709;-1.580517;-9.632974;-0.71915;-0.013127;0.000633;-0.000315;0.44532;0.595587;0.246078
710;-1.550614;-9.662947;-0.73367;-0.01108;0.006574;-0.016573;0.445356;0.596969;0.243182
711;-1.602947;-9.61048;-0.711996;0.026627;0.003418;-0.0031;0.446082;0.596821;0.245533
712;-1.587892;-9.588269;-0.674321;-0.007525;0.013858;-0.011998;0.444739;0.597075;0.245894
713;-1.558034;-9.648152;-0.68145;-0.018475;0.017597;-0.002006;0.445225;0.597765;0.245213
714;-1.558014;-9.640708;-0.673957;-0.014613;0.00462;-0.02381;0.444552;0.597094;0.243426
715;-1.558003;-9.61819;-0.703785;-0.011059;0.011934;-0.01744;0.443994;0.597616;0.245175
716;-1.572988;-9.603073;-0.733887;-0.031042;0.008466;-0.008364;0.444529;0.597081;0.24493
717;-1.558055;-9.633028;-0.733715;0.003229;0.003229;-0.007584;0.443367;0.59652;0.245722
718;-1.573038;-9.64048;-0.719044;0.012234;0.014094;-0.003909;0.443996;0.598158;0.245302
719;-1.535552;-9.648285;-0.673598;0.013924;0.007046;0.002357;0.444764;0.59763;0.244517
720;-1.54293;-9.588533;-0.658617;-0.002067;0.008395;-0.016588;0.444615;0.599271;0.24284
721;-1.550472;-9.618382;-0.658825;-0.014847;0.004967;-0.006626;0.444846;0.598585;0.243954
722;-1.527985;-9.603495;-0.673349;-0.019406;0.008622;-0.002078;0.443858;0.599648;0.245542
723;-1.543082;-9.663139;-0.68871;-0.018405;0.01569;-0.007452;0.443542;0.598294;0.244737
724;-1.543095;-9.67061;-0.68873;-0.025628;0.006664;-0.009303;0.44301;0.597203;0.24474
725;-1.558029;-9.633132;-0.703826;-0.007491;0.018313;-0.012883;0.443753;0.598002;0.247484
726;-1.543034;-9.618209;-0.718477;-0.022146;0.010485;0.001566;0.442871;0.598542;0.246761
727;-1.528076;-9.633222;-0.718265;0.001672;0.013637;-0.023803;0.443575;0.598682;0.247055
728;-1.528069;-9.633247;-0.710792;-0.003218;0.010587;0.003323;0.442657;0.598141;0.245668
729;-1.543052;-9.633177;-0.711045;-0.002316;0.010594;0.003327;0.443894;0.597882;0.245714
730;-1.543007;-9.618313;-0.688588;-0.01309;-0.009349;-0.005825;0.443212;0.598417;0.245818
731;-1.528051;-9.618279;-0.718224;0.003207;0.005049;-0.005775;0.443467;0.599641;0.245803
732;-1.528089;-9.640693;-0.718285;-0.003157;-0.006608;-0.004932;0.44371;0.598292;0.245153
733;-1.543034;-9.618209;-0.718477;0.010271;0.001715;0.005045;0.443426;0.599645;0.245254
734;-1.543007;-9.618313;-0.688588;-0.002251;0.01769;-0.000244;0.444015;0.598292;0.245573
735;-1.528051;-9.618279;-0.718224;-0.013036;-0.002218;-0.007593;0.442649;0.598007;0.245533
736;-1.550544;-9.633142;-0.711172;0.004854;0.001697;0.005062;0.44372;0.597614;0.245166
737;-1.573017;-9.648082;-0.681703;0.003113;0.001585;-0.000351;0.445738;0.598045;0.244814
738;-1.558029;-9.633132;-0.703826;-0.004083;-0.000274;-0.002162;0.445659;0.597631;0.245503
739;-1.550563;-9.640586;-0.718664;-0.002419;-4.8e-05;0.008687;0.442773;0.597618;0.243494
740;-1.550537;-9.633167;-0.703699;-0.011319;-0.00568;-0.002183;0.442807;0.598157;0.244032
741;-1.580508;-9.648046;-0.681829;-0.002432;-0.009041;0.00683;0.444588;0.598174;0.24409
742;-1.573024;-9.640532;-0.704099;0.009413;-0.014561;-0.002284;0.444733;0.597633;0.244105
743;-1.572986;-9.618119;-0.704038;-0.000664;-0.023376;0.006726;0.44453;0.597909;0.243273
744;-1.587885;-9.588295;-0.666848;0.011816;-0.006899;0.021282;0.446492;0.597939;0.242107
745;-1.572959;-9.625747;-0.659225;0.022913;-0.007269;0.001349;0.446896;0.597673;0.241988
746;-1.557988;-9.633288;-0.658992;0.00119;-0.003658;0.006848;0.448233;0.596471;0.241372
747;-1.587929;-9.618205;-0.659457;0.010136;-0.005298;0.012253;0.447123;0.59741;0.241317
748;-1.587891;-9.603315;-0.644472;-0.007606;0.001363;-0.009367;0.447536;0.598783;0.239801
749;-1.61788;-9.633162;-0.61517;0.002925;0.001852;0.012332;0.44836;0.597301;0.239583
750;-1.617843;-9.603226;-0.630033;-0.03197;0.004867;-0.009271;0.446942;0.598225;0.240886
751;-1.572882;-9.588444;-0.644178;-0.033619;0.014523;-0.018266;0.446239;0.598762;0.240715
752;-1.557963;-9.618347;-0.658951;-0.041009;0.017458;-0.004666;0.446245;0.597678;0.2406
753;-1.603013;-9.677902;-0.659873;-0.022109;0.012217;-0.002014;0.446651;0.597125;0.242264
754;-1.558027;-9.648179;-0.673977;-0.007527;0.008453;-0.012948;0.44503;0.597649;0.242611
755;-1.557963;-9.618347;-0.658951;-0.014751;-0.007781;-0.016658;0.445543;0.597929;0.242212
756;-1.580503;-9.633026;-0.704206;-0.005947;0.000714;0.002381;0.446055;0.596854;0.241566
757;-1.60294;-9.610506;-0.704524;0.005004;0.008679;-0.00482;0.446693;0.598476;0.24306
758;-1.602939;-9.61803;-0.6896;0.008629;-0.005741;-0.009447;0.447309;0.597391;0.243785
759;-1.587941;-9.6332;-0.644553;-0.000383;0.002286;-0.009377;0.446468;0.596571;0.243363
760;-1.573003;-9.648134;-0.666758;0.006829;0.001431;-0.008502;0.445196;0.597933;0.241244
761;-1.557963;-9.618347;-0.658951;0.001333;0.003329;-0.002151;0.445315;0.599005;0.243005
762;-1.572946;-9.618276;-0.659204;-0.009531;0.000641;-0.000327;0.446234;0.597528;0.242243
763;-1.602848;-9.588303;-0.644684;-0.016684;0.008615;-0.003863;0.44581;0.596983;0.241966
764;-1.572946;-9.618276;-0.659204;-0.023837;0.004885;-0.009309;0.44717;0.597525;0.243778
765;-1.588006;-9.647985;-0.689428;-0.026592;-0.013045;-0.009415;0.446691;0.597784;0.244714
766;-1.573037;-9.648004;-0.70412;-0.014914;0.015897;0.001597;0.446298;0.597236;0.244848
767;-1.557965;-9.6033;-0.6888;-0.004952;-0.000333;-0.004875;0.445919;0.598057;0.24359
768;-1.580535;-9.647942;-0.711719;-0.014753;0.003953;-0.012951;0.445237;0.59695;0.245229
769;-1.550512;-9.618226;-0.703659;-0.00944;0.006819;-0.004818;0.444878;0.597769;0.244244
770;-1.580478;-9.618084;-0.704165;-0.000266;0.012036;-0.014743;0.444231;0.597502;0.242861
771;-1.595441;-9.618092;-0.682001;0.016691;0.006982;-0.002149;0.446435;0.597388;0.243072
772;-1.580451;-9.618188;-0.674275;0.013854;0.000859;0.005951;0.446296;0.597372;0.244846
773;-1.572939;-9.625825;-0.636808;-0.005067;0.010626;0.005156;0.446556;0.598324;0.244836
774;-1.572933;-9.618328;-0.64426;-0.015012;0.012419;0.007001;0.446682;0.597122;0.242676
775;-1.587968;-9.633095;-0.674443;-0.029277;-0.004092;-0.009349;0.446074;0.596159;0.243494
776;-1.587931;-9.603159;-0.689306;-0.027498;0.010366;-0.003831;0.446439;0.597116;0.243078
777;-1.572961;-9.603177;-0.703998;-0.026559;0.004915;-0.007494;0.445451;0.596824;0.244418
778;-1.573062;-9.662945;-0.70416;-0.015024;0.003459;0.006942;0.445709;0.597912;0.244406
779;-1.573075;-9.662893;-0.719105;-0.009347;0.024696;-0.007402;0.445468;0.597093;0.244687
780;-1.580476;-9.63313;-0.674316;0.003254;0.008573;-0.009347;0.445422;0.597368;0.244133
781;-1.557996;-9.625739;-0.681389;0.006694;0.016045;0.005156;0.446083;0.598326;0.244
782;-1.557965;-9.6033;-0.6888;0.004889;0.003436;0.002362;0.444741;0.597768;0.24424
783;-1.595446;-9.633112;-0.659625;0.002269;0.006891;-0.003923;0.446147;0.597507;0.244701
784;-1.602926;-9.618082;-0.674655;-0.016666;0.012202;-0.003838;0.445755;0.597787;0.243179
785;-1.587943;-9.618153;-0.674402;-0.034462;0.011745;-0.022798;0.44601;0.597656;0.242917
786;-1.57305;-9.647951;-0.719064;-0.018319;0.010175;-0.014713;0.445267;0.597911;0.243981
787;-1.588033;-9.647881;-0.719317;-0.000389;0.01043;-0.005705;0.444685;0.597367;0.243425
788;-1.558003;-9.61819;-0.703785;0.010426;-0.002124;-0.007637;0.444731;0.597919;0.242322
789;-1.587899;-9.588243;-0.681793;-0.002082;0.010238;-0.014749;0.446525;0.59765;0.244301
790;-1.58049;-9.633078;-0.689261;-0.002193;0.005005;-0.007549;0.445694;0.596829;0.244016
791;-1.55804;-9.648127;-0.688922;-0.004002;0.0032;-0.007565;0.446417;0.597104;0.244581
792;-1.572973;-9.618172;-0.689094;-0.026437;0.010126;-0.015599;0.445564;0.597776;0.244267
793;-1.572973;-9.618172;-0.689094;-0.016762;-0.001158;0.000583;0.445609;0.5975;0.24482
794;-1.573038;-9.632957;-0.733968;-0.025676;0.012163;-0.003829;0.443909;0.59761;0.245856
795;-1.558067;-9.648022;-0.718811;-0.002058;0.006609;-0.016592;0.446632;0.596013;0.24543
796;-1.573057;-9.647924;-0.726537;0.001327;-0.003834;-0.002192;0.445647;0.597768;0.245364
797;-1.57296;-9.610701;-0.689073;0.02292;-0.007268;0.001348;0.44427;0.596806;0.245063
798;-1.580426;-9.603247;-0.674235;-0.001309;-0.003973;-0.008516;0.446072;0.59765;0.243739
799;-1.572971;-9.633218;-0.659245;-0.025712;-0.002218;-0.005733;0.446527;0.596987;0.2424
800;-1.602951;-9.633024;-0.674696;-0.027522;-0.000404;-0.0048;0.445188;0.598325;0.243013
801;-1.587969;-9.618049;-0.704291;-0.023795;-0.016766;-0.016684;0.444771;0.5979;0.244648
802;-1.580493;-9.602985;-0.748958;-0.009295;0.007524;-0.014752;0.445721;0.597775;0.244545
803;-1.550601;-9.662999;-0.718726;-0.012061;-0.002319;-0.013012;0.444984;0.59815;0.247522
804;-1.588058;-9.662822;-0.719358;0.004973;-0.007476;-0.005837;0.445533;0.598306;0.24576
805;-1.558003;-9.61819;-0.703785;-0.002261;-0.011096;-0.005857;0.445073;0.596681;0.244818
806;-1.587931;-9.603159;-0.689306;-0.001333;0.003274;-0.004847;0.446387;0.596294;0.244049
807;-1.557992;-9.603196;-0.718689;-0.009398;-0.00044;-0.009387;0.445621;0.596686;0.244836
808;-1.588048;-9.640305;-0.749186;0.001323;0.001586;-0.000341;0.445206;0.59748;0.246722
809;-1.572993;-9.618093;-0.711511;0.00603;0.012094;-0.012952;0.445379;0.597358;0.245363
810;-1.580387;-9.588356;-0.659249;0.001496;0.001285;-0.01482;0.445335;0.597498;0.244811
811;-1.572914;-9.60336;-0.651691;-0.026552;0.003083;-0.009315;0.445811;0.598188;0.243994
812;-1.543019;-9.633307;-0.673684;-0.040168;0.015757;-0.000163;0.444874;0.59789;0.246019
813;-1.58053;-9.632921;-0.734095;-0.037253;0.015486;-0.014629;0.444227;0.59815;0.24654
814;-1.573128;-9.670207;-0.763959;-0.032754;0.008332;-0.014689;0.442756;0.595692;0.246538
815;-1.573097;-9.647768;-0.771371;-0.00013;0.015456;-0.022863;0.445059;0.597329;0.24836
816;-1.543106;-9.632968;-0.770824;0.04122;-0.000348;-0.014039;0.444812;0.598423;0.247101
817;-1.528049;-9.633327;-0.688375;0.054661;-0.006489;-0.009596;0.444937;0.599389;0.245309
818;-1.542928;-9.60358;-0.628768;0.033997;0.005873;-0.014884;0.444445;0.59858;0.244078
819;-1.542972;-9.633491;-0.621377;0.006891;0.004914;-0.013014;0.443712;0.599662;0.243623
820;-1.557906;-9.588489;-0.651398;-0.025736;0.006814;-0.002063;0.445068;0.598593;0.243278
821;-1.52801;-9.618437;-0.67339;-0.029146;0.010102;-0.015611;0.444088;0.599263;0.243096
822;-1.543034;-9.618209;-0.718477;-0.036298;0.013594;-0.019182;0.443897;0.599252;0.244184
823;-1.543109;-9.663034;-0.718599;-0.022016;0.004886;-0.009324;0.4437;0.599648;0.245263
824;-1.558054;-9.648074;-0.703867;-0.00405;-0.005726;-0.005816;0.441931;0.599343;0.247125
825;-1.528128;-9.648059;-0.748195;0.002285;0.004187;-0.003969;0.441451;0.599752;0.246281
826;-1.543104;-9.648014;-0.740975;-0.004067;-0.006587;-0.004019;0.442229;0.598395;0.24729
827;-1.543034;-9.618209;-0.718477;0.010331;-0.01098;-0.002276;0.444364;0.598152;0.246544
828;-1.527991;-9.610991;-0.665897;0.019333;0.001668;0.001399;0.442668;0.599495;0.246052
829;-1.527997;-9.618488;-0.658445;-0.002288;0.003325;-0.00125;0.44393;0.599791;0.244721
830;-1.543019;-9.633307;-0.673684;-0.01689;0.001724;0.01054;0.443721;0.599646;0.245537
831;-1.528049;-9.633327;-0.688375;-0.022258;-0.000166;0.006916;0.443121;0.599646;0.244834
832;-1.528069;-9.633247;-0.710792;-0.014964;0.006062;0.003322;0.442552;0.60032;0.244666
833;-1.528094;-9.64819;-0.710833;-0.022336;0.004464;0.014184;0.442656;0.599632;0.245913
834;-1.550589;-9.648005;-0.73363;-0.004215;0.001739;0.008703;0.443838;0.597481;0.244899
835;-1.54302;-9.618261;-0.703532;0.013134;-0.002118;-0.00765;0.442323;0.599364;0.245086
836;-1.572991;-9.63314;-0.681662;0.019298;-0.010867;0.001334;0.442998;0.598017;0.244724
837;-1.558008;-9.63321;-0.681409;0.01024;-0.005453;0.005004;0.443492;0.598163;0.244054
838;-1.543056;-9.663243;-0.65882;-0.011271;0.00143;-0.004851;0.444773;0.59927;0.243118
839;-1.542987;-9.618392;-0.666171;-0.002329;-0.014614;-0.002268;0.445061;0.597645;0.243022
840;-1.557951;-9.610876;-0.658931;0.003694;-0.010542;0.020362;0.44553;0.597915;0.243853
841;-1.55797;-9.61832;-0.666424;-0.013427;-0.014245;0.017666;0.446118;0.59888;0.24276
842;-1.550519;-9.618199;-0.711131;-0.016745;0.010525;0.00246;0.444551;0.598058;0.241767
843;-1.557988;-9.633288;-0.658992;-0.012309;0.005237;0.006036;0.44622;0.598478;0.242224
844;-1.557977;-9.618295;-0.673896;0.00666;-0.002814;0.003221;0.444482;0.59832;0.242717
845;-1.587981;-9.633042;-0.689387;0.008449;-0.009072;0.003188;0.445724;0.598618;0.241111
846;-1.587949;-9.618127;-0.681874;0.028309;-0.007207;0.003151;0.446799;0.597954;0.240749
847;-1.572933;-9.618328;-0.64426;0.013992;-0.003865;-0.005842;0.446502;0.598616;0.242368
848;-1.602835;-9.588354;-0.62974;-0.002443;-3.8e-05;0.008707;0.446171;0.599703;0.241789
849;-1.602899;-9.618186;-0.644766;-0.02561;0.017434;-0.009208;0.444966;0.599296;0.240253
850;-1.587954;-9.633147;-0.659498;-0.030882;0.019001;-0.01914;0.446292;0.597417;0.239376
851;-1.602964;-9.632972;-0.68964;-0.026599;0.01758;-0.001969;0.445682;0.598472;0.242343
852;-1.558002;-9.633237;-0.673937;-0.02015;0.004785;-0.014751;0.445101;0.598605;0.241911
853;-1.558003;-9.61819;-0.703785;-0.015748;0.010383;-0.004776;0.445352;0.599272;0.243548
854;-1.543032;-9.633255;-0.688628;0.008463;-0.009103;0.002265;0.446392;0.597528;0.242521
855;-1.580491;-9.625555;-0.704185;0.019207;-0.006216;0.009508;0.446764;0.598078;0.242113
856;-1.617882;-9.618115;-0.645019;0.010156;-0.01343;0.008594;0.446255;0.597526;0.242517
857;-1.587876;-9.61089;-0.614603;-0.002091;0.008423;-0.015664;0.447208;0.597416;0.240636
858;-1.572971;-9.640741;-0.644321;-0.028385;0.014819;-0.004708;0.445588;0.597126;0.240862
859;-1.557963;-9.618347;-0.658951;-0.038434;0.001464;0.001552;0.44557;0.598347;0.240838
860;-1.580399;-9.603351;-0.644345;-0.034645;0.01381;-0.00922;0.445653;0.598339;0.241935
861;-1.572985;-9.633165;-0.67419;-0.02392;0.008618;-0.002047;0.446621;0.599838;0.242348
862;-1.573069;-9.662919;-0.711633;-0.029391;0.003296;0.001549;0.44662;0.598333;0.243881
863;-1.580565;-9.677904;-0.689383;-0.002214;-0.010269;-0.009458;0.445688;0.597387;0.242227
864;-1.572947;-9.610753;-0.674129;-0.01487;0.000512;-0.005743;0.444927;0.598863;0.243268
865;-1.587904;-9.603263;-0.659417;0.004943;0.00785;-0.001214;0.445394;0.598741;0.242192
866;-1.587968;-9.633095;-0.674443;-0.004732;0.013738;-0.018335;0.446503;0.599293;0.242491
867;-1.550587;-9.670575;-0.688857;0.014003;0.012337;-0.002124;0.444828;0.600635;0.242274
868;-1.550497;-9.633325;-0.658866;-0.000615;-0.003666;0.006849;0.445757;0.599006;0.243429
869;-1.572908;-9.603386;-0.644219;-0.007716;-0.011078;-0.004029;0.445973;0.598066;0.242497
870;-1.580449;-9.633235;-0.644427;-0.01304;0.003171;-0.007534;0.445688;0.598065;0.242351
871;-1.57301;-9.648108;-0.67423;-0.004885;0.003163;-0.009366;0.445265;0.59752;0.242074
872;-1.587917;-9.610734;-0.659437;-0.007734;-0.018243;-0.00407;0.44644;0.597794;0.243202
873;-1.580451;-9.618188;-0.674275;-0.014668;0.011011;-0.018332;0.445257;0.599418;0.242311
874;-1.572986;-9.625643;-0.689114;-0.016709;-0.003939;-0.003958;0.445335;0.597648;0.243031
875;-1.558052;-9.66312;-0.674018;-0.012881;-0.003366;-0.020249;0.445811;0.599016;0.242337
876;-1.572986;-9.625643;-0.689114;-0.000285;0.006655;-0.014782;0.44551;0.598594;0.243702
877;-1.557951;-9.610876;-0.658931;-0.020359;0.001493;-0.000302;0.446083;0.598326;0.244
878;-1.565424;-9.588349;-0.681413;-0.002246;0.012282;-0.002081;0.445118;0.598874;0.24218
879;-1.550536;-9.640691;-0.688775;-0.016614;0.003114;-0.009347;0.44382;0.597498;0.242847
880;-1.580515;-9.64802;-0.689302;0.001525;0.000353;-0.016633;0.443388;0.598851;0.242807
881;-1.557977;-9.610771;-0.68882;-0.009547;-0.007428;-0.000388;0.446861;0.598475;0.243476
882;-1.550498;-9.618278;-0.688714;-0.009415;-0.004029;-0.009413;0.445061;0.597645;0.243022
883;-1.573012;-9.633061;-0.704079;-0.001219;0.003104;-0.012994;0.445282;0.598467;0.242467
884;-1.58049;-9.633078;-0.689261;-0.0076;-0.000429;-0.009381;0.444435;0.600087;0.242408
885;-1.558002;-9.633237;-0.673937;-0.000389;0.001401;-0.008491;0.444128;0.599545;0.241861
886;-1.572934;-9.610805;-0.659184;-0.014825;0.00854;-0.007498;0.443936;0.598857;0.242825
887;-1.550567;-9.66313;-0.681364;-0.030144;0.014752;-0.007426;0.445814;0.600235;0.242587
888;-1.572985;-9.633165;-0.67419;-0.009506;0.007812;-0.000279;0.44563;0.598326;0.243438
889;-1.557965;-9.6033;-0.6888;-0.009445;0.010424;-0.003887;0.445983;0.598592;0.244538
890;-1.572961;-9.603177;-0.703998;-0.009356;0.0148;-0.009279;0.445011;0.597515;0.242339
891;-1.588071;-9.670293;-0.719378;0.003215;-0.003953;-0.008522;0.445178;0.599531;0.244904
892;-1.58802;-9.647932;-0.704373;0.004872;-0.007329;0.0014;0.445624;0.598733;0.24343
893;-1.587906;-9.588217;-0.689265;-0.014857;0.012205;-0.00385;0.446046;0.598737;0.243581
894;-1.535534;-9.633317;-0.681029;-0.007827;-0.0028;0.006866;0.446194;0.597096;0.245258
895;-1.558003;-9.61819;-0.703785;-0.00748;-0.002411;-0.018449;0.445232;0.598185;0.243564
896;-1.572985;-9.633165;-0.67419;-0.022069;-0.000448;-0.007539;0.446222;0.598192;0.244007
897;-1.587943;-9.618153;-0.674402;-0.014703;-0.000638;-0.018407;0.445595;0.598601;0.243022
898;-1.558015;-9.633184;-0.688881;-0.019333;-0.000479;-0.009362;0.44443;0.598175;0.243812
899;-1.543082;-9.663139;-0.68871;-0.011115;0.006607;-0.014766;0.446104;0.598324;0.244274
900;-1.572986;-9.618119;-0.704038;-0.007702;0.005131;-0.000302;0.446415;0.598594;0.244826
901;-1.558029;-9.633132;-0.703826;-0.008606;-0.003876;-0.002175;0.445466;0.598584;0.244932
902;-1.572973;-9.618172;-0.689094;-0.000489;-0.000239;-0.00126;0.445413;0.599402;0.244367
903;-1.573012;-9.633061;-0.704079;-0.005636;0.006544;-0.019292;0.445394;0.599268;0.244096
904;-1.580438;-9.61824;-0.659331;-0.009408;0.017562;-0.005639;0.445086;0.598049;0.243425
905;-1.543005;-9.63336;-0.658739;-0.029071;8.1e-05;-0.023812;0.445483;0.59953;0.245324
906;-1.543088;-9.670636;-0.681258;-0.031024;0.013814;-0.009242;0.445317;0.598568;0.246568
907;-1.573064;-9.647899;-0.734009;-0.021912;0.006541;-0.016538;0.445103;0.598168;0.245475
908;-1.573058;-9.640402;-0.741461;-0.011169;0.01752;-0.007446;0.445547;0.598711;0.246026
909;-1.588159;-9.72259;-0.719521;0.024819;0.005218;-0.002181;0.443122;0.598682;0.246493
910;-1.558018;-9.603091;-0.748578;0.034011;0.001403;-0.014908;0.444568;0.599532;0.244064
911;-1.528093;-9.663237;-0.680984;0.041937;-0.010907;-0.004166;0.44392;0.599792;0.244584
912;-1.542979;-9.625941;-0.643774;0.041127;-0.001159;-0.009521;0.443856;0.600762;0.242102
913;-1.542869;-9.588769;-0.591366;-0.005189;-0.002718;0.01048;0.443038;0.600482;0.242081
914;-1.527907;-9.588761;-0.61353;-0.018343;0.013761;-0.013805;0.444385;0.600634;0.241849
915;-1.572934;-9.610805;-0.659184;-0.05913;0.014799;-0.000111;0.4438;0.599533;0.242944
916;-1.543135;-9.677977;-0.71864;-0.038382;0.01401;0.001631;0.444124;0.601021;0.243884
917;-1.543072;-9.633099;-0.733462;-0.030236;0.012212;-0.000212;0.444475;0.600896;0.243077
918;-1.558092;-9.670487;-0.703928;-0.00764;0.005035;-0.00483;0.444866;0.59911;0.246132
919;-1.543104;-9.648014;-0.740975;-0.001365;-0.000267;-0.002174;0.44321;0.599908;0.246062
920;-1.543098;-9.648041;-0.733503;0.017582;-0.00199;-0.002232;0.44408;0.599505;0.246646
921;-1.557971;-9.610798;-0.681348;0.03209;-0.00746;-0.009535;0.442795;0.600326;0.244263
922;-1.535462;-9.618558;-0.628682;0.016557;-0.001853;0.005003;0.443052;0.600059;0.244003
923;-1.542953;-9.618523;-0.628809;0.013992;0.005125;-0.003985;0.44293;0.601291;0.242609
924;-1.542992;-9.633412;-0.643794;-0.011218;0.004044;-0.008453;0.443297;0.600607;0.243728
925;-1.550485;-9.61833;-0.673769;-0.018452;0.001351;-0.007546;0.443542;0.599122;0.24308
926;-1.572971;-9.633218;-0.659245;-0.025616;0.013841;-0.009244;0.443692;0.600342;0.243472
927;-1.543059;-9.633151;-0.718518;-0.020288;-0.000392;-0.004843;0.443466;0.600605;0.244143
928;-1.528063;-9.633274;-0.70332;-0.016731;0.003293;-0.00031;0.442899;0.600466;0.243854
929;-1.528024;-9.618384;-0.688335;-0.003302;0.004404;0.007804;0.441005;0.599496;0.243947
930;-1.528047;-9.648373;-0.658527;0.002334;0.003176;-0.009402;0.441555;0.600043;0.244091
931;-1.528086;-9.663262;-0.673512;-0.002299;-0.005655;-0.002213;0.442538;0.60127;0.244647
932;-1.558062;-9.693161;-0.629266;-0.000525;0.012393;0.003344;0.443365;0.598161;0.244187
933;-1.535489;-9.618453;-0.658572;-0.007732;0.006052;0.001498;0.444007;0.599512;0.245686
934;-1.528061;-9.64832;-0.673471;-0.007653;-0.009371;-0.007652;0.441444;0.601951;0.242957
935;-1.550522;-9.648266;-0.658906;-0.014994;0.000688;0.003296;0.442469;0.600328;0.243569
936;-1.52801;-9.618437;-0.67339;-0.031193;0.00686;0.001558;0.443005;0.60047;0.243447
937;-1.54302;-9.618261;-0.703532;-0.029349;0.001421;-0.002095;0.44276;0.599923;0.243723
938;-1.528088;-9.648216;-0.703361;-0.012097;0.003125;-0.009367;0.443198;0.60155;0.24439
939;-1.543032;-9.633255;-0.688628;-0.018637;0.003437;0.006937;0.444212;0.599251;0.244741
940;-1.55051;-9.633272;-0.67381;-0.011207;0.001341;-0.009372;0.443947;0.598705;0.244743
941;-1.528075;-9.640745;-0.70334;-0.013042;-0.011218;-0.009461;0.444044;0.599779;0.246229
942;-1.543059;-9.633151;-0.718518;-0.007639;0.004135;-0.004843;0.444222;0.597895;0.24463
943;-1.543046;-9.633204;-0.703573;-0.011335;-0.01106;-0.002222;0.443749;0.599101;0.245822
944;-1.535541;-9.63329;-0.688502;-0.007693;-0.007502;-0.004019;0.443523;0.599515;0.244713
945;-1.542994;-9.618365;-0.673643;-0.000632;-0.002735;0.00866;0.443943;0.599127;0.242957
