time index;acc_x;acc_y;acc_z;gyr_x;gyr_y;gyr_z;mag_x;mag_y;mag_z
1;0.144182;9.178261;3.567575;-0.004902;0.012231;-0.021471;-0.307472;-0.690704;-0.108296
2;0.183264;9.131937;3.559192;-0.00606;-0.014691;-0.006507;-0.308521;-0.690259;-0.108495
3;0.180885;9.09551;3.564681;0.00551;-0.003657;-0.005593;-0.309828;-0.690608;-0.108685
4;0.171154;9.098035;3.540035;0.008177;0.006379;-0.005571;-0.308554;-0.690252;-0.109148
5;0.168681;9.100405;3.576638;-0.009774;0.023597;-0.002025;-0.308396;-0.690665;-0.108607
6;0.180805;9.129464;3.588543;-0.003641;0.018323;0.003277;-0.308116;-0.690412;-0.108209
7;0.166262;9.076078;3.603924;0.007312;0.006317;-0.007343;-0.308149;-0.690806;-0.10885
8;0.188196;9.088158;3.579592;0.021802;-0.012895;-0.01619;-0.308911;-0.69011;-0.10852
9;0.156514;9.095634;3.56431;0.025415;-0.016535;-0.017967;-0.308658;-0.689851;-0.108645
10;0.180852;9.105186;3.584076;0.029174;-0.024021;-0.026803;-0.308164;-0.691362;-0.106622
11;0.144253;9.14185;3.558429;0.021724;-0.014603;-0.012667;-0.307865;-0.690445;-0.105853
12;0.16862;9.124649;3.598224;0.057347;-0.026961;-0.009115;-0.307262;-0.691153;-0.104238
13;0.149246;9.090889;3.525155;0.066318;-0.032348;-0.010006;-0.306725;-0.692515;-0.10391
14;0.16626;9.15409;3.450951;0.080551;-0.014008;-0.009058;-0.308603;-0.694085;-0.10006
15;0.185892;9.088464;3.427937;0.102428;-0.014379;-0.03023;-0.308162;-0.693333;-0.096546
16;0.136941;9.251595;3.341211;0.061977;-0.019775;-0.016154;-0.307278;-0.694324;-0.094518
17;0.122298;9.290632;3.286511;0.071404;-0.006489;0.001548;-0.306547;-0.693565;-0.09294
18;0.149211;9.232217;3.283045;0.026654;-0.001236;0.008575;-0.309212;-0.694409;-0.091756
19;0.161414;9.241945;3.243933;0.00091;0.018376;0.001525;-0.309584;-0.693595;-0.091409
20;0.215122;9.173614;3.275282;-0.07145;0.026951;0.005883;-0.307686;-0.693259;-0.092359
21;0.205229;9.175778;3.436492;-0.090783;0.029994;-0.010034;-0.308874;-0.693987;-0.095263
22;0.180832;9.156341;3.504932;-0.066684;0.013823;-0.010049;-0.308237;-0.692915;-0.097993
23;0.185806;9.066331;3.570154;-0.013896;0.001359;-0.016204;-0.308066;-0.691567;-0.099715
24;0.129787;9.081321;3.500573;0.027078;-0.023595;-0.010922;-0.307827;-0.691439;-0.100097
25;0.137044;9.1348;3.455734;0.03359;-0.003701;0.017395;-0.308504;-0.692501;-0.09815
26;0.137028;9.168896;3.406233;0.063243;-0.019135;0.00857;-0.309012;-0.692484;-0.097917
27;0.188231;9.178441;3.36038;0.055539;-0.00689;-0.007296;-0.308107;-0.693747;-0.09549
28;0.190679;9.173576;3.358056;0.030637;-0.008102;-0.01086;-0.308094;-0.694577;-0.092732
29;0.180807;9.253805;3.339392;0.012618;0.002853;-0.003787;-0.30745;-0.694467;-0.092831
30;0.161355;9.266194;3.263074;-0.007728;-0.01747;-0.010038;-0.308329;-0.693502;-0.092256
31;0.176083;9.202965;3.269289;-0.051371;0.006598;-0.014457;-0.309225;-0.693177;-0.094525
32;0.185838;9.144419;3.378054;-0.075445;0.027226;-0.017095;-0.308273;-0.692396;-0.096189
33;0.180857;9.149083;3.490386;-0.09083;0.019148;-0.007417;-0.307574;-0.691873;-0.097728
34;0.176024;9.105315;3.530201;-0.047202;0.001456;-0.00211;-0.309752;-0.691635;-0.099673
35;0.18094;9.081004;3.530699;-0.019494;-0.018347;-0.003003;-0.307572;-0.691849;-0.100201
36;0.168718;9.117553;3.500532;0.029664;-0.030749;-0.006504;-0.309314;-0.691795;-0.098734
37;0.158933;9.183348;3.411204;0.026808;-0.017814;0.001472;-0.309048;-0.69087;-0.098617
38;0.205222;9.21477;3.367341;0.001439;-0.003026;0.019153;-0.309383;-0.690709;-0.100071
39;0.180862;9.183227;3.416429;-0.05266;0.003383;0.003197;-0.310161;-0.69215;-0.10007
40;0.188194;9.144226;3.471018;-0.062314;0.019434;-0.005615;-0.310245;-0.69066;-0.10168
41;0.168684;9.144297;3.485394;-0.044492;0.005082;-0.003863;-0.31026;-0.689853;-0.101964
42;0.1955;9.119798;3.525353;-0.046745;0.01833;0.017362;-0.308948;-0.690953;-0.104204
43;0.20041;9.105225;3.513454;-0.028443;-0.012946;-0.002111;-0.30968;-0.690642;-0.105813
44;0.185751;9.100342;3.564671;-0.042562;-0.011454;-0.010078;-0.308869;-0.692017;-0.105209
45;0.224778;9.070962;3.585337;-0.010247;-0.005995;-0.019737;-0.309583;-0.690907;-0.106451
46;0.210134;9.075865;3.599702;0.007863;0.011986;-0.033814;-0.309777;-0.690109;-0.105184
47;0.200646;9.013105;3.427026;0.044556;0.032219;-0.038153;-0.307253;-0.691264;-0.106577
48;0.522655;8.895136;3.309245;0.183242;0.190459;-0.149756;-0.303182;-0.69333;-0.103177
49;0.225789;8.629492;3.309368;0.559042;0.21021;-0.285401;-0.296584;-0.697962;-0.093581
50;-0.178675;8.3392;3.775363;0.396961;0.291293;-0.476331;-0.284418;-0.704148;-0.084294
51;-0.642739;9.104831;3.407754;0.802581;0.1583;-0.414364;-0.270802;-0.712182;-0.069542
52;-0.85363;10.036763;3.036198;0.740121;0.16473;-0.292508;-0.260363;-0.716408;-0.048434
53;-0.852775;10.13618;1.863127;0.896804;0.095421;-0.006297;-0.252852;-0.720129;-0.026197
54;-0.588751;9.631992;1.934594;0.441993;0.165488;0.111694;-0.255035;-0.721958;-0.008174
55;-0.39323;9.100743;2.362524;0.2777;0.092229;0.081325;-0.260062;-0.719433;7.1e-05
56;-0.513227;9.582788;2.063757;0.648688;0.009127;0.049802;-0.26139;-0.718987;0.01456
57;-0.488928;10.043287;1.22956;0.668698;0.039935;0.034051;-0.262116;-0.717826;0.035695
58;-0.444848;9.989899;1.094214;0.448717;0.067453;-0.026193;-0.263166;-0.717612;0.045521
59;-0.600691;9.842267;1.236255;0.41624;0.083998;-0.010358;-0.261791;-0.71751;0.05704
60;-0.539271;9.740654;0.877033;0.421887;0.105628;-0.020894;-0.262524;-0.716141;0.070492
61;-0.597624;9.794893;0.6111;0.323903;0.086582;-0.024586;-0.263361;-0.715927;0.079419
62;-0.568328;9.760725;0.62192;0.214248;0.113895;0.012442;-0.26304;-0.714796;0.085648
63;-0.451225;9.575114;0.851904;0.20008;0.082676;0.008841;-0.262542;-0.714167;0.087738
64;-0.651378;9.887504;0.584219;0.24974;0.02728;0.026426;-0.265337;-0.713583;0.093947
65;-0.504369;9.571558;0.320505;0.25621;0.061881;0.061844;-0.265805;-0.712711;0.102484
66;-0.465113;9.437854;0.286746;0.26913;0.072198;5.6e-05;-0.267965;-0.710677;0.108424
67;-0.328825;9.648844;0.084616;0.206055;0.070231;-0.054718;-0.268684;-0.709772;0.114604
68;-0.409536;9.775393;0.159443;0.098076;0.074779;-0.055727;-0.267152;-0.709183;0.11662
69;-0.516958;9.848656;0.229902;0.170242;0.028999;-0.091971;-0.264402;-0.709611;0.122114
70;-0.505059;9.923536;0.407295;0.054474;0.051659;-0.021394;-0.263745;-0.710198;0.124768
71;-0.490616;10.037648;0.385964;0.271097;-0.054581;-0.049611;-0.261594;-0.708581;0.128738
72;-0.616545;9.769452;0.004793;0.139598;0.019665;0.011274;-0.262393;-0.707926;0.13336
73;-0.592283;9.847103;-0.025536;0.298964;-0.058702;-0.010769;-0.261676;-0.706008;0.139717
74;-0.52888;9.81517;-0.004455;0.184754;0.007526;-0.014283;-0.261474;-0.707015;0.146133
75;-0.576738;9.558954;-0.504477;0.22108;-0.026075;0.007737;-0.262448;-0.705566;0.152414
76;-0.611345;9.823788;-0.475375;0.220443;-0.079119;-0.003838;-0.262258;-0.703761;0.158616
77;-0.562274;9.675551;-0.555196;0.056146;0.005081;-0.000321;-0.261507;-0.703274;0.160594
78;-0.577527;10.013108;-0.507502;0.004871;0.010526;0.015556;-0.260444;-0.703989;0.161061
79;-0.572643;9.915586;-0.32477;-0.054806;0.007846;-0.032219;-0.261075;-0.702472;0.158901
80;-0.582337;9.884062;-0.324369;-0.038519;0.007901;-0.000412;-0.261861;-0.703243;0.158752
81;-0.499253;9.74273;-0.296195;-0.029147;0.021035;-0.021562;-0.262657;-0.702539;0.158429
82;-0.621206;9.779704;-0.259561;-0.029105;-0.019855;-0.021675;-0.260884;-0.705276;0.157563
83;-0.533283;9.73335;-0.379692;0.013382;0.006367;-0.005655;-0.261069;-0.704456;0.156488
84;-0.606661;9.796521;-0.203389;-0.03814;-0.00348;-0.018115;-0.262076;-0.703729;0.154592
85;-0.640351;9.685501;-0.473408;-0.027594;-0.028467;-0.004923;-0.260215;-0.702873;0.155446
86;-0.560028;9.582472;-0.152494;-0.025423;0.017242;-0.028664;-0.261854;-0.705202;0.153866
87;-0.560239;9.786794;-0.31745;0.022217;-0.002561;-0.002133;-0.260199;-0.704483;0.155755
88;-0.523145;9.578135;-0.516226;-0.055626;0.088702;-0.035604;-0.26029;-0.706201;0.153979
89;-0.560605;9.829865;0.014371;-0.089626;0.077374;-0.038308;-0.259211;-0.706068;0.149739
90;-0.591985;9.816071;-0.303768;0.024668;0.01843;-0.035654;-0.259252;-0.705925;0.148952
91;-0.726489;9.937622;-0.016918;0.008358;0.027583;-0.028617;-0.257915;-0.706654;0.149695
92;-0.69945;9.886801;-0.179467;0.037782;-0.006394;0.019043;-0.257635;-0.706535;0.150097
93;-0.598947;9.59015;-0.253479;0.090192;-0.001982;0.033243;-0.258962;-0.704897;0.152059
94;-0.621053;9.738596;-0.351769;0.06982;-0.006858;0.026153;-0.259896;-0.704612;0.154083
95;-0.503875;9.684803;-0.468882;0.007761;-0.018735;0.010189;-0.260981;-0.703782;0.155692
96;-0.53341;9.789144;-0.346429;-0.018299;-0.025333;-0.025181;-0.26106;-0.704969;0.154162
97;-0.60643;9.753151;-0.381146;-0.045076;-0.005516;-0.025194;-0.259375;-0.704365;0.154104
98;-0.57233;9.66029;-0.173598;-0.046726;-0.014855;-0.032283;-0.25938;-0.705568;0.154009
99;-0.660157;9.767806;-0.284399;0.013866;-0.014201;-0.028692;-0.258288;-0.706399;0.15253
100;-0.657678;9.728878;-0.254339;0.002076;-0.00862;-0.019865;-0.257144;-0.70577;0.152052
101;-0.635769;9.772596;-0.313457;0.000967;0.002539;-0.010118;-0.257327;-0.707517;0.153525
102;-0.667413;9.758213;-0.328359;-0.020355;0.009535;-0.014554;-0.256056;-0.705688;0.153018
103;-0.643207;9.818674;-0.260573;-0.034973;-0.002927;0.001313;-0.256053;-0.7062;0.150561
104;-0.621096;9.738502;-0.30286;-0.02042;0.002328;-0.011025;-0.255147;-0.70677;0.150496
105;-0.667476;9.71419;-0.168642;-0.055605;-0.001341;-0.035819;-0.256235;-0.707387;0.149546
106;-0.75799;9.935747;-0.220333;-0.00972;-0.010318;-0.012825;-0.254114;-0.706408;0.15041
107;-0.645192;9.51494;-0.172173;0.002716;0.003508;-0.007493;-0.255461;-0.707015;0.149446
108;-0.689635;9.85033;-0.183574;0.034647;-0.017843;-0.000415;-0.254974;-0.707429;0.148833
109;-0.694106;9.695218;-0.335004;0.018165;0.012604;0.020811;-0.255482;-0.70757;0.151543
110;-0.596988;9.767048;-0.05845;0.022656;0.016068;0.015554;-0.255504;-0.706896;0.151131
111;-0.55728;9.563646;-0.470028;0.093784;-0.005718;-0.007376;-0.256439;-0.705942;0.153135
112;-0.655252;9.792229;-0.367893;0.020938;-0.01131;-0.02514;-0.257153;-0.705927;0.154398
113;-0.645672;9.874698;-0.339838;-0.059336;-0.001145;-0.027851;-0.256775;-0.706474;0.154174
114;-0.699319;9.762753;-0.081935;-0.025644;0.003872;-0.019881;-0.256868;-0.706988;0.152363
115;-0.723435;9.75857;-0.365896;0.047575;0.003629;-0.019802;-0.255143;-0.706394;0.153087
116;-0.660359;9.855124;-0.227231;-0.048579;0.013372;-0.032232;-0.254467;-0.709369;0.153601
117;-0.670428;10.000743;-0.151665;-0.041123;0.016802;-0.007476;-0.255501;-0.708234;0.151171
118;-0.667259;9.63178;-0.252794;0.002616;0.017266;-0.003926;-0.254997;-0.70678;0.150895
119;-0.640852;9.781909;-0.093609;0.058203;-0.013588;-0.018037;-0.254839;-0.707326;0.15144
120;-0.684293;9.646552;-0.311999;0.064393;0.013191;0.028811;-0.255471;-0.707463;0.154272
121;-0.655368;9.777344;-0.206239;0.069137;8.5e-05;0.013795;-0.255285;-0.705206;0.155387
122;-0.718549;9.848775;-0.558134;0.020013;-0.01989;0.063149;-0.256909;-0.705422;0.156608
123;-0.596406;9.568427;-0.32887;-0.03786;0.008461;0.05608;-0.25843;-0.705503;0.15731
124;-0.550231;9.621537;-0.285077;-0.003436;-0.007376;0.031375;-0.260397;-0.704888;0.156927
125;-0.533184;9.68481;-0.395964;-0.002883;0.004687;0.004917;-0.261351;-0.703638;0.156059
126;-0.609544;10.088103;-0.274533;-0.042422;-0.029915;0.015415;-0.261458;-0.704149;0.153986
127;-0.655409;9.813822;-0.231328;-0.071016;-0.017326;0.018902;-0.261469;-0.705752;0.153773
128;-0.552837;9.633366;-0.116589;0.018482;-0.026048;0.006631;-0.262069;-0.704132;0.154734
129;-0.53765;9.563841;-0.62135;0.070576;-0.025818;-0.003904;-0.262316;-0.703857;0.154973
130;-0.559945;9.641168;-0.36382;-0.074554;0.008093;0.01896;-0.262975;-0.703294;0.154791
131;-0.372931;9.965478;-0.273703;-0.156477;-0.003142;-0.034066;-0.263115;-0.703798;0.152066
132;-0.625894;9.699686;-0.312039;-0.179951;-0.024809;-0.058961;-0.261004;-0.706246;0.147697
133;-0.416392;9.583838;0.020839;-0.141282;0.012176;-0.078228;-0.25973;-0.707045;0.142194
134;-0.67991;9.918492;-0.292211;-0.155516;-0.081554;-0.11645;-0.256762;-0.710077;0.139318
135;-0.718187;9.457061;-0.191835;-0.296447;-0.022386;-0.033527;-0.254573;-0.709977;0.133967
136;-0.676087;10.276956;0.195582;-0.277753;-0.135858;0.006091;-0.251863;-0.711879;0.126101
137;-0.787407;10.045224;-0.242247;-0.444898;-0.124601;0.069464;-0.252683;-0.712837;0.117758
138;-0.597973;9.959902;0.681585;-0.597678;-0.22884;0.035548;-0.256085;-0.715094;0.102161
139;-0.649617;10.52962;0.079097;-0.622024;-0.428154;0.104046;-0.256314;-0.715638;0.090194
140;-0.367759;9.346862;0.617491;-1.010315;-0.424138;0.077071;-0.257455;-0.715939;0.070626
141;-0.882585;10.303297;2.175225;-1.105272;-0.30128;0.146038;-0.259986;-0.717189;0.044246
142;-0.331669;10.244715;2.145469;-0.967118;-0.224587;0.190657;-0.265478;-0.717234;0.015852
143;-0.296071;9.094652;2.745588;-0.439177;-0.324325;0.212147;-0.274145;-0.712291;-0.003621
144;-0.284202;7.926634;2.648716;-0.063528;-0.220719;0.088154;-0.278949;-0.710606;-0.006138
145;-0.111694;8.300037;2.507889;0.230945;-0.026832;0.070427;-0.281282;-0.709871;-0.003552
146;-0.06187;9.208578;2.248291;0.527345;-0.019272;0.054106;-0.282867;-0.710328;0.008477
147;-0.131157;10.137914;1.595258;0.480851;-0.045591;0.100884;-0.284917;-0.708927;0.02407
148;0.010123;10.295505;1.364788;0.218508;-0.070227;0.148281;-0.288674;-0.707189;0.039302
149;0.225511;9.743038;1.411905;-0.059167;-0.022508;0.118037;-0.291985;-0.70667;0.040542
150;0.18685;9.451416;1.612027;-0.134912;0.007241;0.027886;-0.295705;-0.704745;0.036384
151;0.096416;9.497616;1.817712;-0.054234;0.009913;-0.035628;-0.294866;-0.70474;0.032525
152;-0.00874;9.704576;1.817407;-0.004306;0.001282;-0.035597;-0.294566;-0.706876;0.030782
153;-0.02329;9.712127;1.719239;-0.015968;-0.004859;0.011184;-0.293243;-0.706239;0.028752
154;0.035387;9.614725;1.699814;-0.08731;-0.020011;0.011961;-0.293244;-0.705837;0.02874
155;0.079298;9.539019;1.80206;-0.148756;0.001085;0.004872;-0.294195;-0.704965;0.025411
156;0.066906;9.570317;1.974952;-0.149317;0.024206;-0.014514;-0.293946;-0.705216;0.0227
157;0.044815;9.596897;2.101316;-0.08581;0.014496;-0.023297;-0.293716;-0.70573;0.019604
158;0.049756;9.53607;2.146467;-0.012052;0.010016;-0.009096;-0.295142;-0.706964;0.014621
159;0.04498;9.528998;2.048701;0.054089;-0.007694;-0.01259;-0.294923;-0.707257;0.016332
160;0.052342;9.536389;1.975321;0.075998;-0.007907;0.006868;-0.293662;-0.704648;0.018144
161;0.045038;9.560822;1.918541;0.064512;-0.002672;0.001568;-0.294541;-0.704911;0.021228
162;0.0645;9.614283;1.851879;0.041273;-0.020964;0.005047;-0.294972;-0.705981;0.022928
163;0.069349;9.633706;1.841833;0.003952;0.003961;-0.003773;-0.294444;-0.706672;0.023106
164;0.05958;9.628832;1.876006;-0.004774;0.005453;-0.013498;-0.295007;-0.705706;0.022267
165;0.069365;9.589857;1.911068;-0.026398;0.011881;-0.003796;-0.29543;-0.706218;0.021609
166;0.059633;9.570439;1.930822;-0.006619;0.009135;-0.01085;-0.294896;-0.705974;0.021891
167;0.064491;9.575253;1.940593;0.010999;0.007736;-0.000232;-0.296798;-0.706419;0.020241
168;0.027875;9.607002;1.944376;-0.026323;0.003614;-0.007356;-0.294967;-0.704085;0.02053
169;0.047418;9.582625;1.940206;-0.003218;-0.006976;-0.002049;-0.295758;-0.706192;0.02029
170;0.054734;9.582598;1.935427;0.016407;-0.004994;-0.002021;-0.294836;-0.704759;0.020557
171;0.064507;9.565538;1.940763;0.027266;-0.006909;-0.009077;-0.295122;-0.706239;0.022537
172;0.074214;9.604404;1.910888;0.016543;0.004827;-0.009058;-0.294228;-0.704532;0.022274
173;0.103658;9.519365;1.854125;0.030119;0.007459;-0.016985;-0.2955;-0.705691;0.022761
174;0.123162;9.497342;1.88904;0.05175;0.020784;-0.070804;-0.293144;-0.705653;0.023146
175;0.196822;9.376286;1.505888;0.093309;0.07313;-0.135992;-0.291952;-0.706933;0.026109
176;0.074504;9.444139;1.899009;0.044303;0.142045;-0.233088;-0.285713;-0.709051;0.026243
177;-0.100624;9.250755;1.889939;0.09828;0.208342;-0.256802;-0.278035;-0.711495;0.026594
178;-0.379415;9.930234;1.634236;0.239063;0.217964;-0.253096;-0.268842;-0.715621;0.028636
179;-0.497868;9.330799;1.723572;0.418892;0.258223;-0.232585;-0.262891;-0.716993;0.035759
180;-0.597976;9.574692;1.451259;0.22619;0.213495;-0.144581;-0.257189;-0.717555;0.043105
181;-0.701011;9.993045;1.391062;0.030294;0.186311;-0.079493;-0.254907;-0.720979;0.042026
182;-0.7199;9.428879;1.818761;0.214964;0.136254;-0.032639;-0.25376;-0.720241;0.044147
183;-0.574418;9.933586;1.665457;0.365165;0.13376;0.033856;-0.255242;-0.718933;0.053137
184;-0.525188;9.841779;1.291208;0.504512;0.031367;0.037347;-0.256591;-0.717119;0.064722
185;-0.666774;10.149164;0.946244;0.350598;0.028958;0.060123;-0.257211;-0.716797;0.075348
186;-0.563803;9.918393;0.70728;0.285581;0.076708;0.099015;-0.260858;-0.71512;0.082651
187;-0.511962;9.458824;0.865234;0.280869;0.086797;0.070737;-0.262791;-0.714585;0.090469
188;-0.524607;9.696788;0.917146;0.399968;0.096447;0.088576;-0.267551;-0.711804;0.098851
189;-0.523669;9.537964;0.161845;0.598439;0.075256;0.079921;-0.270948;-0.708068;0.113523
190;-0.441125;9.622168;0.357265;0.535532;0.118741;0.095864;-0.274041;-0.704594;0.126527
191;-0.279845;9.668628;-0.225553;0.599065;0.096328;0.051786;-0.276156;-0.701172;0.140886
192;-0.123304;9.491119;-0.518432;0.530718;0.108866;-0.002995;-0.278504;-0.697746;0.155753
193;0.012815;9.677354;-0.478037;0.380483;0.067226;-0.155105;-0.276947;-0.694742;0.17084
194;-0.489379;10.174486;-1.298844;0.27258;-0.013413;-0.190802;-0.27054;-0.695342;0.179265
195;-0.560612;10.178485;-0.671522;-0.155545;0.105587;-0.12572;-0.267563;-0.697062;0.179084
196;-0.514511;10.053458;-0.189345;-0.116889;0.04872;-0.012749;-0.26692;-0.69784;0.173937
197;-0.574129;9.315524;-0.216533;0.023699;0.065993;0.011207;-0.26772;-0.698474;0.173523
198;-0.538599;9.800657;-0.009241;0.351136;-0.015942;0.008819;-0.267367;-0.697569;0.175336
199;-0.608302;9.803177;-1.125451;0.491769;-0.056729;-0.003475;-0.266965;-0.695593;0.190652
200;-0.488012;9.438808;-1.396063;0.164072;0.004581;0.012172;-0.269893;-0.690879;0.199335
201;-0.361274;9.40405;-1.334847;-0.007267;0.036546;-0.030321;-0.267898;-0.689921;0.202796
202;-0.328278;9.806089;-0.852261;-0.124011;0.023109;-0.086963;-0.265708;-0.690648;0.199942
203;-0.455422;10.083745;-0.932383;-0.105186;0.009742;-0.049882;-0.264673;-0.693473;0.197348
204;-0.644845;9.681493;-0.898909;-0.146355;0.049656;-0.042873;-0.263682;-0.694147;0.193907
205;-0.626161;9.855126;-0.317193;-0.012613;-0.012977;-0.042832;-0.262053;-0.695246;0.190253
206;-0.610887;9.86625;-1.08257;0.109938;-0.020927;-0.007368;-0.26266;-0.694719;0.193588
207;-0.639988;9.696059;-0.90887;-0.064641;0.002663;-0.02256;-0.26318;-0.694966;0.193568
208;-0.591312;9.763928;-0.968004;-0.059808;-0.011193;0.00305;-0.263924;-0.695856;0.191733
209;-0.520823;9.641254;-0.509953;-0.10431;0.018077;-0.007536;-0.262882;-0.695204;0.189297
210;-0.557312;9.83663;-0.97609;0.018489;-0.02937;0.013717;-0.26286;-0.696012;0.189712
211;-0.532741;9.59315;-0.719602;-0.058238;-0.031888;0.013605;-0.263123;-0.694663;0.189659
212;-0.513412;9.695074;-0.730865;-0.016151;-0.024489;0.004851;-0.26327;-0.695164;0.186803
213;-0.569373;9.641928;-0.730788;-0.101894;0.001088;-0.034075;-0.264089;-0.696463;0.186017
214;-0.606617;9.933148;-0.526115;-0.033697;-0.012396;-0.014578;-0.262458;-0.698632;0.182395
215;-0.581858;9.780293;-0.664914;0.029757;-0.020996;-0.016296;-0.262353;-0.697318;0.184443
216;-0.625756;9.763382;-0.596813;0.047348;-0.009652;-0.005669;-0.260779;-0.696312;0.184758
217;-0.58606;9.545322;-0.964119;0.068778;0.001591;-0.001212;-0.261686;-0.696302;0.187311
218;-0.499165;9.850199;-0.611078;0.02779;0.010014;-0.010907;-0.262585;-0.695599;0.187503
219;-0.603746;9.885339;-0.926288;0.016852;-0.004156;0.004044;-0.261503;-0.695516;0.188339
220;-0.581656;9.666154;-0.667815;-0.01909;0.010318;0.014612;-0.261702;-0.694826;0.187007
221;-0.640446;9.787685;-0.568114;0.05769;-0.023659;0.011976;-0.262612;-0.695326;0.186973
222;-0.63051;9.79293;-0.793033;0.10365;4.7e-05;0.033279;-0.264078;-0.693972;0.191279
223;-0.537856;9.699913;-0.657957;0.078491;-0.011817;0.042073;-0.264725;-0.693436;0.193831
224;-0.4155;9.583381;-0.996432;0.128993;-0.009211;0.020965;-0.266402;-0.691926;0.19656
225;-0.440135;9.73895;-1.004404;0.084692;0.01635;0.003312;-0.266575;-0.6914;0.198226
226;-0.508516;9.856006;-1.075949;-0.027297;0.003117;-0.016281;-0.265759;-0.692108;0.198941
227;-0.444865;9.58814;-0.869798;-0.083982;0.008442;-0.035775;-0.265231;-0.691437;0.196607
228;-0.460004;9.847932;-0.796296;-0.047184;3.4e-05;-0.091371;-0.262301;-0.693681;0.195528
229;-0.650185;9.958416;-0.918482;-0.070738;-0.019603;-0.072931;-0.261406;-0.69476;0.192745
230;-0.744832;9.633096;-0.728403;-0.132647;-0.004037;-0.013856;-0.259858;-0.696935;0.190029
231;-0.586153;9.428092;-0.624613;0.000466;0.02332;0.019053;-0.260391;-0.696352;0.187252
232;-0.591166;9.647228;-0.90239;0.087841;-0.018676;-0.017121;-0.260046;-0.695603;0.191411
233;-0.567155;9.882792;-0.959924;-0.075254;0.009865;0.013692;-0.260486;-0.694774;0.190453
234;-0.474393;9.67299;-0.715216;-0.133149;0.028243;0.007483;-0.261985;-0.696951;0.186534
235;-0.562413;9.758136;-0.561526;-0.018401;0.005771;-0.019827;-0.261315;-0.696714;0.186953
236;-0.598919;9.851076;-0.803347;0.001077;0.004397;-0.010974;-0.260085;-0.69782;0.18562
237;-0.601154;9.641871;-0.61878;-0.025875;0.007096;-0.002191;-0.260139;-0.698075;0.184583
238;-0.605812;9.598493;-0.779493;0.033122;-0.016988;-0.003942;-0.259847;-0.696621;0.185207
239;-0.596523;9.787586;-0.631027;0.034984;-0.018085;-0.010989;-0.258217;-0.697099;0.186609
240;-0.688974;9.800598;-0.83807;0.015174;-0.015183;-0.000429;-0.259453;-0.696126;0.187815
241;-0.557412;9.69988;-0.589781;0.006078;0.0048;0.004924;-0.260275;-0.696086;0.18699
242;-0.611019;9.802569;-0.805132;0.102562;-0.018074;0.001453;-0.261428;-0.695934;0.189786
243;-0.571787;9.715133;-0.903278;-0.001104;0.004929;0.010216;-0.261691;-0.694586;0.189733
244;-0.537687;9.612518;-0.675997;-0.052474;0.009401;-0.009267;-0.260674;-0.696093;0.189311
245;-0.596408;9.758584;-0.703883;0.026109;-0.008191;-0.012747;-0.261266;-0.694876;0.190414
246;-0.542684;9.661032;-0.632899;0.031494;-0.001857;-0.01449;-0.259832;-0.696405;0.190536
247;-0.635243;9.798143;-0.964374;0.012175;-0.003163;-0.026888;-0.259402;-0.695761;0.19132
248;-0.591567;9.816999;-0.78308;-0.04175;0.009487;-0.011015;-0.260256;-0.696249;0.189858
249;-0.552254;9.627345;-0.769401;-0.054439;0.018729;-0.00042;-0.261645;-0.696445;0.188098
250;-0.56703;9.719724;-0.778569;-0.050316;0.00899;-0.026925;-0.260102;-0.697037;0.187808
251;-0.640508;9.853374;-0.627948;-0.039546;-0.001963;-0.032243;-0.259183;-0.696783;0.185507
252;-0.620373;9.593827;-0.840768;-0.048682;0.011988;-0.018112;-0.258743;-0.696786;0.183969
253;-0.521292;9.810873;-0.312388;-0.058728;0.03439;-0.058661;-0.258333;-0.699056;0.181846
254;-0.626125;9.967353;-0.580805;0.141632;-0.026727;0.006788;-0.258948;-0.699974;0.182491
255;-0.693658;9.740095;-0.934905;0.033749;-0.010046;0.050821;-0.258515;-0.698418;0.185851
256;-0.647407;9.651973;-0.69791;-0.015985;-0.00993;0.038401;-0.258052;-0.696821;0.184788
257;-0.591397;9.702789;-0.749299;-0.015966;0.003656;0.036684;-0.261962;-0.697735;0.184476
258;-0.479254;9.558459;-0.502991;0.022006;0.025037;0.01029;-0.262684;-0.696647;0.185577
259;-0.479031;9.507755;-0.656166;0.129086;0.013272;0.012151;-0.262818;-0.695997;0.188023
260;-0.405548;9.403372;-0.870878;0.101736;-0.021031;-0.039163;-0.262355;-0.694958;0.189448
261;-0.533326;10.00631;-0.873526;0.032136;-0.047114;-0.042805;-0.261034;-0.695306;0.192391
262;-0.512313;9.341567;-1.28225;-0.121858;-0.023089;-0.050052;-0.259792;-0.695745;0.191299
263;-0.60146;9.948378;-0.878442;-0.157702;-0.01095;-0.095964;-0.257205;-0.696757;0.188604
264;-0.75183;9.577756;-0.976979;-0.314664;0.033436;-0.054619;-0.254433;-0.700012;0.181952
265;-0.561055;10.272582;-0.352817;-0.353476;0.020459;-0.045746;-0.252394;-0.702286;0.17367
266;-0.785094;10.0425;-0.09544;-0.282435;-0.082933;-0.023883;-0.250845;-0.705057;0.163425
267;-0.688972;9.737215;-0.714696;-0.290371;-0.137108;0.027225;-0.251038;-0.705524;0.157184
268;-0.524088;10.073392;-0.424597;-0.614946;-0.161178;0.014513;-0.252502;-0.70884;0.146404
269;-0.845668;9.885124;-0.186545;-0.891515;-0.244242;0.019216;-0.253339;-0.713686;0.125165
270;-0.646006;9.703297;0.382092;-0.993482;-0.357979;0.161972;-0.253078;-0.714815;0.102573
271;-0.358248;9.341411;0.898953;-0.773337;-0.499384;0.222029;-0.2581;-0.71628;0.08075
272;-0.761821;9.805891;1.628158;-0.9522;-0.296696;0.132082;-0.261498;-0.715436;0.06272
273;-0.319157;10.428226;1.408841;-1.068505;-0.251894;0.183448;-0.26881;-0.71592;0.031769
274;-0.361217;10.153983;2.672365;-1.054603;-0.125187;0.266692;-0.277156;-0.712618;0.000912
275;-0.227161;8.535054;3.093839;-0.439814;-0.162535;0.106458;-0.280237;-0.709658;-0.015993
276;-0.065428;8.148561;2.853585;-0.006114;-0.089185;0.060306;-0.283017;-0.708845;-0.019548
277;0.014709;8.374247;2.733492;0.363909;-0.071696;-0.016025;-0.283796;-0.708864;-0.014514
278;-0.208375;9.318413;2.346866;0.563662;-0.037916;0.023167;-0.284672;-0.709116;0.00119
279;-0.150785;10.159662;1.702181;0.465902;-0.048562;0.131768;-0.288107;-0.707536;0.017614
280;0.103003;10.112783;1.42073;0.116422;-0.044298;0.165888;-0.291007;-0.706976;0.026811
281;0.240006;9.691483;1.660008;-0.098327;-0.015787;0.110937;-0.294851;-0.705741;0.025269
282;0.196346;9.411797;1.979673;-0.045193;-0.009122;0.001455;-0.296586;-0.704861;0.02437
283;0.079176;9.521681;1.975984;0.108104;0.002168;-0.035461;-0.297942;-0.704262;0.023239
284;0.020592;9.707061;1.712656;0.15881;-0.011664;-0.026595;-0.297165;-0.704341;0.028227
285;0.074278;9.726445;1.595752;0.012669;0.00255;0.007728;-0.295263;-0.704857;0.032377
286;0.096328;9.614444;1.686071;-0.123907;0.008744;0.011111;-0.296152;-0.704935;0.03025
287;0.103599;9.543614;1.873265;-0.144119;-0.003672;-0.003958;-0.295913;-0.705561;0.024817
288;0.122975;9.526183;2.045041;-0.099389;0.015544;-0.012697;-0.297933;-0.704507;0.020905
289;0.071645;9.596808;2.07727;-0.006659;0.010019;-0.010844;-0.297214;-0.703855;0.019753
290;0.098482;9.586987;2.063175;0.027513;0.00634;-0.02317;-0.296267;-0.704836;0.020483
291;0.069335;9.584914;1.955171;0.057333;-0.008158;0.003323;-0.296493;-0.705101;0.021129
292;0.069464;9.555945;1.865197;0.037686;-0.01461;0.005935;-0.296202;-0.704608;0.024253
293;0.108511;9.533922;1.849054;0.026889;-0.010051;0.010356;-0.297846;-0.705354;0.025098
294;0.113318;9.570318;1.853384;0.005755;-0.001501;-0.003776;-0.297476;-0.705365;0.024728
295;0.10338;9.657715;1.89573;-0.009508;-0.005176;-0.000263;-0.297019;-0.704727;0.026035
296;0.079051;9.63599;1.890849;-0.009125;-0.00926;-0.017944;-0.298375;-0.704395;0.024912
297;0.103544;9.560558;1.902314;-0.00856;-0.005218;-0.002038;-0.297334;-0.704437;0.024968
298;0.091375;9.550906;1.902298;-0.010406;0.013009;-0.000241;-0.296291;-0.705415;0.025053
299;0.098619;9.584851;1.911599;0.01829;0.007606;-0.007279;-0.296833;-0.704453;0.024605
300;0.079106;9.604418;1.891399;-0.003365;-0.004069;0.005033;-0.297041;-0.703518;0.025607
301;0.093728;9.606781;1.886689;0.009239;-0.005015;-0.000249;-0.294944;-0.704406;0.026005
302;0.113263;9.579948;1.897233;0.000475;-0.00892;-0.00733;-0.296285;-0.704881;0.025167
303;0.083925;9.633528;1.895856;0.033469;-0.005901;-0.007289;-0.297142;-0.705125;0.02617
304;0.074249;9.609357;1.861894;0.016567;-0.005171;-0.009078;-0.29647;-0.705155;0.026597
305;0.071895;9.565672;1.852837;0.021861;-0.008672;-0.005551;-0.296313;-0.705434;0.027134
306;0.079137;9.599612;1.864583;0.019116;-0.019522;-0.002038;-0.295766;-0.705193;0.027676
307;0.071818;9.606945;1.859454;0.011275;-0.008012;-0.01174;-0.296575;-0.704621;0.027096
308;0.096208;9.599549;1.852616;-0.012276;-0.004145;0.005028;-0.295801;-0.705477;0.029504
309;0.098632;9.599508;1.867326;0.012134;0.002012;-0.010829;-0.295464;-0.705748;0.028489
310;0.093787;9.582533;1.867548;0.000449;-0.012501;-0.005576;-0.296772;-0.705695;0.028288
311;0.074253;9.604489;1.86687;0.009299;-0.005073;-0.002904;-0.295281;-0.704962;0.029517
312;0.088939;9.580176;1.843062;0.020198;-0.016105;-0.010861;-0.296615;-0.705974;0.028825
313;0.098683;9.577679;1.853034;0.018491;0.007387;-0.016111;-0.295827;-0.705739;0.02899
314;0.074243;9.623971;1.839631;0.038158;0.000243;-0.017872;-0.296081;-0.705462;0.029099
315;0.062083;9.619214;1.819966;0.020333;0.018246;-0.019625;-0.29474;-0.704988;0.029937
316;0.064556;9.619282;1.778431;0.02016;0.002129;-0.009942;-0.293878;-0.704903;0.031541
317;0.088977;9.56807;1.82371;0.011397;0.009109;-0.017886;-0.29361;-0.705852;0.031714
318;0.071872;9.619254;1.773651;-0.001937;-0.011022;-0.018825;-0.29226;-0.705087;0.030202
319;0.025469;9.633901;1.855837;-0.027881;0.011527;-0.017937;-0.293958;-0.705822;0.030003
320;0.03528;9.580354;1.891153;-0.009947;0.001571;-0.021472;-0.291611;-0.707655;0.030182
321;0.045096;9.565826;1.842647;0.01223;-0.004423;-0.014392;-0.292382;-0.705753;0.030345
322;0.045048;9.590099;1.84956;0.014971;0.010948;-0.018771;-0.292935;-0.706795;0.029696
323;0.052326;9.624121;1.819733;0.03416;0.017816;-0.040809;-0.29185;-0.708184;0.030575
324;0.045112;9.595118;1.766329;0.018836;0.010649;-0.032014;-0.291102;-0.708475;0.029973
325;0.074459;9.522057;1.794945;-0.001048;0.041476;-0.063767;-0.289173;-0.708036;0.032144
326;0.353486;9.0162;1.436276;0.120562;0.173413;-0.203752;-0.285533;-0.70925;0.032244
327;0.138066;9.473512;1.615794;0.098224;0.208011;-0.337966;-0.277251;-0.71171;0.031716
328;-0.563053;9.200852;1.277334;0.248938;0.247376;-0.458923;-0.265167;-0.716089;0.03444
329;-0.805411;9.467849;1.983074;0.099246;0.433798;-0.236198;-0.256229;-0.719001;0.036563
330;-0.877163;10.016806;2.119158;0.370358;0.318753;-0.061221;-0.249737;-0.722089;0.039081
331;-0.90374;10.266131;1.358782;0.417004;0.117908;0.030296;-0.250238;-0.720188;0.052009
332;-0.570906;9.628773;1.044789;0.254843;0.11501;0.114922;-0.254939;-0.718734;0.059002
333;-0.524828;9.669479;1.223295;0.321273;0.119122;0.008156;-0.257587;-0.716152;0.065551
334;-0.596473;10.299128;1.076752;0.31049;0.091111;0.051405;-0.259862;-0.716148;0.074277
335;-0.622625;10.134938;0.653711;0.127601;0.078908;0.058217;-0.259738;-0.71513;0.079198
336;-0.339172;9.462276;1.139235;0.136164;0.065646;0.077637;-0.262182;-0.713859;0.082153
337;-0.485017;9.2542;1.116191;0.528422;0.021804;0.011699;-0.263801;-0.713213;0.091026
338;-0.578297;9.943133;0.510996;0.672929;0.015908;0.012783;-0.264464;-0.710679;0.10835
339;-0.548594;10.000077;-0.125352;0.512317;0.022479;0.104484;-0.265902;-0.707581;0.125747
340;-0.455481;9.68866;-0.079394;0.357247;0.013733;0.099867;-0.269651;-0.704592;0.136129
341;-0.401839;9.688444;-0.107922;0.294878;0.027631;0.095423;-0.273594;-0.70292;0.145237
342;-0.284437;9.615644;-0.442343;0.280154;0.042326;0.035408;-0.275759;-0.699438;0.153607
343;-0.321311;9.729712;-0.307944;0.16927;0.069602;0.000892;-0.278931;-0.697479;0.157544
344;-0.218743;9.712589;-0.511506;0.150593;0.051268;0.001745;-0.2774;-0.697717;0.162056
345;-0.172137;9.449719;-0.3326;0.051631;0.081915;-0.045129;-0.278004;-0.694916;0.165454
346;-0.13902;9.893474;-0.070825;0.130687;0.009041;-0.0734;-0.27638;-0.695394;0.166726
347;-0.538612;10.073684;-0.537312;0.123563;0.006543;-0.070851;-0.274329;-0.694982;0.171246
348;-0.43639;10.146001;-0.524794;0.105089;-0.007235;0.001555;-0.272459;-0.695467;0.172271
349;-0.508524;9.582932;-0.523424;0.022107;0.032192;0.005;-0.275114;-0.693905;0.173645
350;-0.406481;9.659727;-0.315353;0.175489;0.007994;0.006926;-0.273919;-0.694674;0.179196
351;-0.425944;9.85494;-0.742103;0.183948;0.005143;0.031677;-0.274571;-0.692556;0.184173
352;-0.298836;9.689355;-0.844892;0.1047;-0.008386;0.028045;-0.277592;-0.690875;0.188517
353;-0.411207;9.850245;-0.864068;-0.005451;-0.034396;0.005771;-0.27651;-0.691193;0.189364
354;-0.25777;9.763912;-0.576571;-0.005089;-0.021188;0.027908;-0.27854;-0.689225;0.187767
355;-0.34293;9.810974;-0.828114;0.088656;-0.064133;-0.012715;-0.277357;-0.689298;0.190564
356;-0.299632;9.97771;-0.51001;0.036723;-0.031838;-0.010917;-0.275661;-0.688588;0.193236
357;-0.405735;9.651633;-1.151533;0.051498;-0.026497;-0.025074;-0.275161;-0.689431;0.195369
358;-0.394353;9.956974;-0.841216;-0.058279;0.003302;-0.031292;-0.276289;-0.690039;0.193636
359;-0.499063;9.87968;-0.785214;-0.151849;0.023493;0.004816;-0.275773;-0.690168;0.191065
360;-0.3163;9.732429;-0.469312;-0.045977;0.004599;0.018179;-0.275626;-0.690821;0.18888
361;-0.298765;9.572489;-0.693687;0.025895;-0.014356;-0.000332;-0.275791;-0.690407;0.188208
362;-0.28356;9.329906;-0.875086;-0.012766;-0.000754;-0.025095;-0.276359;-0.69147;0.189771
363;-0.259708;9.594372;-0.80841;-0.106017;0.019447;-0.092251;-0.275724;-0.691578;0.184473
364;-0.374689;9.762206;-0.64434;-0.187163;0.03337;-0.056122;-0.273614;-0.692821;0.180068
365;-0.367431;9.620646;-0.301854;-0.044266;0.007932;-0.063974;-0.271439;-0.694372;0.179449
366;-0.489688;9.8788;-0.357109;0.113586;-0.035876;-0.017966;-0.271039;-0.693478;0.182176
367;-0.5481;10.088941;-0.865407;0.119915;-0.020114;0.02271;-0.269818;-0.692222;0.185717
368;-0.489169;9.777559;-0.74905;0.000229;0.014465;0.028811;-0.272263;-0.692665;0.186121
369;-0.484799;9.954388;-0.524638;0.00532;-0.00619;0.038505;-0.272308;-0.693726;0.185239
370;-0.396719;9.752352;-0.514896;0.107104;0.003844;0.07839;-0.27411;-0.691408;0.188067
371;-0.249599;9.38058;-0.794754;0.17074;0.013247;0.070541;-0.278105;-0.68874;0.191159
372;-0.235145;9.597113;-1.033064;0.1201;0.001522;0.019262;-0.278985;-0.686084;0.196759
373;-0.274491;9.720865;-0.876862;-0.042036;0.031575;0.003239;-0.278786;-0.686907;0.198094
374;-0.30382;9.847604;-1.033573;-0.063805;0.001726;-0.019804;-0.279331;-0.687258;0.195083
375;-0.289126;9.667276;-0.756326;-0.20934;0.029246;-0.102066;-0.278401;-0.688879;0.192969
376;-0.358194;9.924211;-0.32167;-0.047845;0.026009;-0.067442;-0.275285;-0.689488;0.187948
377;-0.288914;9.631178;-0.926873;0.042286;-0.010914;-0.014427;-0.27493;-0.689787;0.189797
378;-0.279332;9.621006;-0.716245;0.006845;-0.005246;-0.028587;-0.273393;-0.690646;0.189384
379;-0.386694;9.801677;-0.928877;-0.068065;-0.018535;-0.02871;-0.273159;-0.691453;0.1889
380;-0.425755;9.684701;-0.619312;-0.126065;0.009957;-0.032276;-0.273691;-0.691406;0.186138
381;-0.401693;9.844799;-0.585052;-0.006667;0.006542;-0.026825;-0.271931;-0.693872;0.185003
382;-0.460091;9.801417;-0.604745;-0.031222;-0.008485;-0.003058;-0.271976;-0.691721;0.184157
383;-0.470002;9.805984;-0.428905;0.011826;0.000607;-0.016242;-0.273007;-0.692327;0.181778
384;-0.342456;9.546286;-0.843063;0.038094;0.007981;0.013846;-0.272272;-0.693977;0.183427
385;-0.440619;9.828081;-0.629368;0.038484;0.011926;-0.009994;-0.270571;-0.692599;0.186209
386;-0.445194;9.701995;-0.720169;-0.005856;0.013299;0.02174;-0.271119;-0.692706;0.185662
387;-0.279208;9.445748;-0.510224;0.054958;0.005365;0.01563;-0.27173;-0.692288;0.186398
388;-0.377259;9.815559;-0.598845;0.164757;-0.003794;0.010448;-0.273516;-0.69091;0.189515
389;-0.41119;9.923424;-1.029184;0.083077;-0.008241;0.037729;-0.273708;-0.689334;0.193362
390;-0.416161;9.801332;-0.674995;-0.010614;0.004682;0.077375;-0.275071;-0.689561;0.194597
391;-0.306152;9.674754;-0.810513;0.065135;-0.02813;0.086245;-0.278874;-0.686887;0.196398
392;-0.276593;9.529021;-0.878446;0.067406;0.001305;0.06334;-0.281008;-0.685747;0.197812
393;-0.17661;9.523775;-0.937974;0.057136;-0.006591;0.04391;-0.282399;-0.685834;0.198521
394;-0.137371;9.431477;-1.033589;-0.028874;0.018229;-0.023257;-0.282589;-0.686082;0.197347
395;-0.196982;10.00953;-0.905165;-0.072951;0.012503;-0.055076;-0.281815;-0.686112;0.197259
396;-0.257494;9.691383;-0.746484;-0.143163;0.016153;-0.066679;-0.281069;-0.687716;0.194093
397;-0.226092;9.883203;-0.808036;-0.089106;-0.021111;-0.048119;-0.2782;-0.688584;0.189328
398;-0.517838;9.635145;-1.1236;-0.115645;-0.042198;-0.051825;-0.277178;-0.69154;0.186476
399;-0.230905;9.854107;-0.81983;-0.324046;0.019795;-0.078337;-0.274804;-0.694109;0.179653
400;-0.3674;9.927902;-0.9479;-0.433142;-0.065353;-0.102511;-0.272723;-0.696793;0.172166
401;-0.440788;9.88378;-0.547196;-0.740314;-0.017594;-0.054219;-0.269112;-0.700372;0.154118
402;-0.178432;10.085343;0.0255;-0.795603;-0.125993;-0.140971;-0.265301;-0.706197;0.132374
403;-0.348388;9.590285;0.276081;-0.896836;-0.162764;-0.158923;-0.262098;-0.710887;0.106401
404;-0.58939;10.59602;0.746452;-0.904764;-0.312019;-0.126534;-0.257355;-0.716193;0.082609
405;-0.621875;9.787969;0.488582;-0.927104;-0.375603;-0.152387;-0.251783;-0.720118;0.064806
406;-1.0621;9.935484;1.956372;-1.181725;-0.219233;-0.035899;-0.249306;-0.721019;0.037381
407;-0.995179;10.380802;2.575662;-1.122447;-0.14039;0.183414;-0.252483;-0.720809;0.001036
408;-0.525773;9.118833;3.397056;-0.58102;-0.201668;0.32345;-0.262292;-0.718453;-0.022975
409;-0.5378;7.700879;3.255263;0.012886;-0.211258;0.182664;-0.270518;-0.714753;-0.026385
410;-0.403829;7.943843;2.852018;0.401682;-0.218609;0.193757;-0.276446;-0.712839;-0.020511
411;0.034131;8.712862;2.145885;0.660897;-0.14951;0.250921;-0.283344;-0.709927;-0.00327
412;0.068965;9.986362;1.578921;0.692271;-0.088849;0.191163;-0.2902;-0.706672;0.019819
413;0.102372;10.613608;1.145454;0.340188;-0.067456;0.215606;-0.293173;-0.705975;0.04267
414;0.297751;10.35754;1.187108;-0.023482;0.000796;0.197693;-0.299203;-0.703369;0.046566
415;0.386509;9.593835;1.539213;-0.178241;0.013968;0.093274;-0.303395;-0.700449;0.03832
416;0.284631;9.246788;1.680651;-0.098976;-0.005685;-0.024201;-0.305774;-0.701662;0.034976
417;0.142884;9.453858;1.718916;-0.017921;0.009482;-0.063839;-0.304059;-0.701977;0.032995
418;0.074193;9.740885;1.663971;-0.020586;-0.006728;-0.02324;-0.302243;-0.702182;0.032968
419;0.118019;9.76251;1.66915;-0.120294;-0.014922;0.009321;-0.302981;-0.701443;0.028743
420;0.186377;9.608834;1.839149;-0.177097;0.009791;0.035804;-0.303899;-0.701539;0.028567
421;0.24002;9.503788;2.01786;-0.151701;0.004881;0.015513;-0.304018;-0.700393;0.021241
422;0.215559;9.481769;2.164598;-0.078383;0.027041;0.005034;-0.304164;-0.701697;0.018409
423;0.176468;9.528074;2.182763;0.01842;0.025477;-0.016945;-0.306173;-0.703189;0.014703
424;0.157;9.57456;2.056942;0.10027;-0.011643;-0.002795;-0.305247;-0.701112;0.017553
425;0.152278;9.584674;1.863507;0.111705;-0.024885;0.00779;-0.304407;-0.701582;0.021255
426;0.201106;9.587053;1.761498;0.057083;-0.024164;0.018342;-0.304876;-0.701062;0.024728
427;0.235233;9.579585;1.767036;-0.00242;-0.004125;0.004193;-0.305626;-0.699968;0.025306
428;0.215557;9.657302;1.816739;-0.045877;0.00515;-0.009968;-0.305925;-0.700618;0.024529
429;0.208205;9.64262;1.892691;-0.042469;0.016246;-0.003763;-0.305916;-0.700729;0.02219
430;0.205791;9.620742;1.910153;-0.033399;0.003425;-0.009964;-0.305114;-0.7013;0.02264
431;0.215642;9.550218;1.933539;-0.038586;-0.001358;-0.01705;-0.305374;-0.70129;0.022626
432;0.198577;9.540542;1.957903;-0.016811;0.013999;0.006847;-0.30512;-0.700739;0.020021
433;0.196098;9.56728;1.952509;-0.019344;0.001995;0.000639;-0.306766;-0.700148;0.020827
434;0.210691;9.574453;1.972169;0.001706;0.003509;0.017451;-0.306915;-0.700941;0.020452
435;0.220491;9.564765;1.933359;0.030462;-0.004662;0.008638;-0.306506;-0.700024;0.020837
436;0.218003;9.598798;1.922947;0.027174;0.004043;-0.005476;-0.306417;-0.700579;0.02255
437;0.215579;9.598839;1.908237;0.018124;-0.007672;0.001554;-0.306944;-0.700691;0.022395
438;0.227807;9.581804;1.894047;0.007672;0.001922;-0.010801;-0.305414;-0.701414;0.021847
439;0.210764;9.584367;1.86929;-0.01903;0.01435;-0.014343;-0.30748;-0.699596;0.022074
440;0.215594;9.593995;1.900986;-0.004822;0.001821;-0.010817;-0.306861;-0.700819;0.021492
441;0.208272;9.596447;1.908168;-0.003173;-0.008895;-0.003774;-0.306545;-0.701645;0.022574
442;0.218066;9.564806;1.918649;0.012121;-0.004385;-0.00993;-0.306495;-0.699783;0.023563
443;0.225348;9.576893;1.928331;-0.004772;-0.009148;-0.012606;-0.306302;-0.699778;0.022272
444;0.215585;9.5891;1.920634;0.000506;-0.009007;-0.009068;-0.306572;-0.701906;0.02206
445;0.208306;9.579455;1.903574;0.002238;0.005612;-0.007272;-0.306025;-0.701398;0.022595
446;0.210722;9.589149;1.908332;0.005951;-0.019964;-0.012618;-0.306658;-0.700038;0.022911
447;0.201016;9.574664;1.888874;0.014503;0.009633;0.003346;-0.306232;-0.700998;0.023613
448;0.21563;9.579447;1.889012;0.008494;0.000207;-0.007274;-0.306246;-0.700995;0.023352
449;0.215598;9.601319;1.881295;0.028112;0.004012;-0.007242;-0.306178;-0.700877;0.024653
450;0.208264;9.613495;1.883417;0.005617;0.005874;0.001567;-0.306114;-0.701536;0.023375
451;0.215598;9.598881;1.886228;0.001361;-0.00531;-0.007292;-0.306681;-0.69979;0.024985
452;0.215617;9.584295;1.893819;-0.010169;-0.012754;-0.009971;-0.305644;-0.701034;0.024946
453;0.230236;9.593964;1.8792;0.025446;-0.001473;-0.007253;-0.306233;-0.700463;0.023597
454;0.200989;9.60386;1.861466;0.016786;-0.000944;-0.019633;-0.306033;-0.701554;0.024941
455;0.1839;9.620948;1.86091;0.002262;-0.010744;-0.007308;-0.305606;-0.699437;0.025682
456;0.225378;9.584273;1.879295;0.002265;-0.023474;-0.006443;-0.305917;-0.701155;0.024675
457;0.225399;9.574569;1.874573;-0.001455;-0.019683;0.000625;-0.306393;-0.699806;0.025521
458;0.225353;9.598845;1.87904;0.013221;-0.018245;-0.018783;-0.306619;-0.700339;0.026175
459;0.218017;9.613455;1.878675;0.01839;-0.008896;-0.01081;-0.305602;-0.70198;0.025757
460;0.218105;9.564891;1.874631;0.01472;-0.00879;-0.00552;-0.305029;-0.700809;0.026794
461;0.200991;9.603865;1.85902;0.011194;-0.015223;-0.007304;-0.306399;-0.700474;0.02541
462;0.208319;9.603866;1.839568;0.026318;-0.008683;-0.005505;-0.306082;-0.701969;0.026512
463;0.205899;9.594163;1.8397;0.020666;-0.006544;0.008623;-0.304649;-0.699909;0.02913
464;0.222959;9.598953;1.830094;-0.001492;-0.00328;0.001544;-0.305811;-0.700376;0.026739
465;0.225354;9.623227;1.829708;0.00939;0.000221;-0.007266;-0.306011;-0.700112;0.027892
466;0.215647;9.594114;1.839849;0.004046;-0.003461;-0.007285;-0.305193;-0.702024;0.028642
467;0.215618;9.613553;1.83462;0.000557;-0.009039;-0.010831;-0.30601;-0.700915;0.027916
468;0.20101;9.606346;1.832078;0.012103;-0.023398;-0.007319;-0.305967;-0.701995;0.02873
469;0.208345;9.59417;1.829956;0.008636;-0.014471;-0.012603;-0.306612;-0.701435;0.02881
470;0.21079;9.599052;1.810345;0.000644;-0.011853;-0.014372;-0.304772;-0.700441;0.029269
471;0.196146;9.603956;1.82471;0.011197;-0.012487;-0.007299;-0.305216;-0.701642;0.030712
472;0.208376;9.589365;1.80314;0.000334;-0.000573;-0.00022;-0.304743;-0.70125;0.029815
473;0.210786;9.589291;1.834969;-0.010445;-0.006035;0.00329;-0.304715;-0.701658;0.030348
474;0.208319;9.603866;1.839568;0.004021;0.012914;-0.007252;-0.305963;-0.701619;0.031322
475;0.210729;9.613544;1.851663;-0.003256;0.003028;-0.000214;-0.305093;-0.70111;0.030572
476;0.215626;9.608695;1.834704;0.013082;-0.00716;-0.01258;-0.305593;-0.70163;0.030951
477;0.201084;9.589444;1.78102;0.014813;-0.010679;-0.009057;-0.30428;-0.700346;0.031244
478;0.218083;9.613602;1.802866;-0.003105;0.009218;-0.007264;-0.305237;-0.701102;0.030304
479;0.19618;9.589403;1.815182;0.000185;-0.002207;0.006839;-0.305132;-0.701904;0.029813
480;0.205853;9.623317;1.834302;-0.015749;0.006566;-0.000221;-0.306299;-0.700789;0.029848
481;0.208311;9.6136;1.829617;0.005669;0.004017;-0.000202;-0.305766;-0.700143;0.030118
482;0.201036;9.603965;1.807666;0.003925;0.020312;-0.002823;-0.305799;-0.700938;0.029489
483;0.205874;9.603859;1.849313;-0.019325;0.0129;-0.000214;-0.305299;-0.700419;0.02911
484;0.215634;9.594086;1.854522;0.007303;0.004207;0.006865;-0.305728;-0.701331;0.028333
485;0.2059;9.616107;1.795301;0.007584;-0.004285;-0.005516;-0.305608;-0.70069;0.030663
486;0.210772;9.613639;1.802754;0.000293;-0.001437;0.001548;-0.306182;-0.701192;0.029606
487;0.215639;9.606286;1.824965;-0.024548;0.003623;-0.005535;-0.304853;-0.70125;0.030199
488;0.215614;9.608667;1.849377;-0.016566;-0.00716;-0.002899;-0.305565;-0.70121;0.028989
489;0.215631;9.606267;1.834746;0.000547;-0.000853;-0.010815;-0.305536;-0.700925;0.02703
490;0.215673;9.584418;1.830237;0.004049;-0.002551;-0.007284;-0.304797;-0.701372;0.028774
491;0.384385;9.331237;1.705148;0.057171;0.053455;-0.07244;-0.305303;-0.702158;0.029031
492;0.208524;9.609197;1.594937;0.026913;0.05641;-0.162574;-0.301514;-0.702444;0.029501
493;0.15065;9.259792;1.585468;-0.029495;0.121478;-0.196115;-0.295727;-0.704399;0.028436
494;0.049913;9.370636;2.296073;0.059299;0.209429;-0.232951;-0.290122;-0.707006;0.026339
495;-0.171781;9.571862;1.800127;0.382004;0.169824;-0.257427;-0.281187;-0.709943;0.030934
496;-0.32513;9.616945;1.493786;0.253942;0.160631;-0.188739;-0.275845;-0.711967;0.038824
497;-0.386453;9.938191;1.306305;0.126328;0.197052;-0.148168;-0.271555;-0.7139;0.041452
498;-0.573469;9.418839;1.605959;0.106275;0.235792;-0.086393;-0.267761;-0.714613;0.044537
499;-0.42545;9.53855;2.104984;0.38954;0.235499;-0.114284;-0.264693;-0.715576;0.048632
500;-0.740576;10.233336;1.564796;0.581946;0.058256;-0.004925;-0.264129;-0.714366;0.059556
501;-0.42756;10.197548;0.420819;0.489684;0.101181;0.064922;-0.265731;-0.713773;0.073765
502;-0.249465;9.726525;1.145777;0.124703;0.139022;0.106086;-0.268235;-0.7116;0.080594
503;-0.291644;10.102963;1.251076;0.305936;0.028397;0.060166;-0.271226;-0.710108;0.090539
504;-0.378107;9.803926;0.391738;0.433322;0.066105;-0.005893;-0.272847;-0.709218;0.101876
505;-0.470708;9.602062;0.782668;0.312743;0.041573;5.2e-05;-0.27328;-0.7067;0.106072
506;-0.519309;9.614813;0.595858;0.479063;0.059313;0.067391;-0.275895;-0.705086;0.115774
507;-0.324282;9.765107;0.231832;0.641382;-0.000958;0.076357;-0.278928;-0.702454;0.132449
508;-0.538257;9.840426;-0.479448;0.673325;0.012598;0.090508;-0.279405;-0.698758;0.153393
509;-0.101163;9.337873;-0.449403;0.458192;0.120948;0.13648;-0.286009;-0.693675;0.166293
510;-0.196622;9.566614;-0.435267;0.553514;0.051411;0.018096;-0.287993;-0.689431;0.178162
511;-0.142292;9.723957;-1.562073;0.523836;0.112521;-0.0065;-0.289575;-0.685364;0.192791
512;0.129489;9.968637;-0.706316;0.141783;0.177695;-0.096801;-0.288656;-0.684781;0.198027
513;-0.163096;10.247761;-1.111767;0.140902;0.008281;-0.04244;-0.28543;-0.682812;0.202694
514;-0.142598;9.698898;-1.163039;-0.029564;0.067002;-0.037263;-0.285925;-0.681861;0.203161
515;-0.353683;9.085258;-1.021061;0.083033;0.039916;0.002436;-0.286902;-0.682746;0.201833
516;-0.499349;10.103341;-0.904045;0.192671;0.016395;0.039664;-0.288016;-0.681934;0.205393
517;-0.328171;9.669799;-0.703162;0.163099;0.022806;0.089987;-0.289079;-0.679796;0.209958
518;-0.202628;9.320873;-1.436147;0.290594;-0.002921;0.106869;-0.292473;-0.677033;0.21464
519;0.152599;9.464033;-1.044433;0.177628;0.047147;0.08222;-0.295788;-0.673218;0.220857
520;0.023972;9.539028;-1.810657;0.250913;-0.02597;0.003531;-0.297072;-0.671504;0.228674
521;-0.011114;9.963705;-1.55203;-0.018522;0.036053;-0.00722;-0.295339;-0.669196;0.232082
522;-0.189752;10.272615;-1.335136;-0.157033;0.014912;-0.042771;-0.295312;-0.671586;0.230072
523;-0.110955;9.679147;-1.079072;-0.055905;-0.005324;-0.01094;-0.293978;-0.672265;0.225739
524;-0.133627;10.106706;-1.086856;0.086637;-0.05754;-0.002017;-0.292836;-0.671928;0.227741
525;-0.279004;9.892353;-1.630657;0.10277;-0.073131;0.087999;-0.29513;-0.670265;0.231083
526;-0.156521;9.485983;-1.538584;-0.061352;-0.022782;0.086141;-0.296185;-0.670221;0.230766
527;0.043702;9.193251;-1.38862;-0.094382;-0.014022;0.087913;-0.301015;-0.6692;0.227746
528;0.004191;9.32883;-1.068784;-0.035064;-0.038919;0.02169;-0.301943;-0.668114;0.229877
529;0.125692;9.737006;-1.475094;0.009559;-0.071217;0.023518;-0.300901;-0.668557;0.229945
530;0.023608;9.633302;-1.582435;-0.164667;-0.026136;-0.007537;-0.301952;-0.667309;0.229722
531;0.081163;9.88204;-1.008773;-0.24626;-0.047713;-0.03767;-0.300631;-0.670503;0.2226
532;0.081943;9.57171;-1.282138;-0.090675;-0.077525;-0.046411;-0.298953;-0.672549;0.219888
533;0.084176;9.6005;-1.106535;-0.062365;-0.098338;-0.120607;-0.296567;-0.673163;0.218341
534;-0.091439;9.947268;-1.63366;-0.159951;-0.137761;-0.142005;-0.292071;-0.676942;0.217391
535;0.067638;9.655382;-1.81202;-0.54855;-0.116881;-0.156522;-0.286066;-0.679518;0.2105
536;-0.334298;10.593481;-1.110597;-0.919359;-0.222448;-0.181919;-0.279085;-0.688019;0.189784
537;-0.296799;10.137045;-1.278155;-1.305709;-0.246877;-0.087061;-0.275113;-0.696325;0.161096
538;-0.14913;9.999992;0.130137;-1.426819;-0.47143;-0.138872;-0.271937;-0.706372;0.122007
539;-0.31861;8.981819;0.878913;-1.571285;-0.352883;-0.147779;-0.264249;-0.7126;0.084869
540;-0.733115;11.171713;2.309102;-1.74866;-0.046393;0.084123;-0.261814;-0.715997;0.03904
541;-0.085903;9.884231;3.299923;-1.338555;-0.003016;0.097088;-0.265786;-0.715412;-0.005166
542;-0.707645;8.458648;3.669894;-0.330791;-0.13613;-0.036583;-0.26842;-0.714547;-0.028491
543;-0.692392;6.885577;3.296454;0.072112;-0.079147;-0.004353;-0.271281;-0.713583;-0.033616
544;-0.284018;7.519897;3.247588;0.22387;-0.152341;0.075331;-0.272704;-0.713577;-0.028487
545;-0.40544;8.869143;2.850562;0.535932;-0.159202;0.160561;-0.273271;-0.713291;-0.014344
546;-0.343971;10.388358;1.993613;0.862693;-0.155098;0.313023;-0.282139;-0.711575;0.009984
547;0.261039;10.447587;1.184985;0.776197;-0.14124;0.31843;-0.291131;-0.707204;0.03696
548;0.473801;10.14339;0.953854;0.306536;-0.06436;0.210332;-0.298497;-0.702921;0.052705
549;0.479633;9.506738;1.12642;0.07959;-0.015679;0.058203;-0.301279;-0.701671;0.059156
550;0.274594;9.497309;1.512296;0.072419;0.027423;-0.031862;-0.302432;-0.700826;0.05946
551;0.084063;9.814245;1.379176;0.224459;-0.002583;-0.049433;-0.302189;-0.700881;0.064158
552;0.113785;9.781024;0.900903;0.145609;-0.008073;-0.027445;-0.300941;-0.700994;0.070734
553;0.38537;9.318797;0.604943;-0.045741;0.13861;-0.09357;-0.297996;-0.702549;0.067423
554;0.622865;8.622761;0.740482;-0.055425;0.313592;-0.317554;-0.292827;-0.705507;0.061931
555;-0.109866;9.052013;1.707406;-0.264804;0.455063;-0.481944;-0.281573;-0.708566;0.056114
556;-0.645287;10.591227;3.359837;0.179662;0.49078;-0.44075;-0.267271;-0.714408;0.048981
557;-0.999148;10.397465;1.509111;0.751485;0.175565;-0.099928;-0.264084;-0.716055;0.067935
558;-0.747895;10.625875;0.792438;0.525209;0.183258;0.058899;-0.259693;-0.71407;0.08008
559;-0.270046;9.144521;0.759437;0.261472;0.144869;0.145058;-0.264653;-0.713677;0.087091
560;-0.19795;9.471022;1.270831;0.459551;0.077707;0.055108;-0.269918;-0.709565;0.098269
561;-0.510645;10.441274;0.190339;0.611733;-0.077481;0.04262;-0.271136;-0.706736;0.114905
562;-0.441112;9.912317;-0.234685;0.281354;0.114157;0.13799;-0.275954;-0.704392;0.1272
563;-0.21695;9.51123;0.624253;0.28085;0.079538;0.074342;-0.278313;-0.702824;0.126768
564;-0.352876;9.564348;-0.112357;0.489642;0.097944;0.079011;-0.281507;-0.699863;0.13783
565;-0.162379;9.410683;-0.265746;0.612382;0.107638;0.099524;-0.286269;-0.695817;0.153721
566;-0.118347;9.31818;-0.26836;0.55682;0.088947;0.028771;-0.288499;-0.692795;0.168346
567;-0.172742;9.962792;-0.661888;0.599283;0.074348;0.044738;-0.288611;-0.687722;0.183804
568;-0.158936;10.621601;-1.039957;0.4908;0.047955;0.111752;-0.29178;-0.681872;0.200377
569;-0.123002;9.738028;-1.354165;0.138254;0.04804;0.088313;-0.294661;-0.679688;0.207445
570;0.047558;9.544476;-0.925154;0.146242;0.025069;0.046789;-0.297585;-0.67506;0.211187
571;-0.00352;9.518143;-0.989051;0.204156;0.026419;0.008866;-0.298244;-0.675057;0.213494
572;-0.010974;9.72753;-1.242241;0.26168;0.022806;-0.010485;-0.299133;-0.672423;0.221436
573;-0.171701;9.835892;-1.598703;0.163126;0.017949;-0.030067;-0.297984;-0.672221;0.223573
574;-0.001105;9.68874;-1.302551;0.023774;0.094026;-0.028276;-0.29865;-0.671256;0.223249
575;-0.009833;9.227838;-1.551431;0.034963;0.069223;-0.042489;-0.29935;-0.671243;0.224772
576;0.053431;9.285804;-1.551481;-0.055635;0.121318;-0.107818;-0.298575;-0.671808;0.2247
577;-0.127798;9.694341;-1.355923;-0.04268;0.055557;-0.089404;-0.296366;-0.672406;0.222233
578;-0.240774;10.178143;-1.326929;-0.08547;0.100664;-0.056667;-0.293373;-0.675929;0.21482
579;-0.162204;9.489088;-0.621693;-0.004656;0.010112;0.008543;-0.294788;-0.676521;0.21255
580;-0.132299;9.480651;-1.357163;0.190252;-0.040036;0.04224;-0.294166;-0.675008;0.219564
581;-0.23167;10.344885;-0.923754;0.160163;-0.067078;0.061631;-0.294474;-0.67343;0.223665
582;-0.207404;9.540536;-1.98537;-0.02249;-0.024692;0.066748;-0.297805;-0.670657;0.227049
583;0.096483;9.527568;-1.100188;-0.17091;0.016468;0.027875;-0.300731;-0.672512;0.223175
584;-0.010704;9.625734;-1.348063;0.007247;-0.057135;0.004948;-0.298395;-0.671934;0.223152
585;-0.025021;9.433886;-1.315596;-0.141026;-0.012725;0.011912;-0.299275;-0.673352;0.221195
586;-0.010804;9.562124;-1.107307;-0.0773;-0.04729;-0.007502;-0.299188;-0.67426;0.217844
587;-0.132113;9.349412;-1.308413;-0.14356;-0.023763;0.00655;-0.298841;-0.675043;0.214502
588;-0.040616;9.66341;-0.662011;-0.011572;-0.033871;-0.000337;-0.297326;-0.675362;0.213682
589;-0.093883;9.737599;-1.209437;0.096408;-0.084712;-0.035646;-0.296836;-0.67433;0.215629
590;-0.069406;9.70114;-1.25734;0.089678;-0.070723;-0.055051;-0.294401;-0.674201;0.220049
591;0.030744;9.776718;-1.667967;-0.025417;-0.06085;-0.093984;-0.291535;-0.675251;0.220232
592;-0.305822;10.065565;-1.964209;-0.316661;-0.030833;-0.076654;-0.288308;-0.677891;0.217359
593;-0.186775;9.844714;-1.10022;-0.699682;0.021532;-0.031058;-0.286631;-0.682248;0.204566
594;-0.141745;10.465775;-0.880477;-0.710701;-0.14406;-0.098462;-0.285134;-0.689191;0.183251
595;-0.256133;10.118071;-0.367514;-0.866642;-0.224497;-0.061783;-0.281962;-0.694458;0.161717
596;-0.090952;10.584119;-0.673907;-0.888997;-0.416775;0.036807;-0.279603;-0.699954;0.139496
597;0.003442;9.405183;-0.365844;-1.059377;-0.565595;-0.030906;-0.278886;-0.703922;0.118183
598;0.018072;8.919963;0.591643;-1.292309;-0.481297;0.004274;-0.275988;-0.708969;0.088821
599;-0.458286;10.360193;1.786955;-1.611881;-0.044188;0.126679;-0.278348;-0.711425;0.048173
600;-0.399712;9.740831;2.923513;-1.267557;-0.002374;0.162431;-0.28044;-0.71151;0.010203
601;-0.238117;8.839611;3.866014;-0.340082;-0.144797;0.060701;-0.282908;-0.708518;-0.012395
602;-0.177743;8.190114;3.007666;0.22766;-0.132698;0.059574;-0.285882;-0.709097;-0.009674
603;-0.099498;8.302437;2.490914;0.417997;-0.104799;0.089915;-0.292134;-0.706781;-0.002529
604;0.050749;8.938529;2.200899;0.488472;-0.070495;0.127265;-0.295609;-0.705593;0.013124
605;0.132249;10.041933;1.561795;0.57001;-0.040107;0.146986;-0.296571;-0.703843;0.029675
606;0.234403;10.365214;1.151779;0.425305;-0.039223;0.1566;-0.300488;-0.70185;0.046843
607;0.442083;10.084959;1.110896;0.189039;-0.017059;0.108713;-0.304198;-0.700183;0.055444
608;0.464702;9.657281;1.179818;0.073963;-0.035795;-0.014255;-0.307497;-0.698998;0.056925
609;0.298991;9.570382;1.33777;0.005462;-0.026795;-0.067362;-0.307208;-0.699416;0.057473
610;0.123326;9.687869;1.323281;-0.040148;-0.016102;-0.063896;-0.30337;-0.700918;0.058892
611;0.142654;9.765412;1.361351;-0.118856;0.002699;-0.014477;-0.304403;-0.700854;0.056493
612;0.188966;9.694489;1.49534;-0.192169;-0.001412;-0.0075;-0.303021;-0.70085;0.050582
613;0.208582;9.538623;1.669529;-0.167449;-0.006378;0.004872;-0.303063;-0.701595;0.044747
614;0.479932;9.08319;1.627769;-0.013995;0.08898;-0.081278;-0.302579;-0.702386;0.041543
615;0.33067;9.482448;1.515851;0.173667;0.194753;-0.275147;-0.297994;-0.703375;0.042337
616;0.173992;8.524094;1.44212;0.116502;0.264733;-0.435942;-0.286862;-0.708268;0.046716
617;-0.48162;9.65804;1.999345;0.093978;0.345936;-0.321063;-0.27643;-0.712516;0.042583
618;-0.648416;10.297691;1.951449;0.430473;0.157479;-0.194752;-0.268263;-0.715582;0.049873
619;-0.969295;10.164618;1.278856;0.538905;0.239982;-0.002901;-0.263873;-0.714023;0.064503
620;-0.427375;9.671351;1.25653;0.214711;0.157369;0.151214;-0.267824;-0.714332;0.070938
621;-0.197739;9.188684;1.591206;0.501594;0.196456;0.168417;-0.273051;-0.710449;0.077831
622;-0.095439;9.639062;0.763259;0.855497;0.114965;0.06452;-0.277772;-0.707908;0.097021
623;-0.223426;10.680375;0.126951;0.756102;0.060899;0.039638;-0.281155;-0.703713;0.119487
624;-0.168872;10.416443;-0.417847;0.322214;0.117835;0.058682;-0.282969;-0.699483;0.132147
625;-0.158938;9.846314;0.504366;0.095368;0.150093;-0.02106;-0.282597;-0.699008;0.136836
626;-0.236889;9.939436;0.276586;0.319268;0.084917;-0.013881;-0.283902;-0.699138;0.141715
627;-0.338022;9.547723;-0.344156;0.401698;0.055789;0.024072;-0.28508;-0.696378;0.151589
628;-0.167725;9.672963;-0.248383;0.40789;0.073216;0.065682;-0.289144;-0.693986;0.155856
629;-0.206434;9.576274;-0.381785;0.45127;0.029403;0.044427;-0.289264;-0.690895;0.16864
630;-0.132957;9.610843;-0.865465;0.412194;0.041739;0.04002;-0.292504;-0.686768;0.183829
631;0.015956;9.513121;-0.954433;0.293309;0.063541;0.009049;-0.293837;-0.684106;0.190705
632;-0.03014;9.518696;-1.204661;0.153928;0.093242;-0.065247;-0.294155;-0.684399;0.1946
633;-0.060081;9.658704;-0.689123;0.0368;0.147535;-0.105896;-0.291894;-0.683671;0.193138
634;-0.225917;9.747064;-0.737193;0.144761;0.079668;-0.060022;-0.291515;-0.682638;0.19547
635;-0.250397;9.810333;-0.738665;0.153431;0.090032;-0.049394;-0.289958;-0.681944;0.200476
636;-0.128067;9.708373;-1.077394;0.280684;-0.032965;-0.063604;-0.289136;-0.680696;0.206338
637;-0.166878;9.596828;-1.063814;0.15009;0.012891;-0.007157;-0.289081;-0.67982;0.21243
638;-0.22557;9.801471;-1.24189;0.0939;0.026978;-0.008954;-0.287324;-0.679525;0.216288
639;-0.264543;9.784649;-1.232406;0.017615;0.007653;-0.028523;-0.286906;-0.677698;0.21938
640;-0.220506;9.733603;-1.323776;0.007487;0.015253;-0.012614;-0.286235;-0.677595;0.219803
641;-0.055409;10.038558;-1.214092;0.036386;-0.005089;-0.031979;-0.286561;-0.679199;0.221003
642;-0.4204;9.875909;-1.54937;-0.040138;-0.057231;0.009224;-0.286303;-0.678139;0.220986
643;-0.264394;9.616757;-1.068085;-0.213467;0.019513;0.013611;-0.286972;-0.68087;0.215566
644;-0.208825;9.973783;-1.225072;-0.200738;-0.070601;0.006427;-0.287952;-0.682265;0.211652
645;-0.366772;9.534342;-0.882351;-0.177108;-0.02715;0.025884;-0.285863;-0.683504;0.206855
646;-0.127498;9.329309;-0.972972;-0.021106;-0.028417;0.034938;-0.288185;-0.683125;0.204639
647;-0.239967;9.499735;-0.899389;-0.002058;-0.023412;-0.025101;-0.288308;-0.683121;0.204762
648;-0.132801;9.547801;-0.918165;0.100264;-0.04424;-0.053254;-0.287075;-0.683449;0.206008
649;-0.181196;9.595141;-1.408805;0.021658;-0.060908;-0.042784;-0.285511;-0.682198;0.208657
650;-0.254954;9.791558;-1.063648;-0.097171;-0.020996;-0.042843;-0.283426;-0.683351;0.208802
651;-0.294102;9.91819;-1.139807;-0.1159;-0.032039;-0.042885;-0.282383;-0.683235;0.206382
652;-0.36714;9.918728;-1.226513;-0.243971;-0.035355;-0.060721;-0.280772;-0.684706;0.199876
653;-0.364627;9.672646;-0.82359;-0.416037;0.013072;-0.029052;-0.278022;-0.688868;0.190256
654;-0.158214;9.960072;-0.549131;-0.395884;-0.049407;-0.055571;-0.277396;-0.693072;0.179744
655;-0.32566;9.450533;-0.352059;-0.338115;-0.047837;-0.084743;-0.275166;-0.695231;0.17264
656;-0.319688;10.244745;-0.402472;-0.332959;-0.031903;0.001042;-0.274357;-0.698248;0.163144
657;-0.578488;10.5644;-0.50733;-0.462799;-0.168725;-0.01179;-0.273298;-0.699935;0.153492
658;-0.490524;10.203637;-0.049761;-0.739357;-0.112327;0.152264;-0.275651;-0.701408;0.135585
659;-0.489897;9.412681;0.807682;-0.714974;-0.393049;0.197557;-0.280754;-0.704643;0.117194
660;-0.191836;9.307964;0.18066;-0.364662;-0.46292;0.266782;-0.283975;-0.703889;0.107632
661;-0.034989;8.94341;-0.089395;-0.555386;-0.423569;0.303748;-0.29227;-0.701621;0.100358
662;0.278052;10.591238;0.952873;-0.878615;-0.238392;0.192709;-0.296293;-0.700624;0.08281
663;0.220082;10.163604;1.20887;-1.064726;-0.144499;0.086646;-0.301315;-0.700592;0.058472
664;-0.067823;9.803516;2.296536;-0.753441;-0.059443;0.076455;-0.304373;-0.702088;0.031941
665;0.197037;8.720942;2.563934;-0.224782;-0.04489;0.017;-0.30467;-0.702617;0.018669
666;0.236761;8.446872;2.275856;0.106412;-0.005161;-0.032009;-0.304234;-0.700611;0.017072
667;0.01393;9.138047;2.103942;0.300556;0.015952;-0.022021;-0.303831;-0.703245;0.024848
668;0.05951;9.723759;1.766754;0.353744;-6.5e-05;0.077879;-0.30603;-0.701409;0.037557
669;0.312752;10.021863;1.423047;0.222058;-0.052088;0.150144;-0.310544;-0.698636;0.045692
670;0.474023;9.875704;1.232402;0.073862;-0.05788;0.116433;-0.313016;-0.696422;0.048098
671;0.435401;9.593919;1.368773;0.008342;-0.021982;0.049271;-0.315511;-0.696611;0.050052
672;0.362126;9.598806;1.543647;0.044804;0.00528;-0.033672;-0.315478;-0.696217;0.050693
673;0.298545;9.793688;1.402349;0.066813;0.009496;-0.020388;-0.314645;-0.695323;0.051752
674;0.28165;9.752696;1.295208;-0.029901;0.013732;-0.00195;-0.314527;-0.696955;0.054018
675;0.306138;9.662625;1.341164;-0.121052;0.023135;0.005027;-0.313314;-0.696585;0.05238
676;0.354932;9.545469;1.515122;-0.163808;0.018998;0.001437;-0.313624;-0.696515;0.046377
677;0.366938;9.535257;1.74046;-0.108125;0.011649;-0.017944;-0.316643;-0.696366;0.043219
678;0.35205;9.651766;1.811569;-0.031741;0.012656;-0.003717;-0.316009;-0.697434;0.040422
679;0.347171;9.683473;1.754698;0.043415;-0.005121;-0.012497;-0.315668;-0.697195;0.041994
680;0.337635;9.605979;1.665422;0.096876;-0.010885;-0.007157;-0.315027;-0.695747;0.041856
681;0.318237;9.633116;1.498367;0.093237;-0.018023;-0.001878;-0.316572;-0.696139;0.04712
682;0.323188;9.623509;1.430138;0.041255;0.005472;0.00871;-0.31547;-0.696194;0.048351
683;0.354723;9.696161;1.453806;-0.006947;0.0096;0.008678;-0.316264;-0.696428;0.048055
684;0.344962;9.681554;1.49793;-0.047802;0.007205;-0.00021;-0.316477;-0.695334;0.04645
685;0.35713;9.664387;1.552212;-0.033461;0.006311;-0.003727;-0.316236;-0.695741;0.046085
686;0.364499;9.615719;1.582516;-0.03087;0.003711;0.000684;-0.316043;-0.696004;0.044802
687;0.3572;9.588964;1.621997;-0.015633;0.003743;-0.002836;-0.316837;-0.696237;0.044506
688;0.357074;9.652073;1.64046;0.015123;-0.005621;-0.023128;-0.317359;-0.695414;0.044454
689;0.352267;9.632744;1.601597;0.023341;-0.011929;0.01131;-0.317118;-0.695955;0.044093
690;0.352303;9.606005;1.61429;0.022058;0.003789;-0.013391;-0.315983;-0.695348;0.045957
691;0.337643;9.645004;1.579153;0.037963;-0.006774;-0.005445;-0.316353;-0.695605;0.046335
692;0.337649;9.645019;1.571817;0.037914;-0.010343;-0.002803;-0.316313;-0.695347;0.04711
693;0.332759;9.686454;1.507441;0.036167;-0.019464;-0.003704;-0.317052;-0.695994;0.04787
694;0.36699;9.625578;1.501683;0.011027;-0.001314;0.003374;-0.317546;-0.696113;0.048368
695;0.366929;9.65226;1.518336;-0.006622;0.012814;-0.007213;-0.317006;-0.695737;0.048776
696;0.344927;9.676601;1.546924;-0.010056;-0.010997;-0.012569;-0.316916;-0.695465;0.047992
697;0.374256;9.623003;1.558083;-0.00671;-0.00525;-0.001953;-0.315821;-0.695385;0.049089
698;0.347407;9.652303;1.547384;0.016603;-0.012456;-0.007244;-0.317176;-0.695723;0.047986
699;0.344982;9.647467;1.542541;0.00033;0.009468;0.001613;-0.316485;-0.695758;0.048804
700;0.337667;9.65237;1.537454;0.002176;-0.007841;-0.000188;-0.316212;-0.695236;0.049064
701;0.364496;9.647406;1.523274;0.004002;-0.00788;-0.001946;-0.317572;-0.696241;0.04785
702;0.352344;9.623161;1.533293;0.02543;-0.004991;-0.002804;-0.316088;-0.695373;0.048944
703;0.318195;9.625707;1.562076;0.041734;-0.01242;-0.014291;-0.317105;-0.694133;0.049374
704;0.337684;9.662161;1.498157;0.035174;-0.022065;0.001588;-0.317399;-0.695076;0.051208
705;0.376703;9.652267;1.489139;0.025122;-0.008244;0.012213;-0.318448;-0.694632;0.051009
706;0.362089;9.666989;1.449534;0.021786;-0.010355;0.001604;-0.317558;-0.695223;0.053155
707;0.371846;9.657207;1.459634;0.003807;-0.019424;0.008632;-0.317309;-0.696301;0.05294
708;0.384055;9.65232;1.442786;0.009075;-0.008375;0.012197;-0.317297;-0.695501;0.053177
709;0.371863;9.637739;1.479537;-0.017337;0.001858;-0.005481;-0.317901;-0.694659;0.051559
710;0.364458;9.664388;1.53276;-0.024436;-0.010986;-0.007282;-0.317782;-0.695464;0.051329
711;0.357185;9.652319;1.513296;0.016617;0.00933;-0.008963;-0.316554;-0.69365;0.052512
712;0.362118;9.640236;1.469564;0.025377;0.000541;-0.000138;-0.31754;-0.694157;0.053515
713;0.362095;9.652375;1.471798;0.023959;-0.010821;-0.016943;-0.317251;-0.694976;0.054075
714;0.352354;9.664629;1.439646;0.013128;-0.010743;-0.010774;-0.31749;-0.695774;0.054476
715;0.371834;9.671807;1.444707;0.002295;-0.001609;-0.005462;-0.317328;-0.694849;0.055108
716;0.381603;9.662052;1.440134;-0.02629;-0.012699;-0.002867;-0.31725;-0.695378;0.054087
717;0.384027;9.652259;1.474577;-0.011963;-0.014473;-0.005504;-0.317435;-0.695226;0.053032
718;0.379132;9.657112;1.489091;-0.019319;0.005705;0.00336;-0.318202;-0.6956;0.053262
719;0.376711;9.644972;1.494157;-0.030737;-0.001874;-0.004619;-0.318518;-0.694239;0.052164
720;0.362091;9.652366;1.476689;0.008433;-0.006879;-0.000172;-0.319009;-0.695697;0.052702
721;0.35236;9.647576;1.466843;-0.007715;0.005816;0.003365;-0.318195;-0.695334;0.053385
722;0.381552;9.666815;1.488959;0.00034;0.007643;0.001621;-0.317751;-0.694267;0.051946
723;0.391264;9.676437;1.510948;-0.006495;-6.4e-05;-0.01253;-0.318009;-0.695595;0.051971
724;0.376661;9.664364;1.513382;-0.00828;0.001745;-0.012533;-0.318612;-0.694753;0.050353
725;0.376787;9.601255;1.494919;-0.008454;0.005612;-0.0037;-0.318787;-0.693424;0.051996
726;0.367022;9.613458;1.489667;0.007785;-0.018079;-0.010796;-0.317888;-0.69426;0.051808
727;0.376705;9.654711;1.48176;0.005881;0.009283;-0.007203;-0.318174;-0.694779;0.051288
728;0.383943;9.69108;1.493464;0.007841;0.009067;-0.016028;-0.318697;-0.69342;0.05122
729;0.3669;9.681452;1.493373;-0.017561;0.006657;0.004246;-0.318996;-0.694338;0.05045
730;0.386484;9.613283;1.529092;-0.017761;0.007802;0.013961;-0.318305;-0.694239;0.051265
731;0.384052;9.618181;1.514297;0.003933;-0.005976;0.001593;-0.318358;-0.69503;0.050244
732;0.376657;9.666792;1.513339;0.009357;-0.010566;-0.00194;-0.318386;-0.69422;0.049699
733;0.379035;9.691029;1.532517;-0.023783;-0.003434;0.003339;-0.319633;-0.694716;0.050688
734;0.398577;9.656899;1.54808;-0.019212;9.5e-05;-0.001946;-0.319414;-0.69445;0.049911
735;0.381593;9.610832;1.553515;-0.008693;0.005875;0.006901;-0.319894;-0.69321;0.048158
736;0.364496;9.647406;1.523274;0.021925;-0.012368;-0.005467;-0.319171;-0.69566;0.049569
737;0.379098;9.659474;1.523285;0.004097;0.001984;-0.007219;-0.318744;-0.693677;0.050314
738;0.401029;9.65692;1.530999;-0.012365;-0.003117;0.012187;-0.319338;-0.694175;0.048866
739;0.450064;9.530547;1.448352;0.008066;0.012456;-0.024849;-0.318845;-0.693788;0.04836
740;0.479486;9.443023;1.420976;0.032619;0.030082;-0.089257;-0.318269;-0.694356;0.049449
741;0.413847;9.460785;1.199585;-0.072974;0.131929;-0.163371;-0.312761;-0.6971;0.048001
742;0.275274;9.118492;1.489555;-0.143163;0.155318;-0.220884;-0.308568;-0.699229;0.043733
743;0.006383;9.249708;2.150793;-0.015005;0.221939;-0.218901;-0.301653;-0.701732;0.039361
744;-0.158276;10.017898;2.188727;0.478152;0.10561;-0.167321;-0.296309;-0.704268;0.044794
745;-0.213898;10.321452;1.091945;0.500128;0.019104;-0.010241;-0.293642;-0.703972;0.058719
746;-0.106395;10.226425;0.972958;-0.006727;0.060808;0.079369;-0.293752;-0.70295;0.064148
747;0.152561;9.638939;1.432174;-0.002967;0.018682;0.073997;-0.296607;-0.702547;0.061642
748;0.101688;9.52773;1.303731;0.164795;-0.026357;0.035214;-0.299682;-0.69943;0.069974
749;0.151134;9.309627;0.934128;0.32571;-0.024504;-0.016709;-0.299523;-0.700184;0.078071
750;0.060364;9.615947;1.005674;0.286175;-0.000951;-0.008754;-0.298748;-0.699593;0.083039
751;-0.03725;9.835573;0.716704;0.283732;-0.034558;0.025616;-0.299369;-0.696972;0.091126
752;0.138287;9.876272;0.56215;0.145335;0.013634;0.071535;-0.300436;-0.696438;0.095607
753;0.201402;9.877834;0.844302;0.056306;-0.002918;0.060815;-0.301826;-0.695637;0.101365
754;0.201249;9.955509;0.864957;0.105324;-0.021729;0.021097;-0.304646;-0.694889;0.104575
755;0.196432;10.023926;0.663169;0.112497;-0.025273;0.021105;-0.304051;-0.693966;0.103539
756;0.158137;9.706299;0.496937;0.038087;-0.010956;-0.000186;-0.305397;-0.693685;0.107622
757;0.16357;9.412517;0.443443;0.042997;0.011509;0.022802;-0.306427;-0.692576;0.107795
758;0.168233;9.611938;0.288427;0.000636;0.009696;0.000692;-0.305175;-0.692641;0.109425
759;0.133583;9.796222;0.52679;-0.144342;0.041593;0.015611;-0.30602;-0.694469;0.108133
760;0.22102;9.853623;0.754541;-0.213977;0.044557;0.014681;-0.30783;-0.693791;0.10073
761;0.245487;9.634294;1.081523;-0.021002;-0.011459;0.004171;-0.307485;-0.693771;0.097365
762;0.196753;9.775964;0.78976;0.086637;-0.042942;-0.019612;-0.308147;-0.692831;0.099644
763;0.192024;9.77631;0.623394;0.01475;-0.00652;0.004226;-0.306384;-0.694654;0.101093
764;0.1676;9.712929;0.809979;-0.017133;-0.021659;-0.007337;-0.306761;-0.694507;0.101329
765;0.148202;9.718122;0.687323;0.037995;-0.004568;0.001589;-0.30631;-0.694403;0.102521
766;0.192046;9.708094;0.734625;0.04416;-0.018978;0.005993;-0.306413;-0.694671;0.103044
767;0.201714;9.8127;0.618017;0.028966;-0.022683;0.007749;-0.307649;-0.693297;0.104238
768;0.199246;9.776074;0.726215;0.016287;-0.00625;0.014828;-0.308483;-0.693789;0.103168
769;0.216297;9.780845;0.726391;0.046861;-0.006296;0.003387;-0.308913;-0.692183;0.104919
770;0.255225;9.839011;0.686842;0.050125;-0.00409;0.017542;-0.3091;-0.691655;0.106325
771;0.236049;9.732552;0.531897;0.037986;-0.014514;0.004245;-0.30845;-0.692374;0.108853
772;0.245905;9.625469;0.621945;0.027492;-0.017603;-0.005496;-0.308021;-0.69106;0.109617
773;0.228661;9.732418;0.619823;0.040674;0.002712;0.001631;-0.309123;-0.692099;0.11089
774;0.238491;9.678914;0.63313;0.050638;-0.019179;-0.003704;-0.3104;-0.691117;0.111314
775;0.2361;9.732665;0.473206;0.055566;-0.016743;0.017509;-0.309826;-0.690882;0.112378
776;0.243222;9.805346;0.545412;0.036074;-0.002594;0.008692;-0.309323;-0.689318;0.114571
777;0.260329;9.839499;0.422806;-0.015129;-0.001835;-0.016085;-0.310362;-0.690883;0.114562
778;0.255458;9.781016;0.536239;-0.059886;0.00248;-0.009953;-0.310626;-0.688731;0.114484
779;0.255499;9.737225;0.576128;-0.081133;0.004817;-0.017926;-0.310057;-0.690854;0.110414
780;0.221096;9.824536;0.725703;-0.055598;-0.003704;-0.003786;-0.309816;-0.691529;0.110056
781;0.252867;9.790441;0.692542;-0.019148;-0.008679;0.003317;-0.310392;-0.690425;0.108952
782;0.24577;9.664177;0.699523;0.026279;-0.006365;0.007776;-0.310432;-0.690684;0.108177
783;0.289854;9.615674;0.54942;0.061315;-0.002679;-0.001883;-0.310603;-0.691497;0.109883
784;0.277711;9.613393;0.505258;0.054543;0.009551;-0.019532;-0.311442;-0.690674;0.111245
785;0.221299;9.7616;0.619203;0.05439;-0.00122;-0.014257;-0.309609;-0.690238;0.114062
786;0.255215;9.951138;0.474584;0.030672;-0.004403;0.010467;-0.311651;-0.690566;0.114744
787;0.279869;9.761477;0.529613;-0.026213;-0.003314;0.00156;-0.310989;-0.689257;0.115001
788;0.2505;9.783295;0.626604;0.009613;-0.015933;-0.005497;-0.311185;-0.689772;0.113705
789;0.277404;9.756552;0.571233;0.041769;-0.004795;-0.007198;-0.310612;-0.689269;0.114761
790;0.253084;9.751913;0.522037;0.023917;-0.015799;-0.005482;-0.311617;-0.690306;0.115389
791;0.245776;9.742208;0.536768;0.014713;-0.001002;0.0069;-0.310571;-0.68968;0.115556
792;0.260315;9.795583;0.526277;0.013149;-0.004931;-0.003699;-0.311121;-0.689275;0.117467
793;0.238419;9.773836;0.526324;0.000517;-0.006665;0.00334;-0.311182;-0.68886;0.11628
794;0.265281;9.72506;0.561816;0.032548;0.002775;0.006931;-0.311555;-0.691257;0.116591
795;0.255622;9.725308;0.458958;0.022147;-0.012168;-0.005477;-0.31147;-0.689671;0.11824
796;0.287323;9.703247;0.481831;-0.004649;0.010331;-0.005456;-0.311363;-0.688333;0.117816
797;0.248306;9.696078;0.522936;0.009599;-0.003139;-0.003712;-0.310873;-0.690086;0.117243
798;0.24107;9.654838;0.518653;0.075817;-0.006447;-0.012481;-0.311638;-0.688745;0.120026
799;0.27756;9.78128;0.343382;0.026825;0.002161;-0.016028;-0.311741;-0.68888;0.120544
800;0.257799;9.849054;0.510636;-0.038426;0.001687;-0.012572;-0.310557;-0.688394;0.120853
801;0.265155;9.795483;0.565479;-0.008264;-0.023287;-0.002877;-0.311658;-0.688874;0.119638
802;0.218755;9.890588;0.484867;0.013186;-0.012229;-0.005482;-0.310941;-0.688112;0.120955
803;0.226184;9.837176;0.456564;-0.007105;-0.004298;0.026302;-0.311683;-0.689939;0.119148
804;0.31405;9.67611;0.629433;0.040851;-0.010239;-0.005443;-0.312557;-0.688306;0.119834
805;0.299627;9.654687;0.443736;0.064074;0.002723;-0.005394;-0.312208;-0.688737;0.121556
806;0.316514;9.805373;0.341107;0.022469;0.003792;-0.021316;-0.312445;-0.686859;0.122009
807;0.245676;9.829753;0.476552;-0.013447;0.010093;-0.012531;-0.312468;-0.688861;0.121546
808;0.228676;9.815344;0.437419;0.002464;-0.008634;-0.003725;-0.311661;-0.688497;0.122099
809;0.207015;9.655152;0.444769;0.029094;-0.010019;0.00423;-0.312257;-0.688751;0.123115
810;0.260686;9.623307;0.446137;0.097861;-0.017716;0.001655;-0.312288;-0.687698;0.125034
811;0.289911;9.676751;0.362506;0.135345;-0.021946;0.001703;-0.312344;-0.688804;0.128967
812;0.260719;9.733091;0.189904;0.097748;-0.018403;0.008732;-0.31134;-0.687791;0.130812
813;0.37277;9.737274;0.245329;0.029094;0.009961;0.004326;-0.312366;-0.686306;0.133576
814;0.299515;9.844603;0.193442;0.001317;-0.003908;-0.031954;-0.312845;-0.687231;0.134359
815;0.270144;9.912735;0.201593;-0.104452;0.021231;-0.010829;-0.312234;-0.686287;0.131111
816;0.250644;9.800679;0.428225;-0.140307;0.016535;-0.003832;-0.312133;-0.687867;0.12804
817;0.252853;9.902557;0.485176;-0.083005;0.004911;-0.014379;-0.311267;-0.687601;0.124696
818;0.338039;10.028648;0.364447;-0.092742;-0.008894;-0.017031;-0.311886;-0.689297;0.122761
819;0.173185;9.499938;0.422504;-0.163005;-0.027562;0.02073;-0.312887;-0.690554;0.118451
820;0.41165;9.502776;0.84179;-0.060259;-0.056206;0.011135;-0.312351;-0.690554;0.116268
821;0.518396;9.900981;0.606609;0.174274;-0.15149;-0.021399;-0.310217;-0.689869;0.119874
822;0.235772;10.039124;0.237999;0.040031;-0.261739;0.008189;-0.310774;-0.688308;0.126694
823;0.534765;9.246527;-0.086033;-0.114535;-0.182455;0.067356;-0.311136;-0.688007;0.124714
824;0.318919;9.576117;0.834217;-0.235026;-0.141679;-0.073161;-0.309194;-0.688727;0.122107
825;-0.285667;11.289706;0.413744;-0.876084;-0.00986;0.013814;-0.307564;-0.692939;0.108396
826;0.30251;10.4304;1.173685;-0.839817;0.056808;0.236623;-0.314476;-0.692954;0.082657
827;0.523728;8.817065;2.239528;-0.263302;-0.053007;0.070032;-0.319038;-0.690485;0.067249
828;0.422732;8.369582;1.573296;0.192287;-0.057139;-0.031083;-0.319378;-0.693911;0.063168
829;0.417099;8.948164;1.289254;0.412709;0.02706;-0.084475;-0.318998;-0.692684;0.073041
830;0.342685;9.779443;1.119597;0.469145;0.004647;-0.057899;-0.316538;-0.691988;0.087983
831;0.293345;10.461;0.446726;0.193806;-0.038219;0.05657;-0.316508;-0.691023;0.098626
832;0.493368;10.275098;0.611945;-0.15342;-0.009947;0.105723;-0.319387;-0.689701;0.098173
833;0.586815;9.642607;0.915374;-0.205732;-0.009174;0.050868;-0.320739;-0.689857;0.092121
834;0.518881;9.424211;1.001289;-0.121704;-0.003565;-0.040915;-0.32111;-0.6906;0.087439
835;0.330891;9.59021;1.04935;-0.044562;0.00929;-0.063799;-0.319991;-0.690343;0.083978
836;0.333022;9.68216;1.216515;-0.03309;0.031429;-0.019573;-0.318371;-0.691196;0.082658
837;0.352353;9.798718;1.173208;0.00498;0.016656;-0.005412;-0.319022;-0.691438;0.082631
838;0.413451;9.76953;1.037699;-0.005643;0.01034;0.035204;-0.319097;-0.69198;0.083683
839;0.51358;9.584196;1.169604;-0.026711;0.011508;0.019293;-0.319981;-0.691123;0.08166
840;0.47196;9.686383;1.181867;0.012426;-0.001843;-0.017784;-0.3209;-0.690417;0.08146
841;0.435316;9.740009;1.175487;0.038663;-0.003883;-0.035427;-0.31992;-0.69087;0.082826
842;0.39639;9.730606;1.116371;0.034521;-0.00862;-0.00719;-0.320531;-0.690987;0.083578
843;0.386811;9.687148;1.009384;0.032559;-0.017439;0.003382;-0.319229;-0.690905;0.083645
844;0.420985;9.638335;1.044987;-0.012187;0.004133;0.008678;-0.318374;-0.691086;0.085127
845;0.45989;9.676949;1.069359;-0.012757;0.003698;-0.007207;-0.319842;-0.689817;0.084361
846;0.484379;9.633204;1.021583;-0.004735;0.022674;-0.049548;-0.319377;-0.692099;0.083282
847;0.433249;9.633572;0.964557;0.02554;0.020129;-0.088392;-0.316138;-0.692249;0.08567
848;0.352578;9.735828;1.042253;-0.022847;0.076252;-0.08393;-0.314129;-0.692716;0.08436
849;0.364838;9.657916;1.112267;-0.006855;0.071004;-0.080394;-0.312627;-0.696511;0.083251
850;0.211141;9.755862;1.09845;0.086598;0.096428;-0.114711;-0.309772;-0.69582;0.083252
851;0.221537;9.313538;1.238358;0.150636;0.119036;-0.104034;-0.307628;-0.695782;0.084536
852;0.050006;9.824308;1.288004;0.26654;0.074625;-0.103108;-0.304278;-0.69783;0.089068
853;0.13821;9.849282;0.704452;0.384424;0.088762;-0.019009;-0.303056;-0.695553;0.097654
854;0.15041;9.917517;0.551834;0.148491;0.052637;-0.038772;-0.302653;-0.694708;0.105457
855;0.12274;10.281439;0.811631;0.001392;0.068721;0.033538;-0.303138;-0.696033;0.10612
856;0.230941;9.761312;0.741625;0.075874;0.032601;0.021165;-0.304175;-0.694388;0.106147
857;0.187133;9.78605;0.62315;0.112632;0.025485;0.014119;-0.305858;-0.693411;0.108761
858;0.197018;9.76436;0.511189;0.002036;0.026385;0.013996;-0.305949;-0.692745;0.109517
859;0.17752;9.732763;0.575024;-0.073035;0.034983;0.019217;-0.30702;-0.693877;0.106371
860;0.153084;9.693734;0.726948;0.009061;0.015626;0.018377;-0.307117;-0.693612;0.107008
861;0.162842;9.735152;0.63345;0.091154;0.025402;0.017615;-0.3076;-0.691727;0.107708
862;0.216727;9.606264;0.582711;0.064581;0.02316;0.010518;-0.308909;-0.692634;0.110007
863;0.211622;9.732552;0.595108;0.049093;0.019761;0.024634;-0.309977;-0.692989;0.10944
864;0.1824;9.662051;0.708381;0.061479;0.032683;0.028192;-0.31098;-0.691618;0.110127
865;0.267632;9.695601;0.718871;0.183952;-0.019303;0.01942;-0.311754;-0.690433;0.115255
866;0.28478;9.785914;0.438782;0.277705;-0.043945;0.019494;-0.310831;-0.689074;0.123071
867;0.275262;9.791352;0.164656;0.220086;-0.039318;0.004424;-0.312409;-0.68761;0.13023
868;0.309583;9.742867;0.031522;0.114952;-0.015799;-0.001825;-0.31131;-0.687153;0.133918
869;0.216819;9.811259;0.070498;0.008284;0.009161;-0.023112;-0.312907;-0.687643;0.135669
870;0.251051;9.704062;0.156027;-0.061478;0.030559;-0.016084;-0.311756;-0.687149;0.135325
871;0.255561;9.873889;0.233838;-0.06667;0.011176;-0.024945;-0.311319;-0.685813;0.133748
872;0.245834;9.822789;0.310388;-0.072391;0.003391;-0.007312;-0.31196;-0.686434;0.13139
873;0.250792;9.771753;0.316242;-0.082762;0.010164;-0.023211;-0.312182;-0.690398;0.127071
874;0.230951;9.878359;0.497492;-0.072224;0.005826;-0.017906;-0.310742;-0.69003;0.124795
875;0.218965;9.791097;0.442584;-0.020588;-0.015353;-0.009952;-0.310222;-0.68965;0.124811
876;0.228776;9.732674;0.487767;0.014821;-0.015633;0.003332;-0.309961;-0.690061;0.124838
877;0.201885;9.820395;0.40758;0.080821;-0.02956;0.005147;-0.310778;-0.689779;0.126607
878;0.231342;9.774394;0.257211;0.038007;0.008269;0.004298;-0.309776;-0.688097;0.128433
879;0.255793;9.713497;0.287987;-0.004698;-0.004955;-0.000194;-0.311483;-0.687491;0.128064
880;0.255766;9.674429;0.396264;0.021908;-0.010022;0.006887;-0.31234;-0.687467;0.129058
881;0.275117;9.781278;0.350681;0.064838;-0.015253;0.001642;-0.312252;-0.687755;0.130763
882;0.26795;9.762132;0.223744;0.023854;-0.004708;-0.000152;-0.312212;-0.687095;0.131526
883;0.297122;9.756946;0.317202;-0.004867;-0.001153;0.006894;-0.311458;-0.68712;0.131047
884;0.270382;9.742604;0.268138;-0.012442;0.002798;-0.014311;-0.311664;-0.687523;0.132088
885;0.250755;9.805802;0.291195;-0.026778;0.007277;-0.012551;-0.31184;-0.688444;0.131195
886;0.246039;9.737914;0.245842;-0.06607;-0.001142;-0.009088;-0.311751;-0.687905;0.130404
887;0.29468;9.735005;0.366455;-0.066824;0.001338;-0.017021;-0.310661;-0.687397;0.128885
888;0.23121;9.781415;0.39403;-0.056409;-0.001848;-0.003781;-0.311759;-0.688389;0.125213
889;0.248232;9.786119;0.428442;-0.023367;-0.005265;-0.005511;-0.312194;-0.689969;0.124326
890;0.245866;9.757035;0.404458;-0.004963;-0.000146;0.010414;-0.310957;-0.689228;0.125671
891;0.248143;9.815178;0.471953;0.028987;-0.014492;0.00778;-0.310835;-0.688161;0.125516
892;0.221422;9.791127;0.420612;0.022038;-0.017468;-0.000192;-0.312143;-0.688643;0.12533
893;0.255533;9.800688;0.411181;0.072859;0.003869;-8e-05;-0.312337;-0.687979;0.126601
894;0.236221;9.771941;0.257328;0.066291;-0.002066;0.017558;-0.311682;-0.687628;0.129228
895;0.270527;9.650282;0.286865;0.029055;0.003692;0.006926;-0.312506;-0.687478;0.130871
896;0.280096;9.72785;0.337014;0.045532;-0.00853;-0.013384;-0.313124;-0.686657;0.131465
897;0.275049;9.8884;0.214318;0.02389;-0.007503;-0.002793;-0.312276;-0.686436;0.132804
898;0.267826;9.776485;0.335981;-0.019391;0.011742;0.017496;-0.31303;-0.689062;0.13076
899;0.287459;9.669415;0.394387;0.038998;-0.015507;0.000721;-0.314043;-0.686352;0.131277
900;0.275378;9.664833;0.28424;0.102883;-0.026482;-0.023076;-0.313017;-0.68628;0.133541
901;0.260623;9.818209;0.129731;0.031452;-0.007905;-0.021342;-0.313157;-0.68603;0.135868
902;0.265571;9.79153;0.09848;-0.03479;0.00182;-0.0108;-0.311372;-0.687565;0.135228
903;0.250784;9.771734;0.326024;-0.104968;0.018934;-0.028518;-0.311426;-0.687553;0.134184
904;0.279852;9.849209;0.374024;-0.04521;0.010326;-0.028452;-0.310229;-0.688918;0.132206
905;0.216531;9.874007;0.274816;-0.037015;0.01025;-0.035522;-0.309161;-0.688139;0.130288
906;0.201936;9.815632;0.358755;-0.084474;0.024579;-0.028492;-0.309707;-0.688647;0.129754
907;0.216616;9.744984;0.43357;-0.054375;0.030546;-0.017851;-0.309387;-0.689559;0.125894
908;0.143679;9.645788;0.4293;-0.030629;0.011242;0.000654;-0.309367;-0.689697;0.12629
909;0.211745;9.708446;0.502603;0.057586;-0.00067;0.005171;-0.308059;-0.689483;0.126483
910;0.255687;9.744956;0.346128;0.120274;-0.018555;-0.003609;-0.310466;-0.688865;0.127638
911;0.216787;9.755116;0.218199;0.084353;-0.016684;0.00871;-0.309262;-0.688943;0.130827
912;0.250911;9.694002;0.334715;0.050404;0.007557;0.008723;-0.310274;-0.687862;0.133864
913;0.236262;9.733026;0.287351;0.114081;-0.017728;-0.005386;-0.312118;-0.688077;0.135854
914;0.221667;9.796549;0.129517;0.095305;-0.025041;-0.001886;-0.310834;-0.686811;0.138097
915;0.260692;9.823236;0.04161;0.012223;-0.013779;0.003355;-0.309713;-0.686335;0.139704
916;0.260831;9.718713;0.089894;-0.051665;0.012503;-0.014339;-0.310782;-0.685886;0.139113
917;0.270326;9.810745;0.196034;-0.064895;-0.019644;-0.021475;-0.310366;-0.68789;0.137112
918;0.223897;9.857026;0.245879;-0.104188;0.019102;-0.023216;-0.309059;-0.686873;0.137282
919;0.228606;9.912709;0.323234;-0.088617;0.001625;-0.000265;-0.309365;-0.688944;0.131342
920;0.216886;9.69926;0.216728;-0.1134;0.00309;-0.006495;-0.31092;-0.688458;0.128903
921;0.231765;9.436452;0.446505;-0.098126;0.033916;-0.013504;-0.309244;-0.689567;0.126162
922;0.231269;9.742537;0.404489;-0.00411;0.00336;-0.030209;-0.309362;-0.691012;0.123856
923;0.197177;9.73302;0.391911;-0.008329;-0.006752;0.00155;-0.309918;-0.690314;0.123156
924;0.189619;9.839781;0.460856;-0.011727;-0.022477;-0.007311;-0.310157;-0.690576;0.123541
925;0.231225;9.71806;0.502731;0.029155;-0.031934;0.001548;-0.308548;-0.690515;0.124536
926;0.462628;9.894586;0.292861;0.107795;-0.051448;-0.002736;-0.308161;-0.689751;0.127006
927;0.109816;9.656282;0.11559;0.04523;-0.078813;0.0085;-0.307722;-0.687929;0.130489
928;0.315975;10.184504;0.202448;-0.235894;-0.069667;-0.035856;-0.307622;-0.689107;0.127406
929;0.195608;10.658414;0.341546;-0.516789;-0.014915;-0.009559;-0.308471;-0.691639;0.115986
930;0.298507;10.032528;0.970244;-0.627264;-0.048684;0.0273;-0.307222;-0.693831;0.102455
931;0.202083;9.099187;1.615943;-0.189354;-0.096628;0.039062;-0.309047;-0.694172;0.089748
932;0.149285;8.847725;1.181789;0.200231;-0.150146;0.020818;-0.309496;-0.694058;0.093624
933;0.153805;9.412528;0.462858;0.242472;-0.128928;0.049235;-0.311465;-0.694427;0.098214
934;0.319003;9.698205;0.494626;0.097699;-0.079132;0.054542;-0.311755;-0.692878;0.105178
935;0.354882;10.071965;0.525346;-0.041474;-0.059529;0.049169;-0.311907;-0.690374;0.109781
936;0.39109;10.178276;0.712342;-0.253338;-0.011867;0.063173;-0.314726;-0.69049;0.10547
937;0.408338;9.929934;0.990812;-0.353669;0.009333;0.03835;-0.316773;-0.690987;0.096008
938;0.386879;9.526391;1.251833;-0.165712;-0.009823;0.011984;-0.317193;-0.692205;0.085353
939;0.367692;9.344329;1.259602;0.047165;-0.005032;-0.012514;-0.317159;-0.691653;0.083517
940;0.309118;9.529728;0.986491;0.149069;-0.026121;-0.019501;-0.316387;-0.692132;0.088386
941;0.313756;9.794922;0.727623;0.077105;-0.011421;0.007855;-0.316898;-0.692698;0.09358
942;0.415946;9.83791;0.836022;-0.084168;0.018851;0.036907;-0.317516;-0.69105;0.091677
943;0.459758;9.771738;1.031026;-0.115825;0.014304;0.013903;-0.318419;-0.690723;0.089277
944;0.457408;9.66467;1.145343;-0.043864;-0.011265;-0.012575;-0.319211;-0.690665;0.086501
945;0.386736;9.682106;1.104841;0.027746;-0.01909;-0.023124;-0.319613;-0.691985;0.086258
946;0.364879;9.692141;0.996737;0.029255;0.006736;-0.010709;-0.317751;-0.691264;0.087117
947;0.3869;9.667842;0.94614;0.01157;0.012769;-0.017778;-0.317663;-0.691685;0.088825
948;0.379435;9.735802;0.986416;-0.008232;0.001892;-0.00987;-0.317387;-0.692903;0.089136
949;0.377017;9.716352;1.003836;0.00176;0.019914;-0.019539;-0.317922;-0.692612;0.088839
950;0.364738;9.760092;1.022452;0.012306;0.01837;-0.012464;-0.316899;-0.692223;0.086019
951;0.391544;9.742884;1.059839;0.000815;0.005408;-0.016915;-0.316325;-0.691988;0.087084
952;0.364721;9.76493;1.032149;-0.009861;-0.001057;-0.017828;-0.316405;-0.692505;0.085534
953;0.342894;9.677509;1.084693;-0.00228;-0.008609;0.004229;-0.315817;-0.692273;0.086859
954;0.340429;9.696965;1.076981;0.011205;-0.017703;-0.000188;-0.315282;-0.6931;0.087172
955;0.357549;9.692135;1.018635;0.036273;-0.017581;-0.003687;-0.3154;-0.692027;0.087395
956;0.386759;9.721164;1.001454;0.016435;-0.001154;0.005166;-0.316455;-0.691983;0.087077
957;0.379428;9.726035;1.013486;0.002553;-0.018101;-0.01255;-0.316854;-0.692391;0.08941
958;0.372159;9.711537;0.994064;0.000902;-0.00192;-0.019587;-0.316585;-0.693072;0.089574
959;0.357553;9.692144;1.013744;0.000944;-0.005602;-0.021367;-0.315825;-0.692563;0.089209
960;0.372193;9.696984;0.984537;0.015466;0.006933;-0.033684;-0.315325;-0.692579;0.088846
961;0.328218;9.755482;0.990188;0.024526;0.005024;-0.04075;-0.314469;-0.693029;0.090336
962;0.279537;9.731485;0.967859;-0.022013;0.037535;-0.035453;-0.312766;-0.694278;0.088122
963;0.318353;9.789405;1.055474;-0.040535;0.009094;-0.002839;-0.313074;-0.693722;0.087178
964;0.315979;9.760302;1.041272;-0.000174;-0.018058;-0.010801;-0.314575;-0.693941;0.088276
965;0.323479;9.638783;1.067955;-0.004886;-0.01051;0.001564;-0.313063;-0.692654;0.087407
966;0.338058;9.682496;1.030734;0.002159;-0.024865;0.00685;-0.314177;-0.693399;0.085939
967;0.308731;9.740975;1.007263;-0.009211;-0.007074;-0.005493;-0.313027;-0.693732;0.088092
968;0.352632;9.701818;1.047737;0.002456;0.009259;-0.009854;-0.313745;-0.694093;0.086763
969;0.430876;9.58253;0.992309;0.048101;0.024732;-0.058335;-0.311467;-0.695107;0.085613
970;0.313673;9.70453;1.003081;0.004247;0.050688;-0.097212;-0.311642;-0.693912;0.08726
971;0.279705;9.644091;0.949819;0.03535;0.075475;-0.134234;-0.307228;-0.694754;0.087259
972;0.133775;9.552847;0.792688;0.14193;0.108498;-0.195913;-0.303072;-0.698018;0.089789
973;0.002236;9.436635;0.949223;0.098035;0.095836;-0.144814;-0.298425;-0.700092;0.091788
974;-0.023195;9.770851;1.49324;0.145116;0.141771;-0.104903;-0.294863;-0.700242;0.092893
975;-0.052487;10.199983;0.693013;0.354197;-0.008782;-0.021028;-0.295096;-0.700044;0.100942
976;-0.017754;9.998816;0.393809;0.03494;0.057017;0.058221;-0.295088;-0.699292;0.106124
977;0.182186;9.610375;1.056526;0.042439;0.056372;0.037925;-0.297008;-0.69786;0.104159
978;0.065026;9.856812;0.769238;0.277291;0.000787;-0.0105;-0.299168;-0.696787;0.112599
979;0.07236;10.125005;0.209572;0.11096;0.039998;0.008853;-0.298002;-0.696078;0.117585
980;0.014156;9.772428;0.584084;-0.059785;0.067992;0.022792;-0.29852;-0.696301;0.115091
981;0.084875;9.569811;0.938377;0.149184;0.050481;0.054786;-0.300655;-0.694893;0.116498
982;0.026452;9.699472;0.602658;0.349166;0.008534;0.053164;-0.303314;-0.693245;0.122813
983;0.112202;9.65128;0.184185;0.359076;0.000672;0.096458;-0.306823;-0.68986;0.132805
984;0.221962;9.670427;0.043682;0.31115;-0.010918;0.086697;-0.308842;-0.687591;0.141478
985;0.297473;9.767475;-0.103587;0.234894;-0.003041;0.064578;-0.310236;-0.685743;0.149677
986;0.353354;10.000855;-0.370907;0.126675;0.013485;0.0345;-0.313068;-0.683277;0.155178
987;0.285386;9.797013;-0.275464;-0.053121;0.036919;0.01399;-0.31544;-0.682107;0.154497
988;0.392788;9.611557;-0.099429;-0.079403;0.037851;-0.008992;-0.314105;-0.683589;0.150188
989;0.258878;9.551578;-0.12976;-0.062371;0.020529;-0.053209;-0.311867;-0.68513;0.148271
990;0.231842;9.636538;-0.038723;-0.097735;0.028868;-0.070896;-0.311326;-0.684061;0.146186
991;0.121759;9.816589;0.073855;-0.163614;0.04444;-0.081552;-0.309574;-0.68599;0.144905
992;0.126229;9.847361;0.474435;-0.093114;0.013236;-0.042675;-0.308533;-0.68732;0.139925
993;0.172543;9.93979;0.280341;0.057059;-0.020325;-0.053146;-0.305728;-0.688357;0.138934
994;0.089619;10.001022;0.22911;-0.00454;-0.005128;-0.009926;-0.305953;-0.689023;0.139593
995;0.150773;9.840306;0.291524;0.05592;0.008332;-0.000113;-0.305675;-0.687834;0.139963
996;0.126805;9.692608;0.124997;0.145138;-0.025314;0.0052;-0.307208;-0.687292;0.14546
997;0.124247;9.811815;0.025067;0.13765;-0.015851;0.02112;-0.305402;-0.687251;0.147767
998;0.143903;9.782813;-0.098846;0.079402;0.007639;0.03347;-0.308359;-0.686363;0.150836
999;0.219673;9.629323;-0.043672;0.058889;0.003811;0.034327;-0.308808;-0.684753;0.152196
1000;0.248886;9.697367;-0.14223;0.061112;-0.023934;0.015741;-0.309248;-0.684884;0.153737
1001;0.236684;9.694953;-0.117919;0.015188;-0.015819;-0.007261;-0.309108;-0.683846;0.156447
1002;0.221721;9.899065;-0.136371;-0.006157;-0.010665;-0.012559;-0.309113;-0.684647;0.15634
1003;0.163466;9.773108;-0.154625;-0.038241;-0.012734;-0.012627;-0.309481;-0.685148;0.154253
1004;0.241449;9.748322;-0.099212;-0.032729;0.001599;-0.021405;-0.308713;-0.685309;0.154039
1005;0.17057;9.826246;-0.02339;-0.043434;0.0033;-0.023193;-0.308714;-0.68464;0.154019
1006;0.177954;9.819056;-0.091624;-0.046673;0.005809;0.004189;-0.308198;-0.684769;0.151448
1007;0.219577;9.694936;-0.064379;-0.11119;0.023589;-0.024994;-0.309077;-0.686188;0.149491
1008;0.189959;9.801529;0.148513;-0.050865;0.003525;-0.010835;-0.308856;-0.686031;0.146246
1009;0.18257;9.88916;0.063732;-0.012439;-0.00166;-0.013444;-0.308814;-0.686843;0.147052
1010;0.182704;9.762684;0.161307;-0.02219;-0.003648;-0.016122;-0.308524;-0.687237;0.145128
1011;0.219365;9.740787;0.086435;0.025868;-0.01034;-0.009007;-0.307691;-0.68621;0.146183
1012;0.189928;9.811211;0.165462;0.038135;-0.03361;0.001556;-0.309225;-0.686689;0.146636
1013;0.15368;9.734067;-0.034269;0.068342;-0.007663;0.008694;-0.309318;-0.684819;0.147356
1014;0.173279;9.656179;0.004065;0.072785;0.010551;0.008734;-0.308169;-0.684618;0.149493
1015;0.23654;9.736079;-0.035493;0.108845;0.055049;0.030088;-0.31037;-0.684691;0.152111
1016;0.199812;9.860223;-0.087119;0.091946;0.034874;0.028263;-0.311658;-0.682526;0.154841
1017;0.334236;9.684856;-0.174955;0.058998;0.019115;0.029097;-0.313421;-0.681932;0.1559
1018;0.319496;9.757811;-0.186229;0.015335;-0.012382;-0.01429;-0.313016;-0.682219;0.156191
1019;0.216977;9.894503;-0.275752;-0.061462;0.007083;-0.012586;-0.313452;-0.683263;0.155287
1020;0.282891;9.714005;-0.044188;-0.119313;0.030862;-0.021437;-0.31196;-0.682105;0.154032
1021;0.226653;9.757765;0.078914;-0.029146;0.014252;-0.024913;-0.311811;-0.683695;0.151875
1022;0.163223;9.845708;-0.021395;-0.009853;0.015777;-0.008998;-0.310041;-0.684291;0.150945
1023;0.21203;9.821226;-0.047128;-0.070824;0.003836;0.006816;-0.312128;-0.684852;0.148249
1024;0.236495;9.675031;0.136748;0.004633;-0.001667;-0.017847;-0.312964;-0.68414;0.147142
1025;0.221744;9.811348;0.011881;0.027886;-0.003332;-0.020463;-0.311164;-0.684231;0.149323
1026;0.163383;9.792429;-0.098718;-0.00637;-0.00856;-0.001983;-0.309827;-0.684826;0.150062
1027;0.212053;9.733509;0.101124;-0.006331;-0.005971;-0.005505;-0.31056;-0.684514;0.148452
1028;0.207126;9.811432;0.006767;0.056165;-0.022732;-0.006344;-0.311649;-0.684887;0.149967
1029;0.153798;9.734327;-0.168769;0.018204;-0.017796;0.019215;-0.31157;-0.684237;0.151513
1030;0.285412;9.660542;-0.033437;-0.002802;0.02775;-0.003651;-0.311832;-0.683022;0.151463
1031;0.221778;9.806547;-0.01738;0.025814;-0.018419;-0.005483;-0.311125;-0.684264;0.152578
1032;0.289977;9.874374;-0.105561;0.007857;0.014256;-0.001877;-0.313391;-0.682584;0.15397
1033;0.270542;9.820976;-0.070691;0.000721;-0.010317;-0.00018;-0.313156;-0.682989;0.153474
1034;0.270513;9.850168;-0.095654;-0.03841;-0.005344;-0.006394;-0.31221;-0.682875;0.151699
1035;0.231201;10.05689;-0.143865;-0.115057;-0.016083;-0.01091;-0.31176;-0.684352;0.150335
1036;0.112127;9.765698;0.042804;-0.231163;-0.017777;-0.004044;-0.312003;-0.684564;0.145645
1037;0.310305;9.130095;0.426128;-0.090375;0.016213;0.004125;-0.313315;-0.687405;0.140324
1038;0.324526;9.402184;0.343355;0.178946;-0.029743;-0.03184;-0.313206;-0.684754;0.142464
1039;0.217217;9.699995;-0.162319;0.256276;-0.080503;-0.054814;-0.311552;-0.685688;0.149345
1040;0.295068;9.913839;-0.431411;0.115914;-0.055856;-0.041632;-0.309802;-0.682338;0.155585
1041;0.309631;9.928261;-0.392315;-0.055954;-0.061532;-0.099242;-0.307726;-0.685898;0.15554
1042;0.579844;10.243146;-0.667585;-0.147707;-0.092677;-0.146113;-0.302143;-0.685849;0.155575
1043;0.057239;9.502831;-0.765331;-0.725714;0.003162;-0.234227;-0.296087;-0.691733;0.144621
1044;-0.525016;11.275153;1.026613;-1.189338;-0.112434;-0.19261;-0.290137;-0.698783;0.116522
1045;-0.288169;11.206683;0.652356;-1.416524;0.182165;0.159301;-0.291498;-0.702257;0.080121
1046;0.367392;8.741479;2.800919;-0.783625;-0.00969;0.15602;-0.297211;-0.702227;0.044947
1047;-0.030018;7.407663;2.854789;0.074012;-0.216025;-0.085648;-0.298362;-0.703474;0.040238
1048;-0.177244;8.72758;1.369673;0.485866;-0.21888;-0.025023;-0.29847;-0.703389;0.045694
1049;-0.085545;9.446733;0.979507;0.32719;-0.114505;0.086388;-0.29799;-0.702477;0.060005
1050;0.044469;10.276329;1.145555;0.182409;-0.081741;0.171188;-0.299519;-0.700404;0.073134
1051;0.219412;10.581451;1.142897;-0.002458;-0.066655;0.218776;-0.306222;-0.697098;0.076583
1052;0.497968;10.181821;1.110058;-0.148731;-0.053396;0.22044;-0.31198;-0.694991;0.075694
1053;0.621274;9.306745;1.195628;-0.137239;-0.046352;0.105602;-0.319234;-0.691669;0.065972
1054;0.470422;9.049636;1.422794;-0.025213;-0.010266;-0.047937;-0.319565;-0.693382;0.064574
1055;0.26744;9.548894;1.230067;0.145164;-0.000598;-0.050377;-0.316938;-0.693673;0.070187
1056;0.240177;9.908844;1.032647;0.116412;0.003243;-3.1e-05;-0.317038;-0.693164;0.073289
1057;0.362067;9.915615;0.980578;-0.059712;-0.000335;0.060733;-0.317258;-0.692895;0.07405
1058;0.469401;9.817777;1.059716;-0.182079;-0.001236;0.067676;-0.318516;-0.692537;0.069809
1059;0.498771;9.559477;1.431469;-0.193098;-0.023222;-0.002174;-0.320045;-0.693371;0.065329
