time index;acc_x;acc_y;acc_z;gyr_x;gyr_y;gyr_z;mag_x;mag_y;mag_z
1;0.415655;9.266506;3.120473;-0.017026;-0.021913;0.029574;0.289936;-0.447538;-0.350887
2;0.396086;9.271323;3.127667;0.004648;-0.009675;0.017899;0.289496;-0.448052;-0.351704
3;0.457441;9.246957;3.14981;0.008291;-0.004393;0.015236;0.289082;-0.446852;-0.35175
4;0.381377;9.247185;3.105589;-0.023204;-0.025555;0.017148;0.288457;-0.446809;-0.353391
5;0.444988;9.268975;3.110941;-0.01121;-0.012563;-0.013101;0.288631;-0.446494;-0.354991
6;0.435378;9.300164;3.179087;-0.001547;-0.007084;0.009973;0.288499;-0.446564;-0.352591
7;0.440267;9.232506;3.130192;-0.002287;0.002581;0.002906;0.288545;-0.445323;-0.353949
8;0.440407;9.244414;3.174002;0.001241;-0.00095;0.00464;0.288037;-0.445074;-0.353447
9;0.440408;9.229913;3.164212;-0.005801;0.008736;-0.000588;0.287185;-0.443857;-0.354187
10;0.440413;9.241989;3.173991;-0.000417;-0.001971;-0.011358;0.288259;-0.447706;-0.354721
11;0.420822;9.275833;3.195903;-0.007756;-0.005362;0.004693;0.28753;-0.444889;-0.355351
12;0.420811;9.213014;3.14943;-0.002183;0.004247;-0.007761;0.287881;-0.444399;-0.353736
13;0.455084;9.273427;3.191241;0.005716;-0.005411;0.00014;0.287841;-0.445441;-0.354655
14;0.430737;9.227345;3.193311;-0.009435;-0.006353;-0.007753;0.286638;-0.444784;-0.354602
15;0.445385;9.217728;3.176342;0.006713;-0.002834;-0.007867;0.286692;-0.445672;-0.356185
16;0.474687;9.241984;3.174201;0.012219;0.022843;-0.002432;0.286273;-0.442609;-0.356
17;0.430668;9.249182;3.19098;0.015636;0.005182;0.000997;0.287391;-0.444355;-0.355369
18;0.430604;9.251678;3.176406;0.021976;0.014897;0.000996;0.287901;-0.444871;-0.355865
19;0.435419;9.271113;3.169232;0.028188;0.000706;-0.004462;0.286826;-0.444343;-0.355936
20;0.440264;9.276011;3.15956;0.022827;0.004267;-0.00262;0.287466;-0.445856;-0.354267
21;0.464849;9.251709;3.169324;0.034457;0.006935;0.000856;0.287804;-0.44682;-0.35316
22;0.432956;9.251799;3.152112;0.024481;0.006185;0.015156;0.288098;-0.44663;-0.355018
23;0.430582;9.242039;3.164207;0.046192;0.011269;-0.006338;0.287681;-0.447092;-0.353028
24;0.459849;9.23009;3.12787;0.03154;-0.009723;0.015014;0.287748;-0.44719;-0.354225
25;0.413298;9.24706;3.130093;0.053178;0.005215;0.009575;0.287421;-0.447761;-0.35303
26;0.435205;9.276215;3.118206;0.045245;-0.001122;-0.009949;0.286674;-0.44806;-0.352131
27;0.430175;9.307799;3.106165;0.031662;-0.008962;0.000795;0.287371;-0.448602;-0.35168
28;0.449831;9.295624;3.115954;0.037211;0.011328;-0.002697;0.286261;-0.448322;-0.352417
29;0.45961;9.276307;3.09891;0.031811;0.004254;-0.004471;0.28621;-0.449693;-0.351191
30;0.439902;9.247464;3.04761;0.017272;-0.025757;-0.002741;0.287949;-0.448489;-0.350848
31;0.528159;9.300462;3.116457;0.031716;-0.008105;-0.004521;0.285026;-0.450108;-0.350983
32;0.41508;9.359061;3.038244;0.05597;0.004243;-0.002888;0.287381;-0.450138;-0.349378
33;0.474043;9.32496;3.06762;0.044256;0.002559;0.004318;0.28672;-0.450145;-0.349282
34;0.38114;9.295815;3.079071;0.053223;-0.006393;-0.004714;0.285915;-0.451812;-0.347291
35;0.459358;9.266956;3.028371;0.053096;-0.011563;0.007715;0.286979;-0.453397;-0.347601
36;0.47396;9.242897;2.989458;0.058574;-0.000972;0.005946;0.286908;-0.453032;-0.346409
37;0.483617;9.296231;2.992191;0.036989;-0.009752;0.008754;0.287366;-0.453457;-0.34544
38;0.444045;9.303992;2.894751;0.046028;-0.000918;0.008718;0.286242;-0.452505;-0.346324
39;0.468726;9.310987;2.950843;0.027757;-0.029031;0.02562;0.286103;-0.454698;-0.344418
40;0.483211;9.34749;2.92436;0.021012;-0.004507;-0.001752;0.283578;-0.456048;-0.344536
41;0.500182;9.35253;2.885593;0.026215;0.005466;0.026715;0.284551;-0.454734;-0.34357
42;0.47347;9.311179;2.91198;0.01055;0.032615;-0.002364;0.284977;-0.456339;-0.343382
43;0.463566;9.345153;2.907212;0.00399;-0.005361;-0.000731;0.284637;-0.455107;-0.344494
44;0.441558;9.349958;2.916823;0.019401;-0.010032;-0.026672;0.285265;-0.454089;-0.342606
45;0.461231;9.282178;2.892326;0.020155;-0.002749;-0.002638;0.285468;-0.456446;-0.344154
46;0.458648;9.374181;2.9219;0.015606;-0.005363;0.000956;0.285251;-0.458333;-0.343595
47;0.478316;9.301575;2.892519;0.006664;-0.009788;-0.00167;0.285076;-0.456586;-0.34404
48;0.483117;9.364525;2.912283;-0.002307;-0.027574;-0.015908;0.284425;-0.455403;-0.343565
49;0.478329;9.296724;2.892497;0.015669;-0.002731;-0.001707;0.28454;-0.456455;-0.344073
50;0.468376;9.306594;2.858449;-0.022057;-0.01946;-0.000598;0.283222;-0.456738;-0.343875
51;0.488285;9.282018;2.924092;-0.002046;0.019344;-0.005889;0.284542;-0.455261;-0.343828
52;0.510197;9.330501;2.926878;0.006547;0.007231;0.024218;0.28318;-0.456318;-0.344553
53;0.458958;9.252959;2.916487;0.00309;0.016012;0.018939;0.28301;-0.457033;-0.342945
54;0.490388;9.296951;2.846386;-0.00139;0.009823;0.015395;0.282309;-0.45609;-0.343404
55;0.487953;9.292102;2.846349;0.020902;-0.009697;0.009772;0.283576;-0.456579;-0.34466
56;0.549584;9.327805;2.980586;0.008608;0.009615;-0.006011;0.283779;-0.458074;-0.343684
57;0.453582;9.422728;2.912367;0.024797;0.011296;-0.013253;0.284165;-0.456736;-0.343688
58;0.424531;9.330489;2.931214;0.008452;0.006201;0.009957;0.285398;-0.456745;-0.343083
59;0.46393;9.252862;2.935963;-0.00421;-0.002539;0.018902;0.283202;-0.456993;-0.344272
60;0.497785;9.316216;2.873259;-0.006004;-0.016748;0.008183;0.283144;-0.457096;-0.345342
61;0.473361;9.347565;2.909714;0.001338;0.016862;0.013639;0.282034;-0.45469;-0.345719
62;0.490873;9.286674;2.963022;0.004834;0.00091;0.009963;0.283407;-0.45603;-0.345214
63;0.497903;9.388568;2.953807;-0.013075;-0.002631;0.005662;0.281653;-0.457891;-0.345946
64;0.483372;9.369039;2.980368;-0.029212;-0.006161;0.004882;0.282143;-0.455872;-0.346358
65;0.478416;9.328032;2.936395;-0.011393;-0.007855;0.015389;0.281112;-0.453968;-0.347789
66;0.527457;9.306176;2.941458;-0.013205;-0.011379;0.01539;0.280451;-0.455968;-0.348056
67;0.529886;9.3062;2.936612;-0.02112;0.006292;0.013771;0.280959;-0.454225;-0.348194
68;0.508061;9.257609;2.955702;-0.00395;0.000762;-0.00864;0.280807;-0.453951;-0.348475
69;0.483607;9.310744;2.99955;-0.002322;-0.011568;-0.00249;0.282099;-0.45392;-0.349205
70;0.537604;9.259813;2.999649;-0.013877;0.004402;0.002138;0.281019;-0.454983;-0.349647
71;0.505524;9.325387;2.980305;0.008441;-0.00269;0.002809;0.280958;-0.454155;-0.350602
72;0.534932;9.349511;3.004904;0.024675;0.009626;-0.001696;0.280856;-0.45364;-0.349949
73;0.508186;9.320284;3.031345;0.027285;-0.011677;-0.010731;0.280321;-0.454308;-0.3501
74;0.537621;9.281542;3.019195;0.0319;0.005106;-0.01157;0.280786;-0.454073;-0.348875
75;0.471389;9.3373;3.023905;0.044274;-0.013465;-0.009995;0.281202;-0.455406;-0.348826
76;0.454065;9.364121;2.994751;0.073129;0.005879;-0.017243;0.281268;-0.455972;-0.347742
77;0.559032;9.412819;2.951862;0.078535;0.006766;-0.019928;0.280482;-0.456117;-0.347517
78;0.553526;9.577918;2.911258;0.14903;-0.020686;-0.017966;0.282503;-0.457512;-0.34497
79;0.698189;9.456782;2.884854;0.163215;-0.024955;-0.002095;0.281595;-0.459992;-0.342568
80;0.633709;9.568998;2.751275;0.194373;-0.070185;-0.017707;0.280711;-0.461953;-0.33964
81;0.713335;9.168625;2.800982;0.228616;-0.011663;0.011623;0.280312;-0.46608;-0.335575
82;0.640634;8.817289;2.745453;0.158953;0.050606;0.05159;0.280368;-0.468437;-0.332586
83;0.571892;9.001208;2.823658;0.067164;0.057348;0.002605;0.279734;-0.468793;-0.329675
84;0.506877;9.454844;2.791299;0.092196;0.027039;-0.026163;0.282338;-0.469344;-0.328447
85;0.701486;9.511955;2.515639;0.042254;-0.008539;-0.070371;0.283423;-0.470744;-0.325953
86;0.499821;9.730637;2.432752;0.086562;-0.009963;-0.124098;0.285888;-0.467971;-0.324262
87;0.411212;9.586248;2.210343;0.05953;0.005463;-0.082931;0.286664;-0.468288;-0.322341
88;0.371001;9.635894;1.979394;0.03225;-0.031383;-0.059789;0.28805;-0.46744;-0.323615
89;0.249818;9.525627;2.213938;-0.055885;-0.073712;-0.053981;0.287423;-0.465738;-0.322614
90;0.260483;9.618779;2.501267;-0.161915;-0.09824;-0.039877;0.289081;-0.464688;-0.326149
91;0.388108;9.707772;2.645876;-0.242028;-0.103085;-8.1e-05;0.286906;-0.461354;-0.331147
92;0.329522;9.589153;2.606081;-0.292285;-0.118017;0.004672;0.285559;-0.457163;-0.337853
93;0.325847;9.476456;2.838904;-0.237983;-0.119641;0.034439;0.283516;-0.454422;-0.345372
94;0.345464;9.316914;2.736201;-0.256999;-0.105991;-0.02582;0.283939;-0.45044;-0.349033
95;0.353935;9.267164;2.988832;-0.245771;-0.054963;-0.045202;0.28275;-0.446457;-0.357731
96;0.276566;9.091959;3.11396;-0.191708;-0.048309;-0.079435;0.282778;-0.442214;-0.361285
97;0.210263;9.02939;3.018465;-0.17661;-0.092675;0.003767;0.283639;-0.440305;-0.36702
98;0.492745;8.979828;3.226593;-0.130047;-0.074954;0.013302;0.283258;-0.438787;-0.368808
99;0.432333;8.976427;3.425535;-0.123838;-0.050078;0.03472;0.282196;-0.436134;-0.373062
100;0.465432;9.226811;3.300478;-0.13323;-0.023787;0.002964;0.278828;-0.435006;-0.375948
101;0.563915;9.197097;3.422489;-0.128734;-0.025616;-0.003293;0.279294;-0.432242;-0.379048
102;0.55202;9.104832;3.446303;-0.058179;-0.034437;0.010291;0.279741;-0.430998;-0.380383
103;0.465581;9.200042;3.319804;-0.030835;-0.064304;0.033912;0.279083;-0.430672;-0.382565
104;0.287446;9.172759;3.44742;-0.028015;-0.046734;0.029508;0.277429;-0.42946;-0.383351
105;0.476289;8.918559;3.357477;0.01017;-0.036573;-0.020557;0.275736;-0.429423;-0.385051
106;0.402377;9.182572;3.421431;0.010022;0.001775;0.02058;0.274473;-0.429399;-0.386193
107;0.554276;9.150989;3.429512;0.042275;0.007979;0.023923;0.274822;-0.431432;-0.385065
108;0.481453;9.002805;3.484297;0.047453;0.009922;0.048758;0.274082;-0.431601;-0.384034
109;0.658158;9.016726;3.606987;0.047207;-0.032565;0.038785;0.273397;-0.432791;-0.384585
110;0.717834;9.120476;3.24294;-0.016706;0.000962;0.01624;0.272451;-0.433506;-0.383436
111;0.715941;9.197112;3.437745;0.00247;0.043196;0.001206;0.272217;-0.43379;-0.382909
112;0.450848;9.217357;3.273345;-0.056948;-0.004461;0.003177;0.272132;-0.432817;-0.384269
113;0.583238;9.277514;3.364373;-0.052475;0.007985;0.010352;0.27366;-0.432105;-0.385398
114;0.539809;9.119638;3.416863;-0.058879;-0.023927;0.001315;0.271686;-0.429406;-0.386898
115;0.57922;9.104831;3.468085;-0.050598;-0.00459;-0.009315;0.272415;-0.42963;-0.388188
116;0.55285;9.094124;3.650449;-0.019964;0.012881;-0.026224;0.272982;-0.429592;-0.38908
117;0.572516;8.997353;3.603942;-0.011239;0.004232;-0.004124;0.273657;-0.427467;-0.388548
118;0.574535;9.060724;3.538611;0.016701;0.032514;-0.001529;0.272756;-0.427952;-0.390461
119;0.56057;9.025985;3.698802;0.043291;0.01132;0.007918;0.273202;-0.427972;-0.389633
120;0.564464;9.036909;3.45093;0.03736;0.021776;-0.015102;0.273479;-0.429507;-0.387316
121;0.579059;9.085357;3.460965;0.032063;0.035943;-0.013194;0.273566;-0.42995;-0.385833
122;0.593683;9.177611;3.461214;0.009597;-0.004879;-0.034698;0.273962;-0.428466;-0.386519
123;0.567908;9.232405;3.169606;0.045075;0.032007;-0.061474;0.275491;-0.428489;-0.385363
124;0.412961;9.324501;3.674689;-0.01841;0.004162;-0.007744;0.276913;-0.42819;-0.38609
125;0.312179;9.165531;3.459431;-0.035883;-0.036215;0.020595;0.274415;-0.427891;-0.387841
126;0.528256;9.055944;3.547766;-0.007242;-0.037995;0.02037;0.274714;-0.429366;-0.387529
127;0.579376;9.022469;3.450694;-0.000881;-0.005109;0.040056;0.273492;-0.429628;-0.387994
128;0.603405;9.107273;3.441767;0.042475;0.026481;0.016909;0.273598;-0.429498;-0.387577
129;0.437393;9.07772;3.537847;-0.000704;0.023105;0.035003;0.274264;-0.430625;-0.385379
130;0.715465;9.178034;3.350406;0.02614;0.002748;0.024055;0.273316;-0.428828;-0.387739
131;0.603232;9.237989;3.488549;0.029868;0.016746;0.013424;0.273215;-0.431104;-0.387568
132;0.59337;9.189745;3.437221;0.006161;0.018115;-0.036179;0.273383;-0.430191;-0.386774
133;0.537199;9.160583;3.451328;-0.050696;0.009725;0.008692;0.274459;-0.430189;-0.386579
134;0.637817;9.201685;3.495626;-0.070184;-0.015364;-0.033196;0.273311;-0.427347;-0.388448
135;0.510995;9.249434;3.650639;-0.066084;-0.018653;0.001423;0.272563;-0.427576;-0.389956
136;0.393286;9.01287;3.434923;-0.054646;-0.048643;0.010003;0.273038;-0.42555;-0.390636
137;0.590546;9.035238;3.810583;-0.065534;-0.064618;0.002938;0.272246;-0.425091;-0.392828
138;0.552579;8.88214;3.386687;-0.034344;0.013104;-0.004058;0.271901;-0.424123;-0.394069
139;0.805376;9.118132;3.715047;-0.047617;0.036005;-0.016193;0.273684;-0.422872;-0.395328
140;0.531265;8.98274;3.639822;-0.032039;0.090791;-0.008091;0.273933;-0.422596;-0.395586
141;0.394315;9.069577;3.736611;0.006941;0.048347;-0.000641;0.274672;-0.422294;-0.396619
142;0.533994;8.977553;3.707878;0.022477;0.031161;0.054277;0.275565;-0.422469;-0.394961
143;0.615008;8.880593;3.698209;0.048035;0.096539;0.054414;0.274337;-0.421469;-0.392912
144;0.580627;9.095814;3.820523;0.008668;0.114283;0.058418;0.275476;-0.423093;-0.391881
145;0.486739;9.060657;3.576703;0.059777;0.059037;0.011438;0.275511;-0.424971;-0.391576
146;0.475834;9.25297;3.426803;0.10814;0.111506;-0.049125;0.277704;-0.425189;-0.388107
147;0.407978;9.293195;3.63076;0.061194;0.085149;-0.032872;0.280606;-0.427215;-0.386568
148;0.329531;9.269175;3.586414;0.124006;0.001267;-0.014291;0.28168;-0.426218;-0.383853
149;0.456742;9.187104;3.506603;0.096509;0.032271;-0.013894;0.281;-0.428543;-0.38211
150;0.270552;9.196965;3.478766;0.146784;0.072977;0.003665;0.282897;-0.430209;-0.379432
151;0.447644;8.927653;3.502931;0.108314;0.101543;0.029021;0.284167;-0.433627;-0.376355
152;0.423069;8.814191;3.400167;0.096094;0.066586;0.071594;0.283746;-0.435149;-0.374613
153;0.496377;9.089849;3.557449;0.163588;0.044718;0.106545;0.283509;-0.43922;-0.372411
154;0.798633;8.835286;3.047667;0.121218;0.037362;0.051721;0.281655;-0.442097;-0.370323
155;0.67662;8.93631;3.217537;0.120051;0.037523;0.07574;0.281633;-0.444148;-0.368681
156;0.37333;9.269504;3.518621;0.136585;-0.01121;0.074464;0.279807;-0.445446;-0.36582
157;0.797366;9.474871;3.169691;0.089412;0.011935;-0.033421;0.279548;-0.447513;-0.363658
158;0.694821;9.165208;3.024228;0.064408;0.025324;-0.01987;0.278562;-0.447561;-0.362243
159;0.149098;9.073195;3.010736;0.026713;0.046709;0.00891;0.279142;-0.448379;-0.361526
160;0.61755;8.883548;3.100254;-0.063177;0.011679;0.023739;0.279118;-0.449498;-0.359769
161;0.909763;9.284211;2.982336;-0.093283;0.032822;-0.000698;0.278984;-0.446837;-0.364103
162;0.781663;9.915977;3.217795;0.048984;-0.020873;0.047717;0.278354;-0.446196;-0.363349
163;0.80333;9.647529;3.56188;0.110428;0.005967;0.00109;0.277577;-0.447807;-0.363229
164;0.555039;9.053707;3.509027;0.066604;0.088776;-0.025799;0.278026;-0.448031;-0.359992
165;0.271625;8.547956;3.300788;-0.01;0.107248;-0.040308;0.281086;-0.448874;-0.357798
166;0.30741;8.657876;3.138644;-0.031702;0.090645;-0.026863;0.283526;-0.447284;-0.356755
167;0.556759;9.359775;2.912452;-0.013062;0.047251;0.051135;0.282949;-0.447531;-0.357585
168;0.507234;9.693986;3.001184;0.041588;-0.025032;0.080575;0.282945;-0.446467;-0.357472
169;0.565962;9.872843;3.119041;0.166605;-0.096129;0.052528;0.280159;-0.449617;-0.355431
170;0.577008;9.431437;3.131678;0.179891;-0.0657;5.7e-05;0.275664;-0.451924;-0.355241
171;0.597524;9.053269;3.105768;0.072923;-0.017019;-0.005079;0.275781;-0.453047;-0.353343
172;0.638946;9.034176;3.042733;0.024629;-0.019641;-0.010917;0.277588;-0.454003;-0.352153
173;0.706519;9.330219;3.000746;-0.019594;-0.051271;-0.000888;0.275708;-0.45454;-0.352517
174;0.678976;9.500159;2.96246;-0.015388;-0.064367;0.01681;0.275625;-0.455825;-0.354234
175;0.704109;9.407505;3.064285;0.03224;-0.043269;0.012967;0.273415;-0.453941;-0.35533
176;0.626036;9.298432;3.056015;0.049714;-0.016167;-0.015515;0.272738;-0.454471;-0.355626
177;0.567709;9.133573;3.050043;0.060645;0.00589;-0.01552;0.27445;-0.454253;-0.353529
178;0.567949;9.087355;3.079003;0.070484;0.002319;-0.017405;0.273486;-0.45564;-0.351953
179;0.582031;9.208946;3.009151;0.064148;0.019328;0.004097;0.275356;-0.45563;-0.351848
180;0.581427;9.340203;2.946545;0.105284;0.022005;0.010903;0.274545;-0.458089;-0.35011
181;0.601;9.337799;2.941793;0.040548;-0.000773;0.023766;0.275249;-0.458635;-0.349525
182;0.686151;9.432705;2.872255;0.074561;-0.00255;0.023501;0.273251;-0.459915;-0.347342
183;0.649415;9.398894;2.845136;0.092581;0.011561;0.023416;0.272528;-0.460225;-0.346041
184;0.67873;9.394136;2.825847;0.059638;0.025677;0.014874;0.272605;-0.461194;-0.344815
185;0.585841;9.430223;2.886213;0.032024;0.005049;-0.020584;0.274217;-0.463978;-0.345072
186;0.590506;9.49093;2.869503;0.030275;-0.00122;-0.031264;0.27397;-0.461732;-0.344327
187;0.560635;9.588219;2.811424;0.047901;-0.049911;-0.039664;0.274253;-0.461872;-0.344041
188;0.737009;9.443058;2.738919;0.042764;-0.022457;-0.038581;0.274826;-0.464014;-0.3437
189;0.692536;9.578907;2.729543;0.005608;-0.046904;-0.009939;0.274033;-0.463492;-0.343488
190;0.703373;9.447096;2.904027;-0.033275;-0.071447;0.011579;0.274644;-0.460999;-0.34644
191;0.621004;9.197104;2.950996;-0.060074;-0.047452;0.027886;0.273566;-0.462859;-0.347001
192;0.655711;9.097473;2.992078;-0.012645;-0.032358;0.043574;0.272297;-0.462965;-0.348273
193;0.812362;8.788155;2.770421;-0.122825;-0.026654;0.067605;0.271441;-0.461347;-0.349021
194;0.718694;9.122469;2.839437;-0.068736;0.004861;0.042465;0.270615;-0.46127;-0.351875
195;0.774195;9.423136;2.843581;0.000444;-0.002613;0.002782;0.269223;-0.460186;-0.352777
196;0.733173;9.347478;2.942648;-0.001301;-0.00982;-0.009705;0.270263;-0.460962;-0.353371
197;0.673403;9.433344;2.743345;0.013838;-0.078235;-0.052879;0.269805;-0.459873;-0.354219
198;0.712516;9.43341;2.729001;-0.066768;-0.059394;-0.033435;0.268838;-0.458268;-0.354572
199;0.806864;9.298824;2.972048;-0.114004;-0.126363;-0.014727;0.269861;-0.455513;-0.357239
200;0.660091;9.284202;2.990527;-0.128943;-0.200538;-0.006132;0.266621;-0.45325;-0.36241
201;0.557547;9.245203;3.033475;-0.234544;-0.216507;-0.02493;0.263614;-0.449108;-0.367871
202;0.454304;9.168415;2.872056;-0.213904;-0.097265;-0.028942;0.263426;-0.446286;-0.373147
203;0.951409;9.000766;3.416415;-0.177298;-0.070602;-0.108172;0.263374;-0.441605;-0.37805
204;0.562989;9.430598;3.301746;-0.16429;-0.023121;-0.129369;0.265079;-0.437456;-0.382576
205;0.725824;9.269497;3.511061;-0.16905;-0.002395;-0.184341;0.266336;-0.431628;-0.385288
206;0.495407;9.289232;3.448967;-0.175652;0.052205;-0.202704;0.270955;-0.427784;-0.387772
207;0.435021;9.160133;3.567117;-0.134773;-0.008119;-0.218503;0.275483;-0.423033;-0.389343
208;0.250537;9.144341;3.332553;-0.238832;0.074163;-0.121212;0.277654;-0.41865;-0.392644
209;0.354546;8.910837;3.473113;-0.168364;0.011134;-0.040335;0.279567;-0.413077;-0.395582
210;-0.014762;9.016774;3.636627;-0.133953;0.014986;0.012716;0.282277;-0.41188;-0.399326
211;0.090596;9.156814;3.757024;-0.094982;-0.062113;0.093831;0.279112;-0.409592;-0.400752
212;0.164486;9.115158;3.842366;-0.057808;0.002335;0.092097;0.276462;-0.407557;-0.402544
213;0.29723;9.097538;3.969503;0.014573;-0.01188;0.093226;0.27529;-0.410369;-0.402557
214;0.554516;9.075459;4.014736;0.090422;0.00167;0.132725;0.273628;-0.411144;-0.403839
215;0.72361;8.835967;3.893138;0.177433;-0.009172;0.113266;0.269885;-0.417078;-0.402736
216;0.750609;8.76821;3.863824;0.161932;0.019632;0.069081;0.269534;-0.420166;-0.397619
217;0.673568;8.69233;3.517827;0.121582;0.055478;0.014441;0.269423;-0.422904;-0.395301
218;0.795511;8.982891;3.602551;0.143414;0.054177;-0.033699;0.2711;-0.424128;-0.394114
219;0.37849;9.042006;3.427673;0.103971;0.074716;-0.008429;0.271552;-0.426081;-0.391111
220;0.538884;9.355214;3.345009;0.065452;0.053463;-0.02683;0.27218;-0.425063;-0.389224
221;0.347908;9.415687;3.380576;0.108719;0.025461;0.016215;0.273893;-0.42697;-0.387487
222;0.394417;9.217522;3.241399;0.052734;-0.021964;0.039517;0.272331;-0.428663;-0.384737
223;0.580369;9.386791;3.333253;0.07242;-0.030002;0.028698;0.271848;-0.429888;-0.384073
224;0.617131;9.403652;3.355433;-0.036519;-0.009679;0.011928;0.271589;-0.429363;-0.383831
225;0.61293;9.168365;3.368918;-0.085767;-0.01315;0.01406;0.269833;-0.430356;-0.386851
226;0.653088;9.029371;3.524102;-0.083214;-0.039763;0.005885;0.268523;-0.428714;-0.38856
227;0.69712;9.024574;3.512197;-0.072044;-0.008145;-0.016263;0.271601;-0.427169;-0.39042
228;0.604665;9.055284;3.679497;0.003327;0.014638;-0.022103;0.270964;-0.42586;-0.389679
229;0.524968;9.105331;3.36809;0.028295;0.008581;-0.008128;0.270715;-0.424872;-0.391583
230;0.404135;9.052626;3.731733;0.074788;0.03066;0.007596;0.272206;-0.426803;-0.389056
231;0.330256;9.0266;3.602326;0.025676;-0.021876;0.055719;0.27166;-0.427066;-0.389349
232;0.574368;9.063692;3.450851;0.014143;-0.021849;0.04785;0.269247;-0.428403;-0.389861
233;0.613685;9.065919;3.489996;0.080071;0.009531;0.007468;0.269525;-0.428673;-0.389707
234;0.720371;9.284696;3.379832;0.070897;-0.026681;0.00206;0.267671;-0.430887;-0.387498
235;0.725677;9.274515;3.477051;0.069045;-0.031106;0.002943;0.267068;-0.431322;-0.386455
236;0.637469;9.090957;3.329822;0.003468;0.025328;-0.020268;0.266508;-0.43171;-0.387014
237;0.54498;9.194209;3.538777;-0.058373;0.044044;-0.005426;0.267747;-0.429597;-0.385915
238;0.591016;9.032887;3.304963;-0.088321;0.015239;0.026656;0.269144;-0.431145;-0.38741
239;0.681551;9.095764;3.337407;-0.041534;0.030971;0.011262;0.267817;-0.430026;-0.389511
240;0.574124;9.206581;3.487965;0.001354;0.025561;0.009994;0.268103;-0.428971;-0.38898
241;0.623513;9.186706;3.58298;0.015295;-0.016823;0.016775;0.26768;-0.428962;-0.389405
242;0.603122;9.202219;3.388459;0.042013;-0.039784;0.019093;0.267448;-0.429513;-0.388873
243;0.497156;8.914872;3.634441;-0.020745;-0.039713;0.027563;0.266366;-0.430309;-0.38932
244;0.69157;9.177644;3.452091;-0.013977;-0.060594;0.055913;0.26512;-0.429762;-0.390069
245;0.787883;8.947;3.505107;-0.029976;-0.043753;0.059675;0.263268;-0.429447;-0.392185
246;0.855633;9.061572;3.382073;-0.026986;0.041437;-0.005673;0.262668;-0.429549;-0.39342
247;0.642879;9.203894;3.539422;-0.004091;0.079925;-0.040344;0.263722;-0.428872;-0.393506
248;0.550196;9.143057;3.584761;-0.005459;0.040312;-0.019225;0.265972;-0.428917;-0.391373
249;0.525888;9.051011;3.564745;0.041628;0.039737;0.023938;0.265421;-0.428115;-0.391554
250;0.631563;8.97557;3.616096;0.047881;0.050437;0.034621;0.266177;-0.428688;-0.39003
251;0.658171;8.893804;3.477329;0.011115;0.108466;-0.00746;0.267636;-0.429737;-0.390328
252;0.667293;9.172558;3.500535;-0.010405;0.085347;-0.028705;0.269085;-0.428459;-0.387999
253;0.519019;9.507818;3.379616;0.071515;0.028702;-0.027882;0.271261;-0.427936;-0.387084
254;0.425933;9.338737;3.247007;0.069825;0.080279;0.009711;0.271774;-0.428655;-0.38517
255;0.429687;9.286349;3.543352;0.0373;-0.000494;0.071794;0.271468;-0.43116;-0.386342
256;0.475802;9.250593;3.417069;0.048234;-0.081622;0.089943;0.268125;-0.433037;-0.386897
257;0.583779;9.04967;3.343889;0.054212;-0.053675;0.050015;0.266407;-0.434719;-0.384557
258;0.613802;9.114104;3.553418;0.206132;-0.061688;0.068303;0.265641;-0.437265;-0.384418
259;0.737694;8.819807;3.727854;0.210413;0.019483;0.056233;0.263558;-0.443553;-0.379873
260;1.101546;8.687991;3.403753;0.095803;0.137365;0.064948;0.262364;-0.444962;-0.377642
261;0.917292;8.841077;3.344982;0.062398;0.111838;0.073971;0.261804;-0.448013;-0.373874
262;0.904739;8.752054;3.20351;0.001422;0.089826;0.072558;0.264093;-0.450266;-0.373835
263;0.77878;9.275455;3.285346;0.055796;0.064061;0.065807;0.263881;-0.449234;-0.372664
264;1.034434;9.514005;3.095968;0.082059;0.054943;0.025596;0.262543;-0.450372;-0.37058
265;0.954007;9.296064;3.036139;-0.000332;0.030179;0.013649;0.261662;-0.451202;-0.369813
266;0.540354;9.378191;3.111763;-0.005409;0.046662;-0.01117;0.262046;-0.450395;-0.36994
267;0.727553;9.277648;3.333658;0.020798;0.018762;0.036504;0.261117;-0.451598;-0.370103
268;0.764509;8.917269;3.142634;-0.233482;0.069076;0.092167;0.260625;-0.450156;-0.3739
269;0.943538;9.008678;3.287569;-0.374842;0.036207;0.151;0.258723;-0.446028;-0.37863
270;0.812072;9.774511;3.382632;-0.205434;-0.010647;0.072086;0.256626;-0.440274;-0.384204
271;1.199353;9.870522;3.57262;-0.039846;-0.168352;0.043285;0.253307;-0.439634;-0.38868
272;1.22524;9.404757;3.607114;-0.001337;-0.142564;-0.03076;0.252438;-0.43894;-0.389812
273;0.960464;8.788369;3.704769;0.010254;0.033656;-0.076282;0.252139;-0.437995;-0.390247
274;0.69947;8.431962;3.699109;-0.035529;0.106797;-0.097837;0.255051;-0.437566;-0.390491
275;0.758922;8.298162;3.783941;-0.053367;0.088949;-0.017765;0.258357;-0.438529;-0.388682
276;0.893724;8.897932;3.61735;-0.075685;0.048903;0.037439;0.258805;-0.436755;-0.389893
277;0.999141;9.546049;3.4824;0.03041;0.022521;0.05787;0.258208;-0.435733;-0.388477
278;0.940593;9.550632;3.537971;0.109076;-0.025563;0.030283;0.259015;-0.436927;-0.388542
279;0.883215;9.162249;3.618493;0.178206;-0.066793;-0.020364;0.255892;-0.439112;-0.387608
280;0.923702;8.771509;3.682589;0.092855;-0.033433;-0.055099;0.25493;-0.442032;-0.383865
281;0.898482;8.794189;3.509949;0.058834;0.008509;-0.016365;0.255823;-0.442934;-0.384733
282;0.936595;9.015426;3.394514;0.010407;0.013135;-0.004347;0.257515;-0.442838;-0.383035
283;0.857625;9.226477;3.380408;0.039068;0.023731;-0.000952;0.257446;-0.441942;-0.38172
284;0.899448;9.260046;3.456174;0.054834;-0.013347;0.005847;0.257748;-0.442357;-0.381161
285;0.897388;9.148394;3.477529;0.092509;-0.015246;-0.002492;0.256702;-0.4445;-0.381179
286;0.845812;9.100276;3.401637;0.085592;0.016585;-0.001393;0.257197;-0.445608;-0.37966
287;0.853276;9.003459;3.364778;0.081126;-0.012765;-0.023757;0.256617;-0.446853;-0.378333
288;0.904358;9.047363;3.311813;0.070441;-0.006549;-0.024512;0.256662;-0.449665;-0.378009
289;0.950832;9.153739;3.375786;0.048812;0.002494;-0.004699;0.256456;-0.44837;-0.376709
290;0.847568;9.260643;3.336747;0.067364;-0.007091;0.014658;0.256486;-0.448385;-0.376173
291;0.876848;9.205178;3.273472;0.072845;-0.01607;-0.002335;0.255846;-0.448935;-0.375798
292;0.88653;9.231898;3.26393;0.071126;0.000776;0.003109;0.255661;-0.450306;-0.37458
293;0.891116;9.23712;3.188627;0.080351;0.011205;-0.017364;0.256953;-0.45101;-0.373023
294;0.87157;9.275742;3.225146;0.082157;0.011163;-0.020932;0.256902;-0.451053;-0.371555
295;0.758704;9.459739;3.288495;0.123844;-0.034857;-0.019732;0.25529;-0.45365;-0.36986
296;0.911178;9.466101;3.469341;0.181743;-0.043575;0.002005;0.255826;-0.455843;-0.367783
297;0.994165;9.318986;3.303882;0.203245;-0.043513;0.008039;0.257247;-0.458737;-0.364307
298;1.155013;9.095127;2.96353;0.230693;0.001462;-0.007969;0.255028;-0.461502;-0.361574
299;0.792368;8.882921;2.731838;0.126559;-0.011444;0.022959;0.255768;-0.465324;-0.358519
300;0.942889;8.59383;2.833536;0.032979;-0.099837;0.007238;0.256119;-0.466162;-0.357147
301;0.969426;9.026898;3.035005;0.027253;-0.089815;-0.060168;0.253563;-0.465301;-0.359847
302;1.164662;9.257221;3.039685;-0.104657;0.074442;-0.099046;0.253996;-0.463456;-0.358922
303;1.127126;9.427415;2.950292;-0.140292;0.151751;-0.15879;0.258767;-0.458558;-0.360883
304;0.809691;9.601085;2.655007;-0.034872;0.106469;-0.268415;0.265439;-0.455063;-0.360037
305;0.452121;9.811566;2.763162;0.023231;0.023559;-0.232012;0.272892;-0.451022;-0.359425
306;0.257173;9.573632;2.826512;0.014213;-0.042268;-0.072295;0.274706;-0.45052;-0.357861
307;0.340281;9.462615;2.717127;-0.137825;-0.164087;0.019001;0.273655;-0.447475;-0.361854
308;0.343995;9.347443;2.959707;-0.208706;-0.228012;0.081479;0.270175;-0.444962;-0.366509
309;0.431418;9.0335;3.184876;-0.394753;-0.285835;0.116469;0.264295;-0.441662;-0.375858
310;0.924617;9.131752;2.918529;-0.521404;-0.174678;0.057722;0.257862;-0.438021;-0.387918
311;0.699515;9.658458;3.315779;-0.361403;-0.090353;0.032007;0.254326;-0.429762;-0.397363
312;1.011464;8.742961;3.568748;-0.19424;-0.017266;-0.071314;0.256395;-0.424264;-0.402294
313;0.974174;8.851773;4.123245;-0.012357;0.104942;-0.004557;0.257331;-0.422994;-0.404404
314;0.769082;8.655365;4.125951;-0.038672;0.115083;-0.05503;0.259918;-0.421278;-0.403087
315;0.672254;8.71024;3.819324;-0.154225;0.112715;-0.144805;0.262538;-0.418581;-0.403391
316;0.621633;8.566675;3.920452;-0.028773;0.053669;-0.002129;0.265913;-0.417713;-0.404819
317;0.252473;8.91958;3.669424;-0.101018;0.009857;0.032009;0.266136;-0.415033;-0.405125
318;0.506764;9.074602;3.698431;-0.071994;-0.008324;-0.02873;0.266399;-0.412569;-0.407162
319;0.454831;9.140514;3.610904;0.004908;0.029071;0.013516;0.266478;-0.413072;-0.408217
320;0.653994;9.064484;3.779505;-0.02284;0.033536;0.013793;0.265663;-0.413139;-0.406124
321;0.511797;9.192844;3.815682;0.028899;0.044275;0.040098;0.266037;-0.412724;-0.406511
322;0.693434;9.088305;3.864935;0.024191;0.025856;0.052502;0.266268;-0.413501;-0.407285
323;0.767374;8.870173;3.840084;-0.001212;-0.027129;0.052408;0.265168;-0.412694;-0.407764
324;0.851213;8.753405;3.91299;0.014986;-0.012989;0.055016;0.262788;-0.414314;-0.407734
325;0.817008;8.932156;4.054585;0.01341;-0.009728;0.025727;0.261701;-0.414709;-0.408189
326;0.673895;9.025417;3.832927;-0.009706;0.02134;0.036738;0.261235;-0.415608;-0.409535
327;0.652218;8.995974;3.903154;0.051121;0.015054;0.036198;0.262174;-0.414478;-0.40683
328;0.585983;8.894654;3.797759;0.044934;0.029262;0.043411;0.262812;-0.417185;-0.405406
329;0.866824;9.045315;3.727246;0.105338;0.019945;-0.012204;0.262693;-0.418521;-0.405388
330;0.759287;9.059605;3.78256;0.150067;0.012752;-0.016181;0.26061;-0.420756;-0.402523
331;0.712284;8.944226;3.577555;0.060186;-0.008056;0.014652;0.260596;-0.422146;-0.400627
332;0.854497;9.137259;3.768914;-0.001762;-0.041693;-0.001856;0.260897;-0.421827;-0.402353
333;0.790632;9.089203;3.680793;-0.059774;-0.023973;-0.00486;0.260906;-0.4213;-0.402095
334;0.7613;9.079484;3.68543;-0.059461;0.007749;-0.014481;0.259721;-0.418856;-0.403812
335;0.573641;8.998699;3.844344;-0.057989;0.004402;0.015686;0.260812;-0.418261;-0.405633
336;0.654695;8.918605;3.85663;-0.041695;0.012236;0.003146;0.261083;-0.417262;-0.407774
337;0.75297;8.821486;3.878667;-0.039844;0.036231;0.017488;0.260735;-0.417291;-0.406858
338;0.688736;8.993808;3.84989;-0.037135;0.0166;-0.003966;0.26081;-0.416729;-0.4078
339;0.725605;8.918702;3.835188;-0.028877;-0.030756;0.03839;0.261055;-0.416052;-0.408066
340;0.795943;8.929183;3.675233;0.022732;0.011406;0.011521;0.259616;-0.41614;-0.410017
341;0.762634;8.981143;3.957242;0.02436;-0.013487;0.000715;0.259257;-0.415898;-0.40924
342;0.771275;8.948754;3.641139;-0.002049;0.012937;-0.01939;0.259994;-0.416062;-0.407993
343;0.801665;9.053812;3.972398;0.024805;0.018106;-0.025779;0.260329;-0.417557;-0.40701
344;0.659527;8.928351;3.846981;-0.02596;0.00459;0.040324;0.261815;-0.415628;-0.4087
345;0.772176;9.010456;3.913679;0.00991;-0.018665;0.011481;0.259359;-0.415084;-0.409651
346;0.909248;8.991132;3.894985;-0.025741;-0.031198;-0.015839;0.259545;-0.415774;-0.408825
347;0.705712;8.933591;3.767071;-0.027226;0.046835;0.017446;0.259883;-0.41481;-0.40976
348;0.669386;8.935516;3.868952;-0.020591;-0.016783;0.022385;0.259004;-0.414509;-0.411152
349;0.801295;8.97211;3.821311;-0.022231;0.005368;0.02432;0.259007;-0.414776;-0.411147
350;0.88767;8.886648;3.938131;-0.018458;0.032745;0.02355;0.258389;-0.41394;-0.412534
351;0.789325;8.942773;3.86972;-0.037001;0.04319;0.003297;0.260792;-0.414456;-0.412521
352;0.86584;8.888812;3.991485;0.013713;-0.009988;-0.006288;0.26012;-0.412732;-0.412325
353;0.732862;9.049309;3.903893;-0.040588;0.000438;-0.03424;0.259532;-0.41191;-0.413176
354;0.752687;9.087672;3.991699;-0.001469;0.000625;-0.006096;0.260153;-0.413078;-0.414187
355;0.552688;8.941765;4.079746;0.045539;-0.016864;0.029831;0.258045;-0.413105;-0.413772
356;0.701987;8.811289;3.980402;0.029998;-0.041353;0.052061;0.258447;-0.414564;-0.413989
357;0.775642;8.811013;4.034331;0.023827;-0.002282;0.071895;0.25757;-0.414467;-0.412971
358;0.899124;8.870717;3.726646;0.067672;0.028985;0.005919;0.255751;-0.415035;-0.412262
359;1.023963;9.020549;3.82776;0.053346;0.028977;0.000745;0.257002;-0.416116;-0.411502
360;0.867994;8.898848;3.923481;0.073675;0.025589;0.027197;0.256122;-0.417743;-0.410853
361;0.992946;9.000206;4.019513;-0.022481;0.010029;0.051062;0.25593;-0.417783;-0.409527
362;0.972676;8.996236;3.84192;-0.11487;0.086043;0.036214;0.256208;-0.416788;-0.411534
363;0.742547;8.955193;3.81115;0.002046;0.113808;-0.000212;0.256656;-0.415614;-0.410462
364;0.544822;9.077752;4.041426;0.106577;0.115516;0.016713;0.260244;-0.418575;-0.408732
365;0.469421;8.956315;4.081733;0.164481;0.101468;0.039252;0.261331;-0.416789;-0.405631
366;0.537528;8.770776;3.840651;0.321355;0.030896;0.071351;0.262186;-0.421599;-0.400681
367;0.709043;8.82615;3.917312;0.380253;0.011433;0.074355;0.260243;-0.429155;-0.393832
368;0.972012;8.839987;3.564087;0.342604;-0.029205;0.056698;0.260042;-0.436501;-0.38916
369;0.922219;9.167284;3.579862;0.389333;0.014121;0.065475;0.257245;-0.442572;-0.383056
370;0.972768;9.337523;3.478855;0.37037;0.044605;0.108505;0.256054;-0.451628;-0.374933
371;1.170017;9.024647;2.994901;0.048818;0.06502;0.059662;0.255537;-0.457224;-0.370847
372;1.041566;9.304022;2.895725;0.06678;0.012411;0.109046;0.253868;-0.455941;-0.369496
373;0.806419;9.357383;2.899388;0.18104;-0.014165;0.123939;0.251679;-0.458058;-0.366105
374;1.17902;9.206884;2.920433;0.084142;-0.043999;0.126394;0.248309;-0.462115;-0.36515
375;1.090244;9.275373;2.803521;-0.024497;-0.028405;0.074013;0.245448;-0.463828;-0.366616
376;0.959549;9.121255;3.07913;0.014686;-0.07822;0.052049;0.243325;-0.463912;-0.368873
377;1.210537;9.254944;3.499383;0.068735;-0.0832;-0.003483;0.241617;-0.464404;-0.366154
378;1.07305;8.776961;3.066099;-0.057729;0.04733;-0.053421;0.241186;-0.46379;-0.368996
379;1.160905;9.333125;3.382756;-0.428437;0.181198;-0.058443;0.244978;-0.459672;-0.371933
380;1.295382;9.318819;3.330037;-0.513174;0.126758;-0.034898;0.24568;-0.450042;-0.381564
381;1.203064;9.843008;3.251648;-0.196866;0.014781;-0.063829;0.248445;-0.442961;-0.385685
382;1.307152;9.657739;3.445907;-0.035743;-0.022815;-0.092927;0.248656;-0.440603;-0.388658
383;1.157185;9.346149;3.691508;0.039579;0.016029;-0.075618;0.251581;-0.440579;-0.38876
384;0.64253;8.647846;3.687591;0.010121;0.102265;-0.10444;0.254442;-0.439529;-0.387415
385;0.700503;8.244584;3.831955;-0.022626;0.111722;-0.033918;0.256061;-0.440262;-0.38477
386;0.691611;8.604191;3.687693;-0.094617;0.114872;0.007642;0.258093;-0.439398;-0.386409
387;0.813469;9.463427;3.522207;-0.185757;0.024037;0.104969;0.259981;-0.435609;-0.38771
388;0.882297;9.318067;3.492796;-0.074488;0.002324;0.062133;0.259755;-0.434632;-0.389212
389;0.953598;9.332172;3.580808;0.102234;0.013298;0.02874;0.257033;-0.434824;-0.387892
390;0.864405;8.967947;3.680691;0.011919;-0.061481;0.061034;0.256411;-0.436312;-0.387365
391;0.874099;8.919736;3.622191;0.029912;-0.00816;-0.004638;0.256424;-0.438842;-0.387583
392;0.947323;8.92;3.566732;-0.061289;-0.027703;-0.032436;0.256135;-0.436176;-0.387517
393;0.975566;9.341917;3.571264;-0.016632;-0.033033;-0.032767;0.25742;-0.435612;-0.388256
394;1.010587;9.179058;3.648521;-0.023897;-0.011566;-0.002376;0.257072;-0.43504;-0.389623
395;0.996101;9.11839;3.657878;-0.011004;0.01565;-0.020131;0.255966;-0.435691;-0.390475
396;0.80293;9.089129;3.695453;-0.000167;0.005693;-0.039869;0.256478;-0.435013;-0.390726
397;0.840039;8.953305;3.699922;0.008723;0.011106;-0.0257;0.259064;-0.435952;-0.389894
398;0.844796;8.948647;3.661036;0.020851;-0.027648;-0.010002;0.259286;-0.435928;-0.390683
399;0.916042;8.895156;3.687968;0.037248;0.002323;-0.017087;0.258806;-0.436091;-0.389772
400;0.922934;9.079387;3.701006;0.04619;-0.002151;-0.023381;0.25801;-0.435966;-0.389686
401;0.888481;9.082033;3.657052;0.056599;0.00975;0.025497;0.258497;-0.437071;-0.388301
402;0.864389;9.0018;3.700293;0.061976;-0.000957;0.016489;0.258665;-0.437486;-0.387749
403;0.861488;9.007202;3.588481;0.045874;-0.022267;0.0005;0.257902;-0.438971;-0.387363
404;0.954161;9.113967;3.572522;0.059869;-0.036179;0.025237;0.257468;-0.438628;-0.385524
405;0.924793;9.11396;3.574773;0.050095;-0.011326;0.037005;0.255649;-0.439859;-0.384935
406;0.794356;9.148674;3.423419;0.037626;0.047398;0.080972;0.256711;-0.442639;-0.38549
407;0.779676;8.955333;3.291181;0.03943;0.105305;0.032326;0.255903;-0.441382;-0.383021
408;1.084319;9.016771;3.609339;0.077447;0.149279;0.011861;0.257576;-0.442275;-0.379435
409;1.011008;8.939281;3.589089;0.077539;0.135835;-0.007797;0.260767;-0.444241;-0.379884
410;0.854183;9.02407;3.610391;0.103139;0.131659;0.027526;0.261916;-0.444744;-0.376068
411;0.881618;8.774517;3.565665;0.073507;0.063306;0.089617;0.261762;-0.446865;-0.372028
412;0.914146;9.182699;3.404863;0.054266;-0.048349;0.04478;0.261026;-0.450091;-0.371473
413;0.965787;9.259736;3.51735;0.095063;-0.032926;0.097011;0.258953;-0.449206;-0.370271
414;0.970309;9.236038;3.405451;0.054019;-0.053434;0.06789;0.25608;-0.451249;-0.369594
415;1.072403;9.314268;3.27517;0.064043;-0.033971;0.066157;0.253066;-0.453219;-0.371464
416;1.106787;9.217459;3.236046;0.065616;-0.015034;0.007548;0.252627;-0.453803;-0.369874
417;1.072873;9.105846;3.249913;0.028402;0.011326;-0.013367;0.253812;-0.454919;-0.367915
418;1.004393;9.129938;3.283634;0.027462;0.011339;-0.009809;0.252416;-0.455496;-0.366781
419;0.950957;8.94575;3.263019;0.02009;-0.009788;0.000775;0.252318;-0.45671;-0.366362
420;1.009034;9.294591;3.333032;3.3e-05;-0.030817;0.016005;0.251763;-0.454907;-0.368833
421;1.043344;9.246207;3.308713;0.002484;-0.048363;0.030117;0.252171;-0.456237;-0.368918
422;1.146646;9.139256;3.357475;0.012255;-0.057182;0.032659;0.25028;-0.455041;-0.369182
423;1.151064;9.185772;3.267774;0.032358;-0.04067;0.001464;0.247876;-0.456516;-0.369557
424;1.151428;9.132148;3.32344;0.022769;-0.026693;-0.017062;0.247617;-0.455858;-0.369317
425;1.055554;9.144744;3.230538;0.019404;-0.029561;-0.041963;0.248111;-0.456232;-0.370084
426;1.048324;9.159102;3.269452;0.051852;0.006654;-0.038478;0.250405;-0.455567;-0.369432
427;1.043598;9.134722;3.296051;0.021306;0.00768;-0.025776;0.250384;-0.455025;-0.369711
428;0.989408;9.16898;3.235104;0.03171;-0.016908;-0.006435;0.25257;-0.453975;-0.368538
429;1.048502;9.163712;3.318091;0.015511;-0.015043;0.002611;0.251082;-0.455037;-0.369137
430;1.055625;9.139822;3.245101;0.022707;-0.00259;0.011505;0.249888;-0.457173;-0.369431
431;1.040818;9.183473;3.245209;0.024499;0.006299;0.017766;0.248427;-0.456655;-0.369256
432;1.073079;9.047589;3.261802;0.01313;0.01852;-0.000762;0.248671;-0.45518;-0.369404
433;1.01335;9.329151;3.209244;0.010406;-0.004603;-0.019506;0.248667;-0.456905;-0.369772
434;0.973964;9.356011;3.172662;0.01445;0.008283;-0.061267;0.250863;-0.45679;-0.368581
435;0.954775;9.266101;3.211027;0.012535;-0.012073;-0.063153;0.250867;-0.456393;-0.368455
436;1.009046;9.22691;3.288968;0.008329;-0.078214;-0.04746;0.253219;-0.455689;-0.369137
437;0.847425;9.29949;3.327201;0.05268;-0.100172;-0.02128;0.25181;-0.455791;-0.370551
438;1.029065;9.460776;3.562412;0.090501;-0.073809;-0.033842;0.249738;-0.456368;-0.369588
439;1.420527;9.482768;3.518728;0.090341;-0.09846;-0.033909;0.250366;-0.457476;-0.368062
440;0.990336;9.581717;3.1349;0.144909;-0.123362;-0.041668;0.248568;-0.45865;-0.369478
441;0.915394;8.879708;2.888151;0.03585;-0.164167;0.028251;0.247741;-0.461765;-0.368129
442;0.985351;8.486431;2.974294;-0.055987;-0.210682;0.054503;0.244904;-0.461696;-0.371231
443;1.107588;8.704124;3.082994;-0.093352;-0.180648;0.045244;0.241433;-0.459921;-0.373466
444;1.283955;8.955302;3.284552;-0.148098;-0.124443;-0.00551;0.239236;-0.459301;-0.376943
445;1.366332;9.089283;3.159266;-0.056057;-0.153713;-0.21269;0.239535;-0.454858;-0.382756
446;1.419428;9.385065;3.170666;-0.031486;-0.115003;-0.232198;0.241534;-0.451057;-0.384453
447;1.243721;9.403723;3.325247;-0.004374;-0.167904;-0.105568;0.241859;-0.44889;-0.385411
448;0.82554;9.350056;3.400222;-0.124531;-0.198837;-0.009669;0.239854;-0.448168;-0.38781
449;0.69998;9.392043;3.248932;-0.256321;-0.198458;0.01452;0.237165;-0.443254;-0.392199
450;0.754046;8.918112;2.972415;-0.264702;-0.124073;0.027367;0.234703;-0.440178;-0.397608
451;0.323624;8.632449;2.885822;-0.159488;-0.084651;0.115519;0.232762;-0.437888;-0.403374
452;1.679969;8.801308;3.031041;-0.158048;0.117096;0.113266;0.229839;-0.434656;-0.405072
453;1.123907;8.61991;3.440042;-0.099055;0.134621;-0.074849;0.23273;-0.433021;-0.405473
454;1.492128;9.646329;3.787306;-0.352459;0.221137;-0.3344;0.240195;-0.425394;-0.408804
455;1.082215;10.024736;3.774365;-0.325973;0.342392;-0.200602;0.24913;-0.417031;-0.409525
456;0.744705;9.017734;4.404572;-0.202464;0.192516;-0.113678;0.25435;-0.411157;-0.412816
457;-0.015045;8.830392;4.058738;-0.153653;0.060248;-0.059809;0.260577;-0.406377;-0.414959
458;0.121863;8.61794;3.864142;-0.131283;0.00608;0.009061;0.261274;-0.404991;-0.41655
459;0.27221;8.849303;3.6595;-0.016428;0.051165;0.018187;0.260431;-0.402584;-0.416911
460;0.425409;8.830587;4.007964;0.001582;0.017119;0.173498;0.258803;-0.407095;-0.418253
461;0.699495;8.953926;4.068548;0.036864;-0.01174;0.206905;0.254008;-0.408458;-0.418499
462;1.195578;8.773061;4.343019;0.050486;-0.051974;0.251098;0.252927;-0.412177;-0.419425
463;0.984944;8.758713;4.307629;-0.027851;-0.070158;0.18581;0.245991;-0.413949;-0.419918
464;1.284166;8.668561;4.38684;-0.068959;-0.05411;0.190716;0.24215;-0.414317;-0.421999
465;1.140698;8.8541;4.138863;0.062758;-0.022301;0.105323;0.236039;-0.417557;-0.422284
466;1.338103;8.789943;3.867528;0.14808;-0.009166;-0.007335;0.235269;-0.419638;-0.419749
467;1.25359;8.815068;4.183132;0.25176;-0.01195;0.000687;0.235889;-0.422734;-0.41872
468;0.853442;8.947012;3.991675;0.358927;0.0727;0.000207;0.236679;-0.427713;-0.412567
469;1.341611;8.469615;3.914703;0.254267;0.199339;0.106675;0.237222;-0.432438;-0.406032
470;1.306347;8.405614;3.617633;0.177183;0.173837;0.105372;0.237072;-0.439014;-0.400302
471;1.275523;8.76993;3.502428;0.138565;0.174003;0.013259;0.239815;-0.439971;-0.394249
472;1.400777;9.180896;3.266853;0.1111;0.116868;-0.067665;0.243204;-0.440976;-0.390964
473;1.251989;9.519217;3.01711;-0.038462;0.074416;-0.096873;0.247106;-0.440039;-0.390093
474;1.017521;9.740891;3.310814;-0.054099;0.115599;0.073316;0.247324;-0.438285;-0.390648
475;0.67707;9.762239;3.906807;0.193717;-0.066444;0.028479;0.246949;-0.441292;-0.388341
476;0.757878;9.121789;3.466828;0.194909;-0.10831;-0.116786;0.245479;-0.443229;-0.386383
477;1.195698;8.832222;3.166768;-0.091139;0.025387;-0.042562;0.246198;-0.443782;-0.38553
478;1.013683;8.697331;3.478612;-0.095572;-0.040665;0.095798;0.244951;-0.443166;-0.388686
479;0.845138;8.660636;3.547905;-0.071296;-0.118303;0.018684;0.242974;-0.442989;-0.390672
480;1.171187;9.279344;3.470083;-0.055714;-0.04922;-0.076972;0.244661;-0.440493;-0.39343
481;1.700566;9.515364;3.785555;0.122867;-0.061461;-0.044594;0.242132;-0.440709;-0.395841
482;1.471541;9.313436;3.924216;0.232809;-0.065075;-0.027796;0.241949;-0.442948;-0.392334
483;0.977999;8.768535;3.792296;0.177995;0.079374;-0.077418;0.244287;-0.444898;-0.388957
484;0.90948;8.321428;3.48841;0.011303;0.171587;-0.067634;0.248117;-0.447579;-0.38762
485;0.854299;8.692843;3.409551;0.01168;0.138261;-0.041096;0.250659;-0.447838;-0.382661
486;0.980705;9.621943;3.827811;0.015669;0.004102;-0.023006;0.252701;-0.447182;-0.381756
487;1.00768;10.10345;3.550631;0.190928;-0.202323;0.034982;0.249471;-0.446391;-0.382221
488;0.963028;9.570113;3.030154;0.166815;-0.165599;-0.018964;0.249337;-0.449118;-0.380306
489;1.18994;8.671389;2.835406;0.097825;-0.019257;0.028524;0.248493;-0.451295;-0.37911
490;0.996809;8.329675;3.289656;0.031747;-0.025776;-0.003044;0.245505;-0.454277;-0.378287
491;0.907766;8.731994;3.337133;-0.12469;0.039071;-0.088506;0.248188;-0.452605;-0.380037
492;1.107531;9.245524;3.44523;-0.140634;0.037088;-0.122067;0.250839;-0.447994;-0.381846
493;1.041767;9.283781;3.556819;-0.011432;0.046372;-0.048391;0.254023;-0.446637;-0.381825
494;1.268865;9.005901;3.84135;0.103279;-0.042035;-0.033798;0.253754;-0.445043;-0.381603
495;1.326013;8.961993;3.40152;0.07954;-0.13569;-0.044781;0.253129;-0.446928;-0.381202
496;1.209083;9.372768;3.210644;0.017778;-0.026142;-0.061437;0.253542;-0.445339;-0.380674
497;0.901182;9.14011;3.190676;-0.220851;-0.135766;-0.092149;0.254;-0.443836;-0.381746
498;0.105636;9.425929;2.786014;-0.406191;-0.278867;-0.102149;0.250635;-0.435595;-0.390512
499;-0.040305;9.664011;3.192154;-0.250974;-0.390872;0.057833;0.247748;-0.428986;-0.398151
500;0.304624;9.289045;3.49155;-0.23202;-0.482701;0.47512;0.234953;-0.427931;-0.410121
501;1.063722;8.58063;3.04813;0.019154;-0.333547;0.365367;0.21882;-0.429759;-0.415544
502;2.090648;9.831501;3.594927;-0.105425;0.163265;0.139093;0.213586;-0.433097;-0.416847
503;2.212731;9.414912;4.471302;0.116359;0.642654;-0.169638;0.220413;-0.431541;-0.413549
504;0.574465;8.576513;4.384496;-0.054207;0.406312;-0.09251;0.233027;-0.430973;-0.406965
505;0.533572;8.462683;3.865958;-0.023479;0.062653;0.017408;0.238988;-0.428991;-0.404795
506;1.204074;8.322775;3.699275;0.129011;-0.040824;0.112603;0.238255;-0.431155;-0.403993
507;1.45429;8.634504;3.422689;0.015216;-0.06448;0.004119;0.236554;-0.433043;-0.403786
508;1.434658;9.175895;3.787235;-0.158462;0.003165;0.038006;0.235354;-0.430591;-0.405772
509;1.064345;9.244427;3.668596;-0.139351;0.02682;0.125065;0.234756;-0.426906;-0.408682
510;0.986042;9.142893;3.606881;0.009108;0.025027;0.145145;0.230644;-0.429601;-0.408864
511;0.888303;9.084675;3.613308;0.081579;0.043648;0.064595;0.230173;-0.430699;-0.407934
512;1.031618;9.053992;3.930055;0.040816;0.024499;0.095089;0.229259;-0.432574;-0.40795
513;1.384393;9.0488;3.990536;0.10376;-0.008722;0.13802;0.226918;-0.432355;-0.406885
514;1.193251;8.829148;3.789032;0.188716;0.054518;0.108246;0.22517;-0.438076;-0.4034
515;1.181359;8.545965;3.680709;0.058747;0.12967;0.093666;0.225578;-0.44067;-0.401323
516;1.42975;8.621841;4.022895;0.159035;0.091163;0.050013;0.22539;-0.443836;-0.398067
517;1.50158;8.788189;3.727535;0.204309;0.17171;-0.038824;0.228013;-0.445396;-0.39428
518;1.857576;8.99293;3.507018;0.078632;0.288074;0.098068;0.229993;-0.448566;-0.390366
519;1.818733;8.801609;3.457289;0.032173;0.29697;0.099353;0.232734;-0.449319;-0.386722
520;1.449992;9.260321;3.386628;-0.027633;0.133879;0.039406;0.235412;-0.449775;-0.384156
521;1.335392;9.799327;3.254691;0.021712;-0.019403;0.098704;0.235496;-0.44935;-0.384961
522;1.248813;9.359978;3.344525;0.066888;-0.191658;0.120459;0.231666;-0.450723;-0.384618
523;1.112288;9.318199;3.460176;0.070847;-0.264214;0.015091;0.225999;-0.452453;-0.386242
524;1.504423;9.172596;3.47164;-0.004844;-0.186988;-0.066529;0.223441;-0.45345;-0.389308
525;1.626554;8.950591;3.247739;-0.177027;-0.09288;-0.047734;0.222542;-0.452741;-0.390976
526;1.433045;8.544102;3.560703;-0.175503;0.018505;-0.029448;0.222075;-0.449516;-0.396409
527;1.272337;8.603452;3.822518;-0.22428;-0.004298;-0.007836;0.223219;-0.445558;-0.399092
528;1.462347;8.860774;3.761657;-0.22412;-0.037347;-0.055966;0.222437;-0.443308;-0.403188
529;1.765304;9.332742;3.93583;-0.100452;-0.098194;-0.030513;0.223267;-0.438595;-0.408977
530;1.717578;9.101615;4.090055;0.005068;-0.064432;0.011443;0.219668;-0.438019;-0.41133
531;1.483909;8.631124;4.105918;0.059227;0.0552;-0.034708;0.220761;-0.438158;-0.410865
532;1.254821;8.146528;4.031805;0.065433;0.149624;-0.041477;0.224063;-0.438657;-0.406659
533;1.280968;8.195839;3.866894;0.0364;0.147444;0.004107;0.227161;-0.439582;-0.406199
534;1.38409;8.773682;3.721886;0.072195;0.10561;0.066817;0.22833;-0.440557;-0.40451
535;1.387167;9.25446;3.592836;0.161736;0.001352;0.07626;0.228408;-0.442261;-0.400999
536;1.416062;9.467727;3.618296;0.248732;-0.045224;0.015754;0.227566;-0.446633;-0.397756
537;1.414864;9.316326;3.83151;0.321644;-0.058244;-0.04273;0.225284;-0.449037;-0.393697
538;1.397731;9.265574;3.797141;0.273128;0.019436;-0.059711;0.225881;-0.453986;-0.388625
539;1.652165;9.103835;3.642391;0.195437;0.033721;-0.062539;0.228312;-0.45625;-0.383633
540;1.395447;9.063025;3.074246;0.209607;-0.003346;-0.059359;0.23182;-0.460636;-0.378808
541;1.489436;8.793558;3.131932;0.188288;-0.094243;-0.047241;0.230409;-0.462604;-0.375777
542;1.375009;8.541447;3.117924;0.145959;-0.076131;0.001167;0.229871;-0.463604;-0.37365
543;1.422908;8.927022;3.115117;-0.043261;-0.074725;-0.173266;0.230049;-0.463556;-0.375244
544;1.511761;9.167768;3.466801;-0.024507;-0.055271;-0.166145;0.232406;-0.460597;-0.375434
545;1.537896;9.53126;3.517239;0.110364;-0.169995;-0.130463;0.231994;-0.460858;-0.37572
546;1.237699;9.75555;3.283062;0.188545;-0.115195;-0.015241;0.231677;-0.460372;-0.374144
547;1.478039;8.991323;2.860512;0.013151;-0.012382;-0.01511;0.231749;-0.460808;-0.372929
548;1.363168;9.559668;2.680091;-0.166577;0.013421;-0.025882;0.235017;-0.45969;-0.373834
549;1.128832;9.331679;2.694628;-0.110118;-0.028585;-0.165355;0.235943;-0.453431;-0.377642
550;0.82579;9.517147;2.956145;-0.100471;-0.153199;-0.052294;0.237459;-0.452315;-0.378914
551;0.399513;9.167176;2.633493;-0.282227;-0.150209;0.068246;0.233255;-0.44745;-0.386594
552;0.589528;8.976755;2.886595;-0.409672;-0.050978;0.080504;0.232085;-0.442351;-0.39237
553;1.044068;9.35888;3.571761;-0.341864;-0.036806;0.093505;0.23089;-0.437701;-0.401079
554;1.367507;8.761561;3.230701;-0.385862;0.033975;0.086196;0.227265;-0.432856;-0.407924
555;1.986634;9.475798;4.915035;-0.103713;0.245576;0.083468;0.228649;-0.429149;-0.411124
556;1.007271;8.432093;4.155563;-0.263947;0.266417;0.03478;0.231254;-0.427107;-0.411817
557;1.320046;8.371708;4.589894;-0.139486;0.103264;-0.008855;0.237233;-0.424729;-0.414062
558;0.966318;8.393254;3.67383;-0.067957;0.060836;-0.008859;0.236881;-0.421101;-0.414953
559;1.287009;8.859636;3.996367;-0.02248;0.034152;-0.027034;0.239848;-0.420833;-0.414255
560;0.752097;8.721081;3.586503;-0.125766;-0.004496;-0.00872;0.238586;-0.417553;-0.417195
561;1.14789;9.299609;3.786041;-0.081575;-0.01649;0.031016;0.239285;-0.416964;-0.418904
562;1.177744;9.335258;3.932236;-0.177378;-0.019083;0.12695;0.237672;-0.41411;-0.421055
563;1.294983;9.217164;3.781705;-0.126617;-0.041031;0.044606;0.234259;-0.413623;-0.424865
564;1.395059;9.134701;4.27297;-0.248647;0.080265;-0.040866;0.235046;-0.410949;-0.429415
565;1.357149;8.690878;4.285295;-0.293902;0.091528;0.032412;0.235661;-0.404138;-0.43392
566;1.153269;8.61378;4.679917;-0.25376;0.061154;0.014103;0.236618;-0.402146;-0.437912
567;1.051455;8.266951;4.694724;-0.216571;0.007226;-0.079032;0.239608;-0.397369;-0.440774
568;1.18309;8.45372;4.681799;0.001908;0.030077;-0.066437;0.240921;-0.395952;-0.443265
569;1.091888;8.033361;4.85434;-0.128346;0.089372;-0.066895;0.243699;-0.394062;-0.443277
570;1.055989;8.477653;4.749192;0.022154;0.1318;-0.048292;0.244615;-0.392384;-0.445663
571;1.093218;8.283678;4.743673;0.149987;0.099825;0.05361;0.248384;-0.393446;-0.440351
572;0.783347;8.019004;4.823211;0.144857;0.10485;0.032254;0.250104;-0.398013;-0.438964
573;0.869479;8.26075;4.482097;0.166056;0.047392;0.022919;0.250919;-0.400544;-0.434326
574;1.201645;8.580676;4.507473;0.206047;0.012077;0.123869;0.250187;-0.404107;-0.43136
575;1.215802;8.530592;4.337173;0.313172;0.014109;0.166558;0.245631;-0.412302;-0.426117
576;1.426104;8.393108;4.182263;0.182125;0.059235;0.045177;0.245378;-0.416966;-0.4219
577;1.036605;9.034544;3.93972;0.216172;0.055543;0.032453;0.24563;-0.418221;-0.419991
578;1.238545;9.192514;4.354922;0.396945;0.046345;0.019421;0.246067;-0.42482;-0.413292
579;1.025587;8.312851;3.749182;0.148779;0.106759;0.019832;0.247057;-0.4297;-0.405927
580;1.366143;8.626629;4.037112;-0.156903;0.065639;0.119161;0.247222;-0.429248;-0.407664
581;1.46881;9.042471;4.287586;-0.145392;0.001541;0.066344;0.245262;-0.425886;-0.413585
582;1.729427;9.295437;4.125044;-0.135907;-0.093243;0.030266;0.241817;-0.424459;-0.413006
583;1.709806;9.382483;4.176369;0.033222;0.025846;-0.070073;0.243316;-0.423068;-0.414551
584;1.141107;8.766588;4.18222;0.051776;0.138135;-0.143608;0.246422;-0.422006;-0.413593
585;0.720698;8.441981;4.12468;0.058643;0.216701;-0.140692;0.252456;-0.422584;-0.410567
586;0.878582;8.068281;4.172558;-0.014004;0.133324;0.015934;0.25529;-0.422386;-0.407471
587;0.791392;8.546265;4.120728;-0.04147;0.052028;0.010445;0.258165;-0.42061;-0.408143
588;0.875176;9.092382;4.01678;-0.006132;0.007957;0.020678;0.25919;-0.421315;-0.406602
589;1.199504;9.470928;3.957298;0.049139;-0.013176;0.025549;0.256868;-0.42077;-0.407546
590;1.16454;9.188396;4.208599;0.102586;-0.005936;0.060676;0.252645;-0.423477;-0.407333
591;1.009348;8.720139;4.261417;0.052643;-0.011415;0.041406;0.252728;-0.424317;-0.405976
592;1.092898;8.523985;4.205124;-0.015507;-0.002254;0.066897;0.253172;-0.425532;-0.405393
593;1.180813;8.533912;4.157093;-0.090319;-0.039894;-0.007366;0.25251;-0.423345;-0.407343
594;1.350901;8.922157;4.10157;-0.104691;-0.08965;-0.048335;0.251517;-0.42086;-0.410386
595;1.2046;8.839277;4.192665;-0.13545;-0.082236;-0.007171;0.24965;-0.419937;-0.415053
596;1.138802;8.896908;4.309205;-0.064687;-0.111804;-0.039922;0.248137;-0.41733;-0.417861
597;1.063421;8.760945;4.344584;-0.015334;-0.095087;-0.037602;0.247843;-0.415592;-0.418044
598;1.053338;8.688812;4.22022;-0.011368;-0.052696;-0.04187;0.247575;-0.415523;-0.420466
599;1.083587;8.479882;4.297237;-0.04429;-0.005685;-0.024477;0.248484;-0.415239;-0.420821
600;1.053781;8.644755;4.30267;-0.036498;-0.04195;-0.027383;0.247242;-0.413632;-0.421323
601;1.122372;8.671275;4.332381;0.024211;-0.016934;0.011391;0.247739;-0.413609;-0.421963
602;1.205586;8.668873;4.325588;0.001964;-0.002775;0.008105;0.246504;-0.413334;-0.422573
603;1.127046;8.809301;4.371934;0.037049;0.019209;0.002607;0.247319;-0.413867;-0.422383
604;1.112472;8.654494;4.293351;0.080101;0.005771;-0.012073;0.247391;-0.413639;-0.421047
605;1.117142;8.727277;4.286419;0.068978;0.013282;0.036086;0.247369;-0.415752;-0.42181
606;1.075327;8.761364;4.259579;0.06024;0.023757;0.020206;0.247831;-0.417179;-0.418549
607;1.126521;8.756794;4.201533;0.069237;-0.002965;-0.004902;0.247694;-0.417576;-0.418683
608;1.17524;8.776426;4.153305;0.092639;0.012932;-0.005001;0.247012;-0.41897;-0.416824
609;1.097109;8.713343;4.162261;0.078409;0.025301;-0.004839;0.248596;-0.421279;-0.415087
610;1.072761;8.720429;4.201037;0.046109;0.002247;-0.017146;0.248736;-0.420484;-0.414827
611;1.07694;8.90741;4.148438;0.054866;-0.012698;-0.009269;0.249332;-0.419982;-0.4136
612;1.104228;8.740208;4.123534;0.029936;-0.004757;-0.014377;0.249387;-0.42094;-0.412777
613;1.120813;8.936646;4.119671;0.053298;0.004903;-0.019823;0.24862;-0.421424;-0.414682
614;1.111155;8.844646;4.090022;0.060544;0.025302;-0.010008;0.24994;-0.42261;-0.410309
615;1.086882;8.757389;4.082181;0.052397;-0.005744;-0.023461;0.24866;-0.423639;-0.411965
616;1.116396;8.805546;4.150646;0.044347;0.003133;-0.019777;0.248492;-0.424621;-0.410352
617;1.091427;8.844829;4.053439;0.048607;-0.015317;-0.008352;0.249752;-0.425042;-0.409338
618;1.076435;8.847629;3.978004;0.034489;0.015674;-0.004518;0.249231;-0.425583;-0.409223
619;1.0429;8.77179;4.113578;0.017463;-0.003037;-0.020495;0.249848;-0.425022;-0.410001
620;1.01497;8.922882;3.963386;0.044306;-0.004796;-0.018934;0.251122;-0.426115;-0.408839
621;1.115848;8.835234;4.031667;0.04609;0.009455;-0.006419;0.250377;-0.425883;-0.407816
622;1.076118;8.932608;3.956513;0.039131;0.022623;-0.018735;0.251394;-0.427912;-0.406651
623;1.042392;8.825593;4.02145;0.038106;0.01294;-0.011683;0.251694;-0.426067;-0.405734
624;1.005402;8.903268;4.006992;0.028129;-0.005622;-0.013473;0.251304;-0.427138;-0.405735
625;1.100951;8.806498;3.95852;0.022654;-0.009018;-0.000998;0.250285;-0.428232;-0.405104
626;1.017552;8.845381;3.943601;0.021046;0.004134;-0.011593;0.25077;-0.427141;-0.405766
627;1.03722;8.850107;3.968051;0.022681;0.000721;0.002607;0.251666;-0.428247;-0.404224
628;1.071532;8.850054;3.977985;0.020841;-0.008123;0.000803;0.250621;-0.427134;-0.406041
629;1.059394;8.840261;3.997313;-0.016697;0.001642;0.001161;0.250074;-0.429325;-0.404293
630;1.093696;8.886136;4.036626;0.012125;0.01477;-0.009664;0.25101;-0.428055;-0.406403
631;1.0739;8.932321;4.014838;-0.002368;0.025637;0.018082;0.251559;-0.427396;-0.405983
632;1.031889;8.932819;3.914918;-0.023534;0.066319;0.017574;0.252651;-0.426074;-0.405278
633;1.03697;8.857671;3.909745;0.017704;0.051981;0.001143;0.252836;-0.42663;-0.404455
634;0.958555;8.836027;3.875133;0.031883;0.000482;-0.023273;0.252927;-0.428201;-0.405489
635;1.032248;8.835703;3.938785;0.042339;0.002528;0.009565;0.253888;-0.426483;-0.404666
636;1.032722;8.854442;4.072569;0.024408;-0.004602;0.002568;0.252772;-0.428261;-0.403493
637;1.041981;8.934858;3.992776;0.018781;-0.025676;0.014961;0.251298;-0.42654;-0.403342
638;0.998043;8.845287;3.962927;0.044017;-0.024084;-0.000375;0.252346;-0.42732;-0.403802
639;1.081758;8.851925;4.089874;0.074256;-0.027515;0.01627;0.252075;-0.428382;-0.404064
640;1.142595;8.811293;3.968521;0.045492;-0.058446;0.008339;0.250286;-0.431755;-0.4033
641;1.161731;8.83602;3.871518;0.02704;-0.013335;0.007846;0.24981;-0.431655;-0.40226
642;1.090915;8.903471;3.963763;0.028921;0.00431;0.007926;0.250472;-0.431781;-0.402353
643;1.027134;8.845644;3.890182;0.015586;-0.014437;-0.015203;0.249799;-0.431251;-0.402402
644;1.070923;8.961984;3.900706;0.020067;-0.006443;-0.011617;0.250165;-0.430769;-0.400519
645;0.997535;8.937758;3.897714;-0.009543;0.025689;0.022573;0.249836;-0.43127;-0.401731
646;0.997113;9.02287;3.849484;-0.013809;0.046857;0.015618;0.249976;-0.430539;-0.403875
647;0.977698;9.012994;3.885782;-0.002557;0.013387;0.031349;0.249861;-0.429487;-0.403367
648;1.031849;8.915953;3.892963;0.028657;-0.015884;0.022928;0.249263;-0.429792;-0.402192
649;1.115349;8.85036;3.915054;-0.007808;0.00085;0.009984;0.248897;-0.430274;-0.404075
650;1.142339;8.891362;3.959162;-0.011361;-0.00809;-0.002472;0.248865;-0.43139;-0.402452
651;1.05131;8.947521;3.883504;0.020315;0.016454;-0.020395;0.248345;-0.430002;-0.404379
652;1.095734;8.9954;4.007967;0.037068;0.004183;-0.005464;0.248293;-0.432037;-0.403274
653;1.110369;8.898798;3.927398;0.04978;-0.001304;-0.026064;0.248924;-0.430686;-0.403665
654;1.129806;8.964231;3.935109;0.066786;-0.010228;-0.034242;0.250721;-0.432169;-0.402733
655;1.036473;8.935628;3.837173;0.101901;0.023373;-0.026371;0.250505;-0.432728;-0.401932
656;1.142188;8.869802;3.905584;0.109961;0.010903;-0.037165;0.253013;-0.433962;-0.400163
657;1.017031;8.896784;3.846599;0.092092;0.010881;-0.040592;0.252265;-0.434728;-0.396984
658;0.994928;8.894459;3.827006;0.082332;0.03573;-0.029713;0.253072;-0.436585;-0.39717
659;1.002389;8.942643;3.890474;0.053467;0.028832;-0.013496;0.254422;-0.437186;-0.394543
660;0.965201;8.945651;3.77358;0.001674;0.061737;0.001324;0.254323;-0.436939;-0.393885
661;0.956781;9.075085;3.589376;-0.027428;-0.004468;0.001223;0.254357;-0.435893;-0.393102
662;0.926902;9.126469;3.497056;-0.018875;-0.040546;0.018745;0.255098;-0.435858;-0.394129
663;1.069409;9.140299;3.638982;-0.033547;-0.08204;0.020451;0.253428;-0.435833;-0.395427
664;1.0168;9.07349;3.910607;-0.076713;-0.06233;0.052024;0.253279;-0.435225;-0.397986
665;0.993043;9.101583;4.114779;-0.10631;-0.065004;0.049592;0.248972;-0.43503;-0.401174
666;1.211867;8.931206;4.236885;-0.032026;-0.049032;0.065973;0.246291;-0.43298;-0.403503
667;1.165498;8.462199;3.94762;-0.022831;0.011395;0.003003;0.24649;-0.43281;-0.404697
668;1.176722;8.647139;3.817269;-0.090142;0.103355;-0.00482;0.24812;-0.431885;-0.403954
669;1.050985;8.831931;3.720108;-0.047908;0.131618;-0.000567;0.250451;-0.429177;-0.404676
670;0.982015;8.962971;3.703268;0.030877;0.09322;-0.034314;0.252938;-0.430534;-0.403306
671;0.884982;8.932866;3.909155;0.050935;0.06425;-0.002636;0.254079;-0.430299;-0.40191
672;0.855816;8.918105;3.952664;0.021031;0.002319;-0.013395;0.255466;-0.428857;-0.400656
673;1.002292;9.041848;3.934681;0.04048;-0.025022;-0.009215;0.255707;-0.429905;-0.40129
674;1.027135;8.915726;3.939119;0.02765;-0.039823;0.014806;0.2544;-0.429794;-0.400832
675;1.051592;8.935085;3.94665;0.044953;-0.002754;0.011311;0.253341;-0.430735;-0.400874
676;1.037511;8.798992;4.006713;0.038896;0.025513;0.011492;0.253602;-0.431528;-0.401112
677;0.963606;8.768165;3.867562;0.042711;0.04846;0.008006;0.253386;-0.432086;-0.400311
678;1.01219;8.918465;3.875839;0.074935;0.046637;0.004203;0.255148;-0.432956;-0.397522
679;1.124467;8.831872;3.730282;0.087435;0.058324;0.023726;0.255973;-0.435088;-0.397435
680;1.031471;8.819762;3.729656;0.112659;0.053664;0.002136;0.255;-0.437073;-0.393711
681;1.060983;9.00567;3.893552;0.056393;0.046396;-0.027636;0.256234;-0.437151;-0.3907
682;1.032838;9.091783;3.643397;0.043426;0.00243;-0.009089;0.256405;-0.437834;-0.390142
683;1.015741;9.147318;3.692163;0.04072;0.020225;0.005262;0.258005;-0.437557;-0.390057
684;0.952643;9.045134;3.761803;-0.0113;-0.006351;-0.006033;0.258389;-0.438678;-0.388143
685;0.952466;9.026023;3.703375;-0.013228;-0.006185;0.011763;0.257235;-0.437774;-0.391967
686;0.937923;8.996842;3.720168;0.003193;-0.007409;-0.023953;0.257468;-0.436693;-0.392375
687;0.991879;9.020879;3.761933;-0.004934;-0.001996;-0.013174;0.256725;-0.436595;-0.39135
688;0.916303;9.020494;3.841685;0.013399;-0.040766;0.006022;0.256143;-0.436307;-0.392191
689;0.943564;8.947575;3.875551;0.027917;0.006197;0.023042;0.256373;-0.436287;-0.392846
690;1.112694;8.845786;3.859107;0.03449;0.014842;-0.001853;0.255269;-0.437141;-0.391289
691;1.036309;8.827084;3.719996;0.013588;0.0081;0.032055;0.25595;-0.437675;-0.391107
692;1.092929;8.908849;3.856843;0.036845;0.01694;0.036381;0.254134;-0.43791;-0.392675
693;1.104485;8.929039;3.696572;-0.004134;0.016855;0.017156;0.254788;-0.439296;-0.390741
694;1.158073;9.050203;3.712039;0.013964;0.013072;-0.010553;0.255801;-0.438996;-0.391624
695;1.063008;8.996534;3.779274;0.008794;0.006602;-0.039909;0.255778;-0.436859;-0.391666
696;1.062835;9.165917;3.852971;-0.010863;0.000308;-0.05487;0.257438;-0.435286;-0.390266
697;0.893719;9.047771;3.720129;0.012777;-0.036546;-0.018851;0.258348;-0.435002;-0.390621
698;0.904029;8.955288;3.787833;-0.022044;-0.00635;-0.005075;0.258228;-0.434941;-0.392767
699;0.947925;9.011078;3.783496;-0.047245;-0.020419;-0.00226;0.256331;-0.435203;-0.393404
700;0.904055;8.952839;3.792684;-0.065285;-0.000688;0.02999;0.257028;-0.435144;-0.395236
701;0.957821;9.071362;3.851895;-0.059781;0.02585;0.03278;0.256218;-0.433747;-0.39758
702;0.955914;8.966767;3.917038;-0.059092;0.030489;0.060351;0.256208;-0.432148;-0.397478
703;0.947034;8.690126;3.957044;-0.01179;0.008337;0.06336;0.255934;-0.433607;-0.397866
704;1.096131;8.806402;3.977937;0.014744;-0.0234;0.071905;0.252767;-0.433778;-0.397375
705;1.159533;8.743874;3.871083;0.023576;-0.07841;0.044861;0.250812;-0.435605;-0.399321
706;1.364802;8.797478;3.814248;0.019056;-0.043584;-0.022457;0.249707;-0.435061;-0.399929
707;1.354755;8.954882;3.85866;-0.041233;0.005709;-0.053687;0.250227;-0.434387;-0.400046
708;1.129042;9.175438;3.887453;-0.068578;0.046187;-0.072811;0.252851;-0.432753;-0.400463
709;1.011485;9.122349;3.837872;-0.087686;0.035835;-0.044282;0.254309;-0.431677;-0.400401
710;0.870746;8.934716;4.025756;-0.047059;-0.002916;-0.014634;0.254363;-0.429111;-0.401382
711;0.900543;8.709436;3.976294;-0.0565;-0.07179;-0.009617;0.254237;-0.429179;-0.403659
712;1.081568;8.675748;3.918911;-0.049292;-0.055751;0.001102;0.25349;-0.42808;-0.404925
713;1.096111;8.820928;3.982864;-0.005659;0.030723;-0.007664;0.252635;-0.425932;-0.405549
714;0.988576;8.767549;3.991684;0.014456;0.081879;-0.012917;0.253911;-0.425894;-0.406547
715;0.925636;8.800498;4.195638;0.001775;0.065027;-0.016458;0.255309;-0.427512;-0.405635
716;0.841445;8.888708;4.013212;0.033907;0.033978;-0.027564;0.256405;-0.427254;-0.405043
717;0.920252;8.839778;4.098551;0.051373;-0.00211;-0.00833;0.258346;-0.426882;-0.403604
718;0.927195;8.671114;3.879049;0.014169;0.027024;-0.020347;0.258394;-0.427172;-0.402794
719;0.919132;8.879849;3.84106;0.039009;0.01831;-0.004565;0.258272;-0.427577;-0.402659
720;0.815613;9.136905;3.841599;0.07649;-0.020833;-0.028181;0.256276;-0.427592;-0.402639
721;0.973029;8.971626;3.914734;0.087825;-0.04366;-0.010609;0.257296;-0.42856;-0.401226
722;1.115016;8.867694;3.842206;0.056038;-0.061783;0.030465;0.25623;-0.42817;-0.40116
723;1.066762;8.782229;3.963061;0.014457;-0.062275;0.07347;0.254376;-0.429649;-0.401237
724;1.191744;8.907717;4.083512;-0.052676;-0.055116;0.072324;0.251871;-0.43001;-0.403243
725;1.08581;8.758735;3.809928;-0.084828;0.029503;0.040983;0.249877;-0.429692;-0.4055
726;1.27049;8.825029;4.129803;-0.10477;0.002976;0.037496;0.248964;-0.428311;-0.407315
727;1.299654;8.992043;4.191515;-0.155423;-0.040983;0.055494;0.248727;-0.426399;-0.408835
728;1.423753;9.140387;4.103014;-0.128383;-0.033137;0.041124;0.246316;-0.424544;-0.413551
729;1.199411;8.912145;4.168658;-0.040831;0.036302;0.019366;0.246312;-0.424143;-0.413559
730;0.955089;8.660233;4.117392;0.039664;0.083437;-0.029139;0.247846;-0.422638;-0.414436
731;0.789183;8.422715;4.095842;0.068234;0.083475;-0.015207;0.251782;-0.422053;-0.410616
732;0.837304;8.694428;4.07064;0.092182;0.064971;-0.009233;0.252873;-0.424651;-0.408233
733;0.899857;8.913297;3.943189;0.033596;0.028988;0.005323;0.252622;-0.424794;-0.407977
734;1.051085;9.17497;3.984205;0.029299;-0.014802;0.045201;0.251661;-0.425121;-0.406154
735;1.095532;9.126153;4.047457;0.040734;-0.069809;0.022585;0.25027;-0.42696;-0.407534
736;1.204211;8.834931;4.090548;0.040014;-0.046801;0.026247;0.248514;-0.427889;-0.408151
737;1.189951;8.732896;4.128888;-0.032871;-0.002741;0.003058;0.247655;-0.428066;-0.40686
738;1.162637;8.762383;4.051068;-0.051495;0.000689;-0.012778;0.247749;-0.425851;-0.409569
739;1.174097;8.867277;3.925215;-0.023076;-0.020436;-0.002441;0.247159;-0.424896;-0.410423
740;1.169901;8.883315;4.114867;-0.015034;-0.00716;0.004684;0.247833;-0.425426;-0.410374
741;1.123363;8.864018;4.095047;-0.001641;-0.032955;-0.01158;0.246079;-0.425161;-0.410746
742;1.091908;8.776559;4.128486;0.003006;-0.010002;-0.011512;0.246437;-0.424739;-0.411402
743;1.02329;8.766991;4.103713;0.017416;-0.00566;-0.016956;0.246531;-0.423788;-0.411949
744;1.062384;8.689748;4.030675;0.054991;-0.001182;-0.006578;0.248576;-0.425525;-0.411399
745;1.111222;8.767229;4.053206;0.089091;-0.011992;-0.02646;0.248375;-0.426755;-0.410452
746;1.130821;8.801043;4.08022;0.060342;-0.006525;-0.011958;0.247208;-0.426648;-0.409852
747;1.103565;8.854623;4.034111;0.08694;-0.015192;0.010898;0.24701;-0.427481;-0.408778
748;1.145031;8.878973;4.012599;0.092614;0.004987;-0.006816;0.246802;-0.428178;-0.407841
749;1.134848;8.889131;3.920212;0.094481;-0.010188;-0.025588;0.246731;-0.431068;-0.404851
750;1.070997;8.990891;3.939732;0.109631;-0.010173;-0.020372;0.247774;-0.431448;-0.405319
751;1.092624;9.042147;3.872036;0.153786;0.011765;-0.033948;0.246995;-0.433462;-0.400514
752;1.246747;8.991511;3.809548;0.168165;0.019772;-0.030452;0.249582;-0.435199;-0.3998
753;1.050824;9.049632;3.830489;0.16745;0.030211;-0.04464;0.250281;-0.436609;-0.397061
754;1.073313;8.976557;3.895926;0.161005;0.003681;-0.046512;0.251342;-0.440589;-0.393049
755;1.087282;8.953291;3.696577;0.10647;0.039365;-0.020092;0.253446;-0.442159;-0.389025
756;0.986511;8.895805;3.554708;0.058746;0.051311;0.025686;0.253926;-0.44326;-0.387774
757;0.927434;8.930052;3.496162;0.02996;0.02924;0.024021;0.254041;-0.443585;-0.385757
758;1.049566;9.017377;3.487587;0.004788;-0.009764;0.002711;0.252869;-0.442343;-0.387451
759;1.107482;9.306003;3.474676;-0.023869;0.00451;0.010187;0.254192;-0.441133;-0.387399
760;1.068287;9.293957;3.459795;0.017007;-0.006808;0.036458;0.252611;-0.443146;-0.38745
761;1.04598;9.030233;3.830371;0.008869;-0.029101;0.022148;0.251517;-0.442873;-0.387918
762;1.031544;9.025085;3.891029;-0.040389;-0.072663;-0.013248;0.25271;-0.442729;-0.387987
763;1.195134;9.083606;3.821806;-0.10733;0.005606;0.028656;0.251952;-0.440625;-0.391678
764;1.031561;8.846231;3.771102;-0.073108;0.032961;0.033794;0.250432;-0.440873;-0.392695
765;0.933284;8.810438;3.656086;-0.098306;0.08121;-0.010225;0.252129;-0.439249;-0.39303
766;0.976837;8.929491;3.608281;-0.047156;0.096175;-0.012322;0.255021;-0.438942;-0.393674
767;0.834508;8.92027;3.514994;-0.008929;0.082162;0.009492;0.255894;-0.43592;-0.391811
768;0.795703;9.059983;3.704999;0.043339;0.013118;0.007823;0.257083;-0.436039;-0.392009
769;0.884674;9.025084;3.89499;0.063222;-0.055679;0.027759;0.253433;-0.437568;-0.39085
770;1.109881;8.983994;3.862152;0.056031;-0.039546;0.046606;0.253417;-0.438888;-0.391361
771;1.24939;8.940516;3.823916;0.033098;-0.005984;0.037207;0.252502;-0.440763;-0.391377
772;1.136715;8.860861;3.752367;0.023359;0.001051;0.033737;0.252217;-0.441818;-0.391907
773;1.199575;8.871511;3.558335;0.018997;-0.016764;0.011453;0.251148;-0.44116;-0.391847
774;1.173097;9.011115;3.770293;0.049306;-0.020342;0.014763;0.249824;-0.442836;-0.389618
775;1.153065;8.968178;3.626554;0.027409;0.015753;-0.006218;0.24859;-0.44203;-0.390104
776;1.123771;8.997077;3.667831;0.023072;0.039624;-0.004276;0.250345;-0.441631;-0.389612
777;1.035876;8.895293;3.657104;-0.007031;0.051781;-0.030668;0.251586;-0.443769;-0.389233
778;1.089607;9.054944;3.735949;0.001962;0.017869;-0.068236;0.25261;-0.441084;-0.389494
779;1.069509;9.089424;3.629027;-0.019543;0.041093;-0.044817;0.253334;-0.441374;-0.388512
780;0.966916;9.180985;3.750357;0.013908;0.020172;-0.002522;0.255075;-0.441101;-0.388285
781;0.986838;9.042811;3.740125;0.002667;-0.034477;0.012379;0.254491;-0.44068;-0.389128
782;1.016227;9.013792;3.723156;0.036413;-0.043127;0.037842;0.254371;-0.441219;-0.38899
783;1.084949;8.875814;3.671901;0.001769;-0.01215;0.036503;0.253256;-0.441069;-0.389858
784;1.133851;8.919383;3.686985;0.029595;-0.009587;0.029189;0.252605;-0.439886;-0.389383
785;1.104499;8.878272;3.664739;0.05159;0.029047;0.004304;0.251509;-0.444197;-0.388294
786;1.163638;8.909198;3.784354;0.03015;0.012077;-0.018711;0.250725;-0.444477;-0.388066
787;1.170061;9.055352;3.651365;0.01038;0.03358;0.00826;0.252415;-0.444247;-0.386371
788;1.152995;9.081848;3.687844;0.050044;0.064388;0.000986;0.253629;-0.442519;-0.385801
789;1.049861;9.038756;3.577627;0.006004;0.039719;0.00386;0.253321;-0.44157;-0.386371
790;1.025499;9.10386;3.653131;0.027532;0.034264;-0.008788;0.254203;-0.443466;-0.385216
791;0.991691;9.016281;3.710863;0.008303;-0.027611;-0.010754;0.254659;-0.444486;-0.386774
792;1.113297;9.0656;3.541677;-0.020328;-0.022157;-0.004243;0.254421;-0.443705;-0.386134
793;1.08213;9.047863;3.696977;0.009269;0.006165;0.008999;0.253966;-0.444147;-0.384815
794;0.974275;9.084301;3.686759;-0.013138;-0.01695;-0.007846;0.2547;-0.444772;-0.386098
795;0.994101;8.977662;3.674239;0.002795;-0.029228;0.005283;0.253099;-0.44365;-0.388348
796;1.085107;9.049614;3.83313;0.015297;-0.030154;0.002536;0.252151;-0.443915;-0.388664
797;1.143548;8.880836;3.635821;0.003006;0.002667;0.010794;0.25316;-0.445142;-0.387514
798;1.104652;8.87808;3.703633;0.01549;0.018685;0.027667;0.251917;-0.443535;-0.388016
799;1.173134;8.948236;3.735974;0.008564;0.018452;-0.001599;0.252363;-0.444884;-0.387431
800;1.163083;8.987227;3.697197;0.006682;0.019446;0.009984;0.252372;-0.444357;-0.387173
801;1.187248;9.026286;3.644046;0.014112;0.020973;-0.018515;0.251379;-0.444535;-0.38589
802;1.103911;9.084425;3.658385;-0.001929;0.027117;-0.02369;0.251322;-0.442646;-0.386597
803;1.049809;9.089571;3.599736;-0.012789;0.015688;-0.018336;0.252889;-0.443415;-0.387295
804;1.045288;9.106018;3.70674;-0.004075;-0.002824;-0.009609;0.253996;-0.442898;-0.386441
805;1.040558;8.977727;3.65994;-0.024901;-0.00075;0.022564;0.253372;-0.442855;-0.38808
806;1.021131;8.996865;3.713386;-0.015821;0.006202;0.011857;0.253641;-0.442323;-0.387942
807;1.004655;8.918706;3.827177;-0.025824;-0.013255;0.011825;0.25271;-0.443393;-0.388108
808;1.114772;8.810001;3.739846;0.01543;-0.023984;-0.000132;0.252907;-0.441762;-0.389063
809;1.160839;8.866139;3.66503;0.035059;-0.018565;0.013086;0.252289;-0.442253;-0.390692
810;1.217403;8.887558;3.745692;0.035621;0.036925;-0.00795;0.251239;-0.442604;-0.388073
811;1.151098;8.899909;3.701586;0.00184;0.04919;-0.02451;0.251859;-0.443638;-0.389087
812;1.111824;9.001545;3.745565;-0.04468;0.041164;-0.038387;0.254489;-0.441811;-0.386968
813;0.961887;9.251237;3.765232;-0.101574;-0.009968;-0.030175;0.253649;-0.440399;-0.389849
814;0.971793;9.026344;3.637862;-0.107621;0.002361;-0.037208;0.25421;-0.438082;-0.391331
815;0.935518;9.093454;3.798381;-0.073103;-0.007159;-0.005523;0.255709;-0.436691;-0.392876
816;0.855514;8.821817;3.808804;-0.07306;-0.002746;-0.001994;0.256114;-0.434364;-0.394768
817;0.887198;8.962156;3.87041;-0.096983;0.005013;-0.028405;0.256493;-0.433086;-0.39731
818;0.916968;9.000326;3.99717;-0.072328;-0.034709;-0.018136;0.256493;-0.432485;-0.399593
819;1.031478;8.89467;3.783477;-0.056435;-0.05218;0.001199;0.254742;-0.431159;-0.399718
820;1.006919;8.740105;3.656217;-0.036907;-0.069774;0.012475;0.254244;-0.429183;-0.403525
821;1.160529;8.496125;3.952606;-0.006802;-0.074879;0.043319;0.25115;-0.431315;-0.404462
822;1.390807;8.819729;4.218027;-0.091605;-0.104477;0.079518;0.249015;-0.428868;-0.4065
823;1.516631;9.242062;4.135649;-0.171955;-0.095681;0.055407;0.245875;-0.42825;-0.410164
824;1.585478;9.290009;4.245677;-0.12677;-0.078392;0.017801;0.244706;-0.426011;-0.414015
825;1.233909;8.737859;4.104872;-0.05115;-0.00678;-0.05905;0.242864;-0.423177;-0.41551
826;0.878095;8.339558;4.236996;-0.004469;0.103301;-0.082076;0.246229;-0.421976;-0.414674
827;0.898084;8.155383;4.211969;-0.018603;0.093378;-0.005565;0.248206;-0.421552;-0.41497
828;0.876986;8.519781;4.079808;-0.010706;0.092649;0.008638;0.250097;-0.422083;-0.414586
829;0.909452;9.063375;3.997412;-0.003963;0.044088;0.008405;0.251819;-0.420738;-0.414514
830;0.947904;9.233436;3.932792;0.074175;-0.014981;0.032372;0.250417;-0.421445;-0.413511
831;1.140158;9.067444;4.149557;0.13382;-0.064588;0.028072;0.248521;-0.424567;-0.412223
832;1.165805;8.771146;4.240733;0.099181;-0.047019;0.014188;0.248733;-0.424872;-0.410868
833;1.163212;8.669828;4.133297;0.012675;-0.025829;-0.001899;0.247383;-0.425669;-0.411331
834;1.223827;8.767223;4.051466;-0.018896;-0.026404;0.025055;0.246835;-0.425134;-0.411506
835;1.242838;8.88394;3.986483;-0.047311;-0.016793;0.005796;0.24569;-0.425632;-0.413031
836;1.262368;8.932339;4.006271;0.001892;-0.013265;0.011644;0.245541;-0.424961;-0.413186
837;1.155514;8.863605;4.17789;0.0121;0.012083;-0.012335;0.246129;-0.425782;-0.412335
838;1.015905;8.796042;4.113523;0.012968;-0.013702;-0.027629;0.245848;-0.424448;-0.412376
839;1.025934;8.708744;4.113186;0.04958;-0.016313;-0.017285;0.244998;-0.424163;-0.413232
840;1.081896;8.716419;4.030916;0.037054;-0.013587;-0.013603;0.246584;-0.426604;-0.411492
841;1.101235;8.772308;4.006982;0.08535;-0.007361;-0.003287;0.245069;-0.427854;-0.410218
842;1.111223;8.859403;4.070379;0.045967;0.004233;0.005861;0.245403;-0.427601;-0.409943
843;1.123132;8.932316;4.036754;0.081577;-0.006283;0.019751;0.244691;-0.428315;-0.408501
844;1.169759;8.876584;4.027062;0.057378;-0.015994;0.01634;0.243617;-0.430576;-0.409053
845;1.194071;8.847794;3.963878;0.051279;0.002572;0.014709;0.243538;-0.430073;-0.407998
846;1.213281;8.908677;3.910796;0.030017;0.022866;0.006111;0.244538;-0.431297;-0.406983
847;1.161965;8.8844;3.917663;0.027477;0.01915;-0.013462;0.24366;-0.431066;-0.405968
848;1.149464;8.923053;3.925318;0.017446;0.002408;-0.011541;0.245755;-0.431451;-0.4057
849;1.129636;8.935445;3.871775;0.035332;-0.006479;-0.015295;0.244318;-0.431742;-0.405242
850;1.158962;8.947589;3.867149;0.030284;0.032375;-0.020376;0.245689;-0.43494;-0.405103
851;1.085871;8.908489;3.929723;0.046618;0.044557;-0.036466;0.245977;-0.434153;-0.404567
852;1.090733;8.942366;3.944493;0.046459;0.036697;-0.02583;0.247357;-0.432707;-0.403448
853;0.980027;8.986559;3.837059;0.080467;0.012648;-0.042258;0.248265;-0.434217;-0.401764
854;1.027078;9.039386;3.963729;0.117588;-0.010092;-0.006355;0.249348;-0.434665;-0.4001
855;1.208434;8.932783;3.940047;0.135613;0.001402;-0.007319;0.24828;-0.437396;-0.398238
856;1.183675;8.933135;3.869402;0.158779;0.005067;0.010288;0.248804;-0.439184;-0.396304
857;1.188272;8.885177;3.759825;0.13917;0.034429;0.02838;0.247928;-0.442475;-0.393485
858;1.154033;8.773973;3.691043;0.101882;0.061788;0.019029;0.250733;-0.44306;-0.391044
859;1.103944;8.910384;3.545772;0.037551;0.067989;0.006407;0.249807;-0.444023;-0.390131
860;1.081715;9.01455;3.567989;0.02663;0.061924;0.018926;0.251201;-0.445904;-0.389348
861;1.083991;9.123514;3.600101;-0.006055;0.024123;0.036795;0.251301;-0.444894;-0.387357
862;1.083558;9.191724;3.537209;-0.040504;-0.021671;0.048402;0.250371;-0.444636;-0.387281
863;1.16223;9.273462;3.679053;0.016716;-0.043076;0.034506;0.250777;-0.44377;-0.389413
864;1.172224;9.111292;3.617603;-0.023606;-0.044725;0.04192;0.247914;-0.443294;-0.388114
865;1.182574;8.958342;3.65343;-0.047035;-0.001821;-0.005694;0.247385;-0.444559;-0.390659
866;1.101982;8.900108;3.662393;-0.03042;0.062617;-0.009065;0.247234;-0.442957;-0.390698
867;1.104493;8.904862;3.681876;-0.003539;0.079463;0.001475;0.250028;-0.441873;-0.39056
868;1.043774;8.754432;3.700264;0.001918;0.067794;-0.015558;0.250235;-0.443105;-0.389456
869;0.958223;8.83161;3.787601;0.023219;0.060767;-0.004211;0.252534;-0.441512;-0.388554
870;0.862208;8.931381;3.719404;0.074943;0.023514;-0.011952;0.25421;-0.442736;-0.387367
871;1.02342;9.030897;3.69654;0.110451;0.011349;0.011738;0.253382;-0.44439;-0.385779
872;1.01106;9.011717;3.652621;0.065573;-0.002704;0.014695;0.255078;-0.445358;-0.384194
873;1.076883;9.03622;3.599659;0.076239;-0.009725;0.019028;0.253453;-0.447418;-0.382644
874;1.162404;9.012245;3.541734;0.07425;-0.032619;0.025155;0.25301;-0.447664;-0.383466
875;1.149923;8.995633;3.468657;0.036969;-0.009721;0.009572;0.251403;-0.448007;-0.381279
876;1.191192;9.215981;3.533118;0.023712;-0.019708;-0.024122;0.250088;-0.44862;-0.38348
877;1.132574;9.172318;3.537421;0.003048;-0.006269;-0.004333;0.250933;-0.449169;-0.382753
878;1.147743;9.026713;3.558726;0.000554;0.016694;-0.005097;0.251509;-0.449585;-0.382045
879;1.084262;9.009592;3.589859;-0.012566;0.055538;-0.009239;0.252561;-0.447977;-0.382016
880;1.030511;9.089214;3.672541;-0.01553;0.019272;-0.011181;0.252032;-0.44785;-0.381914
881;1.064283;9.02459;3.499864;0.006843;0.02557;0.001108;0.252274;-0.44757;-0.382307
882;1.030523;9.021533;3.628477;0.027345;0.019342;0.002682;0.252555;-0.447442;-0.382026
883;1.065069;8.970437;3.662488;0.004619;-0.02212;0.007983;0.252261;-0.447696;-0.382572
884;1.147759;9.031527;3.566041;0.022555;-0.011438;0.015024;0.252246;-0.447688;-0.382841
885;1.15236;9.056064;3.507841;0.030895;0.002533;-0.00453;0.253062;-0.447691;-0.382527
886;1.118432;9.026633;3.575562;-0.002303;-0.009847;-0.007887;0.252852;-0.44752;-0.383879
887;1.147626;9.094526;3.576051;-0.00572;0.001564;-0.018454;0.252724;-0.445929;-0.383515
888;1.074263;9.113769;3.60972;-0.021866;0.011372;-0.008495;0.25274;-0.446735;-0.383365
889;1.042707;9.053019;3.635988;-0.050788;0.013449;0.024642;0.253472;-0.4451;-0.38429
890;0.976817;9.021349;3.66704;-0.034792;-0.005168;0.022619;0.252076;-0.444477;-0.387722
891;1.02586;8.977741;3.657418;-0.040255;-0.023741;0.019009;0.251414;-0.443687;-0.387507
892;1.023509;8.96312;3.671922;-0.01702;-0.021063;0.025943;0.251227;-0.444191;-0.388578
893;1.120899;9.033859;3.585333;-0.008613;-0.024041;-0.015022;0.25189;-0.444451;-0.388669
894;1.172685;8.972965;3.638851;0.022525;-0.026558;0.00516;0.251061;-0.444707;-0.389245
895;1.138467;8.910067;3.609184;0.020565;-0.040617;0.014868;0.249945;-0.446485;-0.388072
896;1.255917;9.10829;3.732351;0.029602;-0.014944;0.019426;0.249399;-0.445419;-0.388123
897;1.163026;8.972798;3.672822;-0.001636;-0.006083;0.019695;0.248143;-0.443937;-0.388891
898;1.187505;8.924464;3.63872;0.01225;0.01483;-0.013212;0.249451;-0.444048;-0.389349
899;1.177699;8.982484;3.675388;0.006035;0.018322;-0.01847;0.249766;-0.445665;-0.388766
900;1.074726;9.007195;3.606543;0.015788;0.011301;-0.008077;0.249103;-0.444718;-0.389502
901;1.104303;9.074608;3.704266;0.020508;0.030592;-0.024002;0.250783;-0.443553;-0.387826
902;1.023425;9.033649;3.652535;0.015736;0.004198;-0.009896;0.250434;-0.44491;-0.387151
903;1.089475;9.055451;3.655471;0.004911;0.023887;0.015209;0.251589;-0.444613;-0.387893
904;1.089493;9.031262;3.643206;0.016305;0.017004;0.038194;0.250936;-0.445288;-0.387784
905;1.111843;8.939029;3.659938;0.022642;0.000914;0.018485;0.250207;-0.446525;-0.386733
906;1.16331;8.95345;3.684628;-0.012237;0.000922;0.013448;0.249464;-0.444366;-0.387751
907;1.243666;9.060313;3.649146;0.024244;-0.045161;0.00048;0.24922;-0.44584;-0.387603
908;1.158163;9.014181;3.662996;0.001484;0.013965;-0.009708;0.250274;-0.445826;-0.387811
909;1.128976;9.021196;3.716327;0.037405;0.02891;-0.011705;0.250276;-0.446093;-0.387806
910;1.095097;8.875708;3.715455;0.017587;0.008593;-0.011676;0.249683;-0.446136;-0.386503
911;1.128674;8.893494;3.550446;-0.025504;-0.016972;-0.015011;0.249825;-0.444211;-0.388402
912;1.19648;9.176821;3.605896;-0.016597;-0.000969;-0.007687;0.250221;-0.444495;-0.38756
913;1.103293;9.157701;3.551759;-0.010936;0.03078;-0.012918;0.252243;-0.443431;-0.386931
914;1.035439;9.098841;3.687201;-0.02709;0.043233;-0.001175;0.251341;-0.443118;-0.388725
915;1.003894;9.047743;3.723236;-0.047017;0.01232;-0.000297;0.252671;-0.443904;-0.388902
916;1.026291;8.969951;3.761911;-0.027577;-0.022164;0.001131;0.251582;-0.441376;-0.388878
917;1.097882;8.846284;3.78097;0.003075;-0.002795;-0.000948;0.251339;-0.442164;-0.389557
918;1.121895;8.808203;3.635093;-0.002118;0.018465;0.00098;0.251559;-0.441209;-0.390231
919;1.071466;8.773146;3.860691;0.024601;0.007788;0.002475;0.253112;-0.440112;-0.390832
920;1.051358;8.962302;3.859;0.009941;-0.045288;-0.006555;0.250058;-0.441068;-0.390853
921;1.06778;9.01153;3.711046;0.000984;-0.054112;-0.01008;0.250028;-0.441717;-0.39151
922;1.05979;9.031675;3.560378;0.001246;-0.013372;-0.002754;0.249685;-0.441616;-0.390463
923;0.883311;9.084796;3.58897;0.01359;-0.027516;0.000752;0.248627;-0.440651;-0.391599
924;0.888488;8.995026;3.598315;0.031609;-0.045446;-0.02529;0.247804;-0.440778;-0.392044
925;1.220096;8.860667;3.78934;-0.040252;-0.054893;-0.007816;0.247234;-0.443021;-0.393102
926;1.098612;8.937516;3.453492;-0.097521;-0.009352;0.033784;0.245615;-0.441624;-0.395626
927;1.289042;8.748991;3.813561;-0.140718;-0.005597;0.056403;0.245003;-0.440658;-0.396882
928;1.335086;9.049239;3.902725;-0.171257;-0.062483;0.012834;0.241959;-0.437894;-0.400849
929;1.708907;9.538616;4.009086;-0.160337;-0.071565;-0.021997;0.241964;-0.434751;-0.403589
930;1.631031;9.272214;3.941759;-0.089753;0.001508;-0.040915;0.241389;-0.43247;-0.408742
931;1.170131;8.781869;4.055802;-0.061327;0.110168;-0.125183;0.245137;-0.431125;-0.408155
932;0.877772;8.287139;4.071195;-0.039834;0.134143;-0.097784;0.249539;-0.429902;-0.407795
933;0.726778;8.136339;4.166812;-0.067745;0.093336;-0.011561;0.25315;-0.426166;-0.40686
934;0.737648;8.529554;4.090889;-0.169573;0.115476;-0.025665;0.252645;-0.424787;-0.408518
935;0.889029;9.313685;3.910657;-0.100844;0.043532;0.031315;0.25512;-0.42175;-0.411375
936;0.903609;9.325904;3.891356;0.032584;-0.051892;0.05194;0.254571;-0.420417;-0.411431
937;1.120802;9.050583;4.149098;0.152547;-0.084107;0.024995;0.251623;-0.421624;-0.411976
938;1.105022;8.630802;4.202992;0.104874;-0.054437;-0.020753;0.25121;-0.425275;-0.41046
939;1.141634;8.611602;4.161806;0.006912;0.027084;-0.011507;0.251494;-0.424087;-0.409932
940;1.101432;8.753069;3.996909;-0.039703;0.029027;-0.001322;0.250171;-0.42596;-0.410105
941;1.125067;8.966792;3.929967;-0.057889;-0.007152;-0.001333;0.25025;-0.425665;-0.411042
942;1.189006;9.043755;4.057114;-0.014958;-0.015221;-0.007929;0.249506;-0.423506;-0.41206
943;1.114196;8.911909;4.240795;0.008502;0.011189;-0.009786;0.251088;-0.422955;-0.412248
944;0.994403;8.75222;4.171268;-0.020023;0.016459;-0.014901;0.252406;-0.421345;-0.412204
945;0.940379;8.742769;4.122277;-0.026535;-0.006421;-0.00431;0.251333;-0.422278;-0.412514
946;0.979609;8.636356;4.063692;0.044202;-0.012706;-0.006716;0.250536;-0.422683;-0.412552
947;1.055457;8.708899;4.103382;0.038776;-0.006421;0.002278;0.251642;-0.422696;-0.411821
948;1.101949;8.829753;4.182005;0.051541;-0.030729;0.053643;0.250647;-0.423271;-0.410664
949;1.082115;8.830068;4.118683;0.057798;-0.034266;0.053568;0.250446;-0.424635;-0.409714
950;1.077151;8.844654;4.111427;0.026563;-0.070814;0.114097;0.247031;-0.427871;-0.409445
951;1.169988;8.806213;4.036466;0.045782;-0.131719;0.121624;0.243415;-0.428417;-0.409907
952;1.195206;8.611954;4.089211;0.186359;-0.112333;0.036073;0.239984;-0.430184;-0.409667
